0.0000000000000000000e+00,4.1252295248154280394e-01
2.3023023023023021089e-03,8.8180744054548419741e-03
4.6046046046046042177e-03,1.7659440335901981783e-02
6.9069069069069063266e-03,2.6411193467008386299e-02
9.2092092092092084354e-03,3.5081703002359604371e-02
1.1511511511511510544e-02,4.3676293292975343352e-02
1.3813813813813812653e-02,5.2205588556312562676e-02
1.6116116116116116497e-02,6.0679011763460341533e-02
1.8418418418418416871e-02,6.9098020516347738451e-02
2.0720720720720717245e-02,7.7460351930271564846e-02
2.3023023023023021089e-02,8.5765123226043238347e-02
2.5325325325325324932e-02,9.4012671763117228174e-02
2.7627627627627625306e-02,1.0220328021876666502e-01
2.9929929929929925680e-02,1.1033709932080576488e-01
3.2232232232232232993e-02,1.1841427322618124085e-01
3.4534534534534533368e-02,1.2643508474064413249e-01
3.6836836836836833742e-02,1.3439980535825576946e-01
3.9139139139139134116e-02,1.4230874020096703769e-01
4.1441441441441434490e-02,1.5016217479460741702e-01
4.3743743743743741803e-02,1.5796042031971338493e-01
4.6046046046046042177e-02,1.6570378633556087644e-01
4.8348348348348342551e-02,1.7339258483978162162e-01
5.0650650650650649864e-02,1.8102713629808234175e-01
5.2952952952952950239e-02,1.8860774967645496658e-01
5.5255255255255250613e-02,1.9613475216163686610e-01
5.7557557557557550987e-02,2.0360845054260176545e-01
5.9859859859859851361e-02,2.1102917379624860916e-01
6.2162162162162158674e-02,2.1839722801762231907e-01
6.4464464464464465987e-02,2.2571293998239488898e-01
6.6766766766766766361e-02,2.3297661700940988649e-01
6.9069069069069066735e-02,2.4018858078167734660e-01
7.1371371371371367109e-02,2.4734914076299024943e-01
7.3673673673673667484e-02,2.5445861223175553212e-01
7.5975975975975967858e-02,2.6151730671915202064e-01
7.8278278278278268232e-02,2.6852553295421482948e-01
8.0580580580580568606e-02,2.7548360367699831208e-01
8.2882882882882868980e-02,2.8239182175405780351e-01
8.5185185185185183232e-02,2.8925049970847666048e-01
8.7487487487487483606e-02,2.9605993582698447719e-01
8.9789789789789783980e-02,3.0282044058789486796e-01
9.2092092092092084354e-02,3.0953230937782433285e-01
9.4394394394394384729e-02,3.1619584869706202079e-01
9.6696696696696685103e-02,3.2281135252573212036e-01
9.8998998998998985477e-02,3.2937912197925750535e-01
1.0130130130130129973e-01,3.3589945042040969536e-01
1.0360360360360360010e-01,3.4237263298767028896e-01
1.0590590590590590048e-01,3.4879896251962327902e-01
1.0820820820820820085e-01,3.5517872823435164831e-01
1.1051051051051050123e-01,3.6151222199499727372e-01
1.1281281281281280160e-01,3.6779972765858043315e-01
1.1511511511511510197e-01,3.7404153524300781664e-01
1.1741741741741740235e-01,3.8023792418971202878e-01
1.1971971971971970272e-01,3.8638918149730050455e-01
1.2202202202202201697e-01,3.9249558339060275358e-01
1.2432432432432431735e-01,3.9855741261049493218e-01
1.2662662662662660384e-01,4.0457494317127346006e-01
1.2892892892892893197e-01,4.1054845271490070235e-01
1.3123123123123123235e-01,4.1647821356477077170e-01
1.3353353353353353272e-01,4.2236449794941710589e-01
1.3583583583583583310e-01,4.2820757655830227195e-01
1.3813813813813813347e-01,4.3400771631950280094e-01
1.4044044044044043384e-01,4.3976518597420966028e-01
1.4274274274274273422e-01,4.4548024760539939315e-01
1.4504504504504503459e-01,4.5115316739652205902e-01
1.4734734734734733497e-01,4.5678420331216429418e-01
1.4964964964964963534e-01,4.6237361815581895508e-01
1.5195195195195193572e-01,4.6792166665896023359e-01
1.5425425425425423609e-01,4.7342860740924747054e-01
1.5655655655655653646e-01,4.7889469260394806893e-01
1.5885885885885883684e-01,4.8432017609740707353e-01
1.6116116116116113721e-01,4.8970530790125565979e-01
1.6346346346346343759e-01,4.9505033698044104140e-01
1.6576576576576573796e-01,5.0035551118840626561e-01
1.6806806806806806609e-01,5.0562107474205308932e-01
1.7037037037037036646e-01,5.1084727310101396558e-01
1.7267267267267266684e-01,5.1603434611848575386e-01
1.7497497497497496721e-01,5.2118253641210188221e-01
1.7727727727727726759e-01,5.2629208005220751154e-01
1.7957957957957956796e-01,5.3136321621826043682e-01
1.8188188188188186833e-01,5.3639617786704218982e-01
1.8418418418418416871e-01,5.4139120016765784893e-01
1.8648648648648646908e-01,5.4634851346261592564e-01
1.8878878878878876946e-01,5.5126834859326290239e-01
1.9109109109109106983e-01,5.5615093352843958385e-01
1.9339339339339337021e-01,5.6099649472041446252e-01
1.9569569569569567058e-01,5.6580525777324597314e-01
1.9799799799799797095e-01,5.7057744490329642684e-01
2.0030030030030027133e-01,5.7531327916907881725e-01
2.0260260260260259946e-01,5.8001297888145642023e-01
2.0490490490490489983e-01,5.8467676421292424926e-01
2.0720720720720720021e-01,5.8930485004291111029e-01
2.0950950950950950058e-01,5.9389745321882425610e-01
2.1181181181181180095e-01,5.9845478570255705719e-01
2.1411411411411410133e-01,6.0297706062433120699e-01
2.1641641641641640170e-01,6.0746448739190828103e-01
2.1871871871871870208e-01,6.1191727522700367636e-01
2.2102102102102100245e-01,6.1633563115275813438e-01
2.2332332332332330282e-01,6.2071976047899191098e-01
2.2562562562562560320e-01,6.2506986784470985885e-01
2.2792792792792790357e-01,6.2938615480159321169e-01
2.3023023023023020395e-01,6.3366882345958996936e-01
2.3253253253253250432e-01,6.3791807189750704410e-01
2.3483483483483480470e-01,6.4213409943571286842e-01
2.3713713713713710507e-01,6.4631710107377771113e-01
2.3943943943943940544e-01,6.5046727301393758580e-01
2.4174174174174173357e-01,6.5458480757293846519e-01
2.4404404404404403395e-01,6.5866989756768823394e-01
2.4634634634634633432e-01,6.6272273290082761577e-01
2.4864864864864863470e-01,6.6674350289457851026e-01
2.5095095095095093507e-01,6.7073239516063420940e-01
2.5325325325325320769e-01,6.7468959555643404080e-01
2.5555555555555553582e-01,6.7861528939599713439e-01
2.5785785785785786395e-01,6.8250965921975870199e-01
2.6016016016016013657e-01,6.8637288792785799973e-01
2.6246246246246246470e-01,6.9020515499189394326e-01
2.6476476476476473731e-01,6.9400664069447037807e-01
2.6706706706706706544e-01,6.9777752176622209745e-01
2.6936936936936933806e-01,7.0151797562521023277e-01
2.7167167167167166619e-01,7.0522817656939307263e-01
2.7397397397397393881e-01,7.0890829897236606882e-01
2.7627627627627626694e-01,7.1255851490073063292e-01
2.7857857857857853956e-01,7.1617899562622211462e-01
2.8088088088088086769e-01,7.1976991107364141076e-01
2.8318318318318314031e-01,7.2333142946170858600e-01
2.8548548548548546844e-01,7.2686371856392961721e-01
2.8778778778778774106e-01,7.3036694368501864361e-01
2.9009009009009006919e-01,7.3384127035177693088e-01
2.9239239239239234180e-01,7.3728686117085684426e-01
2.9469469469469466993e-01,7.4070387925982217325e-01
2.9699699699699699806e-01,7.4409248480017964322e-01
2.9929929929929927068e-01,7.4745283831501130312e-01
3.0160160160160159881e-01,7.5078509780289004460e-01
3.0390390390390387143e-01,7.5408942107365983798e-01
3.0620620620620619956e-01,7.5736596409574541422e-01
3.0850850850850847218e-01,7.6061488194091153581e-01
3.1081081081081080031e-01,7.6383632861139527659e-01
3.1311311311311307293e-01,7.6703045649870915668e-01
3.1541541541541540106e-01,7.7019741762763505033e-01
3.1771771771771767368e-01,7.7333736183854218105e-01
3.2002002002002000181e-01,7.7645043910048427982e-01
3.2232232232232227442e-01,7.7953679689219257387e-01
3.2462462462462460255e-01,7.8259658299524781366e-01
3.2692692692692687517e-01,7.8562994275323283500e-01
3.2922922922922920330e-01,7.8863702161989390760e-01
3.3153153153153147592e-01,7.9161796299330111637e-01
3.3383383383383380405e-01,7.9457290992322382461e-01
3.3613613613613613218e-01,7.9750200398023418646e-01
3.3843843843843840480e-01,8.0040538580744868824e-01
3.4074074074074073293e-01,8.0328319519537716431e-01
3.4304304304304300555e-01,8.0613557044167571952e-01
3.4534534534534533368e-01,8.0896264954225782784e-01
3.4764764764764760629e-01,8.1176456856636969306e-01
3.4994994994994993442e-01,8.1454146364796808921e-01
3.5225225225225220704e-01,8.1729346879392616998e-01
3.5455455455455453517e-01,8.2002071817007782251e-01
3.5685685685685680779e-01,8.2272334391031054501e-01
3.5915915915915913592e-01,8.2540147810780817306e-01
3.6146146146146140854e-01,8.2805525117374967348e-01
3.6376376376376373667e-01,8.3068479308020537477e-01
3.6606606606606600929e-01,8.3329023260526680073e-01
3.6836836836836833742e-01,8.3587169760974255883e-01
3.7067067067067066555e-01,8.3842931527228869992e-01
3.7297297297297293817e-01,8.4096321140412333417e-01
3.7527527527527526630e-01,8.4347351156988636944e-01
3.7757757757757753891e-01,8.4596033963839678549e-01
3.7987987987987986704e-01,8.4842381950222933717e-01
3.8218218218218213966e-01,8.5086407323396817670e-01
3.8448448448448446779e-01,8.5328122296592034957e-01
3.8678678678678674041e-01,8.5567538913075913420e-01
3.8908908908908906854e-01,8.5804669202234173930e-01
3.9139139139139134116e-01,8.6039525055210075433e-01
3.9369369369369366929e-01,8.6272118314656442983e-01
3.9599599599599594191e-01,8.6502460726547081293e-01
3.9829829829829827004e-01,8.6730563948649519457e-01
4.0060060060060054266e-01,8.6956439584222744443e-01
4.0290290290290287079e-01,8.7180099112165543307e-01
4.0520520520520519892e-01,8.7401553991401625954e-01
4.0750750750750747153e-01,8.7620815531643336804e-01
4.0980980980980979966e-01,8.7837895042289082514e-01
4.1211211211211207228e-01,8.8052803676675528433e-01
4.1441441441441440041e-01,8.8265552587313278465e-01
4.1671671671671667303e-01,8.8476152784082495728e-01
4.1901901901901900116e-01,8.8684615256893961632e-01
4.2132132132132127378e-01,8.8890950881678665318e-01
4.2362362362362360191e-01,8.9095170484207408812e-01
4.2592592592592587453e-01,8.9297284811851773689e-01
4.2822822822822820266e-01,8.9497304528535304158e-01
4.3053053053053047527e-01,8.9695240254691499526e-01
4.3283283283283280340e-01,8.9891102498107511298e-01
4.3513513513513507602e-01,9.0084901750532198061e-01
4.3743743743743740415e-01,9.0276648372375378759e-01
4.3973973973973967677e-01,9.0466352722022869148e-01
4.4204204204204200490e-01,9.0654025023752859980e-01
4.4434434434434433303e-01,9.0839675496469252103e-01
4.4664664664664660565e-01,9.1023314239041486218e-01
4.4894894894894893378e-01,9.1204951326737904171e-01
4.5125125125125120640e-01,9.1384596740607337839e-01
4.5355355355355353453e-01,9.1562260411624707412e-01
4.5585585585585580715e-01,9.1737952207138417915e-01
4.5815815815815813528e-01,9.1911681916350285171e-01
4.6046046046046040789e-01,9.2083459293893454856e-01
4.6276276276276273602e-01,9.2253293992575302607e-01
4.6506506506506500864e-01,9.2421195652467114101e-01
4.6736736736736733677e-01,9.2587173797929844810e-01
4.6966966966966960939e-01,9.2751237950237108709e-01
4.7197197197197193752e-01,9.2913397515170415009e-01
4.7427427427427421014e-01,9.3073661890088432713e-01
4.7657657657657653827e-01,9.3232040371062541162e-01
4.7887887887887881089e-01,9.3388542228536197687e-01
4.8118118118118113902e-01,9.3543176654912818524e-01
4.8348348348348346715e-01,9.3695952793667336422e-01
4.8578578578578573977e-01,9.3846879736663790794e-01
4.8808808808808806790e-01,9.3995966503029537709e-01
4.9039039039039034051e-01,9.4143222084569100350e-01
4.9269269269269266864e-01,9.4288655381104169440e-01
4.9499499499499494126e-01,9.4432275282456201726e-01
4.9729729729729726939e-01,9.4574090576376101946e-01
4.9959959959959954201e-01,9.4714110046822674871e-01
5.0190190190190187014e-01,9.4852342378087239894e-01
5.0420420420420419827e-01,9.4988796243990547552e-01
5.0650650650650641538e-01,9.5123480232685020397e-01
5.0880880880880874351e-01,9.5256402905716552887e-01
5.1111111111111107164e-01,9.5387572759910088660e-01
5.1341341341341339977e-01,9.5516998244897977077e-01
5.1571571571571572790e-01,9.5644687768514380366e-01
5.1801801801801794500e-01,9.5770649671117513702e-01
5.2032032032032027313e-01,9.5894892271625065128e-01
5.2262262262262260126e-01,9.6017423805835910855e-01
5.2492492492492492939e-01,9.6138252501761056745e-01
5.2722722722722714650e-01,9.6257386497241725909e-01
5.2952952952952947463e-01,9.6374833925804503920e-01
5.3183183183183180276e-01,9.6490602834800731635e-01
5.3413413413413413089e-01,9.6604701259730874074e-01
5.3643643643643634800e-01,9.6717137163494992791e-01
5.3873873873873867613e-01,9.6827918482071195783e-01
5.4104104104104100426e-01,9.6937053097728453910e-01
5.4334334334334333239e-01,9.7044548847566736161e-01
5.4564564564564554949e-01,9.7150413534920032621e-01
5.4794794794794787762e-01,9.7254654900617243385e-01
5.5025025025025020575e-01,9.7357280668801149393e-01
5.5255255255255253388e-01,9.7458298488434635942e-01
5.5485485485485486201e-01,9.7557716002426875246e-01
5.5715715715715707912e-01,9.7655540773903704022e-01
5.5945945945945940725e-01,9.7751780361240880879e-01
5.6176176176176173538e-01,9.7846442248171383582e-01
5.6406406406406406351e-01,9.7939533905635023370e-01
5.6636636636636628062e-01,9.8031062742948116284e-01
5.6866866866866860875e-01,9.8121036142596851359e-01
5.7097097097097093688e-01,9.8209461442493561911e-01
5.7327327327327326500e-01,9.8296345937506213186e-01
5.7557557557557548211e-01,9.8381696895315640106e-01
5.7787787787787781024e-01,9.8465521525715316020e-01
5.8018018018018013837e-01,9.8547827025626177910e-01
5.8248248248248246650e-01,9.8628620523883958615e-01
5.8478478478478468361e-01,9.8707909144573546811e-01
5.8708708708708701174e-01,9.8785699941072058206e-01
5.8938938938938933987e-01,9.8861999961594737574e-01
5.9169169169169166800e-01,9.8936816189594878335e-01
5.9399399399399399613e-01,9.9010155595070281631e-01
5.9629629629629621324e-01,9.9082025095648396107e-01
5.9859859859859854136e-01,9.9152431582461109105e-01
6.0090090090090086949e-01,9.9221381909666872545e-01
6.0320320320320319762e-01,9.9288882890496221734e-01
6.0550550550550541473e-01,9.9354941316377387572e-01
6.0780780780780774286e-01,9.9419563925101961388e-01
6.1011011011011007099e-01,9.9482757444615221853e-01
6.1241241241241239912e-01,9.9544528541120469445e-01
6.1471471471471461623e-01,9.9604883876988481450e-01
6.1701701701701694436e-01,9.9663830051831292511e-01
6.1931931931931927249e-01,9.9721373659676393331e-01
6.2162162162162160062e-01,9.9777521238276289939e-01
6.2392392392392381772e-01,9.9832279311431781910e-01
6.2622622622622614585e-01,9.9885654358390174590e-01
6.2852852852852847398e-01,9.9937652832369483491e-01
6.3083083083083080211e-01,9.9988281155944491729e-01
6.3313313313313313024e-01,1.0003754571281457952e+00
6.3543543543543534735e-01,1.0008545286927787998e+00
6.3773773773773767548e-01,1.0013200894189475676e+00
6.4004004004004000361e-01,1.0017722023974695578e+00
6.4234234234234233174e-01,1.0022109301586026309e+00
6.4464464464464454885e-01,1.0026363352001312901e+00
6.4694694694694687698e-01,1.0030484794621090661e+00
6.4924924924924920511e-01,1.0034474248242599703e+00
6.5155155155155153324e-01,1.0038332326766690183e+00
6.5385385385385375034e-01,1.0042059642660534635e+00
6.5615615615615607847e-01,1.0045656804598170897e+00
6.5845845845845840660e-01,1.0049124418702897188e+00
6.6076076076076073473e-01,1.0052463088559917548e+00
6.6306306306306295184e-01,1.0055673414061432336e+00
6.6536536536536527997e-01,1.0058755993715784438e+00
6.6766766766766760810e-01,1.0061711421414856193e+00
6.6996996996996993623e-01,1.0064540290484365048e+00
6.7227227227227226436e-01,1.0067243189156194205e+00
6.7457457457457448147e-01,1.0069820705367920066e+00
6.7687687687687680960e-01,1.0072273422096289508e+00
6.7917917917917913773e-01,1.0074601921667634130e+00
6.8148148148148146586e-01,1.0076806782143696850e+00
6.8378378378378368296e-01,1.0078888580121954099e+00
6.8608608608608601109e-01,1.0080847888969231008e+00
6.8838838838838833922e-01,1.0082685279557430658e+00
6.9069069069069066735e-01,1.0084401320658553658e+00
6.9299299299299288446e-01,1.0085996577535183416e+00
6.9529529529529521259e-01,1.0087471614352296889e+00
6.9759759759759754072e-01,1.0088826990985035881e+00
6.9989989989989986885e-01,1.0090063266874187420e+00
7.0220220220220219698e-01,1.0091180996827606720e+00
7.0450450450450441409e-01,1.0092180735363520672e+00
7.0680680680680674222e-01,1.0093063032584286276e+00
7.0910910910910907035e-01,1.0093828437892986560e+00
7.1141141141141139848e-01,1.0094477496975633457e+00
7.1371371371371361558e-01,1.0095010754030104838e+00
7.1601601601601594371e-01,1.0095428750502746240e+00
7.1831831831831827184e-01,1.0095732025403194587e+00
7.2062062062062059997e-01,1.0095921116006210116e+00
7.2292292292292281708e-01,1.0095996556251161103e+00
7.2522522522522514521e-01,1.0095958879208934977e+00
7.2752752752752747334e-01,1.0095808613961669842e+00
7.2982982982982980147e-01,1.0095546289250441063e+00
7.3213213213213201858e-01,1.0095172429600134389e+00
7.3443443443443434671e-01,1.0094687559230897111e+00
7.3673673673673667484e-01,1.0094092198429067686e+00
7.3903903903903900297e-01,1.0093386866728215612e+00
7.4134134134134133109e-01,1.0092572080418171776e+00
7.4364364364364354820e-01,1.0091648354278950350e+00
7.4594594594594587633e-01,1.0090616200745037290e+00
7.4824824824824820446e-01,1.0089476129872967380e+00
7.5055055055055053259e-01,1.0088228650286759081e+00
7.5285285285285274970e-01,1.0086874267440635311e+00
7.5515515515515507783e-01,1.0085413486102188241e+00
7.5745745745745740596e-01,1.0083846807329521766e+00
7.5975975975975973409e-01,1.0082174731902262543e+00
7.6206206206206195120e-01,1.0080397756762504713e+00
7.6436436436436427933e-01,1.0078516378520037122e+00
7.6666666666666660745e-01,1.0076531090279150504e+00
7.6896896896896893558e-01,1.0074442384339317158e+00
7.7127127127127115269e-01,1.0072250750168003641e+00
7.7357357357357348082e-01,1.0069956675705580285e+00
7.7587587587587580895e-01,1.0067560646892035336e+00
7.7817817817817813708e-01,1.0065063147347419470e+00
7.8048048048048046521e-01,1.0062464659506884512e+00
7.8278278278278268232e-01,1.0059765662791311236e+00
7.8508508508508501045e-01,1.0056966636072037780e+00
7.8738738738738733858e-01,1.0054068054769349505e+00
7.8968968968968966671e-01,1.0051070394058201352e+00
7.9199199199199188381e-01,1.0047974125619967278e+00
7.9429429429429421194e-01,1.0044779720765701914e+00
7.9659659659659654007e-01,1.0041487647681672790e+00
7.9889889889889886820e-01,1.0038098373700046206e+00
8.0120120120120108531e-01,1.0034612363680035507e+00
8.0350350350350341344e-01,1.0031030080942677785e+00
8.0580580580580574157e-01,1.0027351987103445552e+00
8.0810810810810806970e-01,1.0023578541518223251e+00
8.1041041041041039783e-01,1.0019710202562568391e+00
8.1271271271271261494e-01,1.0015747425747432153e+00
8.1501501501501494307e-01,1.0011690666138737260e+00
8.1731731731731727120e-01,1.0007540375593004800e+00
8.1961961961961959933e-01,1.0003297005732756375e+00
8.2192192192192181643e-01,9.9989610050003463471e-01
8.2422422422422414456e-01,9.9945328214210715778e-01
8.2652652652652647269e-01,9.9900129002329840500e-01
8.2882882882882880082e-01,9.9854016857698635334e-01
8.3113113113113101793e-01,9.9806996202027897791e-01
8.3343343343343334606e-01,9.9759071441557167770e-01
8.3573573573573567419e-01,9.9710246967949467400e-01
8.3803803803803800232e-01,9.9660527150880429126e-01
8.4034034034034021943e-01,9.9609916351877780816e-01
8.4264264264264254756e-01,9.9558418905263779131e-01
8.4494494494494487569e-01,9.9506039141674140769e-01
8.4724724724724720382e-01,9.9452781361925435277e-01
8.4954954954954953195e-01,9.9398649864454868830e-01
8.5185185185185174905e-01,9.9343648918773563850e-01
8.5415415415415407718e-01,9.9287782789741252376e-01
8.5645645645645640531e-01,9.9231055717361382751e-01
8.5875875875875873344e-01,9.9173471932151957553e-01
8.6106106106106095055e-01,9.9115035645715954260e-01
8.6336336336336327868e-01,9.9055751054155594115e-01
8.6566566566566560681e-01,9.8995622341100986130e-01
8.6796796796796793494e-01,9.8934653668816563421e-01
8.7027027027027015205e-01,9.8872849192744616253e-01
8.7257257257257248018e-01,9.8810213042504213554e-01
8.7487487487487480831e-01,9.8746749344529971548e-01
8.7717717717717713644e-01,9.8682462197563092232e-01
8.7947947947947935354e-01,9.8617355697754471855e-01
8.8178178178178168167e-01,9.8551433914945674175e-01
8.8408408408408400980e-01,9.8484700913802369904e-01
8.8638638638638633793e-01,9.8417160736807296484e-01
8.8868868868868866606e-01,9.8348817416551526094e-01
8.9099099099099088317e-01,9.8279674969063279821e-01
8.9329329329329321130e-01,9.8209737394895757490e-01
8.9559559559559553943e-01,9.8139008683908279806e-01
8.9789789789789786756e-01,9.8067492805245259913e-01
9.0020020020020008467e-01,9.7995193722299378525e-01
9.0250250250250241280e-01,9.7922115373993090515e-01
9.0480480480480474093e-01,9.7848261696399818632e-01
9.0710710710710706906e-01,9.7773636599910440648e-01
9.0940940940940928616e-01,9.7698243992050204376e-01
9.1171171171171161429e-01,9.7622087756435871331e-01
9.1401401401401394242e-01,9.7545171771004146599e-01
9.1631631631631627055e-01,9.7467499893894338214e-01
9.1861861861861848766e-01,9.7389075972999239461e-01
9.2092092092092081579e-01,9.7309903841689826542e-01
9.2322322322322314392e-01,9.7229987317930077761e-01
9.2552552552552547205e-01,9.7149330210470341562e-01
9.2782782782782780018e-01,9.7067936308000268841e-01
9.3013013013013001729e-01,9.6985809394266531136e-01
9.3243243243243234541e-01,9.6902953229847799133e-01
9.3473473473473467354e-01,9.6819371572615819943e-01
9.3703703703703700167e-01,9.6735068156643033710e-01
9.3933933933933921878e-01,9.6650046712780979252e-01
9.4164164164164154691e-01,9.6564310950160303637e-01
9.4394394394394387504e-01,9.6477864571744720301e-01
9.4624624624624620317e-01,9.6390711262822226235e-01
9.4854854854854842028e-01,9.6302854698144479961e-01
9.5085085085085074841e-01,9.6214298539717080239e-01
9.5315315315315307654e-01,9.6125046434274652452e-01
9.5545545545545540467e-01,9.6035102020590290550e-01
9.5775775775775762177e-01,9.5944468918066350138e-01
9.6006006006005994990e-01,9.5853150741803505586e-01
9.6236236236236227803e-01,9.5761151085015239204e-01
9.6466466466466460616e-01,9.5668473538247156274e-01
9.6696696696696693429e-01,9.5575121670024787424e-01
9.6926926926926915140e-01,9.5481099045272910253e-01
9.7157157157157147953e-01,9.5386409209194267245e-01
9.7387387387387380766e-01,9.5291055700369209358e-01
9.7617617617617613579e-01,9.5195042041586652726e-01
9.7847847847847835290e-01,9.5098371744858789523e-01
9.8078078078078068103e-01,9.5001048310978319922e-01
9.8308308308308300916e-01,9.4903075225638899859e-01
9.8538538538538533729e-01,9.4804455967589451593e-01
9.8768768768768755439e-01,9.4705193996902636844e-01
9.8998998998998988252e-01,9.4605292769796234253e-01
9.9229229229229221065e-01,9.4504755721841948723e-01
9.9459459459459453878e-01,9.4403586285862772787e-01
9.9689689689689686691e-01,9.4301787874331099992e-01
9.9919919919919908402e-01,9.4199363895717735939e-01
1.0015015015015014122e+00,9.4096317740591639556e-01
1.0038038038038037403e+00,9.3992652792490694047e-01
1.0061061061061060684e+00,9.3888372420838450694e-01
1.0084084084084083965e+00,9.3783479984114281880e-01
1.0107107107107107247e+00,9.3677978830906272201e-01
1.0130130130130128308e+00,9.3571872294941438319e-01
1.0153153153153151589e+00,9.3465163703858622490e-01
1.0176176176176174870e+00,9.3357856367345093407e-01
1.0199199199199198151e+00,9.3249953591568857103e-01
1.0222222222222221433e+00,9.3141458663269782736e-01
1.0245245245245244714e+00,9.3032374866296263516e-01
1.0268268268268267995e+00,9.2922705465719401818e-01
1.0291291291291291277e+00,9.2812453722213816842e-01
1.0314314314314314558e+00,9.2701622880209355593e-01
1.0337337337337335619e+00,9.2590216176739736920e-01
1.0360360360360358900e+00,9.2478236836207583504e-01
1.0383383383383382181e+00,9.2365688071954510363e-01
1.0406406406406405463e+00,9.2252573088562017656e-01
1.0429429429429428744e+00,9.2138895076022220287e-01
1.0452452452452452025e+00,9.2024657218915428825e-01
1.0475475475475475307e+00,9.1909862684599019644e-01
1.0498498498498498588e+00,9.1794514637108615140e-01
1.0521521521521519649e+00,9.1678616222228481725e-01
1.0544544544544542930e+00,9.1562170582641488892e-01
1.0567567567567566211e+00,9.1445180843723616881e-01
1.0590590590590589493e+00,9.1327650126070214487e-01
1.0613613613613612774e+00,9.1209581535536066177e-01
1.0636636636636636055e+00,9.1090978170271386105e-01
1.0659659659659659336e+00,9.0971843117111705901e-01
1.0682682682682682618e+00,9.0852179451783721120e-01
1.0705705705705705899e+00,9.0731990242233173660e-01
1.0728728728728726960e+00,9.0611278542143913750e-01
1.0751751751751750241e+00,9.0490047400349093998e-01
1.0774774774774773523e+00,9.0368299849209943186e-01
1.0797797797797796804e+00,9.0246038917894311204e-01
1.0820820820820820085e+00,9.0123267618465296991e-01
1.0843843843843843366e+00,8.9999988959657439835e-01
1.0866866866866866648e+00,8.9876205934276320875e-01
1.0889889889889889929e+00,8.9751921529993561322e-01
1.0912912912912910990e+00,8.9627138721106813790e-01
1.0935935935935934271e+00,8.9501860473953298580e-01
1.0958958958958957552e+00,8.9376089744716924468e-01
1.0981981981981980834e+00,8.9249829478475672939e-01
1.1005005005005004115e+00,8.9123082613354565051e-01
1.1028028028028027396e+00,8.8995852073575221208e-01
1.1051051051051050678e+00,8.8868140778937521063e-01
1.1074074074074073959e+00,8.8739951633519675855e-01
1.1097097097097097240e+00,8.8611287538237126782e-01
1.1120120120120118301e+00,8.8482151377999107567e-01
1.1143143143143141582e+00,8.8352546034125922780e-01
1.1166166166166164864e+00,8.8222474373285542093e-01
1.1189189189189188145e+00,8.8091939256683327031e-01
1.1212212212212211426e+00,8.7960943533383739723e-01
1.1235235235235234708e+00,8.7829490044289326711e-01
1.1258258258258257989e+00,8.7697581621172615574e-01
1.1281281281281281270e+00,8.7565221084761146741e-01
1.1304304304304302331e+00,8.7432411249537311804e-01
1.1327327327327325612e+00,8.7299154916480681266e-01
1.1350350350350348894e+00,8.7165454882491988364e-01
1.1373373373373372175e+00,8.7031313929512732486e-01
1.1396396396396395456e+00,8.6896734836311506633e-01
1.1419419419419418738e+00,8.6761720366713979136e-01
1.1442442442442442019e+00,8.6626273280710752722e-01
1.1465465465465465300e+00,8.6490396324832041763e-01
1.1488488488488488581e+00,8.6354092239865276603e-01
1.1511511511511509642e+00,8.6217363755577647311e-01
1.1534534534534532924e+00,8.6080213593430354724e-01
1.1557557557557556205e+00,8.5942644466658257851e-01
1.1580580580580579486e+00,8.5804659077561118430e-01
1.1603603603603602767e+00,8.5666260122790438558e-01
1.1626626626626626049e+00,8.5527450285922668183e-01
1.1649649649649649330e+00,8.5388232246707673756e-01
1.1672672672672672611e+00,8.5248608670694825395e-01
1.1695695695695693672e+00,8.5108582220190376333e-01
1.1718718718718716953e+00,8.4968155543570389465e-01
1.1741741741741740235e+00,8.4827331285117157922e-01
1.1764764764764763516e+00,8.4686112076746911104e-01
1.1787787787787786797e+00,8.4544500544378842211e-01
1.1810810810810810079e+00,8.4402499303912648099e-01
1.1833833833833833360e+00,8.4260110962843381976e-01
1.1856856856856856641e+00,8.4117338121225493364e-01
1.1879879879879879923e+00,8.3974183368332022681e-01
1.1902902902902900983e+00,8.3830649288285641330e-01
1.1925925925925924265e+00,8.3686738452588738113e-01
1.1948948948948947546e+00,8.3542453429102014884e-01
1.1971971971971970827e+00,8.3397796772243060204e-01
1.1994994994994994109e+00,8.3252771033091310660e-01
1.2018018018018017390e+00,8.3107378749766258608e-01
1.2041041041041040671e+00,8.2961622456061645536e-01
1.2064064064064063952e+00,8.2815504674420703513e-01
1.2087087087087085013e+00,8.2669027921089344169e-01
1.2110110110110108295e+00,8.2522194703202367272e-01
1.2133133133133131576e+00,8.2375007519449527926e-01
1.2156156156156154857e+00,8.2227468861776720210e-01
1.2179179179179178139e+00,8.2079581211548102715e-01
1.2202202202202201420e+00,8.1931347045400315654e-01
1.2225225225225224701e+00,8.1782768827827456715e-01
1.2248248248248247982e+00,8.1633849019812665393e-01
1.2271271271271271264e+00,8.1484590069643625387e-01
1.2294294294294292325e+00,8.1334994422152639970e-01
1.2317317317317315606e+00,8.1185064510131121907e-01
1.2340340340340338887e+00,8.1034802761825952544e-01
1.2363363363363362168e+00,8.0884211595064126055e-01
1.2386386386386385450e+00,8.0733293421307039672e-01
1.2409409409409408731e+00,8.0582050643713154514e-01
1.2432432432432432012e+00,8.0430485656990158283e-01
1.2455455455455455294e+00,8.0278600849697012709e-01
1.2478478478478476354e+00,8.0126398600039017150e-01
1.2501501501501499636e+00,7.9973881281830128120e-01
1.2524524524524522917e+00,7.9821051257232000786e-01
1.2547547547547546198e+00,7.9667910884969384000e-01
1.2570570570570569480e+00,7.9514462511802563860e-01
1.2593593593593592761e+00,7.9360708480904773587e-01
1.2616616616616616042e+00,7.9206651124274896070e-01
1.2639639639639639324e+00,7.9052292769173249098e-01
1.2662662662662662605e+00,7.8897635733294391169e-01
1.2685685685685683666e+00,7.8742682327844615298e-01
1.2708708708708706947e+00,7.8587434856453575183e-01
1.2731731731731730228e+00,7.8431895614343771772e-01
1.2754754754754753510e+00,7.8276066891112594526e-01
1.2777777777777776791e+00,7.8119950966269213755e-01
1.2800800800800800072e+00,7.7963550115215130010e-01
1.2823823823823823354e+00,7.7806866602206070649e-01
1.2846846846846846635e+00,7.7649902688106942072e-01
1.2869869869869867696e+00,7.7492660622534281778e-01
1.2892892892892890977e+00,7.7335142651392885238e-01
1.2915915915915914258e+00,7.7177351010231265427e-01
1.2938938938938937540e+00,7.7019287929697721751e-01
1.2961961961961960821e+00,7.6860955631659033660e-01
1.2984984984984984102e+00,7.6702356331411902790e-01
1.3008008008008007383e+00,7.6543492237325894134e-01
1.3031031031031030665e+00,7.6384365549443855592e-01
1.3054054054054053946e+00,7.6224978462634263021e-01
1.3077077077077075007e+00,7.6065333161966763864e-01
1.3100100100100098288e+00,7.5905431828625946622e-01
1.3123123123123121569e+00,7.5745276633161562341e-01
1.3146146146146144851e+00,7.5584869742736959797e-01
1.3169169169169168132e+00,7.5424213313957033655e-01
1.3192192192192191413e+00,7.5263309499579744699e-01
1.3215215215215214695e+00,7.5102160442766008330e-01
1.3238238238238237976e+00,7.4940768281631298109e-01
1.3261261261261259037e+00,7.4779135146217978747e-01
1.3284284284284282318e+00,7.4617263159947899709e-01
1.3307307307307305599e+00,7.4455154439888238116e-01
1.3330330330330328881e+00,7.4292811094892219348e-01
1.3353353353353352162e+00,7.4130235229023011545e-01
1.3376376376376375443e+00,7.3967428936856816080e-01
1.3399399399399398725e+00,7.3804394309261056595e-01
1.3422422422422422006e+00,7.3641133426983851340e-01
1.3445445445445445287e+00,7.3477648367371928284e-01
1.3468468468468466348e+00,7.3313941197880816425e-01
1.3491491491491489629e+00,7.3150013981999895130e-01
1.3514514514514512911e+00,7.2985868774332363085e-01
1.3537537537537536192e+00,7.2821507624326942132e-01
1.3560560560560559473e+00,7.2656932574008137316e-01
1.3583583583583582755e+00,7.2492145658770357208e-01
1.3606606606606606036e+00,7.2327148908166782881e-01
1.3629629629629629317e+00,7.2161944343684458758e-01
1.3652652652652652598e+00,7.1996533982355537251e-01
1.3675675675675673659e+00,7.1830919832058515162e-01
1.3698698698698696941e+00,7.1665103897106352537e-01
1.3721721721721720222e+00,7.1499088172209568359e-01
1.3744744744744743503e+00,7.1332874648649768901e-01
1.3767767767767766784e+00,7.1166465308458393135e-01
1.3790790790790790066e+00,7.0999862129593227511e-01
1.3813813813813813347e+00,7.0833067081785983099e-01
1.3836836836836836628e+00,7.0666082129530138900e-01
1.3859859859859857689e+00,7.0498909230481321408e-01
1.3882882882882880970e+00,7.0331550335683101771e-01
1.3905905905905904252e+00,7.0164007390787164198e-01
1.3928928928928927533e+00,6.9996282333548243137e-01
1.3951951951951950814e+00,6.9828377097542915219e-01
1.3974974974974974096e+00,6.9660293607536516447e-01
1.3997997997997997377e+00,6.9492033784825912868e-01
1.4021021021021020658e+00,6.9323599541612401786e-01
1.4044044044044043940e+00,6.9154992786620028689e-01
1.4067067067067065000e+00,6.8986215419929142190e-01
1.4090090090090088282e+00,6.8817269337446851374e-01
1.4113113113113111563e+00,6.8648156427461415330e-01
1.4136136136136134844e+00,6.8478878572963763904e-01
1.4159159159159158126e+00,6.8309437650634630135e-01
1.4182182182182181407e+00,6.8139835530590509016e-01
1.4205205205205204688e+00,6.7970074077951148084e-01
1.4228228228228227970e+00,6.7800155150133811777e-01
1.4251251251251249030e+00,6.7630080600613406983e-01
1.4274274274274272312e+00,6.7459852274409004558e-01
1.4297297297297295593e+00,6.7289472013146944818e-01
1.4320320320320318874e+00,6.7118941649858154808e-01
1.4343343343343342156e+00,6.6948263014050479747e-01
1.4366366366366365437e+00,6.6777437927165028686e-01
1.4389389389389388718e+00,6.6606468206392333009e-01
1.4412412412412411999e+00,6.6435355661866724031e-01
1.4435435435435435281e+00,6.6264102098397192897e-01
1.4458458458458456342e+00,6.6092709314961806122e-01
1.4481481481481479623e+00,6.5921179104052363140e-01
1.4504504504504502904e+00,6.5749513253515312616e-01
1.4527527527527526185e+00,6.5577713543710935973e-01
1.4550550550550549467e+00,6.5405781751259584045e-01
1.4573573573573572748e+00,6.5233719644689824868e-01
1.4596596596596596029e+00,6.5061528989192507488e-01
1.4619619619619619311e+00,6.4889211541851476994e-01
1.4642642642642640372e+00,6.4716769056180645237e-01
1.4665665665665663653e+00,6.4544203278170153570e-01
1.4688688688688686934e+00,6.4371515949495961006e-01
1.4711711711711710215e+00,6.4198708805292548085e-01
1.4734734734734733497e+00,6.4025783575360817323e-01
1.4757757757757756778e+00,6.3852741984096550443e-01
1.4780780780780780059e+00,6.3679585749505396297e-01
1.4803803803803803341e+00,6.3506316585247135631e-01
1.4826826826826826622e+00,6.3332936197722633498e-01
1.4849849849849847683e+00,6.3159446289750187375e-01
1.4872872872872870964e+00,6.2985848556420498401e-01
1.4895895895895894245e+00,6.2812144689513282891e-01
1.4918918918918917527e+00,6.2638336373171721316e-01
1.4941941941941940808e+00,6.2464425287918989849e-01
1.4964964964964964089e+00,6.2290413107261000114e-01
1.4987987987987987371e+00,6.2116301500340853625e-01
1.5011011011011010652e+00,6.1942092130229331470e-01
1.5034034034034031713e+00,6.1767786654678435987e-01
1.5057057057057054994e+00,6.1593386726415733090e-01
1.5080080080080078275e+00,6.1418893991897549611e-01
1.5103103103103101557e+00,6.1244310093496123759e-01
1.5126126126126124838e+00,6.1069636666567905792e-01
1.5149149149149148119e+00,6.0894875343019616576e-01
1.5172172172172171400e+00,6.0720027747397919970e-01
1.5195195195195194682e+00,6.0545095500956103152e-01
1.5218218218218217963e+00,6.0370080217766519670e-01
1.5241241241241239024e+00,6.0194983508241772796e-01
1.5264264264264262305e+00,6.0019806976252221276e-01
1.5287287287287285587e+00,5.9844552221278402016e-01
1.5310310310310308868e+00,5.9669220837159198112e-01
1.5333333333333332149e+00,5.9493814412453960294e-01
1.5356356356356355430e+00,5.9318334531040306512e-01
1.5379379379379378712e+00,5.9142782770664159564e-01
1.5402402402402401993e+00,5.8967160705217480654e-01
1.5425425425425423054e+00,5.8791469901831383549e-01
1.5448448448448446335e+00,5.8615711924298841140e-01
1.5471471471471469616e+00,5.8439888329418521185e-01
1.5494494494494492898e+00,5.8264000670705107243e-01
1.5517517517517516179e+00,5.8088050494928600287e-01
1.5540540540540539460e+00,5.7912039345165622350e-01
1.5563563563563562742e+00,5.7735968758391265077e-01
1.5586586586586586023e+00,5.7559840267177730944e-01
1.5609609609609609304e+00,5.7383655398844435336e-01
1.5632632632632630365e+00,5.7207415675485984163e-01
1.5655655655655653646e+00,5.7031122614814411254e-01
1.5678678678678676928e+00,5.6854777728561012307e-01
1.5701701701701700209e+00,5.6678382524793269326e-01
1.5724724724724723490e+00,5.6501938505076054753e-01
1.5747747747747746772e+00,5.6325447167715703145e-01
1.5770770770770770053e+00,5.6148910004381147321e-01
1.5793793793793793334e+00,5.5972328503452062343e-01
1.5816816816816814395e+00,5.5795704146975200199e-01
1.5839839839839837676e+00,5.5619038413274002330e-01
1.5862862862862860958e+00,5.5442332774975355836e-01
1.5885885885885884239e+00,5.5265588700304635328e-01
1.5908908908908907520e+00,5.5088807652584281804e-01
1.5931931931931930801e+00,5.4911991089984024672e-01
1.5954954954954954083e+00,5.4735140466554932370e-01
1.5977977977977977364e+00,5.4558257230532736237e-01
1.6001001001001000645e+00,5.4381342826652778744e-01
1.6024024024024021706e+00,5.4204398693412958465e-01
1.6047047047047044988e+00,5.4027426266118261378e-01
1.6070070070070068269e+00,5.3850426973786913454e-01
1.6093093093093091550e+00,5.3673402242144119256e-01
1.6116116116116114831e+00,5.3496353490973147515e-01
1.6139139139139138113e+00,5.3319282136317691645e-01
1.6162162162162161394e+00,5.3142189588899824138e-01
1.6185185185185184675e+00,5.2965077255060588612e-01
1.6208208208208207957e+00,5.2787946536555696575e-01
1.6231231231231229017e+00,5.2610798830078464583e-01
1.6254254254254252299e+00,5.2433635528438371498e-01
1.6277277277277275580e+00,5.2256458018807705468e-01
1.6300300300300298861e+00,5.2079267684999841492e-01
1.6323323323323322143e+00,5.1902065904859961964e-01
1.6346346346346345424e+00,5.1724854053094271311e-01
1.6369369369369368705e+00,5.1547633498463929502e-01
1.6392392392392391987e+00,5.1370405606435765034e-01
1.6415415415415413047e+00,5.1193171736903386737e-01
1.6438438438438436329e+00,5.1015933246015654490e-01
1.6461461461461459610e+00,5.0838691484944453780e-01
1.6484484484484482891e+00,5.0661447800514769479e-01
1.6507507507507506173e+00,5.0484203535250360417e-01
1.6530530530530529454e+00,5.0306960026714953038e-01
1.6553553553553552735e+00,5.0129718608790774237e-01
1.6576576576576576016e+00,4.9952480609907584652e-01
1.6599599599599599298e+00,4.9775247355249735426e-01
1.6622622622622620359e+00,4.9598020164300599122e-01
1.6645645645645643640e+00,4.9420800353438359975e-01
1.6668668668668666921e+00,4.9243589233422957463e-01
1.6691691691691690203e+00,4.9066388111711245479e-01
1.6714714714714713484e+00,4.8889198290527546842e-01
1.6737737737737736765e+00,4.8712021068350419561e-01
1.6760760760760760046e+00,4.8534857738991721288e-01
1.6783783783783783328e+00,4.8357709591960790219e-01
1.6806806806806804389e+00,4.8180577912715744082e-01
1.6829829829829827670e+00,4.8003463981867561250e-01
1.6852852852852850951e+00,4.7826369076519009704e-01
1.6875875875875874232e+00,4.7649294468511521616e-01
1.6898898898898897514e+00,4.7472241426534467212e-01
1.6921921921921920795e+00,4.7295211213842186515e-01
1.6944944944944944076e+00,4.7118205090609854846e-01
1.6967967967967967358e+00,4.6941224311708606987e-01
1.6990990990990990639e+00,4.6764270128704149565e-01
1.7014014014014011700e+00,4.6587343788248031240e-01
1.7037037037037034981e+00,4.6410446533258814528e-01
1.7060060060060058262e+00,4.6233579602272228959e-01
1.7083083083083081544e+00,4.6056744229581253469e-01
1.7106106106106104825e+00,4.5879941645651706184e-01
1.7129129129129128106e+00,4.5703173076227832095e-01
1.7152152152152151388e+00,4.5526439743697411089e-01
1.7175175175175174669e+00,4.5349742865384540247e-01
1.7198198198198195730e+00,4.5173083655540663406e-01
1.7221221221221219011e+00,4.4996463323245339261e-01
1.7244244244244242292e+00,4.4819883074521454924e-01
1.7267267267267265574e+00,4.4643344110388077928e-01
1.7290290290290288855e+00,4.4466847628563660466e-01
1.7313313313313312136e+00,4.4290394822148254628e-01
1.7336336336336335417e+00,4.4113986880534428181e-01
1.7359359359359358699e+00,4.3937624988990142683e-01
1.7382382382382381980e+00,4.3761310328613584053e-01
1.7405405405405403041e+00,4.3585044076875661956e-01
1.7428428428428426322e+00,4.3408827406660605019e-01
1.7451451451451449604e+00,4.3232661487627338515e-01
1.7474474474474472885e+00,4.3056547484571700002e-01
1.7497497497497496166e+00,4.2880486559280855952e-01
1.7520520520520519447e+00,4.2704479868626793460e-01
1.7543543543543542729e+00,4.2528528566440615410e-01
1.7566566566566566010e+00,4.2352633801832184623e-01
1.7589589589589587071e+00,4.2176796720616926972e-01
1.7612612612612610352e+00,4.2001018464261741236e-01
1.7635635635635633633e+00,4.1825300170556833912e-01
1.7658658658658656915e+00,4.1649642973396117096e-01
1.7681681681681680196e+00,4.1474048002582375450e-01
1.7704704704704703477e+00,4.1298516384460376427e-01
1.7727727727727726759e+00,4.1123049240927150860e-01
1.7750750750750750040e+00,4.0947647690759442218e-01
1.7773773773773773321e+00,4.0772312848070924041e-01
1.7796796796796794382e+00,4.0597045824013777704e-01
1.7819819819819817663e+00,4.0421847725072557189e-01
1.7842842842842840945e+00,4.0246719654702156621e-01
1.7865865865865864226e+00,4.0071662711900668530e-01
1.7888888888888887507e+00,3.9896677992383189348e-01
1.7911911911911910789e+00,3.9721766587762841194e-01
1.7934934934934934070e+00,3.9546929586017304237e-01
1.7957957957957957351e+00,3.9372168071432428471e-01
1.7980980980980978412e+00,3.9197483124292709089e-01
1.8004004004004001693e+00,3.9022875821573660415e-01
1.8027027027027024975e+00,3.8848347235949481915e-01
1.8050050050050048256e+00,3.8673898437064641032e-01
1.8073073073073071537e+00,3.8499530490101635527e-01
1.8096096096096094819e+00,3.8325244457321427927e-01
1.8119119119119118100e+00,3.8151041396557189289e-01
1.8142142142142141381e+00,3.7976922362626036600e-01
1.8165165165165164662e+00,3.7802888406136181398e-01
1.8188188188188185723e+00,3.7628940574433283883e-01
1.8211211211211209005e+00,3.7455079910986616154e-01
1.8234234234234232286e+00,3.7281307455682455299e-01
1.8257257257257255567e+00,3.7107624244898412824e-01
1.8280280280280278848e+00,3.6934031311110232521e-01
1.8303303303303302130e+00,3.6760529683615300600e-01
1.8326326326326325411e+00,3.6587120387561505863e-01
1.8349349349349348692e+00,3.6413804445144465349e-01
1.8372372372372369753e+00,3.6240582874298044036e-01
1.8395395395395393034e+00,3.6067456690068627756e-01
1.8418418418418416316e+00,3.5894426903305148846e-01
1.8441441441441439597e+00,3.5721494521857177773e-01
1.8464464464464462878e+00,3.5548660549596294844e-01
1.8487487487487486160e+00,3.5375925987159939634e-01
1.8510510510510509441e+00,3.5203291831514094135e-01
1.8533533533533532722e+00,3.5030759076102796490e-01
1.8556556556556556004e+00,3.4858328711023039981e-01
1.8579579579579577064e+00,3.4686001722575771078e-01
1.8602602602602600346e+00,3.4513779093994251257e-01
1.8625625625625623627e+00,3.4341661804516065981e-01
1.8648648648648646908e+00,3.4169650830487774407e-01
1.8671671671671670190e+00,3.3997747144189682800e-01
1.8694694694694693471e+00,3.3825951715038743428e-01
1.8717717717717716752e+00,3.3654265508471398194e-01
1.8740740740740740033e+00,3.3482689486938549406e-01
1.8763763763763761094e+00,3.3311224609123107898e-01
1.8786786786786784376e+00,3.3139871830504313843e-01
1.8809809809809807657e+00,3.2968632103070544259e-01
1.8832832832832830938e+00,3.2797506375354074093e-01
1.8855855855855854220e+00,3.2626495592678328439e-01
1.8878878878878877501e+00,3.2455600696681041750e-01
1.8901901901901900782e+00,3.2284822626023529368e-01
1.8924924924924924063e+00,3.2114162315526301184e-01
1.8947947947947947345e+00,3.1943620697167574018e-01
1.8970970970970968406e+00,3.1773198699049698401e-01
1.8993993993993991687e+00,3.1602897246432254397e-01
1.9017017017017014968e+00,3.1432717260799031278e-01
1.9040040040040038249e+00,3.1262659660666919370e-01
1.9063063063063061531e+00,3.1092725360977740978e-01
1.9086086086086084812e+00,3.0922915273509277156e-01
1.9109109109109108093e+00,3.0753230306710660491e-01
1.9132132132132131375e+00,3.0583671365650078044e-01
1.9155155155155152435e+00,3.0414239352308142239e-01
1.9178178178178175717e+00,3.0244935165096409335e-01
1.9201201201201198998e+00,3.0075759699528359370e-01
1.9224224224224222279e+00,2.9906713847433041842e-01
1.9247247247247245561e+00,2.9737798497838624501e-01
1.9270270270270268842e+00,2.9569014536082416367e-01
1.9293293293293292123e+00,2.9400362844679772678e-01
1.9316316316316315405e+00,2.9231844302562454141e-01
1.9339339339339338686e+00,2.9063459785719891748e-01
1.9362362362362359747e+00,2.8895210166742812952e-01
1.9385385385385383028e+00,2.8727096315105699054e-01
1.9408408408408406309e+00,2.8559119097099217033e-01
1.9431431431431429591e+00,2.8391279375715883226e-01
1.9454454454454452872e+00,2.8223578010966149376e-01
1.9477477477477476153e+00,2.8056015859412958280e-01
1.9500500500500499435e+00,2.7888593774787590052e-01
1.9523523523523522716e+00,2.7721312607293097097e-01
1.9546546546546545997e+00,2.7554173204366994021e-01
1.9569569569569567058e+00,2.7387176409934110843e-01
1.9592592592592590339e+00,2.7220323065119028660e-01
1.9615615615615613621e+00,2.7053614007641813011e-01
1.9638638638638636902e+00,2.6887050072310181292e-01
1.9661661661661660183e+00,2.6720632090692603144e-01
1.9684684684684683464e+00,2.6554360891295764047e-01
1.9707707707707706746e+00,2.6388237299569228256e-01
1.9730730730730730027e+00,2.6222262137752411215e-01
1.9753753753753751088e+00,2.6056436225191392797e-01
1.9776776776776774369e+00,2.5890760377907934275e-01
1.9799799799799797650e+00,2.5725235409144847631e-01
1.9822822822822820932e+00,2.5559862128769678113e-01
1.9845845845845844213e+00,2.5394641343910717701e-01
1.9868868868868867494e+00,2.5229573858351805882e-01
1.9891891891891890776e+00,2.5064660473095023985e-01
1.9914914914914914057e+00,2.4899901985900935175e-01
1.9937937937937937338e+00,2.4735299191649182116e-01
1.9960960960960958399e+00,2.4570852882120541860e-01
1.9983983983983981680e+00,2.4406563846092602099e-01
2.0007007007007007182e+00,2.4242432869393856776e-01
2.0030030030030028243e+00,2.4078460734734880022e-01
2.0053053053053049304e+00,2.3914648222005657763e-01
2.0076076076076074806e+00,2.3750996107896818477e-01
2.0099099099099095866e+00,2.3587505166362082720e-01
2.0122122122122121368e+00,2.3424176168129740017e-01
2.0145145145145142429e+00,2.3261009881211472394e-01
2.0168168168168167931e+00,2.3098007070433648757e-01
2.0191191191191188992e+00,2.2935168497862892800e-01
2.0214214214214214493e+00,2.2772494922473704437e-01
2.0237237237237235554e+00,2.2609987100398368232e-01
2.0260260260260256615e+00,2.2447645784795527968e-01
2.0283283283283282117e+00,2.2285471725886821237e-01
2.0306306306306303178e+00,2.2123465671038666791e-01
2.0329329329329328679e+00,2.1961628364597007845e-01
2.0352352352352349740e+00,2.1799960548149074913e-01
2.0375375375375375242e+00,2.1638462960209087216e-01
2.0398398398398396303e+00,2.1477136336589797150e-01
2.0421421421421421805e+00,2.1315981410024609222e-01
2.0444444444444442865e+00,2.1154998910552047509e-01
2.0467467467467463926e+00,2.0994189565175100376e-01
2.0490490490490489428e+00,2.0833554098162965218e-01
2.0513513513513510489e+00,2.0673093230829026057e-01
2.0536536536536535991e+00,2.0512807681689371186e-01
2.0559559559559557052e+00,2.0352698166397503732e-01
2.0582582582582582553e+00,2.0192765397742376554e-01
2.0605605605605603614e+00,2.0033010085738223172e-01
2.0628628628628629116e+00,1.9873432937480681182e-01
2.0651651651651650177e+00,1.9714034657358037173e-01
2.0674674674674671238e+00,1.9554815946812392768e-01
2.0697697697697696739e+00,1.9395777504614053477e-01
2.0720720720720717800e+00,1.9236920026595158428e-01
2.0743743743743743302e+00,1.9078244205914554610e-01
2.0766766766766764363e+00,1.8919750732835080576e-01
2.0789789789789789864e+00,1.8761440294916101323e-01
2.0812812812812810925e+00,1.8603313576883803715e-01
2.0835835835835831986e+00,1.8445371260718357309e-01
2.0858858858858857488e+00,1.8287614025633674997e-01
2.0881881881881878549e+00,1.8130042548057209717e-01
2.0904904904904904051e+00,1.7972657501708491634e-01
2.0927927927927925111e+00,1.7815459557493165677e-01
2.0950950950950950613e+00,1.7658449383649935105e-01
2.0973973973973971674e+00,1.7501627645596665173e-01
2.0996996996996997176e+00,1.7344995006102523205e-01
2.1020020020020018237e+00,1.7188552125132416926e-01
2.1043043043043039297e+00,1.7032299659998179076e-01
2.1066066066066064799e+00,1.6876238265242612946e-01
2.1089089089089085860e+00,1.6720368592737608338e-01
2.1112112112112111362e+00,1.6564691291628985681e-01
2.1135135135135132423e+00,1.6409207008371348713e-01
2.1158158158158157924e+00,1.6253916386733766042e-01
2.1181181181181178985e+00,1.6098820067780006404e-01
2.1204204204204204487e+00,1.5943918689919520104e-01
2.1227227227227225548e+00,1.5789212888853587646e-01
2.1250250250250246609e+00,1.5634703297647867259e-01
2.1273273273273272110e+00,1.5480390546669570151e-01
2.1296296296296293171e+00,1.5326275263656916059e-01
2.1319319319319318673e+00,1.5172358073669903189e-01
2.1342342342342339734e+00,1.5018639599137897922e-01
2.1365365365365365236e+00,1.4865120459836803080e-01
2.1388388388388386296e+00,1.4711801272909508231e-01
2.1411411411411411798e+00,1.4558682652867421803e-01
2.1434434434434432859e+00,1.4405765211591831099e-01
2.1457457457457453920e+00,1.4253049558347324899e-01
2.1480480480480479422e+00,1.4100536299779217742e-01
2.1503503503503500482e+00,1.3948226039922687058e-01
2.1526526526526525984e+00,1.3796119380212010230e-01
2.1549549549549547045e+00,1.3644216919471605087e-01
2.1572572572572572547e+00,1.3492519253947107827e-01
2.1595595595595593608e+00,1.3341026977273734433e-01
2.1618618618618614668e+00,1.3189740680527284322e-01
2.1641641641641640170e+00,1.3038660952178407482e-01
2.1664664664664661231e+00,1.2887788378149256374e-01
2.1687687687687686733e+00,1.2737123541772174540e-01
2.1710710710710707794e+00,1.2586667023830799828e-01
2.1733733733733733295e+00,1.2436419402545159651e-01
2.1756756756756754356e+00,1.2286381253576350581e-01
2.1779779779779779858e+00,1.2136553150056199335e-01
2.1802802802802800919e+00,1.1986935662541586822e-01
2.1825825825825821980e+00,1.1837529359096753134e-01
2.1848848848848847481e+00,1.1688334805196676225e-01
2.1871871871871868542e+00,1.1539352563853606803e-01
2.1894894894894894044e+00,1.1390583195487768986e-01
2.1917917917917915105e+00,1.1242027258070406981e-01
2.1940940940940940607e+00,1.1093685306996985129e-01
2.1963963963963961668e+00,1.0945557895207842780e-01
2.1986986986986987169e+00,1.0797645573102633565e-01
2.2010010010010008230e+00,1.0649948888602660257e-01
2.2033033033033029291e+00,1.0502468387137786632e-01
2.2056056056056054793e+00,1.0355204611625476452e-01
2.2079079079079075854e+00,1.0208158102547355839e-01
2.2102102102102101355e+00,1.0061329397837281974e-01
2.2125125125125122416e+00,9.9147190330441364869e-02
2.2148148148148147918e+00,9.7683275411443448721e-02
2.2171171171171168979e+00,9.6221554527621475095e-02
2.2194194194194194480e+00,9.4762032959491343531e-02
2.2217217217217215541e+00,9.3304715964085391255e-02
2.2240240240240236602e+00,9.1849608773000995798e-02
2.2263263263263262104e+00,9.0396716594095968822e-02
2.2286286286286283165e+00,8.8946044610381413964e-02
2.2309309309309308667e+00,8.7497597980683947116e-02
2.2332332332332329727e+00,8.6051381839602508750e-02
2.2355355355355355229e+00,8.4607401296882434050e-02
2.2378378378378376290e+00,8.3165661439041083103e-02
2.2401401401401397351e+00,8.1726167327699925091e-02
2.2424424424424422853e+00,8.0288924001263792252e-02
2.2447447447447443913e+00,7.8853936470991314867e-02
2.2470470470470469415e+00,7.7421209726366430059e-02
2.2493493493493490476e+00,7.5990748737064017782e-02
2.2516516516516515978e+00,7.4562558450145463573e-02
2.2539539539539537039e+00,7.3136643768165893187e-02
2.2562562562562562540e+00,7.1713009563060217677e-02
2.2585585585585583601e+00,7.0291660743812156564e-02
2.2608608608608604662e+00,6.8872602246005568127e-02
2.2631631631631630164e+00,6.7455838804293496991e-02
2.2654654654654651225e+00,6.6041374882539347069e-02
2.2677677677677676726e+00,6.4629215381924912109e-02
2.2700700700700697787e+00,6.3219366234235740976e-02
2.2723723723723723289e+00,6.1811832346597248011e-02
2.2746746746746744350e+00,6.0406614442042344537e-02
2.2769769769769769852e+00,5.9003714747602853397e-02
2.2792792792792790912e+00,5.7603150550678140773e-02
2.2815815815815811973e+00,5.6204940094144291429e-02
2.2838838838838837475e+00,5.4809050955829191620e-02
2.2861861861861858536e+00,5.3415427317987297651e-02
2.2884884884884884038e+00,5.2024170807971205355e-02
2.2907907907907905098e+00,5.0635525893061875125e-02
2.2930930930930930600e+00,4.9249288914233448067e-02
2.2953953953953951661e+00,4.7864577702182845020e-02
2.2976976976976977163e+00,4.6481642169529116537e-02
2.2999999999999998224e+00,4.5103591900548883897e-02
