0.0000000000000000000e+00,2.4055129604865185811e-01
2.3023023023023021089e-03,1.5700446200760469083e-06
4.6046046046046042177e-03,1.2541051142616009890e-05
6.9069069069069063266e-03,2.9287720043539135564e-05
9.2092092092092084354e-03,5.1906081001136564711e-05
1.1511511511511510544e-02,8.0459569132697848250e-05
1.3813813813813812653e-02,1.1509442005459143111e-04
1.6116116116116116497e-02,1.5594076632402965182e-04
1.8418418418418416871e-02,2.0298767200183442743e-04
2.0720720720720717245e-02,2.5615764730880385578e-04
2.3023023023023021089e-02,3.1539546560430462138e-04
2.5325325325325324932e-02,3.8065742745425803616e-04
2.7627627627627625306e-02,4.5190515008151368147e-04
2.9929929929929925680e-02,5.2909131748383618401e-04
3.2232232232232232993e-02,6.1217537610830569973e-04
3.4534534534534533368e-02,7.0111277865074505579e-04
3.6836836836836833742e-02,7.9586447773998404264e-04
3.9139139139139134116e-02,8.9638776115725832434e-04
4.1441441441441434490e-02,1.0026431726430633674e-03
4.3743743743743741803e-02,1.1145897778088210712e-03
4.6046046046046042177e-02,1.2321879080456447919e-03
4.8348348348348342551e-02,1.3553982245110792783e-03
5.0650650650650649864e-02,1.4841808644127788604e-03
5.2952952952952950239e-02,1.6184977644142157279e-03
5.5255255255255250613e-02,1.7583091243978505279e-03
5.7557557557557550987e-02,1.9035778179404727779e-03
5.9859859859859851361e-02,2.0542644133883444790e-03
6.2162162162162158674e-02,2.2103323439222385266e-03
6.4464464464464465987e-02,2.3717428732784981600e-03
6.6766766766766766361e-02,2.5384596719727030301e-03
6.9069069069069066735e-02,2.7104449355062230562e-03
7.1371371371371367109e-02,2.8876623948681464683e-03
7.3673673673673667484e-02,3.0700752594417899007e-03
7.5975975975975967858e-02,3.2576472828401235177e-03
7.8278278278278268232e-02,3.4503426545172202755e-03
8.0580580580580568606e-02,3.6481252127944030841e-03
8.2882882882882868980e-02,3.8509600110050515309e-03
8.5185185185185183232e-02,4.0588111048209529752e-03
8.7487487487487483606e-02,4.2716442370967560790e-03
8.9789789789789783980e-02,4.4894238618632502369e-03
9.2092092092092084354e-02,4.7121161993486692168e-03
9.4394394394394384729e-02,4.9396862965564577660e-03
9.6696696696696685103e-02,5.1721006648125476823e-03
9.8998998998998985477e-02,5.4093250811991051494e-03
1.0130130130130129973e-01,5.6513262438568643078e-03
1.0360360360360360010e-01,5.8980707077947846367e-03
1.0590590590590590048e-01,6.1495253331480259629e-03
1.0820820820820820085e-01,6.4056574303984741697e-03
1.1051051051051050123e-01,6.6664340584641854776e-03
1.1281281281281280160e-01,6.9318232068686187405e-03
1.1511511511511510197e-01,7.2017922172543033521e-03
1.1741741741741740235e-01,7.4763096405453359494e-03
1.1971971971971970272e-01,7.7553432194193295396e-03
1.2202202202202201697e-01,8.0388619217414188783e-03
1.2432432432432431735e-01,8.3268340174136746407e-03
1.2662662662662660384e-01,8.6192287690863116090e-03
1.2892892892892893197e-01,8.9160150569011498156e-03
1.3123123123123123235e-01,9.2171623707127340458e-03
1.3353353353353353272e-01,9.5226402264567515388e-03
1.3583583583583583310e-01,9.8324183253808983274e-03
1.3813813813813813347e-01,1.0146466798225782166e-02
1.4044044044044043384e-01,1.0464755583560674673e-02
1.4274274274274273422e-01,1.0787255368598128516e-02
1.4504504504504503459e-01,1.1113936388583982307e-02
1.4734734734734733497e-01,1.1444769799057008530e-02
1.4964964964964963534e-01,1.1779726215909608680e-02
1.5195195195195193572e-01,1.2118777157260141389e-02
1.5425425425425423609e-01,1.2461893706220148262e-02
1.5655655655655653646e-01,1.2809047658418969140e-02
1.5885885885885883684e-01,1.3160210616269960721e-02
1.6116116116116113721e-01,1.3515354607010301655e-02
1.6346346346346343759e-01,1.3874451764850598973e-02
1.6576576576576573796e-01,1.4237474338924869036e-02
1.6806806806806806609e-01,1.4604394974889757172e-02
1.7037037037037036646e-01,1.4975186164070572806e-02
1.7267267267267266684e-01,1.5349821016069041535e-02
1.7497497497497496721e-01,1.5728272309490629044e-02
1.7727727727727726759e-01,1.6110513548041820175e-02
1.7957957957957956796e-01,1.6496517860488609658e-02
1.8188188188188186833e-01,1.6886259064281337883e-02
1.8418418418418416871e-01,1.7279710699730058826e-02
1.8648648648648646908e-01,1.7676846836565968807e-02
1.8878878878878876946e-01,1.8077641460086380648e-02
1.9109109109109106983e-01,1.8482068860214164591e-02
1.9339339339339337021e-01,1.8890103471998997281e-02
1.9569569569569567058e-01,1.9301719800013775880e-02
1.9799799799799797095e-01,1.9716892709558692803e-02
2.0030030030030027133e-01,2.0135596936910367394e-02
2.0260260260260259946e-01,2.0557807737586763358e-02
2.0490490490490489983e-01,2.0983500115575360462e-02
2.0720720720720720021e-01,2.1412649659324881762e-02
2.0950950950950950058e-01,2.1845231689489173765e-02
2.1181181181181180095e-01,2.2281222065104161478e-02
2.1411411411411410133e-01,2.2720596467880146974e-02
2.1641641641641640170e-01,2.3163330981907204187e-02
2.1871871871871870208e-01,2.3609401671713981657e-02
2.2102102102102100245e-01,2.4058784823614731696e-02
2.2332332332332330282e-01,2.4511456885140885109e-02
2.2562562562562560320e-01,2.4967394342342668495e-02
2.2792792792792790357e-01,2.5426574007292156859e-02
2.3023023023023020395e-01,2.5888972580685294667e-02
2.3253253253253250432e-01,2.6354567204622890431e-02
2.3483483483483480470e-01,2.6823334824451958852e-02
2.3713713713713710507e-01,2.7295252864387969938e-02
2.3943943943943940544e-01,2.7770298553552147380e-02
2.4174174174174173357e-01,2.8248449549165031286e-02
2.4404404404404403395e-01,2.8729683396665570833e-02
2.4634634634634633432e-01,2.9213977951996251275e-02
2.4864864864864863470e-01,2.9701311091161822220e-02
2.5095095095095093507e-01,3.0191660852575311069e-02
2.5325325325325320769e-01,3.0685005440219306760e-02
2.5555555555555553582e-01,3.1181323074624681807e-02
2.5785785785785786395e-01,3.1680592270413428235e-02
2.6016016016016013657e-01,3.2182791443831328115e-02
2.6246246246246246470e-01,3.2687899389958606500e-02
2.6476476476476473731e-01,3.3195894746451050372e-02
2.6706706706706706544e-01,3.3706756548225212666e-02
2.6936936936936933806e-01,3.4220463686251562097e-02
2.7167167167167166619e-01,3.4736995396241567013e-02
2.7397397397397393881e-01,3.5256330846584381378e-02
2.7627627627627626694e-01,3.5778449447721370758e-02
2.7857857857857853956e-01,3.6303330654675558531e-02
2.8088088088088086769e-01,3.6830954041096396201e-02
2.8318318318318314031e-01,3.7361299344408079037e-02
2.8548548548548546844e-01,3.7894346302807233040e-02
2.8778778778778774106e-01,3.8430074919938342348e-02
2.9009009009009006919e-01,3.8968465111226022191e-02
2.9239239239239234180e-01,3.9509497119786282648e-02
2.9469469469469466993e-01,4.0053151060716239706e-02
2.9699699699699699806e-01,4.0599407381887879509e-02
2.9929929929929927068e-01,4.1148246424457031456e-02
3.0160160160160159881e-01,4.1699648809873347821e-02
3.0390390390390387143e-01,4.2253595123358855812e-02
3.0620620620620619956e-01,4.2810066140054642281e-02
3.0850850850850847218e-01,4.3369042694981894959e-02
3.1081081081081080031e-01,4.3930505708899912631e-02
3.1311311311311307293e-01,4.4494436261391878684e-02
3.1541541541541540106e-01,4.5060815421472701081e-02
3.1771771771771767368e-01,4.5629624498231179108e-02
3.2002002002002000181e-01,4.6200844721059682041e-02
3.2232232232232227442e-01,4.6774457604669174293e-02
3.2462462462462460255e-01,4.7350444558724107125e-02
3.2692692692692687517e-01,4.7928787273790691981e-02
3.2922922922922920330e-01,4.8509467361652916506e-02
3.3153153153153147592e-01,4.9092466663642232716e-02
3.3383383383383380405e-01,4.9677767007213352590e-02
3.3613613613613613218e-01,5.0265350369353499482e-02
3.3843843843843840480e-01,5.0855198796569238417e-02
3.4074074074074073293e-01,5.1447294396189717502e-02
3.4304304304304300555e-01,5.2041619427949242782e-02
3.4534534534534533368e-01,5.2638156133041250073e-02
3.4764764764764760629e-01,5.3236886970310516587e-02
3.4994994994994993442e-01,5.3837794326401296197e-02
3.5225225225225220704e-01,5.4440860837713697662e-02
3.5455455455455453517e-01,5.5046069054285710898e-02
3.5685685685685680779e-01,5.5653401764717190525e-02
3.5915915915915913592e-01,5.6262841700588810123e-02
3.6146146146146140854e-01,5.6874371782542079701e-02
3.6376376376376373667e-01,5.7487974933852437065e-02
3.6606606606606600929e-01,5.8103634195642052396e-02
3.6836836836836833742e-01,5.8721332684491957254e-02
3.7067067067067066555e-01,5.9341053558736159279e-02
3.7297297297297293817e-01,5.9962780122136440097e-02
3.7527527527527526630e-01,6.0586495654600398819e-02
3.7757757757757753891e-01,6.1212183633918851311e-02
3.7987987987987986704e-01,6.1839827472779509976e-02
3.8218218218218213966e-01,6.2469410803477412597e-02
3.8448448448448446779e-01,6.3100917187621216597e-02
3.8678678678678674041e-01,6.3734330390386520482e-02
3.8908908908908906854e-01,6.4369634137234232885e-02
3.9139139139139134116e-01,6.5006812309963246665e-02
3.9369369369369366929e-01,6.5645848805524750769e-02
3.9599599599599594191e-01,6.6286727613655949121e-02
3.9829829829829827004e-01,6.6929432803190011536e-02
4.0060060060060054266e-01,6.7573948470240494113e-02
4.0290290290290287079e-01,6.8220258849262943590e-02
4.0520520520520519892e-01,6.8868348147649291469e-02
4.0750750750750747153e-01,6.9518200753119749336e-02
4.0980980980980979966e-01,7.0169800995107750596e-02
4.1211211211211207228e-01,7.0823133396842402609e-02
4.1441441441441440041e-01,7.1478182424331751510e-02
4.1671671671671667303e-01,7.2134932717965560833e-02
4.1901901901901900116e-01,7.2793368892607526743e-02
4.2132132132132127378e-01,7.3453475692815239917e-02
4.2362362362362360191e-01,7.4115237888018506429e-02
4.2592592592592587453e-01,7.4778640320531900021e-02
4.2822822822822820266e-01,7.5443667913789425050e-02
4.3053053053053047527e-01,7.6110305607550637896e-02
4.3283283283283280340e-01,7.6778538472924331981e-02
4.3513513513513507602e-01,7.7448351552416597188e-02
4.3743743743743740415e-01,7.8119730053180999607e-02
4.3973973973973967677e-01,7.8792659130802966683e-02
4.4204204204204200490e-01,7.9467124112384698864e-02
4.4434434434434433303e-01,8.0143110279668333673e-02
4.4664664664664660565e-01,8.0820603064254065151e-02
4.4894894894894893378e-01,8.1499587884047153263e-02
4.5125125125125120640e-01,8.2180050264787113390e-02
4.5355355355355353453e-01,8.2861975764704637326e-02
4.5585585585585580715e-01,8.3545349999047099909e-02
4.5815815815815813528e-01,8.4230158665082599523e-02
4.6046046046046040789e-01,8.4916387468250018045e-02
4.6276276276276273602e-01,8.5604022238536719991e-02
4.6506506506506500864e-01,8.6293048777158459783e-02
4.6736736736736733677e-01,8.6983453035868213421e-02
4.6966966966966960939e-01,8.7675220921554636311e-02
4.7197197197197193752e-01,8.8368338493234652176e-02
4.7427427427427421014e-01,8.9062791775117416959e-02
4.7657657657657653827e-01,8.9758566920518756405e-02
4.7887887887887881089e-01,9.0455650079037219768e-02
4.8118118118118113902e-01,9.1154027490074854279e-02
4.8348348348348346715e-01,9.1853685431547343887e-02
4.8578578578578573977e-01,9.2554610225751843267e-02
4.8808808808808806790e-01,9.3256788277082405814e-02
4.9039039039039034051e-01,9.3960205992195233726e-02
4.9269269269269266864e-01,9.4664849895709668459e-02
4.9499499499499494126e-01,9.5370706484413578230e-02
4.9729729729729726939e-01,9.6077762392824131443e-02
4.9959959959959954201e-01,9.6786004217265589333e-02
5.0190190190190187014e-01,9.7495418689185264771e-02
5.0420420420420419827e-01,9.8205992514677764582e-02
5.0650650650650641538e-01,9.8917712511290112332e-02
5.0880880880880874351e-01,9.9630565501334630851e-02
5.1111111111111107164e-01,1.0034453838201316811e-01
5.1341341341341339977e-01,1.0105961809378942451e-01
5.1571571571571572790e-01,1.0177579161148975206e-01
5.1801801801801794500e-01,1.0249304599146800976e-01
5.2032032032032027313e-01,1.0321136828824167830e-01
5.2262262262262260126e-01,1.0393074566790576341e-01
5.2492492492492492939e-01,1.0465116527053471007e-01
5.2722722722722714650e-01,1.0537261436222022937e-01
5.2952952952952947463e-01,1.0609508017745415687e-01
5.3183183183183180276e-01,1.0681855007084566089e-01
5.3413413413413413089e-01,1.0754301138015309736e-01
5.3643643643643634800e-01,1.0826845153950806488e-01
5.3873873873873867613e-01,1.0899485799503673411e-01
5.4104104104104100426e-01,1.0972221825540033613e-01
5.4334334334334333239e-01,1.1045051987621312684e-01
5.4564564564564554949e-01,1.1117975043956614123e-01
5.4794794794794787762e-01,1.1190989760798053521e-01
5.5025025025025020575e-01,1.1264094903949802007e-01
5.5255255255255253388e-01,1.1337289249752523224e-01
5.5485485485485486201e-01,1.1410571572192310108e-01
5.5715715715715707912e-01,1.1483940656781554956e-01
5.5945945945945940725e-01,1.1557395286514922372e-01
5.6176176176176173538e-01,1.1630934255070733696e-01
5.6406406406406406351e-01,1.1704556355205644746e-01
5.6636636636636628062e-01,1.1778260388022490646e-01
5.6866866866866860875e-01,1.1852045156437461537e-01
5.7097097097097093688e-01,1.1925909468597335750e-01
5.7327327327327326500e-01,1.1999852137623298609e-01
5.7557557557557548211e-01,1.2073871978670248917e-01
5.7787787787787781024e-01,1.2147967814781822360e-01
5.8018018018018013837e-01,1.2222138468405928380e-01
5.8248248248248246650e-01,1.2296382771921249288e-01
5.8478478478478468361e-01,1.2370699555647612922e-01
5.8708708708708701174e-01,1.2445087660440784516e-01
5.8938938938938933987e-01,1.2519545925254624286e-01
5.9169169169169166800e-01,1.2594073198549038395e-01
5.9399399399399399613e-01,1.2668668328544160917e-01
5.9629629629629621324e-01,1.2743330170699024295e-01
5.9859859859859854136e-01,1.2818057582803776828e-01
6.0090090090090086949e-01,1.2892849427034225318e-01
6.0320320320320319762e-01,1.2967704570741173109e-01
6.0550550550550541473e-01,1.3042621882839405822e-01
6.0780780780780774286e-01,1.3117600239939833373e-01
6.1011011011011007099e-01,1.3192638518003346748e-01
6.1241241241241239912e-01,1.3267735602329577826e-01
6.1471471471471461623e-01,1.3342890376488800164e-01
6.1701701701701694436e-01,1.3418101733672682663e-01
6.1931931931931927249e-01,1.3493368565753652288e-01
6.2162162162162160062e-01,1.3568689773064729343e-01
6.2392392392392381772e-01,1.3644064256302013138e-01
6.2622622622622614585e-01,1.3719490922449709136e-01
6.2852852852852847398e-01,1.3794968681253610976e-01
6.3083083083083080211e-01,1.3870496446149371828e-01
6.3313313313313313024e-01,1.3946073135879988314e-01
6.3543543543543534735e-01,1.4021697670401991886e-01
6.3773773773773767548e-01,1.4097368977142993307e-01
6.4004004004004000361e-01,1.4173085982900590629e-01
6.4234234234234233174e-01,1.4248847623232743786e-01
6.4464464464464454885e-01,1.4324652832318957030e-01
6.4694694694694687698e-01,1.4400500553115108682e-01
6.4924924924924920511e-01,1.4476389727801941554e-01
6.5155155155155153324e-01,1.4552319306092525997e-01
6.5385385385385375034e-01,1.4628288238591943826e-01
6.5615615615615607847e-01,1.4704295481377394061e-01
6.5845845845845840660e-01,1.4780339993637142681e-01
6.6076076076076073473e-01,1.4856420737677727972e-01
6.6306306306306295184e-01,1.4932536681182662086e-01
6.6536536536536527997e-01,1.5008686792794306841e-01
6.6766766766766760810e-01,1.5084870048373336116e-01
6.6996996996996993623e-01,1.5161085423229045399e-01
6.7227227227227226436e-01,1.5237331900866568635e-01
6.7457457457457448147e-01,1.5313608463775804647e-01
6.7687687687687680960e-01,1.5389914102442037169e-01
6.7917917917917913773e-01,1.5466247807078364884e-01
6.8148148148148146586e-01,1.5542608574607144623e-01
6.8378378378378368296e-01,1.5618995403301902392e-01
6.8608608608608601109e-01,1.5695407296209754056e-01
6.8838838838838833922e-01,1.5771843259766785139e-01
6.9069069069069066735e-01,1.5848302303062394847e-01
6.9299299299299288446e-01,1.5924783440577774951e-01
6.9529529529529521259e-01,1.6001285687576768946e-01
6.9759759759759754072e-01,1.6077808066263482578e-01
6.9989989989989986885e-01,1.6154349598408024313e-01
7.0220220220220219698e-01,1.6230909313425698204e-01
7.0450450450450441409e-01,1.6307486240077348483e-01
7.0680680680680674222e-01,1.6384079414397870189e-01
7.0910910910910907035e-01,1.6460687872608958937e-01
7.1141141141141139848e-01,1.6537310656913170592e-01
7.1371371371371361558e-01,1.6613946811258775704e-01
7.1601601601601594371e-01,1.6690595383772410809e-01
7.1831831831831827184e-01,1.6767255426183602651e-01
7.2062062062062059997e-01,1.6843925992501859734e-01
7.2292292292292281708e-01,1.6920606142096628055e-01
7.2522522522522514521e-01,1.6997294935010312522e-01
7.2752752752752747334e-01,1.7073991437929045278e-01
7.2982982982982980147e-01,1.7150694717254696964e-01
7.3213213213213201858e-01,1.7227403846501149198e-01
7.3443443443443434671e-01,1.7304117898877374726e-01
7.3673673673673667484e-01,1.7380835954201606652e-01
7.3903903903903900297e-01,1.7457557092885703232e-01
7.4134134134134133109e-01,1.7534280400675500422e-01
7.4364364364364354820e-01,1.7611004965390628096e-01
7.4594594594594587633e-01,1.7687729878519703464e-01
7.4824824824824820446e-01,1.7764454235308710373e-01
7.5055055055055053259e-01,1.7841177132986321685e-01
7.5285285285285274970e-01,1.7917897674069263592e-01
7.5515515515515507783e-01,1.7994614961692723121e-01
7.5745745745745740596e-01,1.8071328105325776270e-01
7.5975975975975973409e-01,1.8148036214327395443e-01
7.6206206206206195120e-01,1.8224738404656812274e-01
7.6436436436436427933e-01,1.8301433792303650749e-01
7.6666666666666660745e-01,1.8378121499258576188e-01
7.6896896896896893558e-01,1.8454800648467784008e-01
7.7127127127127115269e-01,1.8531470367641669772e-01
7.7357357357357348082e-01,1.8608129786834212704e-01
7.7587587587587580895e-01,1.8684778039336114031e-01
7.7817817817817813708e-01,1.8761414262294440203e-01
7.8048048048048046521e-01,1.8838037594602860536e-01
7.8278278278278268232e-01,1.8914647180332228027e-01
7.8508508508508501045e-01,1.8991242164152527527e-01
7.8738738738738733858e-01,1.9067821696745293480e-01
7.8968968968968966671e-01,1.9144384928864388584e-01
7.9199199199199188381e-01,1.9220931017373396599e-01
7.9429429429429421194e-01,1.9297459119478604928e-01
7.9659659659659654007e-01,1.9373968397832530552e-01
7.9889889889889886820e-01,1.9450458016361124591e-01
8.0120120120120108531e-01,1.9526927143254935171e-01
8.0350350350350341344e-01,1.9603374949267285410e-01
8.0580580580580574157e-01,1.9679800608026387643e-01
8.0810810810810806970e-01,1.9756203297071409097e-01
8.1041041041041039783e-01,1.9832582195509482204e-01
8.1271271271271261494e-01,1.9908936487486036948e-01
8.1501501501501494307e-01,1.9985265357762657668e-01
8.1731731731731727120e-01,2.0061567996783974399e-01
8.1961961961961959933e-01,2.0137843595255996987e-01
8.2192192192192181643e-01,2.0214091349526738806e-01
8.2422422422422414456e-01,2.0290310456569871089e-01
8.2652652652652647269e-01,2.0366500118298949684e-01
8.2882882882882880082e-01,2.0442659538166663147e-01
8.3113113113113101793e-01,2.0518787923448172927e-01
8.3343343343343334606e-01,2.0594884484146122605e-01
8.3573573573573567419e-01,2.0670948432830332786e-01
8.3803803803803800232e-01,2.0746978985993266842e-01
8.4034034034034021943e-01,2.0822975361560133734e-01
8.4264264264264254756e-01,2.0898936782331259399e-01
8.4494494494494487569e-01,2.0974862471766506089e-01
8.4724724724724720382e-01,2.1050751658679214828e-01
8.4954954954954953195e-01,2.1126603572338231718e-01
8.5185185185185174905e-01,2.1202417447213775525e-01
8.5415415415415407718e-01,2.1278192518661753763e-01
8.5645645645645640531e-01,2.1353928026522089878e-01
8.5875875875875873344e-01,2.1429623212400622512e-01
8.6106106106106095055e-01,2.1505277321342078367e-01
8.6336336336336327868e-01,2.1580889601240385578e-01
8.6566566566566560681e-01,2.1656459302302055736e-01
8.6796796796796793494e-01,2.1731985678631282610e-01
8.7027027027027015205e-01,2.1807467985666464938e-01
8.7257257257257248018e-01,2.1882905483536205238e-01
8.7487487487487480831e-01,2.1958297433085799399e-01
8.7717717717717713644e-01,2.2033643100183292196e-01
8.7947947947947935354e-01,2.2108941751332955583e-01
8.8178178178178168167e-01,2.2184192657823292860e-01
8.8408408408408400980e-01,2.2259395092053033127e-01
8.8638638638638633793e-01,2.2334548330491352242e-01
8.8868868868868866606e-01,2.2409651651557110918e-01
8.9099099099099088317e-01,2.2484704336773111977e-01
8.9329329329329321130e-01,2.2559705670593319105e-01
8.9559559559559553943e-01,2.2634654939574788690e-01
8.9789789789789786756e-01,2.2709551434118713242e-01
9.0020020020020008467e-01,2.2784394445897396264e-01
9.0250250250250241280e-01,2.2859183271075764199e-01
9.0480480480480474093e-01,2.2933917206612042250e-01
9.0710710710710706906e-01,2.3008595554164487651e-01
9.0940940940940928616e-01,2.3083217616204743106e-01
9.1171171171171161429e-01,2.3157782699601606180e-01
9.1401401401401394242e-01,2.3232290112532236193e-01
9.1631631631631627055e-01,2.3306739166874365643e-01
9.1861861861861848766e-01,2.3381129176601014863e-01
9.2092092092092081579e-01,2.3455459458498695291e-01
9.2322322322322314392e-01,2.3529729332328769287e-01
9.2552552552552547205e-01,2.3603938119781667226e-01
9.2782782782782780018e-01,2.3678085146308752718e-01
9.3013013013013001729e-01,2.3752169738588024828e-01
9.3243243243243234541e-01,2.3826191227578275011e-01
9.3473473473473467354e-01,2.3900148945108390386e-01
9.3703703703703700167e-01,2.3974042227390965354e-01
9.3933933933933921878e-01,2.4047870411611585451e-01
9.4164164164164154691e-01,2.4121632838992798642e-01
9.4394394394394387504e-01,2.4195328852233360939e-01
9.4624624624624620317e-01,2.4268957797401755072e-01
9.4854854854854842028e-01,2.4342519022773989601e-01
9.5085085085085074841e-01,2.4416011879190752110e-01
9.5315315315315307654e-01,2.4489435720482996550e-01
9.5545545545545540467e-01,2.4562789902274173581e-01
9.5775775775775762177e-01,2.4636073783847459162e-01
9.6006006006005994990e-01,2.4709286725695972509e-01
9.6236236236236227803e-01,2.4782428092377101203e-01
9.6466466466466460616e-01,2.4855497249405675286e-01
9.6696696696696693429e-01,2.4928493566376910828e-01
9.6926926926926915140e-01,2.5001416414006066846e-01
9.7157157157157147953e-01,2.5074265166714571063e-01
9.7387387387387380766e-01,2.5147039200539050841e-01
9.7617617617617613579e-01,2.5219737894591326421e-01
9.7847847847847835290e-01,2.5292360630268378996e-01
9.8078078078078068103e-01,2.5364906791316499390e-01
9.8308308308308300916e-01,2.5437375764455993910e-01
9.8538538538538533729e-01,2.5509766938085720600e-01
9.8768768768768755439e-01,2.5582079704141819088e-01
9.8998998998998988252e-01,2.5654313455762323137e-01
9.9229229229229221065e-01,2.5726467589926921287e-01
9.9459459459459453878e-01,2.5798541504656291590e-01
9.9689689689689686691e-01,2.5870534601760070137e-01
9.9919919919919908402e-01,2.5942446284296605263e-01
1.0015015015015014122e+00,2.6014275958727206550e-01
1.0038038038038037403e+00,2.6086023033241467761e-01
1.0061061061061060684e+00,2.6157686918844291757e-01
1.0084084084084083965e+00,2.6229267028877784051e-01
1.0107107107107107247e+00,2.6300762778852687651e-01
1.0130130130130128308e+00,2.6372173587218084023e-01
1.0153153153153151589e+00,2.6443498874017884459e-01
1.0176176176176174870e+00,2.6514738062700554666e-01
1.0199199199199198151e+00,2.6585890577928245060e-01
1.0222222222222221433e+00,2.6656955847983404562e-01
1.0245245245245244714e+00,2.6727933302275730387e-01
1.0268268268268267995e+00,2.6798822373728675705e-01
1.0291291291291291277e+00,2.6869622496627065811e-01
1.0314314314314314558e+00,2.6940333108383207605e-01
1.0337337337337335619e+00,2.7010953648224267365e-01
1.0360360360360358900e+00,2.7081483557963176301e-01
1.0383383383383382181e+00,2.7151922281773449575e-01
1.0406406406406405463e+00,2.7222269265841914088e-01
1.0429429429429428744e+00,2.7292523959234010755e-01
1.0452452452452452025e+00,2.7362685812540638031e-01
1.0475475475475475307e+00,2.7432754279611043513e-01
1.0498498498498498588e+00,2.7502728815522253791e-01
1.0521521521521519649e+00,2.7572608878750731742e-01
1.0544544544544542930e+00,2.7642393928977820883e-01
1.0567567567567566211e+00,2.7712083429138661961e-01
1.0590590590590589493e+00,2.7781676843623603901e-01
1.0613613613613612774e+00,2.7851173639700910201e-01
1.0636636636636636055e+00,2.7920573286518035605e-01
1.0659659659659659336e+00,2.7989875255607998827e-01
1.0682682682682682618e+00,2.8059079020868066268e-01
1.0705705705705705899e+00,2.8128184058081390218e-01
1.0728728728728726960e+00,2.8197189845836911903e-01
1.0751751751751750241e+00,2.8266095864202683829e-01
1.0774774774774773523e+00,2.8334901596354683528e-01
1.0797797797797796804e+00,2.8403606526724489711e-01
1.0820820820820820085e+00,2.8472210142929527121e-01
1.0843843843843843366e+00,2.8540711933867873862e-01
1.0866866866866866648e+00,2.8609111391450753326e-01
1.0889889889889889929e+00,2.8677408009123067645e-01
1.0912912912912910990e+00,2.8745601282984262204e-01
1.0935935935935934271e+00,2.8813690711055472971e-01
1.0958958958958957552e+00,2.8881675793569172583e-01
1.0981981981981980834e+00,2.8949556033104140162e-01
1.1005005005005004115e+00,2.9017330934017432353e-01
1.1028028028028027396e+00,2.9085000003382893707e-01
1.1051051051051050678e+00,2.9152562749716437462e-01
1.1074074074074073959e+00,2.9220018684484294624e-01
1.1097097097097097240e+00,2.9287367320433066453e-01
1.1120120120120118301e+00,2.9354608173286439454e-01
1.1143143143143141582e+00,2.9421740760111064761e-01
1.1166166166166164864e+00,2.9488764600762362722e-01
1.1189189189189188145e+00,2.9555679216688729438e-01
1.1212212212212211426e+00,2.9622484131792187201e-01
1.1235235235235234708e+00,2.9689178871919447156e-01
1.1258258258258257989e+00,2.9755762964977894303e-01
1.1281281281281281270e+00,2.9822235941187635877e-01
1.1304304304304302331e+00,2.9888597332460486999e-01
1.1327327327327325612e+00,2.9954846673327290008e-01
1.1350350350350348894e+00,3.0020983499739828382e-01
1.1373373373373372175e+00,3.0087007350442807052e-01
1.1396396396396395456e+00,3.0152917765494408053e-01
1.1419419419419418738e+00,3.0218714287732345580e-01
1.1442442442442442019e+00,3.0284396461396778655e-01
1.1465465465465465300e+00,3.0349963833313298167e-01
1.1488488488488488581e+00,3.0415415951947799567e-01
1.1511511511511509642e+00,3.0480752368044022882e-01
1.1534534534534532924e+00,3.0545972634297519077e-01
1.1557557557557556205e+00,3.0611076305337109327e-01
1.1580580580580579486e+00,3.0676062938056269935e-01
1.1603603603603602767e+00,3.0740932090970424229e-01
1.1626626626626626049e+00,3.0805683325107136028e-01
1.1649649649649649330e+00,3.0870316202901132430e-01
1.1672672672672672611e+00,3.0934830289421311189e-01
1.1695695695695693672e+00,3.0999225151079096152e-01
1.1718718718718716953e+00,3.1063500356876105890e-01
1.1741741741741740235e+00,3.1127655477259902339e-01
1.1764764764764763516e+00,3.1191690085075518546e-01
1.1787787787787786797e+00,3.1255603754835770136e-01
1.1810810810810810079e+00,3.1319396063173321476e-01
1.1833833833833833360e+00,3.1383066588662050789e-01
1.1856856856856856641e+00,3.1446614911698722583e-01
1.1879879879879879923e+00,3.1510040614884032850e-01
1.1902902902902900983e+00,3.1573343282384425112e-01
1.1925925925925924265e+00,3.1636522500766178778e-01
1.1948948948948947546e+00,3.1699577857997141006e-01
1.1971971971971970827e+00,3.1762508944523853982e-01
1.1994994994994994109e+00,3.1825315352166061444e-01
1.2018018018018017390e+00,3.1887996675157209703e-01
1.2041041041041040671e+00,3.1950552509215135455e-01
1.2064064064064063952e+00,3.2012982452287563895e-01
1.2087087087087085013e+00,3.2075286104008227106e-01
1.2110110110110108295e+00,3.2137463065995813816e-01
1.2133133133133131576e+00,3.2199512941789670828e-01
1.2156156156156154857e+00,3.2261435336663291107e-01
1.2179179179179178139e+00,3.2323229858025703809e-01
1.2202202202202201420e+00,3.2384896114811734247e-01
1.2225225225225224701e+00,3.2446433718240724753e-01
1.2248248248248247982e+00,3.2507842280935556056e-01
1.2271271271271271264e+00,3.2569121417846597089e-01
1.2294294294294292325e+00,3.2630270745325140602e-01
1.2317317317317315606e+00,3.2691289881971596909e-01
1.2340340340340338887e+00,3.2752178447897267732e-01
1.2363363363363362168e+00,3.2812936065292019894e-01
1.2386386386386385450e+00,3.2873562358033808772e-01
1.2409409409409408731e+00,3.2934056951866241825e-01
1.2432432432432432012e+00,3.2994419474417280291e-01
1.2455455455455455294e+00,3.3054649554971221592e-01
1.2478478478478476354e+00,3.3114746824868612762e-01
1.2501501501501499636e+00,3.3174710916941363426e-01
1.2524524524524522917e+00,3.3234541466187117464e-01
1.2547547547547546198e+00,3.3294238109009410831e-01
1.2570570570570569480e+00,3.3353800483992923631e-01
1.2593593593593592761e+00,3.3413228231145380986e-01
1.2616616616616616042e+00,3.3472520992571636045e-01
1.2639639639639639324e+00,3.3531678411904564108e-01
1.2662662662662662605e+00,3.3590700134721329650e-01
1.2685685685685683666e+00,3.3649585808279586230e-01
1.2708708708708706947e+00,3.3708335081601731309e-01
1.2731731731731730228e+00,3.3766947605550745592e-01
1.2754754754754753510e+00,3.3825423032585538730e-01
1.2777777777777776791e+00,3.3883761017138408489e-01
1.2800800800800800072e+00,3.3941961215112043115e-01
1.2823823823823823354e+00,3.4000023284457736583e-01
1.2846846846846846635e+00,3.4057946884542122934e-01
1.2869869869869867696e+00,3.4115731676775262748e-01
1.2892892892892890977e+00,3.4173377324012138567e-01
1.2915915915915914258e+00,3.4230883491067792823e-01
1.2938938938938937540e+00,3.4288249844296003754e-01
1.2961961961961960821e+00,3.4345476051878337520e-01
1.2984984984984984102e+00,3.4402561783659707517e-01
1.3008008008008007383e+00,3.4459506711165299730e-01
1.3031031031031030665e+00,3.4516310507708231059e-01
1.3054054054054053946e+00,3.4572972848149158276e-01
1.3077077077077075007e+00,3.4629493409233613743e-01
1.3100100100100098288e+00,3.4685871869161860603e-01
1.3123123123123121569e+00,3.4742107908065378297e-01
1.3146146146146144851e+00,3.4798201207497442278e-01
1.3169169169169168132e+00,3.4854151450923148703e-01
1.3192192192192191413e+00,3.4909958323263112767e-01
1.3215215215215214695e+00,3.4965621511271660626e-01
1.3238238238238237976e+00,3.5021140703238773373e-01
1.3261261261261259037e+00,3.5076515589177809096e-01
1.3284284284284282318e+00,3.5131745860736535159e-01
1.3307307307307305599e+00,3.5186831211170155331e-01
1.3330330330330328881e+00,3.5241771335461086201e-01
1.3353353353353352162e+00,3.5296565930100276542e-01
1.3376376376376375443e+00,3.5351214693372262632e-01
1.3399399399399398725e+00,3.5405717325006524909e-01
1.3422422422422422006e+00,3.5460073526549745759e-01
1.3445445445445445287e+00,3.5514283000978630334e-01
1.3468468468468466348e+00,3.5568345453059901917e-01
1.3491491491491489629e+00,3.5622260589024273836e-01
1.3514514514514512911e+00,3.5676028116824676228e-01
1.3537537537537536192e+00,3.5729647745941889303e-01
1.3560560560560559473e+00,3.5783119187492473667e-01
1.3583583583583582755e+00,3.5836442154193098864e-01
1.3606606606606606036e+00,3.5889616360311110688e-01
1.3629629629629629317e+00,3.5942641521776719227e-01
1.3652652652652652598e+00,3.5995517356002809661e-01
1.3675675675675673659e+00,3.6048243582104633198e-01
1.3698698698698696941e+00,3.6100819920641119554e-01
1.3721721721721720222e+00,3.6153246093879359835e-01
1.3744744744744743503e+00,3.6205521825526243429e-01
1.3767767767767766784e+00,3.6257646840967022728e-01
1.3790790790790790066e+00,3.6309620867054220872e-01
1.3813813813813813347e+00,3.6361443632264173198e-01
1.3836836836836836628e+00,3.6413114866584533891e-01
1.3859859859859857689e+00,3.6464634301563958463e-01
1.3882882882882880970e+00,3.6516001670307790539e-01
1.3905905905905904252e+00,3.6567216707424748945e-01
1.3928928928928927533e+00,3.6618279149115279258e-01
1.3951951951951950814e+00,3.6669188733040658512e-01
1.3974974974974974096e+00,3.6719945198470549386e-01
1.3997997997997997377e+00,3.6770548286114296266e-01
1.4021021021021020658e+00,3.6820997738283239853e-01
1.4044044044044043940e+00,3.6871293298730700716e-01
1.4067067067067065000e+00,3.6921434712784767518e-01
1.4090090090090088282e+00,3.6971421727234732302e-01
1.4113113113113111563e+00,3.7021254090406208181e-01
1.4136136136136134844e+00,3.7070931552110891749e-01
1.4159159159159158126e+00,3.7120453863658103844e-01
1.4182182182182181407e+00,3.7169820777864237549e-01
1.4205205205205204688e+00,3.7219032049012218399e-01
1.4228228228228227970e+00,3.7268087432903140854e-01
1.4251251251251249030e+00,3.7316986686785380556e-01
1.4274274274274272312e+00,3.7365729569423999923e-01
1.4297297297297295593e+00,3.7414315841025080900e-01
1.4320320320320318874e+00,3.7462745263297964060e-01
1.4343343343343342156e+00,3.7511017599397028510e-01
1.4366366366366365437e+00,3.7559132613959489433e-01
1.4389389389389388718e+00,3.7607090073075272185e-01
1.4412412412412411999e+00,3.7654889744296926590e-01
1.4435435435435435281e+00,3.7702531396634109129e-01
1.4458458458458456342e+00,3.7750014800544767768e-01
1.4481481481481479623e+00,3.7797339727941275944e-01
1.4504504504504502904e+00,3.7844505952177975860e-01
1.4527527527527526185e+00,3.7891513248053210194e-01
1.4550550550550549467e+00,3.7938361391807973177e-01
1.4573573573573572748e+00,3.7985050161111133527e-01
1.4596596596596596029e+00,3.8031579335076953763e-01
1.4619619619619619311e+00,3.8077948694231367188e-01
1.4642642642642640372e+00,3.8124158020545168002e-01
1.4665665665665663653e+00,3.8170207097390274065e-01
1.4688688688688686934e+00,3.8216095709575470529e-01
1.4711711711711710215e+00,3.8261823643309217369e-01
1.4734734734734733497e+00,3.8307390686219572329e-01
1.4757757757757756778e+00,3.8352796627341889657e-01
1.4780780780780780059e+00,3.8398041257106019231e-01
1.4803803803803803341e+00,3.8443124367363229466e-01
1.4826826826826826622e+00,3.8488045751330307587e-01
1.4849849849849847683e+00,3.8532805203660452920e-01
1.4872872872872870964e+00,3.8577402520346643078e-01
1.4895895895895894245e+00,3.8621837498826150359e-01
1.4918918918918917527e+00,3.8666109937861864454e-01
1.4941941941941940808e+00,3.8710219637653975333e-01
1.4964964964964964089e+00,3.8754166399730893833e-01
1.4987987987987987371e+00,3.8797950027034783238e-01
1.5011011011011010652e+00,3.8841570323854296420e-01
1.5034034034034031713e+00,3.8885027095854757251e-01
1.5057057057057054994e+00,3.8928320150077466710e-01
1.5080080080080078275e+00,3.8971449294895632587e-01
1.5103103103103101557e+00,3.9014414340091746469e-01
1.5126126126126124838e+00,3.9057215096736563886e-01
1.5149149149149148119e+00,3.9099851377337302427e-01
1.5172172172172171400e+00,3.9142322995658013207e-01
1.5195195195195194682e+00,3.9184629766908446458e-01
1.5218218218218217963e+00,3.9226771507547103512e-01
1.5241241241241239024e+00,3.9268748035461248369e-01
1.5264264264264262305e+00,3.9310559169804970558e-01
1.5287287287287285587e+00,3.9352204731120538073e-01
1.5310310310310308868e+00,3.9393684541255735709e-01
1.5333333333333332149e+00,3.9434998423389650002e-01
1.5356356356356355430e+00,3.9476146202057182943e-01
1.5379379379379378712e+00,3.9517127703061849520e-01
1.5402402402402401993e+00,3.9557942753613228870e-01
1.5425425425425423054e+00,3.9598591182133824340e-01
1.5448448448448446335e+00,3.9639072818487935956e-01
1.5471471471471469616e+00,3.9679387493719375790e-01
1.5494494494494492898e+00,3.9719535040318748598e-01
1.5517517517517516179e+00,3.9759515291957198135e-01
1.5540540540540539460e+00,3.9799328083721402516e-01
1.5563563563563562742e+00,3.9838973251913156748e-01
1.5586586586586586023e+00,3.9878450634190015789e-01
1.5609609609609609304e+00,3.9917760069482532970e-01
1.5632632632632630365e+00,3.9956901398000432835e-01
1.5655655655655653646e+00,3.9995874461294333990e-01
1.5678678678678676928e+00,4.0034679102115239280e-01
1.5701701701701700209e+00,4.0073315164617190343e-01
1.5724724724724723490e+00,4.0111782494090492124e-01
1.5747747747747746772e+00,4.0150080937267101922e-01
1.5770770770770770053e+00,4.0188210341984270668e-01
1.5793793793793793334e+00,4.0226170557518975412e-01
1.5816816816816814395e+00,4.0263961434266754003e-01
1.5839839839839837676e+00,4.0301582824017495588e-01
1.5862862862862860958e+00,4.0339034579732041541e-01
1.5885885885885884239e+00,4.0376316555688168686e-01
1.5908908908908907520e+00,4.0413428607411577831e-01
1.5931931931931930801e+00,4.0450370591651430008e-01
1.5954954954954954083e+00,4.0487142366489253797e-01
1.5977977977977977364e+00,4.0523743791138594483e-01
1.6001001001001000645e+00,4.0560174726218051200e-01
1.6024024024024021706e+00,4.0596435033409355997e-01
1.6047047047047044988e+00,4.0632524575838802061e-01
1.6070070070070068269e+00,4.0668443217670896539e-01
1.6093093093093091550e+00,4.0704190824502928248e-01
1.6116116116116114831e+00,4.0739767262998538566e-01
1.6139139139139138113e+00,4.0775172401192766314e-01
1.6162162162162161394e+00,4.0810406108258079350e-01
1.6185185185185184675e+00,4.0845468254643113593e-01
1.6208208208208207957e+00,4.0880358712029629675e-01
1.6231231231231229017e+00,4.0915077353265905113e-01
1.6254254254254252299e+00,4.0949624052532956897e-01
1.6277277277277275580e+00,4.0983998685076306057e-01
1.6300300300300298861e+00,4.1018201127554493324e-01
1.6323323323323322143e+00,4.1052231257620380722e-01
1.6346346346346345424e+00,4.1086088954376570603e-01
1.6369369369369368705e+00,4.1119774097904487897e-01
1.6392392392392391987e+00,4.1153286569710639808e-01
1.6415415415415413047e+00,4.1186626252325259090e-01
1.6438438438438436329e+00,4.1219793029623708058e-01
1.6461461461461459610e+00,4.1252786786594708435e-01
1.6484484484484482891e+00,4.1285607409457852901e-01
1.6507507507507506173e+00,4.1318254785658337092e-01
1.6530530530530529454e+00,4.1350728803747371920e-01
1.6553553553553552735e+00,4.1383029353612427181e-01
1.6576576576576576016e+00,4.1415156326136809417e-01
1.6599599599599599298e+00,4.1447109613622973301e-01
1.6622622622622620359e+00,4.1478889109300753901e-01
1.6645645645645643640e+00,4.1510494707847650497e-01
1.6668668668668666921e+00,4.1541926304865001152e-01
1.6691691691691690203e+00,4.1573183797360768743e-01
1.6714714714714713484e+00,4.1604267083329149468e-01
1.6737737737737736765e+00,4.1635176062073414593e-01
1.6760760760760760046e+00,4.1665910633990804746e-01
1.6783783783783783328e+00,4.1696470700657473074e-01
1.6806806806806804389e+00,4.1726856164871151122e-01
1.6829829829829827670e+00,4.1757066930471975486e-01
1.6852852852852850951e+00,4.1787102902641970470e-01
1.6875875875875874232e+00,4.1816963987490918253e-01
1.6898898898898897514e+00,4.1846650092554177336e-01
1.6921921921921920795e+00,4.1876161126232330778e-01
1.6944944944944944076e+00,4.1905496998370106443e-01
1.6967967967967967358e+00,4.1934657619688975316e-01
1.6990990990990990639e+00,4.1963642902297065840e-01
1.7014014014014011700e+00,4.1992452759260323614e-01
1.7037037037037034981e+00,4.2021087104916271526e-01
1.7060060060060058262e+00,4.2049545854686015689e-01
1.7083083083083081544e+00,4.2077828925116583791e-01
1.7106106106106104825e+00,4.2105936233980623129e-01
1.7129129129129128106e+00,4.2133867700029964398e-01
1.7152152152152151388e+00,4.2161623243369866776e-01
1.7175175175175174669e+00,4.2189202784968343751e-01
1.7198198198198195730e+00,4.2216606247228294357e-01
1.7221221221221219011e+00,4.2243833553361875843e-01
1.7244244244244242292e+00,4.2270884628021720975e-01
1.7267267267267265574e+00,4.2297759396698553225e-01
1.7290290290290288855e+00,4.2324457786248181890e-01
1.7313313313313312136e+00,4.2350979724465093179e-01
1.7336336336336335417e+00,4.2377325140375882162e-01
1.7359359359359358699e+00,4.2403493964089261636e-01
1.7382382382382381980e+00,4.2429486126785886935e-01
1.7405405405405403041e+00,4.2455301560883396128e-01
1.7428428428428426322e+00,4.2480940199715838679e-01
1.7451451451451449604e+00,4.2506401977986102425e-01
1.7474474474474472885e+00,4.2531686831197468290e-01
1.7497497497497496166e+00,4.2556794696296323943e-01
1.7520520520520519447e+00,4.2581725510987555872e-01
1.7543543543543542729e+00,4.2606479214407427802e-01
1.7566566566566566010e+00,4.2631055746497920067e-01
1.7589589589589587071e+00,4.2655455048536816687e-01
1.7612612612612610352e+00,4.2679677062726767423e-01
1.7635635635635633633e+00,4.2703721732454880122e-01
1.7658658658658656915e+00,4.2727589002191546097e-01
1.7681681681681680196e+00,4.2751278817418131295e-01
1.7704704704704703477e+00,4.2774791124862771019e-01
1.7727727727727726759e+00,4.2798125872103881528e-01
1.7750750750750750040e+00,4.2821283008099347844e-01
1.7773773773773773321e+00,4.2844262482546074944e-01
1.7796796796796794382e+00,4.2867064246585784293e-01
1.7819819819819817663e+00,4.2889688252072405428e-01
1.7842842842842840945e+00,4.2912134452275119134e-01
1.7865865865865864226e+00,4.2934402801242654846e-01
1.7888888888888887507e+00,4.2956493254324690234e-01
1.7911911911911910789e+00,4.2978405767788219194e-01
1.7934934934934934070e+00,4.3000140299033962066e-01
1.7957957957957957351e+00,4.3021696806552972570e-01
1.7980980980980978412e+00,4.3043075249785894831e-01
1.8004004004004001693e+00,4.3064275589435191405e-01
1.8027027027027024975e+00,4.3085297786989512625e-01
1.8050050050050048256e+00,4.3106141805330827621e-01
1.8073073073073071537e+00,4.3126807608023703944e-01
1.8096096096096094819e+00,4.3147295160079351950e-01
1.8119119119119118100e+00,4.3167604427182226789e-01
1.8142142142142141381e+00,4.3187735376414487787e-01
1.8165165165165164662e+00,4.3207687975619823995e-01
1.8188188188188185723e+00,4.3227462193906307508e-01
1.8211211211211209005e+00,4.3247058001299670815e-01
1.8234234234234232286e+00,4.3266475368907542087e-01
1.8257257257257255567e+00,4.3285714268941705152e-01
1.8280280280280278848e+00,4.3304774674502610754e-01
1.8303303303303302130e+00,4.3323656559972384406e-01
1.8326326326326325411e+00,4.3342359900457910760e-01
1.8349349349349348692e+00,4.3360884672475458190e-01
1.8372372372372369753e+00,4.3379230853173111893e-01
1.8395395395395393034e+00,4.3397398421146565761e-01
1.8418418418418416316e+00,4.3415387355633605626e-01
1.8441441441441439597e+00,4.3433197637250292589e-01
1.8464464464464462878e+00,4.3450829247364353147e-01
1.8487487487487486160e+00,4.3468282168568939117e-01
1.8510510510510509441e+00,4.3485556384382845208e-01
1.8533533533533532722e+00,4.3502651879352133291e-01
1.8556556556556556004e+00,4.3519568639145794764e-01
1.8579579579579577064e+00,4.3536306650258849160e-01
1.8602602602602600346e+00,4.3552865900488846318e-01
1.8625625625625623627e+00,4.3569246378297182831e-01
1.8648648648648646908e+00,4.3585448073566768201e-01
1.8671671671671670190e+00,4.3601470976764800103e-01
1.8694694694694693471e+00,4.3617315079798540944e-01
1.8717717717717716752e+00,4.3632980375190599798e-01
1.8740740740740740033e+00,4.3648466856811640735e-01
1.8763763763763761094e+00,4.3663774519277370745e-01
1.8786786786786784376e+00,4.3678903358379889132e-01
1.8809809809809807657e+00,4.3693853370845558981e-01
1.8832832832832830938e+00,4.3708624554367120352e-01
1.8855855855855854220e+00,4.3723216907778011953e-01
1.8878878878878877501e+00,4.3737630430672613802e-01
1.8901901901901900782e+00,4.3751865123965844040e-01
1.8924924924924924063e+00,4.3765920989177264921e-01
1.8947947947947947345e+00,4.3779798029255523328e-01
1.8970970970970968406e+00,4.3793496247691049428e-01
1.8993993993993991687e+00,4.3807015649401898072e-01
1.9017017017017014968e+00,4.3820356239901336881e-01
1.9040040040040038249e+00,4.3833518026017126434e-01
1.9063063063063061531e+00,4.3846501015322264516e-01
1.9086086086086084812e+00,4.3859305216515537262e-01
1.9109109109109108093e+00,4.3871930639245104722e-01
1.9132132132132131375e+00,4.3884377294064297326e-01
1.9155155155155152435e+00,4.3896645192689620618e-01
1.9178178178178175717e+00,4.3908734347535283149e-01
1.9201201201201198998e+00,4.3920644772356470797e-01
1.9224224224224222279e+00,4.3932376481457957595e-01
1.9247247247247245561e+00,4.3943929490581068453e-01
1.9270270270270268842e+00,4.3955303815973068016e-01
1.9293293293293292123e+00,4.3966499475294218424e-01
1.9316316316316315405e+00,4.3977516486787515682e-01
1.9339339339339338686e+00,4.3988354869974671812e-01
1.9362362362362359747e+00,4.3999014645129980172e-01
1.9385385385385383028e+00,4.4009495833601514070e-01
1.9408408408408406309e+00,4.4019798457707742800e-01
1.9431431431431429591e+00,4.4029922540611160509e-01
1.9454454454454452872e+00,4.4039868106664109559e-01
1.9477477477477476153e+00,4.4049635180855417627e-01
1.9500500500500499435e+00,4.4059223789537083071e-01
1.9523523523523522716e+00,4.4068633959560560287e-01
1.9546546546546545997e+00,4.4077865719220166163e-01
1.9569569569569567058e+00,4.4086919097287208258e-01
1.9592592592592590339e+00,4.4095794123929227259e-01
1.9615615615615613621e+00,4.4104490829891307424e-01
1.9638638638638636902e+00,4.4113009247158740944e-01
1.9661661661661660183e+00,4.4121349408482951615e-01
1.9684684684684683464e+00,4.4129511347634176044e-01
1.9707707707707706746e+00,4.4137495099377749286e-01
1.9730730730730730027e+00,4.4145300699259854005e-01
1.9753753753753751088e+00,4.4152928184043077620e-01
1.9776776776776774369e+00,4.4160377591065247405e-01
1.9799799799799797650e+00,4.4167648959044925050e-01
1.9822822822822820932e+00,4.4174742327152405341e-01
1.9845845845845844213e+00,4.4181657735997975633e-01
1.9868868868868867494e+00,4.4188395226643922831e-01
1.9891891891891890776e+00,4.4194954841520223132e-01
1.9914914914914914057e+00,4.4201336623632114797e-01
1.9937937937937937338e+00,4.4207540617175988817e-01
1.9960960960960958399e+00,4.4213566867128795135e-01
1.9983983983983981680e+00,4.4219415419424451530e-01
2.0007007007007007182e+00,4.4225086321015932844e-01
2.0030030030030028243e+00,4.4230579619570825622e-01
2.0053053053053049304e+00,4.4235895363997240759e-01
2.0076076076076074806e+00,4.4241033603718155076e-01
2.0099099099099095866e+00,4.4245994389550524772e-01
2.0122122122122121368e+00,4.4250777772720190084e-01
2.0145145145145142429e+00,4.4255383805884618287e-01
2.0168168168168167931e+00,4.4259812542134879809e-01
2.0191191191191188992e+00,4.4264064035897571214e-01
2.0214214214214214493e+00,4.4268138342178764422e-01
2.0237237237237235554e+00,4.4272035517124652682e-01
2.0260260260260256615e+00,4.4275755617682166498e-01
2.0283283283283282117e+00,4.4279298701692865192e-01
2.0306306306306303178e+00,4.4282664828045126271e-01
2.0329329329329328679e+00,4.4285854056277362822e-01
2.0352352352352349740e+00,4.4288866447194169540e-01
2.0375375375375375242e+00,4.4291702062058568856e-01
2.0398398398398396303e+00,4.4294360963540002629e-01
2.0421421421421421805e+00,4.4296843214680120537e-01
2.0444444444444442865e+00,4.4299148879941108170e-01
2.0467467467467463926e+00,4.4301278024207496609e-01
2.0490490490490489428e+00,4.4303230713664543128e-01
2.0513513513513510489e+00,4.4305007015087549682e-01
2.0536536536536535991e+00,4.4306606996339314986e-01
2.0559559559559557052e+00,4.4308030726108632580e-01
2.0582582582582582553e+00,4.4309278273916413715e-01
2.0605605605605603614e+00,4.4310349710361607301e-01
2.0628628628628629116e+00,4.4311245106630248181e-01
2.0651651651651650177e+00,4.4311964535201520121e-01
2.0674674674674671238e+00,4.4312508068960665408e-01
2.0697697697697696739e+00,4.4312875782210486841e-01
2.0720720720720717800e+00,4.4313067749595741462e-01
2.0743743743743743302e+00,4.4313084047167555779e-01
2.0766766766766764363e+00,4.4312924751395227352e-01
2.0789789789789789864e+00,4.4312589940011265499e-01
2.0812812812812810925e+00,4.4312079691355060751e-01
2.0835835835835831986e+00,4.4311394084798860771e-01
2.0858858858858857488e+00,4.4310533200570850765e-01
2.0881881881881878549e+00,4.4309497119667384801e-01
2.0904904904904904051e+00,4.4308285924195572880e-01
2.0927927927927925111e+00,4.4306899696786938847e-01
2.0950950950950950613e+00,4.4305338521390286166e-01
2.0973973973973971674e+00,4.4303602482310877608e-01
2.0996996996996997176e+00,4.4301691665275394483e-01
2.1020020020020018237e+00,4.4299606156326509776e-01
2.1043043043043039297e+00,4.4297346042889290674e-01
2.1066066066066064799e+00,4.4294911412806436957e-01
2.1089089089089085860e+00,4.4292302355135954040e-01
2.1112112112112111362e+00,4.4289518959560675304e-01
2.1135135135135132423e+00,4.4286561316733080718e-01
2.1158158158158157924e+00,4.4283429518189282303e-01
2.1181181181181178985e+00,4.4280123656165204515e-01
2.1204204204204204487e+00,4.4276643824035782915e-01
2.1227227227227225548e+00,4.4272990115637272934e-01
2.1250250250250246609e+00,4.4269162626141145278e-01
2.1273273273273272110e+00,4.4265161451029033657e-01
2.1296296296296293171e+00,4.4260986687200315481e-01
2.1319319319319318673e+00,4.4256638431849965043e-01
2.1342342342342339734e+00,4.4252116783525036192e-01
2.1365365365365365236e+00,4.4247421841194978231e-01
2.1388388388388386296e+00,4.4242553704993259345e-01
2.1411411411411411798e+00,4.4237512475700524472e-01
2.1434434434434432859e+00,4.4232298255002977516e-01
2.1457457457457453920e+00,4.4226911145501446310e-01
2.1480480480480479422e+00,4.4221351250429374868e-01
2.1503503503503500482e+00,4.4215618674188583714e-01
2.1526526526526525984e+00,4.4209713521582577611e-01
2.1549549549549547045e+00,4.4203635898766679979e-01
2.1572572572572572547e+00,4.4197385912166053945e-01
2.1595595595595593608e+00,4.4190963669616406539e-01
2.1618618618618614668e+00,4.4184369279235563566e-01
2.1641641641641640170e+00,4.4177602850459801731e-01
2.1664664664664661231e+00,4.4170664493158751096e-01
2.1687687687687686733e+00,4.4163554318312475688e-01
2.1710710710710707794e+00,4.4156272437575311285e-01
2.1733733733733733295e+00,4.4148818963442476582e-01
2.1756756756756754356e+00,4.4141194009357676009e-01
2.1779779779779779858e+00,4.4133397689331294034e-01
2.1802802802802800919e+00,4.4125430118572378513e-01
2.1825825825825821980e+00,4.4117291412635517567e-01
2.1848848848848847481e+00,4.4108981688442022717e-01
2.1871871871871868542e+00,4.4100501063148861425e-01
2.1894894894894894044e+00,4.4091849655312564948e-01
2.1917917917917915105e+00,4.4083027583765110879e-01
2.1940940940940940607e+00,4.4074034968620112718e-01
2.1963963963963961668e+00,4.4064871930441229519e-01
2.1986986986986987169e+00,4.4055538590846882174e-01
2.2010010010010008230e+00,4.4046035072161265900e-01
2.2033033033033029291e+00,4.4036361497484288741e-01
2.2056056056056054793e+00,4.4026517990900693178e-01
2.2079079079079075854e+00,4.4016504676997675327e-01
2.2102102102102101355e+00,4.4006321681591492601e-01
2.2125125125125122416e+00,4.3995969130791706680e-01
2.2148148148148147918e+00,4.3985447152086282196e-01
2.2171171171171168979e+00,4.3974755873170384701e-01
2.2194194194194194480e+00,4.3963895423122589801e-01
2.2217217217217215541e+00,4.3952865931295903579e-01
2.2240240240240236602e+00,4.3941667528277927879e-01
2.2263263263263262104e+00,4.3930300345125433692e-01
2.2286286286286283165e+00,4.3918764513899083424e-01
2.2309309309309308667e+00,4.3907060167404921014e-01
2.2332332332332329727e+00,4.3895187439123717343e-01
2.2355355355355355229e+00,4.3883146463513633684e-01
2.2378378378378376290e+00,4.3870937375552598869e-01
2.2401401401401397351e+00,4.3858560311644556595e-01
2.2424424424424422853e+00,4.3846015408246519218e-01
2.2447447447447443913e+00,4.3833302802496015849e-01
2.2470470470470469415e+00,4.3820422632030348042e-01
2.2493493493493490476e+00,4.3807375038413776114e-01
2.2516516516516515978e+00,4.3794160163470446934e-01
2.2539539539539537039e+00,4.3780778141461373920e-01
2.2562562562562562540e+00,4.3767229103727278705e-01
2.2585585585585583601e+00,4.3753513210128708311e-01
2.2608608608608604662e+00,4.3739630643936305843e-01
2.2631631631631630164e+00,4.3725581509171790318e-01
2.2654654654654651225e+00,4.3711365800103574308e-01
2.2677677677677676726e+00,4.3696983718208715075e-01
2.2700700700700697787e+00,4.3682435941186631423e-01
2.2723723723723723289e+00,4.3667722695756289175e-01
2.2746746746746744350e+00,4.3652842339163550056e-01
2.2769769769769769852e+00,4.3637793915099054587e-01
2.2792792792792790912e+00,4.3622583255193020380e-01
2.2815815815815811973e+00,4.3607216630994122264e-01
2.2838838838838837475e+00,4.3591677533470402084e-01
2.2861861861861858536e+00,4.3575938939185715482e-01
2.2884884884884884038e+00,4.3560044666365144161e-01
2.2907907907907905098e+00,4.3544102804246792582e-01
2.2930930930930930600e+00,4.3528019853223265390e-01
2.2953953953953951661e+00,4.3511397082822822480e-01
2.2976976976976977163e+00,4.3494345064669953649e-01
2.2999999999999998224e+00,4.3478260869565205082e-01
