0.0000000000000000000e+00,-1.6295626520053604902e-02
2.3023023023023021089e-03,-4.2714804111421633613e-12
4.6046046046046042177e-03,-2.5146000672685318901e-13
6.9069069069069063266e-03,6.7108389295228954474e-13
9.2092092092092084354e-03,1.3946207716827583689e-12
1.1511511511511510544e-02,3.5422365689777762768e-12
1.3813813813813812653e-02,8.7578805467836844415e-12
1.6116116116116116497e-02,1.8443282975243513256e-11
1.8418418418418416871e-02,3.5418633080302905329e-11
2.0720720720720717245e-02,6.3233241478185254952e-11
2.3023023023023021089e-02,1.0626259829265044273e-10
2.5325325325325324932e-02,1.7052845721903436229e-10
2.7627627627627625306e-02,2.6226830133630039578e-10
2.9929929929929925680e-02,3.9054991099574991212e-10
3.2232232232232232993e-02,5.6403787325386008028e-10
3.4534534534534533368e-02,7.9512953337065728689e-10
3.6836836836836833742e-02,1.0956473291541027021e-09
3.9139139139139134116e-02,1.4814596191013887569e-09
4.1441441441441434490e-02,1.9683656174510353187e-09
4.3743743743743741803e-02,2.5758090311000232852e-09
4.6046046046046042177e-02,3.3243355847342134258e-09
4.8348348348348342551e-02,4.2371363252323469463e-09
5.0650650650650649864e-02,5.3401864917601255928e-09
5.2952952952952950239e-02,6.6607137254265507750e-09
5.5255255255255250613e-02,8.2306224755323099775e-09
5.7557557557557550987e-02,1.0081674338591736886e-08
5.9859859859859851361e-02,1.2251953366735043661e-08
6.2162162162162158674e-02,1.4778522520066949534e-08
6.4464464464464465987e-02,1.7705619853534706815e-08
6.6766766766766766361e-02,2.1076588286456793703e-08
6.9069069069069066735e-02,2.4941669771906722833e-08
7.1371371371371367109e-02,2.9351451849599930972e-08
7.3673673673673667484e-02,3.4362115144432379376e-08
7.5975975975975967858e-02,4.0032313530673547616e-08
7.8278278278278268232e-02,4.6424273036934650311e-08
8.0580580580580568606e-02,5.3605321724773299220e-08
8.2882882882882868980e-02,6.1644075599989594306e-08
8.5185185185185183232e-02,7.0616863582634493652e-08
8.7487487487487483606e-02,8.0599337665362999091e-08
8.9789789789789783980e-02,9.1676810269521019936e-08
9.2092092092092084354e-02,1.0393297825954225844e-07
9.4394394394394384729e-02,1.1746180093080945460e-07
9.6696696696696685103e-02,1.3235620755046276449e-07
9.8998998998998985477e-02,1.4871841798661050310e-07
1.0130130130130129973e-01,1.6665166759757148596e-07
1.0360360360360360010e-01,1.8626625269503049867e-07
1.0590590590590590048e-01,2.0767654160969340553e-07
1.0820820820820820085e-01,2.3100099392280234007e-07
1.1051051051051050123e-01,2.5636562052420815593e-07
1.1281281281281280160e-01,2.8389746948921750891e-07
1.1511511511511510197e-01,3.1373432906282705196e-07
1.1741741741741740235e-01,3.4601266152339677627e-07
1.1971971971971970272e-01,3.8088173494860516465e-07
1.2202202202202201697e-01,4.1848867819640608825e-07
1.2432432432432431735e-01,4.5899361038951887589e-07
1.2662662662662660384e-01,5.0255569284171978567e-07
1.2892892892892893197e-01,5.4934532616105248022e-07
1.3123123123123123235e-01,5.9953484676082280606e-07
1.3353353353353353272e-01,6.5330467493352768472e-07
1.3583583583583583310e-01,7.1084111774944311157e-07
1.3813813813813813347e-01,7.7233472258655502738e-07
1.4044044044044043384e-01,8.3798615365794578167e-07
1.4274274274274273422e-01,9.0799662235533747449e-07
1.4504504504504503459e-01,9.8258107109225329167e-07
1.4734734734734733497e-01,1.0619524022769542383e-06
1.4964964964964963534e-01,1.1463392532671394975e-06
1.5195195195195193572e-01,1.2359677108744603774e-06
1.5425425425425423609e-01,1.3310792146010660534e-06
1.5655655655655653646e-01,1.4319145389304195419e-06
1.5885885885885883684e-01,1.5387272226771736679e-06
1.6116116116116113721e-01,1.6517739030318280010e-06
1.6346346346346343759e-01,1.7713199183593489920e-06
1.6576576576576573796e-01,1.8976385027121666240e-06
1.6806806806806806609e-01,2.0310069535185190915e-06
1.7037037037037036646e-01,2.1717153410402179261e-06
1.7267267267267266684e-01,2.3200536000915594528e-06
1.7497497497497496721e-01,2.4763283206657947240e-06
1.7727727727727726759e-01,2.6408433257027151756e-06
1.7957957957957956796e-01,2.8139208585654583666e-06
1.8188188188188186833e-01,2.9958803431110442561e-06
1.8418418418418416871e-01,3.1870585556408982197e-06
1.8648648648648646908e-01,3.3877921269118064166e-06
1.8878878878878876946e-01,3.5984315736649312439e-06
1.9109109109109106983e-01,3.8193319030587326388e-06
1.9339339339339337021e-01,4.0508570705644195145e-06
1.9569569569569567058e-01,4.2933811056726998154e-06
1.9799799799799797095e-01,4.5472816472291093735e-06
2.0030030030030027133e-01,4.8129518119296365726e-06
2.0260260260260259946e-01,5.0907837640664848903e-06
2.0490490490490489983e-01,5.3811891422875058892e-06
2.0720720720720720021e-01,5.6845761275296904368e-06
2.0950950950950950058e-01,6.0013737301098263343e-06
2.1181181181181180095e-01,6.3320080515999417736e-06
2.1411411411411410133e-01,6.6769241752859588522e-06
2.1641641641641640170e-01,7.0365677904716948015e-06
2.1871871871871870208e-01,7.4113992091574531362e-06
2.2102102102102100245e-01,7.8018848432639981177e-06
2.2332332332332330282e-01,8.2084999627185913302e-06
2.2562562562562560320e-01,8.6317322317502962869e-06
2.2792792792792790357e-01,9.0720722327873721776e-06
2.3023023023023020395e-01,9.5300287535750555728e-06
2.3253253253253250432e-01,1.0006108717735713305e-05
2.3483483483483480470e-01,1.0500841207549075964e-05
2.3713713713713710507e-01,1.1014751230053985105e-05
2.3943943943943940544e-01,1.1548386738209938181e-05
2.4174174174174173357e-01,1.2102292880940281695e-05
2.4404404404404403395e-01,1.2677035053582267303e-05
2.4634634634634633432e-01,1.3273180237957960827e-05
2.4864864864864863470e-01,1.3891310411376432514e-05
2.5095095095095093507e-01,1.4532015459159987810e-05
2.5325325325325320769e-01,1.5195893729767417858e-05
2.5555555555555553582e-01,1.5883558399697547968e-05
2.5785785785785786395e-01,1.6595624677886220528e-05
2.6016016016016013657e-01,1.7332728692058736210e-05
2.6246246246246246470e-01,1.8095503747844597669e-05
2.6476476476476473731e-01,1.8884607817586319045e-05
2.6706706706706706544e-01,1.9700694295317850238e-05
2.6936936936936933806e-01,2.0544441324226154995e-05
2.7167167167167166619e-01,2.1416524559489323837e-05
2.7397397397397393881e-01,2.2317640804530393178e-05
2.7627627627627626694e-01,2.3248489655363983300e-05
2.7857857857857853956e-01,2.4209785729889285563e-05
2.8088088088088086769e-01,2.5202253542348557782e-05
2.8318318318318314031e-01,2.6226625402488754313e-05
2.8548548548548546844e-01,2.7283650967885772726e-05
2.8778778778778774106e-01,2.8374080886886967441e-05
2.9009009009009006919e-01,2.9498689387344642339e-05
2.9239239239239234180e-01,3.0658246917099224471e-05
2.9469469469469466993e-01,3.1853550888624839247e-05
2.9699699699699699806e-01,3.3085393777408317133e-05
2.9929929929929927068e-01,3.4354594285903213284e-05
3.0160160160160159881e-01,3.5661969162935041179e-05
3.0390390390390387143e-01,3.7008356852638369966e-05
3.0620620620620619956e-01,3.8394600012088027493e-05
3.0850850850850847218e-01,3.9821556025489563942e-05
3.1081081081081080031e-01,4.1290094317871864631e-05
3.1311311311311307293e-01,4.2801091202664499154e-05
3.1541541541541540106e-01,4.4355442913650103569e-05
3.1771771771771767368e-01,4.5954045518202997500e-05
3.2002002002002000181e-01,4.7597821236678506177e-05
3.2232232232232227442e-01,4.9287687592984933945e-05
3.2462462462462460255e-01,5.1024591128217059149e-05
3.2692692692692687517e-01,5.2809473261517420354e-05
3.2922922922922920330e-01,5.4643302780567265867e-05
3.3153153153153147592e-01,5.6527047276261758774e-05
3.3383383383383380405e-01,5.8461696237316336619e-05
3.3613613613613613218e-01,6.0448244986994640682e-05
3.3843843843843840480e-01,6.2487702983145572010e-05
3.4074074074074073293e-01,6.4581094000104707822e-05
3.4304304304304300555e-01,6.6729447588802627642e-05
3.4534534534534533368e-01,6.8933815811455945578e-05
3.4764764764764760629e-01,7.1195249333045649925e-05
3.4994994994994993442e-01,7.3514827417928119667e-05
3.5225225225225220704e-01,7.5893623802973943205e-05
3.5455455455455453517e-01,7.8332743014628822059e-05
3.5685685685685680779e-01,8.0833284469681172249e-05
3.5915915915915913592e-01,8.3396375756805823649e-05
3.6146146146146140854e-01,8.6023144243771115336e-05
3.6376376376376373667e-01,8.8714739067375880080e-05
3.6606606606606600929e-01,9.1472317005651771296e-05
3.6836836836836833742e-01,9.4297048106741038708e-05
3.7067067067067066555e-01,9.7190119114924232620e-05
3.7297297297297293817e-01,1.0015272126932960755e-04
3.7527527527527526630e-01,1.0318607089580327733e-04
3.7757757757757753891e-01,1.0629138165885255508e-04
3.7987987987987986704e-01,1.0946989810492180329e-04
3.8218218218218213966e-01,1.1272285854211374051e-04
3.8448448448448446779e-01,1.1605153353873751370e-04
3.8678678678678674041e-01,1.1945718877838299961e-04
3.8908908908908906854e-01,1.2294111857889447994e-04
3.9139139139139134116e-01,1.2650461822808723388e-04
3.9369369369369366929e-01,1.3014900433947640011e-04
3.9599599599599594191e-01,1.3387560313891279785e-04
3.9829829829829827004e-01,1.3768575301630940296e-04
4.0060060060060054266e-01,1.4158081151038976668e-04
4.0290290290290287079e-01,1.4556213924018452711e-04
4.0520520520520519892e-01,1.4963112443621133952e-04
4.0750750750750747153e-01,1.5378915140852608494e-04
4.0980980980980979966e-01,1.5803763743552515860e-04
4.1211211211211207228e-01,1.6237799299531849328e-04
4.1441441441441440041e-01,1.6681166197904837250e-04
4.1671671671671667303e-01,1.7134008383886482874e-04
4.1901901901901900116e-01,1.7596472678876146859e-04
4.2132132132132127378e-01,1.8068706140808503771e-04
4.2362362362362360191e-01,1.8550857886344318168e-04
4.2592592592592587453e-01,1.9043078204890662229e-04
4.2822822822822820266e-01,1.9545518470233180309e-04
4.3053053053053047527e-01,2.0058332220740265916e-04
4.3283283283283280340e-01,2.0581673151704425479e-04
4.3513513513513507602e-01,2.1115697963325482864e-04
4.3743743743743740415e-01,2.1660562842534055068e-04
4.3973973973973967677e-01,2.2216427458620748654e-04
4.4204204204204200490e-01,2.2783450762017026423e-04
4.4434434434434433303e-01,2.3361795127346411715e-04
4.4664664664664660565e-01,2.3951622551999883623e-04
4.4894894894894893378e-01,2.4553097889803699979e-04
4.5125125125125120640e-01,2.5166386389814909526e-04
4.5355355355355353453e-01,2.5791655258598219580e-04
4.5585585585585580715e-01,2.6429073099067378625e-04
4.5815815815815813528e-01,2.7078809448142604314e-04
4.6046046046046040789e-01,2.7741036258492455689e-04
4.6276276276276273602e-01,2.8415925482322683827e-04
4.6506506506506500864e-01,2.9103652308571238260e-04
4.6736736736736733677e-01,2.9804391300095712343e-04
4.6966966966966960939e-01,3.0518320661420246737e-04
4.7197197197197193752e-01,3.1245617859074209391e-04
4.7427427427427421014e-01,3.1986463833630292318e-04
4.7657657657657653827e-01,3.2741039237122577209e-04
4.7887887887887881089e-01,3.3509527526880529763e-04
4.8118118118118113902e-01,3.4292112731873269698e-04
4.8348348348348346715e-01,3.5088980712444985685e-04
4.8578578578578573977e-01,3.5900318958258849731e-04
4.8808808808808806790e-01,3.6726315727677775287e-04
4.9039039039039034051e-01,3.7567161944046967726e-04
4.9269269269269266864e-01,3.8423048370545551718e-04
4.9499499499499494126e-01,3.9294169223332340137e-04
4.9729729729729726939e-01,4.0180717991968023907e-04
4.9959959959959954201e-01,4.1082891937749911647e-04
5.0190190190190187014e-01,4.2000887586403807010e-04
5.0420420420420419827e-01,4.2934904954579090333e-04
5.0650650650650641538e-01,4.3885143880385672505e-04
5.0880880880880874351e-01,4.4851806926405983749e-04
5.1111111111111107164e-01,4.5835097419069886857e-04
5.1341341341341339977e-01,4.6835220367719550228e-04
5.1571571571571572790e-01,4.7852382650883349986e-04
5.1801801801801794500e-01,4.8886791738585590010e-04
5.2032032032032027313e-01,4.9938658010178561038e-04
5.2262262262262260126e-01,5.1008191526271491265e-04
5.2492492492492492939e-01,5.2095605998016259169e-04
5.2722722722722714650e-01,5.3201114324993490322e-04
5.2952952952952947463e-01,5.4324933277037754011e-04
5.3183183183183180276e-01,5.5467278913752320838e-04
5.3413413413413413089e-01,5.6628370769939051672e-04
5.3643643643643634800e-01,5.7808428332227360449e-04
5.3873873873873867613e-01,5.9007673703093252091e-04
5.4104104104104100426e-01,6.0226329954817274179e-04
5.4334334334334333239e-01,6.1464621674607610759e-04
5.4564564564564554949e-01,6.2722775562741041842e-04
5.4794794794794787762e-01,6.4001018725421212913e-04
5.5025025025025020575e-01,6.5299581414295744183e-04
5.5255255255255253388e-01,6.6618693408567917439e-04
5.5485485485485486201e-01,6.7958588313652920371e-04
5.5715715715715707912e-01,6.9319498856587765355e-04
5.5945945945945940725e-01,7.0701661700598176976e-04
5.6176176176176173538e-01,7.2105312847164102288e-04
5.6406406406406406351e-01,7.3530691725680124519e-04
5.6636636636636628062e-01,7.4978037866772447636e-04
5.6866866866866860875e-01,7.6447593282567849211e-04
5.7097097097097093688e-01,7.7939601172523939425e-04
5.7327327327327326500e-01,7.9454306066452731489e-04
5.7557557557557548211e-01,8.0991954852253824487e-04
5.7787787787787781024e-01,8.2552794633161902336e-04
5.8018018018018013837e-01,8.4137075882652497504e-04
5.8248248248248246650e-01,8.5745048456403944511e-04
5.8478478478478468361e-01,8.7376966187366193230e-04
5.8708708708708701174e-01,8.9033081983262837497e-04
5.8938938938938933987e-01,9.0713652721224847728e-04
5.9169169169169166800e-01,9.2418934687943181915e-04
5.9399399399399399613e-01,9.4149187520375118930e-04
5.9629629629629621324e-01,9.5904671123711517523e-04
5.9859859859859854136e-01,9.7685647726920518154e-04
6.0090090090090086949e-01,9.9492380972995972041e-04
6.0320320320320319762e-01,1.0132513563709025749e-03
6.0550550550550541473e-01,1.0318417909577521242e-03
6.0780780780780774286e-01,1.0506977874868963976e-03
6.1011011011011007099e-01,1.0698220557607829306e-03
6.1241241241241239912e-01,1.0892172980676154744e-03
6.1471471471471461623e-01,1.1088862577076990471e-03
6.1701701701701694436e-01,1.1288316684753140103e-03
6.1931931931931927249e-01,1.1490563038666560917e-03
6.2162162162162160062e-01,1.1695629324064257988e-03
6.2392392392392381772e-01,1.1903543550584767818e-03
6.2622622622622614585e-01,1.2114333772967414166e-03
6.2852852852852847398e-01,1.2328028260474943687e-03
6.3083083083083080211e-01,1.2544655447102980982e-03
6.3313313313313313024e-01,1.2764243859194818794e-03
6.3543543543543534735e-01,1.2986822307106153304e-03
6.3773773773773767548e-01,1.3212419584437114575e-03
6.4004004004004000361e-01,1.3441064862139285706e-03
6.4234234234234233174e-01,1.3672787224172074181e-03
6.4464464464464454885e-01,1.3907616174034602950e-03
6.4694694694694687698e-01,1.4145581119929420515e-03
6.4924924924924920511e-01,1.4386711863949282284e-03
6.5155155155155153324e-01,1.4631038169900035303e-03
6.5385385385385375034e-01,1.4878590112667494823e-03
6.5615615615615607847e-01,1.5129397831889486274e-03
6.5845845845845840660e-01,1.5383491662048661124e-03
6.6076076076076073473e-01,1.5640902126099771180e-03
6.6306306306306295184e-01,1.5901659817730499479e-03
6.6536536536536527997e-01,1.6165795637757716594e-03
6.6766766766766760810e-01,1.6433340451672121853e-03
6.6996996996996993623e-01,1.6704325519572523796e-03
6.7227227227227226436e-01,1.6978782004532972944e-03
6.7457457457457448147e-01,1.7256741495398229738e-03
6.7687687687687680960e-01,1.7538235487887020390e-03
6.7917917917917913773e-01,1.7823295865350388852e-03
6.8148148148148146586e-01,1.8111954486250355940e-03
6.8378378378378368296e-01,1.8404243504343031131e-03
6.8608608608608601109e-01,1.8700195158956882564e-03
6.8838838838838833922e-01,1.8999841863035389633e-03
6.9069069069069066735e-01,1.9303216241876800918e-03
6.9299299299299288446e-01,1.9610350969460881715e-03
6.9529529529529521259e-01,1.9921279048973139850e-03
6.9759759759759754072e-01,2.0236033430514168210e-03
6.9989989989989986885e-01,2.0554647473732296122e-03
7.0220220220220219698e-01,2.0877154433282646938e-03
7.0450450450450441409e-01,2.1203587992506042065e-03
7.0680680680680674222e-01,2.1533981746216269981e-03
7.0910910910910907035e-01,2.1868369667600844747e-03
7.1141141141141139848e-01,2.2206785720163256005e-03
7.1371371371371361558e-01,2.2549264144673306608e-03
7.1601601601601594371e-01,2.2895839289226714054e-03
7.1831831831831827184e-01,2.3246545653045095833e-03
7.2062062062062059997e-01,2.3601417971459886028e-03
7.2292292292292281708e-01,2.3960491006309180169e-03
7.2522522522522514521e-01,2.4323799869391546716e-03
7.2752752752752747334e-01,2.4691379602778374368e-03
7.2982982982982980147e-01,2.5063265670494366127e-03
7.3213213213213201858e-01,2.5439493425791098215e-03
7.3443443443443434671e-01,2.5820098650253097555e-03
7.3673673673673667484e-01,2.6205117043863095441e-03
7.3903903903903900297e-01,2.6594584672879027776e-03
7.4134134134134133109e-01,2.6988537610703492928e-03
7.4364364364364354820e-01,2.7387012187968214419e-03
7.4594594594594587633e-01,2.7790044865076178951e-03
7.4824824824824820446e-01,2.8197672230086284241e-03
7.5055055055055053259e-01,2.8609931130521302003e-03
7.5285285285285274970e-01,2.9026858418419623602e-03
7.5515515515515507783e-01,2.9448491314936920543e-03
7.5745745745745740596e-01,2.9874866956279551126e-03
7.5975975975975973409e-01,3.0306022910254202044e-03
7.6206206206206195120e-01,3.0741996630428659529e-03
7.6436436436436427933e-01,3.1182825995133747060e-03
7.6666666666666660745e-01,3.1628548810250295062e-03
7.6896896896896893558e-01,3.2079203233189787503e-03
7.7127127127127115269e-01,3.2534827446764839204e-03
7.7357357357357348082e-01,3.2995459869232693188e-03
7.7587587587587580895e-01,3.3461139071510105115e-03
7.7817817817817813708e-01,3.3931903728009081209e-03
7.8048048048048046521e-01,3.4407792795277691335e-03
7.8278278278278268232e-01,3.4888845212866980913e-03
7.8508508508508501045e-01,3.5375100306711741542e-03
7.8738738738738733858e-01,3.5866597304284979220e-03
7.8968968968968966671e-01,3.6363375871330074797e-03
7.9199199199199188381e-01,3.6865475558269240712e-03
7.9429429429429421194e-01,3.7372936333603988882e-03
7.9659659659659654007e-01,3.7885798104604628822e-03
7.9889889889889886820e-01,3.8404101112897949186e-03
8.0120120120120108531e-01,3.8927885644980566963e-03
8.0350350350350341344e-01,3.9457192199528886775e-03
8.0580580580580574157e-01,3.9992061450960913332e-03
8.0810810810810806970e-01,4.0532534152635012539e-03
8.1041041041041039783e-01,4.1078651361781057250e-03
8.1271271271271261494e-01,4.1630454097892517773e-03
8.1501501501501494307e-01,4.2187983781991102161e-03
8.1731731731731727120e-01,4.2751281725089103694e-03
8.1961961961961959933e-01,4.3320389679995024643e-03
8.2192192192192181643e-01,4.3895349285561083633e-03
8.2422422422422414456e-01,4.4476202589022817771e-03
8.2652652652652647269e-01,4.5062991589506174936e-03
8.2882882882882880082e-01,4.5655758601086142076e-03
8.3113113113113101793e-01,4.6254546003156428793e-03
8.3343343343343334606e-01,4.6859396362793964350e-03
8.3573573573573567419e-01,4.7470352445823215531e-03
8.3803803803803800232e-01,4.8087457072335413819e-03
8.4034034034034021943e-01,4.8710753386814768448e-03
8.4264264264264254756e-01,4.9340284476326037519e-03
8.4494494494494487569e-01,4.9976093842224430033e-03
8.4724724724724720382e-01,5.0618224866530942344e-03
8.4954954954954953195e-01,5.1266721373294452113e-03
8.5185185185185174905e-01,5.1921627076453764904e-03
8.5415415415415407718e-01,5.2582986085777435464e-03
8.5645645645645640531e-01,5.3250842477770843342e-03
8.5875875875875873344e-01,5.3925240622510681177e-03
8.6106106106106095055e-01,5.4606224976593929071e-03
8.6336336336336327868e-01,5.5293840158864415030e-03
8.6566566566566560681e-01,5.5988131009586852155e-03
8.6796796796796793494e-01,5.6689142398795733940e-03
8.7027027027027015205e-01,5.7396919539962707596e-03
8.7257257257257248018e-01,5.8111507570778979381e-03
8.7487487487487480831e-01,5.8832952053387435956e-03
8.7717717717717713644e-01,5.9561298423606075930e-03
8.7947947947947935354e-01,6.0296592556206285440e-03
8.8178178178178168167e-01,6.1038880222066627459e-03
8.8408408408408400980e-01,6.1788207572648582572e-03
8.8638638638638633793e-01,6.2544620742499184088e-03
8.8868868868868866606e-01,6.3308166136614987471e-03
8.9099099099099088317e-01,6.4078890268220410620e-03
8.9329329329329321130e-01,6.4856839786671576301e-03
8.9559559559559553943e-01,6.5642061584834099364e-03
8.9789789789789786756e-01,6.6434602561294010120e-03
9.0020020020020008467e-01,6.7234509975411527183e-03
9.0250250250250241280e-01,6.8041830993990620041e-03
9.0480480480480474093e-01,6.8856613215696887975e-03
9.0710710710710706906e-01,6.9678904108280079188e-03
9.0940940940940928616e-01,7.0508751572209158245e-03
9.1171171171171161429e-01,7.1346203412501196794e-03
9.1401401401401394242e-01,7.2191307797047025302e-03
9.1631631631631627055e-01,7.3044112894466465755e-03
9.1861861861861848766e-01,7.3904667119232556396e-03
9.2092092092092081579e-01,7.4773019015999643913e-03
9.2322322322322314392e-01,7.5649217239035764643e-03
9.2552552552552547205e-01,7.6533310707346674517e-03
9.2782782782782780018e-01,7.7425348322320902347e-03
9.3013013013013001729e-01,7.8325379361467318412e-03
9.3243243243243234541e-01,7.9233452994781107537e-03
9.3473473473473467354e-01,8.0149618828565857148e-03
9.3703703703703700167e-01,8.1073926336047517222e-03
9.3933933933933921878e-01,8.2006425413865165208e-03
9.4164164164164154691e-01,8.2947165873683732784e-03
9.4394394394394387504e-01,8.3896197870078677988e-03
9.4624624624624620317e-01,8.4853571577059357794e-03
9.4854854854854842028e-01,8.5819337388674411110e-03
9.5085085085085074841e-01,8.6793545851109165506e-03
9.5315315315315307654e-01,8.7776247593530244001e-03
9.5545545545545540467e-01,8.8767493529974660776e-03
9.5775775775775762177e-01,8.9767334534517594091e-03
9.6006006006005994990e-01,9.0775821870521695989e-03
9.6236236236236227803e-01,9.1793006680943763087e-03
9.6466466466466460616e-01,9.2818940546425497684e-03
9.6696696696696693429e-01,9.3853674914824939540e-03
9.6926926926926915140e-01,9.4897261645213101811e-03
9.7157157157157147953e-01,9.5949752524005747778e-03
9.7387387387387380766e-01,9.7011199658552597219e-03
9.7617617617617613579e-01,9.8081655195164946931e-03
9.7847847847847835290e-01,9.9161171473413200345e-03
9.8078078078078068103e-01,1.0024980100669836358e-02
9.8308308308308300916e-01,1.0134759636489016135e-02
9.8538538538538533729e-01,1.0245461042149399400e-02
9.8768768768768755439e-01,1.0357089598891991433e-02
9.8998998998998988252e-01,1.0469650627958669922e-02
9.9229229229229221065e-01,1.0583149437487065700e-02
9.9459459459459453878e-01,1.0697591379196815659e-02
9.9689689689689686691e-01,1.0812981791803004394e-02
9.9919919919919908402e-01,1.0929326053646751596e-02
1.0015015015015014122e+00,1.1046629537197450235e-02
1.0038038038038037403e+00,1.1164897644644178332e-02
1.0061061061061060684e+00,1.1284135784082627643e-02
1.0084084084084083965e+00,1.1404349380188494659e-02
1.0107107107107107247e+00,1.1525543877139606680e-02
1.0130130130130128308e+00,1.1647724722151343857e-02
1.0153153153153151589e+00,1.1770897394521894971e-02
1.0176176176176174870e+00,1.1895067365474633683e-02
1.0199199199199198151e+00,1.2020240147047623822e-02
1.0222222222222221433e+00,1.2146421237353119058e-02
1.0245245245245244714e+00,1.2273616177573895905e-02
1.0268268268268267995e+00,1.2401830496400272422e-02
1.0291291291291291277e+00,1.2531069760399440177e-02
1.0314314314314314558e+00,1.2661339531800076819e-02
1.0337337337337335619e+00,1.2792645400025096439e-02
1.0360360360360358900e+00,1.2924992962447135608e-02
1.0383383383383382181e+00,1.3058387830228820881e-02
1.0406406406406405463e+00,1.3192835636076677419e-02
1.0429429429429428744e+00,1.3328342013189208373e-02
1.0452452452452452025e+00,1.3464912628382114460e-02
1.0475475475475475307e+00,1.3602553138598273350e-02
1.0498498498498498588e+00,1.3741269242129166075e-02
1.0521521521521519649e+00,1.3881066622762739879e-02
1.0544544544544542930e+00,1.4021951006528279166e-02
1.0567567567567566211e+00,1.4163928107694723907e-02
1.0590590590590589493e+00,1.4307003676424638952e-02
1.0613613613613612774e+00,1.4451183460191400001e-02
1.0636636636636636055e+00,1.4596473231012105712e-02
1.0659659659659659336e+00,1.4742878770903720259e-02
1.0682682682682682618e+00,1.4890405872868380660e-02
1.0705705705705705899e+00,1.5039060353394227004e-02
1.0728728728728726960e+00,1.5188848027007517336e-02
1.0751751751751750241e+00,1.5339774743184653172e-02
1.0774774774774773523e+00,1.5491846339921948317e-02
1.0797797797797796804e+00,1.5645068696812407943e-02
1.0820820820820820085e+00,1.5799447678612438262e-02
1.0843843843843843366e+00,1.5954989191194500486e-02
1.0866866866866866648e+00,1.6111699129601825958e-02
1.0889889889889889929e+00,1.6269583422581456594e-02
1.0912912912912910990e+00,1.6428647997932262215e-02
1.0935935935935934271e+00,1.6588898805246814899e-02
1.0958958958958957552e+00,1.6750341806150492036e-02
1.0981981981981980834e+00,1.6912982970456905824e-02
1.1005005005005004115e+00,1.7076828293282463045e-02
1.1028028028028027396e+00,1.7241883765439561943e-02
1.1051051051051050678e+00,1.7408155413796904537e-02
1.1074074074074073959e+00,1.7575649252342798179e-02
1.1097097097097097240e+00,1.7744371336605085920e-02
1.1120120120120118301e+00,1.7914327707182375882e-02
1.1143143143143141582e+00,1.8085524444379788567e-02
1.1166166166166164864e+00,1.8257967618778920410e-02
1.1189189189189188145e+00,1.8431663332290692398e-02
1.1212212212212211426e+00,1.8606617687684377099e-02
1.1235235235235234708e+00,1.8782836806699572396e-02
1.1258258258258257989e+00,1.8960326825098273995e-02
1.1281281281281281270e+00,1.9139093884069095092e-02
1.1304304304304302331e+00,1.9319144151773371548e-02
1.1327327327327325612e+00,1.9500483789862872036e-02
1.1350350350350348894e+00,1.9683118996910772130e-02
1.1373373373373372175e+00,1.9867055957435819646e-02
1.1396396396396395456e+00,2.0052300897132956797e-02
1.1419419419419418738e+00,2.0238860026913593759e-02
1.1442442442442442019e+00,2.0426739595728000964e-02
1.1465465465465465300e+00,2.0615945844062275039e-02
1.1488488488488488581e+00,2.0806485041202773395e-02
1.1511511511511509642e+00,2.0998363459143475768e-02
1.1534534534534532924e+00,2.1191587385979447633e-02
1.1557557557557556205e+00,2.1386163125751721237e-02
1.1580580580580579486e+00,2.1582096985225101421e-02
1.1603603603603602767e+00,2.1779395299638373146e-02
1.1626626626626626049e+00,2.1978064395670390829e-02
1.1649649649649649330e+00,2.2178110637525245280e-02
1.1672672672672672611e+00,2.2379540374417576654e-02
1.1695695695695693672e+00,2.2582359996055470508e-02
1.1718718718718716953e+00,2.2786575877738479007e-02
1.1741741741741740235e+00,2.2992194430892089890e-02
1.1764764764764763516e+00,2.3199222059862335821e-02
1.1787787787787786797e+00,2.3407665195131602959e-02
1.1810810810810810079e+00,2.3617530271752978921e-02
1.1833833833833833360e+00,2.3828823737988419351e-02
1.1856856856856856641e+00,2.4041552059876260955e-02
1.1879879879879879923e+00,2.4255721703557643620e-02
1.1902902902902900983e+00,2.4471339164957677664e-02
1.1925925925925924265e+00,2.4688410929566879243e-02
1.1948948948948947546e+00,2.4906943520731434499e-02
1.1971971971971970827e+00,2.5126943446118710224e-02
1.1994994994994994109e+00,2.5348417252898228225e-02
1.2018018018018017390e+00,2.5571371474422628645e-02
1.2041041041041040671e+00,2.5795812678042602528e-02
1.2064064064064063952e+00,2.6021747425517920832e-02
1.2087087087087085013e+00,2.6249182301979756549e-02
1.2110110110110108295e+00,2.6478123898985999468e-02
1.2133133133133131576e+00,2.6708578818418277773e-02
1.2156156156156154857e+00,2.6940553681653729018e-02
1.2179179179179178139e+00,2.7174055107657638791e-02
1.2202202202202201420e+00,2.7409089746284077266e-02
1.2225225225225224701e+00,2.7645664235270303588e-02
1.2248248248248247982e+00,2.7883785250259054272e-02
1.2271271271271271264e+00,2.8123459450765941892e-02
1.2294294294294292325e+00,2.8364693534526839308e-02
1.2317317317317315606e+00,2.8607494186243438011e-02
1.2340340340340338887e+00,2.8851868122294798552e-02
1.2363363363363362168e+00,2.9097822055033230326e-02
1.2386386386386385450e+00,2.9345362717336707231e-02
1.2409409409409408731e+00,2.9594496850329631010e-02
1.2432432432432432012e+00,2.9845231202600741582e-02
1.2455455455455455294e+00,3.0097572543813316814e-02
1.2478478478478476354e+00,3.0351527638827043021e-02
1.2501501501501499636e+00,3.0607103284264431525e-02
1.2524524524524522917e+00,3.0864306263155630305e-02
1.2547547547547546198e+00,3.1123143396192386873e-02
1.2570570570570569480e+00,3.1383621487724923382e-02
1.2593593593593592761e+00,3.1645747378770482106e-02
1.2616616616616616042e+00,3.1909527898260361956e-02
1.2639639639639639324e+00,3.2174969904317798908e-02
1.2662662662662662605e+00,3.2442080252654124928e-02
1.2685685685685683666e+00,3.2710865816609889511e-02
1.2708708708708706947e+00,3.2981333479534837017e-02
1.2731731731731730228e+00,3.3253490129438262324e-02
1.2754754754754753510e+00,3.3527342676828567059e-02
1.2777777777777776791e+00,3.3802898025166040752e-02
1.2800800800800800072e+00,3.4080163110310125740e-02
1.2823823823823823354e+00,3.4359144853274910247e-02
1.2846846846846846635e+00,3.4639850212201242496e-02
1.2869869869869867696e+00,3.4922286128902628455e-02
1.2892892892892890977e+00,3.5206459580063360904e-02
1.2915915915915914258e+00,3.5492377531371882560e-02
1.2938938938938937540e+00,3.5780046975088804218e-02
1.2961961961961960821e+00,3.6069474902704568020e-02
1.2984984984984984102e+00,3.6360668320417816046e-02
1.3008008008008007383e+00,3.6653634246118227402e-02
1.3031031031031030665e+00,3.6948379699625853723e-02
1.3054054054054053946e+00,3.7244911724507827333e-02
1.3077077077077075007e+00,3.7543237355200480276e-02
1.3100100100100098288e+00,3.7843363658918736936e-02
1.3123123123123121569e+00,3.8145297687009839527e-02
1.3146146146146144851e+00,3.8449046527110862514e-02
1.3169169169169168132e+00,3.8754617250761208558e-02
1.3192192192192191413e+00,3.9062016962344632554e-02
1.3215215215215214695e+00,3.9371252756450800248e-02
1.3238238238238237976e+00,3.9682331751505907358e-02
1.3261261261261259037e+00,3.9995261066804344008e-02
1.3284284284284282318e+00,4.0310047833424123009e-02
1.3307307307307305599e+00,4.0626699195708916579e-02
1.3330330330330328881e+00,4.0945222297299570247e-02
1.3353353353353352162e+00,4.1265624306635495522e-02
1.3376376376376375443e+00,4.1587912381121437677e-02
1.3399399399399398725e+00,4.1912093711053463596e-02
1.3422422422422422006e+00,4.2238175470077486684e-02
1.3445445445445445287e+00,4.2566164866997255323e-02
1.3468468468468466348e+00,4.2896069094954650258e-02
1.3491491491491489629e+00,4.3227895377712703684e-02
1.3514514514514512911e+00,4.3561650930531464754e-02
1.3537537537537536192e+00,4.3897342989692542115e-02
1.3560560560560559473e+00,4.4234978793961474142e-02
1.3583583583583582755e+00,4.4574565590990232467e-02
1.3606606606606606036e+00,4.4916110643148730863e-02
1.3629629629629629317e+00,4.5259621209590900071e-02
1.3652652652652652598e+00,4.5605104575114671639e-02
1.3675675675675673659e+00,4.5952568011774178047e-02
1.3698698698698696941e+00,4.6302018824360552385e-02
1.3721721721721720222e+00,4.6653464300468357184e-02
1.3744744744744743503e+00,4.7006911761443330444e-02
1.3767767767767766784e+00,4.7362368513587722874e-02
1.3790790790790790066e+00,4.7719841891430705982e-02
1.3813813813813813347e+00,4.8079339222351386018e-02
1.3836836836836836628e+00,4.8440867851878226247e-02
1.3859859859859857689e+00,4.8804435129589748832e-02
1.3882882882882880970e+00,4.9170048411099370744e-02
1.3905905905905904252e+00,4.9537715068042782740e-02
1.3928928928928927533e+00,4.9907442466459513153e-02
1.3951951951951950814e+00,5.0279237998649396746e-02
1.3974974974974974096e+00,5.0653109042661195738e-02
1.3997997997997997377e+00,5.1029063008842565075e-02
1.4021021021021020658e+00,5.1407107290021111790e-02
1.4044044044044043940e+00,5.1787249311107334815e-02
1.4067067067067065000e+00,5.2169496482738782206e-02
1.4090090090090088282e+00,5.2553856241236651670e-02
1.4113113113113111563e+00,5.2940336017157509085e-02
1.4136136136136134844e+00,5.3328943256302982490e-02
1.4159159159159158126e+00,5.3719685410016433658e-02
1.4182182182182181407e+00,5.4112569932894372116e-02
1.4205205205205204688e+00,5.4507604296695370827e-02
1.4228228228228227970e+00,5.4904795965355426834e-02
1.4251251251251249030e+00,5.5304152429451775008e-02
1.4274274274274272312e+00,5.5705681164019513196e-02
1.4297297297297295593e+00,5.6109389675681749232e-02
1.4320320320320318874e+00,5.6515285453434017937e-02
1.4343343343343342156e+00,5.6923376016462107208e-02
1.4366366366366365437e+00,5.7333668870578023691e-02
1.4389389389389388718e+00,5.7746171544623352279e-02
1.4412412412412411999e+00,5.8160891563072324162e-02
1.4435435435435435281e+00,5.8577836462739465984e-02
1.4458458458458456342e+00,5.8997013787381979988e-02
1.4481481481481479623e+00,5.9418431081323302978e-02
1.4504504504504502904e+00,5.9842095907011907951e-02
1.4527527527527526185e+00,6.0268015817018689984e-02
1.4550550550550549467e+00,6.0696198390695288438e-02
1.4573573573573572748e+00,6.1126651190783864998e-02
1.4596596596596596029e+00,6.1559381810632182730e-02
1.4619619619619619311e+00,6.1994397826055307188e-02
1.4642642642642640372e+00,6.2431706840963670235e-02
1.4665665665665663653e+00,6.2871316446892977492e-02
1.4688688688688686934e+00,6.3313234255664888050e-02
1.4711711711711710215e+00,6.3757467876114498617e-02
1.4734734734734733497e+00,6.4204024926529532080e-02
1.4757757757757756778e+00,6.4652913033422534927e-02
1.4780780780780780059e+00,6.5104139821292442147e-02
1.4803803803803803341e+00,6.5557712933524012189e-02
1.4826826826826826622e+00,6.6013640001745546582e-02
1.4849849849849847683e+00,6.6471928684242384544e-02
1.4872872872872870964e+00,6.6932586621846146269e-02
1.4895895895895894245e+00,6.7395621484731008111e-02
1.4918918918918917527e+00,6.7861040925818169600e-02
1.4941941941941940808e+00,6.8328852623845776071e-02
1.4964964964964964089e+00,6.8799064246245988929e-02
1.4987987987987987371e+00,6.9271683477930195982e-02
1.5011011011011010652e+00,6.9746718002161575689e-02
1.5034034034034031713e+00,7.0224175508811936819e-02
1.5057057057057054994e+00,7.0704063697124674981e-02
1.5080080080080078275e+00,7.1186390261879700647e-02
1.5103103103103101557e+00,7.1671162917296346584e-02
1.5126126126126124838e+00,7.2158389364152711321e-02
1.5149149149149148119e+00,7.2648077329506621780e-02
1.5172172172172171400e+00,7.3140234522344763080e-02
1.5195195195195194682e+00,7.3634868679479645315e-02
1.5218218218218217963e+00,7.4131987520920913926e-02
1.5241241241241239024e+00,7.4631598790072264937e-02
1.5264264264264262305e+00,7.5133710220148461345e-02
1.5287287287287285587e+00,7.5638329559008413150e-02
1.5310310310310308868e+00,7.6145464554141770175e-02
1.5333333333333332149e+00,7.6655122956874072182e-02
1.5356356356356355430e+00,7.7167312528900522395e-02
1.5379379379379378712e+00,7.7682041025153289460e-02
1.5402402402402401993e+00,7.8199316220343081940e-02
1.5425425425425423054e+00,7.8719145874258170115e-02
1.5448448448448446335e+00,7.9241537772338527246e-02
1.5471471471471469616e+00,7.9766499681550862011e-02
1.5494494494494492898e+00,8.0294039394941160714e-02
1.5517517517517516179e+00,8.0824164689344349388e-02
1.5540540540540539460e+00,8.1356883362447091068e-02
1.5563563563563562742e+00,8.1892203202882749014e-02
1.5586586586586586023e+00,8.2430132011085385790e-02
1.5609609609609609304e+00,8.2970677588311669837e-02
1.5632632632632630365e+00,8.3513847736964713642e-02
1.5655655655655653646e+00,8.4059650270642577441e-02
1.5678678678678676928e+00,8.4608092994034558854e-02
1.5701701701701700209e+00,8.5159183731710955123e-02
1.5724724724724723490e+00,8.5712930292039649083e-02
1.5747747747747746772e+00,8.6269340508144484736e-02
1.5770770770770770053e+00,8.6828422194468957152e-02
1.5793793793793793334e+00,8.7390183189571313260e-02
1.5816816816816814395e+00,8.7954631316498152471e-02
1.5839839839839837676e+00,8.8521774416506868177e-02
1.5862862862862860958e+00,8.9091620322926917686e-02
1.5885885885885884239e+00,8.9664176878059040354e-02
1.5908908908908907520e+00,9.0239451926109728874e-02
1.5931931931931930801e+00,9.0817453309848708565e-02
1.5954954954954954083e+00,9.1398188883881528732e-02
1.5977977977977977364e+00,9.1981666491933039564e-02
1.6001001001001000645e+00,9.2567893997478431500e-02
1.6024024024024021706e+00,9.3156879246722862353e-02
1.6047047047047044988e+00,9.3748630109488390039e-02
1.6070070070070068269e+00,9.4343154436895296233e-02
1.6093093093093091550e+00,9.4940460102041990265e-02
1.6116116116116114831e+00,9.5540554963300744484e-02
1.6139139139139138113e+00,9.6143446894556880422e-02
1.6162162162162161394e+00,9.6749143762865794094e-02
1.6185185185185184675e+00,9.7357653441472583045e-02
1.6208208208208207957e+00,9.7968983806490966826e-02
1.6231231231231229017e+00,9.8583142730144374122e-02
1.6254254254254252299e+00,9.9200138096944126542e-02
1.6277277277277275580e+00,9.9819977778734747531e-02
1.6300300300300298861e+00,1.0044266966674977870e-01
1.6323323323323322143e+00,1.0106822163409981408e-01
1.6346346346346345424e+00,1.0169664157613997335e-01
1.6369369369369368705e+00,1.0232793736967261966e-01
1.6392392392392391987e+00,1.0296211691119949716e-01
1.6415415415415413047e+00,1.0359918808334027396e-01
1.6438438438438436329e+00,1.0423915878150037673e-01
1.6461461461461459610e+00,1.0488203689530127549e-01
1.6484484484484482891e+00,1.0552783031783827261e-01
1.6507507507507506173e+00,1.0617654694589663544e-01
1.6530530530530529454e+00,1.0682819467005652547e-01
1.6553553553553552735e+00,1.0748278139343038495e-01
1.6576576576576576016e+00,1.0814031500486435966e-01
1.6599599599599599298e+00,1.0880080341198568317e-01
1.6622622622622620359e+00,1.0946425450365016019e-01
1.6645645645645643640e+00,1.1013067618934344050e-01
1.6668668668668666921e+00,1.1080007636029011453e-01
1.6691691691691690203e+00,1.1147246292499639331e-01
1.6714714714714713484e+00,1.1214784377895165024e-01
1.6737737737737736765e+00,1.1282622682768259081e-01
1.6760760760760760046e+00,1.1350761997189320884e-01
1.6783783783783783328e+00,1.1419203111312334342e-01
1.6806806806806804389e+00,1.1487946815725871841e-01
1.6829829829829827670e+00,1.1556993900181571078e-01
1.6852852852852850951e+00,1.1626345155686930444e-01
1.6875875875875874232e+00,1.1696001371682193670e-01
1.6898898898898897514e+00,1.1765963339401111498e-01
1.6921921921921920795e+00,1.1836231848155336077e-01
1.6944944944944944076e+00,1.1906807689137356709e-01
1.6967967967967967358e+00,1.1977691651755253965e-01
1.6990990990990990639e+00,1.2048884526894777791e-01
1.7014014014014011700e+00,1.2120387104227034469e-01
1.7037037037037034981e+00,1.2192200174154460557e-01
1.7060060060060058262e+00,1.2264324526684082517e-01
1.7083083083083081544e+00,1.2336760951653803764e-01
1.7106106106106104825e+00,1.2409510239385170005e-01
1.7129129129129128106e+00,1.2482573179163423960e-01
1.7152152152152151388e+00,1.2555950561511305952e-01
1.7175175175175174669e+00,1.2629643175263857713e-01
1.7198198198198195730e+00,1.2703651810942959144e-01
1.7221221221221219011e+00,1.2777977257121952981e-01
1.7244244244244242292e+00,1.2852620304055933920e-01
1.7267267267267265574e+00,1.2927581740267035659e-01
1.7290290290290288855e+00,1.3002862355499156255e-01
1.7313313313313312136e+00,1.3078462938366813839e-01
1.7336336336336335417e+00,1.3154384277948455439e-01
1.7359359359359358699e+00,1.3230627163003116920e-01
1.7382382382382381980e+00,1.3307192381880939003e-01
1.7405405405405403041e+00,1.3384080723447405736e-01
1.7428428428428426322e+00,1.3461292975350266921e-01
1.7451451451451449604e+00,1.3538829926435158590e-01
1.7474474474474472885e+00,1.3616692363759425044e-01
1.7497497497497496166e+00,1.3694881075938861170e-01
1.7520520520520519447e+00,1.3773396849630623051e-01
1.7543543543543542729e+00,1.3852240472959301276e-01
1.7566566566566566010e+00,1.3931412732374284791e-01
1.7589589589589587071e+00,1.4010914415286507273e-01
1.7612612612612610352e+00,1.4090746308057666702e-01
1.7635635635635633633e+00,1.4170909197251305156e-01
1.7658658658658656915e+00,1.4251403869173248640e-01
1.7681681681681680196e+00,1.4332231109493107080e-01
1.7704704704704703477e+00,1.4413391704406702809e-01
1.7727727727727726759e+00,1.4494886438727827560e-01
1.7750750750750750040e+00,1.4576716098404712829e-01
1.7773773773773773321e+00,1.4658881467515511021e-01
1.7796796796796794382e+00,1.4741383331546117907e-01
1.7819819819819817663e+00,1.4824222474027698437e-01
1.7842842842842840945e+00,1.4907399679731486719e-01
1.7865865865865864226e+00,1.4990915731814624667e-01
1.7888888888888887507e+00,1.5074771414134452430e-01
1.7911911911911910789e+00,1.5158967509572088272e-01
1.7934934934934934070e+00,1.5243504800957083378e-01
1.7957957957957957351e+00,1.5328384070908260273e-01
1.7980980980980978412e+00,1.5413606101196428155e-01
1.8004004004004001693e+00,1.5499171674110226449e-01
1.8027027027027024975e+00,1.5585081570411060681e-01
1.8050050050050048256e+00,1.5671336571910463031e-01
1.8073073073073071537e+00,1.5757937458487397686e-01
1.8096096096096094819e+00,1.5844885011259413066e-01
1.8119119119119118100e+00,1.5932180009405963461e-01
1.8142142142142141381e+00,1.6019823233111138427e-01
1.8165165165165164662e+00,1.6107815461007490843e-01
1.8188188188188185723e+00,1.6196157472169253611e-01
1.8211211211211209005e+00,1.6284850044759086041e-01
1.8234234234234232286e+00,1.6373893956646043413e-01
1.8257257257257255567e+00,1.6463289985520104808e-01
1.8280280280280278848e+00,1.6553038908028419596e-01
1.8303303303303302130e+00,1.6643141501308242325e-01
1.8326326326326325411e+00,1.6733598540843891422e-01
1.8349349349349348692e+00,1.6824410803065514841e-01
1.8372372372372369753e+00,1.6915579062426611134e-01
1.8395395395395393034e+00,1.7007104094433878050e-01
1.8418418418418416316e+00,1.7098986672683258448e-01
1.8441441441441439597e+00,1.7191227571534947738e-01
1.8464464464464462878e+00,1.7283827563859252563e-01
1.8487487487487486160e+00,1.7376787422714984332e-01
1.8510510510510509441e+00,1.7470107920304148164e-01
1.8533533533533532722e+00,1.7563789828305620411e-01
1.8556556556556556004e+00,1.7657833918234241977e-01
1.8579579579579577064e+00,1.7752240960384191304e-01
1.8602602602602600346e+00,1.7847011725491740419e-01
1.8625625625625623627e+00,1.7942146982532733435e-01
1.8648648648648646908e+00,1.8037647501303880060e-01
1.8671671671671670190e+00,1.8133514049596766160e-01
1.8694694694694693471e+00,1.8229747396054599151e-01
1.8717717717717716752e+00,1.8326348307443787733e-01
1.8740740740740740033e+00,1.8423317551049084306e-01
1.8763763763763761094e+00,1.8520655892721907265e-01
1.8786786786786784376e+00,1.8618364098253362138e-01
1.8809809809809807657e+00,1.8716442932618207462e-01
1.8832832832832830938e+00,1.8814893160050938370e-01
1.8855855855855854220e+00,1.8913715544617260012e-01
1.8878878878878877501e+00,1.9012910849001271596e-01
1.8901901901901900782e+00,1.9112479836259343990e-01
1.8924924924924924063e+00,1.9212423267597983356e-01
1.8947947947947947345e+00,1.9312741904899644041e-01
1.8970970970970968406e+00,1.9413436508027276384e-01
1.8993993993993991687e+00,1.9514507837481939734e-01
1.9017017017017014968e+00,1.9615956651926291787e-01
1.9040040040040038249e+00,1.9717783710295352928e-01
1.9063063063063061531e+00,1.9819989770141460683e-01
1.9086086086086084812e+00,1.9922575588717436612e-01
1.9109109109109108093e+00,2.0025541922486983504e-01
1.9132132132132131375e+00,2.0128889526972035262e-01
1.9155155155155152435e+00,2.0232619157503367591e-01
1.9178178178178175717e+00,2.0336731567887894601e-01
1.9201201201201198998e+00,2.0441227512216117446e-01
1.9224224224224222279e+00,2.0546107742657407358e-01
1.9247247247247245561e+00,2.0651373011896168030e-01
1.9270270270270268842e+00,2.0757024070595350707e-01
1.9293293293293292123e+00,2.0863061669835145095e-01
1.9316316316316315405e+00,2.0969486558897998396e-01
1.9339339339339338686e+00,2.1076299487096167296e-01
1.9362362362362359747e+00,2.1183501202402282848e-01
1.9385385385385383028e+00,2.1291092452262128099e-01
1.9408408408408406309e+00,2.1399073983345276440e-01
1.9431431431431429591e+00,2.1507446541195107681e-01
1.9454454454454452872e+00,2.1616210871123761605e-01
1.9477477477477476153e+00,2.1725367716796128992e-01
1.9500500500500499435e+00,2.1834917822054261682e-01
1.9523523523523522716e+00,2.1944861928765257986e-01
1.9546546546546545997e+00,2.2055200779136394096e-01
1.9569569569569567058e+00,2.2165935113361948106e-01
1.9592592592592590339e+00,2.2277065671828663596e-01
1.9615615615615613621e+00,2.2388593193165909345e-01
1.9638638638638636902e+00,2.2500518415796311178e-01
1.9661661661661660183e+00,2.2612842076836578431e-01
1.9684684684684683464e+00,2.2725564912661999628e-01
1.9707707707707706746e+00,2.2838687658868847552e-01
1.9730730730730730027e+00,2.2952211049759496664e-01
1.9753753753753751088e+00,2.3066135819345728875e-01
1.9776776776776774369e+00,2.3180462699886275613e-01
1.9799799799799797650e+00,2.3295192423691121753e-01
1.9822822822822820932e+00,2.3410325721056327031e-01
1.9845845845845844213e+00,2.3525863322427648106e-01
1.9868868868868867494e+00,2.3641805956252900933e-01
1.9891891891891890776e+00,2.3758154350941582122e-01
1.9914914914914914057e+00,2.3874909233181521029e-01
1.9937937937937937338e+00,2.3992071329221192899e-01
1.9960960960960958399e+00,2.4109641364023184917e-01
1.9983983983983981680e+00,2.4227620061606086610e-01
2.0007007007007007182e+00,2.4346008145187722493e-01
2.0030030030030028243e+00,2.4464806336540625975e-01
2.0053053053053049304e+00,2.4584015357067096064e-01
2.0076076076076074806e+00,2.4703635926327532912e-01
2.0099099099099095866e+00,2.4823668763789563663e-01
2.0122122122122121368e+00,2.4944114586881785400e-01
2.0145145145145142429e+00,2.5064974112980609178e-01
2.0168168168168167931e+00,2.5186248057484750262e-01
2.0191191191191188992e+00,2.5307937135524416483e-01
2.0214214214214214493e+00,2.5430042060538576854e-01
2.0237237237237235554e+00,2.5552563545304457504e-01
2.0260260260260256615e+00,2.5675502301320923815e-01
2.0283283283283282117e+00,2.5798859038956406531e-01
2.0306306306306303178e+00,2.5922634467740102160e-01
2.0329329329329328679e+00,2.6046829295623419309e-01
2.0352352352352349740e+00,2.6171444230090284977e-01
2.0375375375375375242e+00,2.6296479976711700788e-01
2.0398398398398396303e+00,2.6421937240807724656e-01
2.0421421421421421805e+00,2.6547816725646483649e-01
2.0444444444444442865e+00,2.6674119134235740880e-01
2.0467467467467463926e+00,2.6800845167628400967e-01
2.0490490490490489428e+00,2.6927995526383147196e-01
2.0513513513513510489e+00,2.7055570909390475043e-01
2.0536536536536535991e+00,2.7183572014669632466e-01
2.0559559559559557052e+00,2.7311999538955267219e-01
2.0582582582582582553e+00,2.7440854177682588722e-01
2.0605605605605603614e+00,2.7570136625392760443e-01
2.0628628628628629116e+00,2.7699847574935188010e-01
2.0651651651651650177e+00,2.7829987718578758082e-01
2.0674674674674671238e+00,2.7960557746624936648e-01
2.0697697697697696739e+00,2.8091558348954409619e-01
2.0720720720720717800e+00,2.8222990213393034375e-01
2.0743743743743743302e+00,2.8354854027295317564e-01
2.0766766766766764363e+00,2.8487150476083900053e-01
2.0789789789789789864e+00,2.8619880244468626218e-01
2.0812812812812810925e+00,2.8753044015505885289e-01
2.0835835835835831986e+00,2.8886642471185158820e-01
2.0858858858858857488e+00,2.9020676292191360801e-01
2.0881881881881878549e+00,2.9155146157758077274e-01
2.0904904904904904051e+00,2.9290052746153211194e-01
2.0927927927927925111e+00,2.9425396733856312714e-01
2.0950950950950950613e+00,2.9561178796636838895e-01
2.0973973973973971674e+00,2.9697399608256302983e-01
2.0996996996996997176e+00,2.9834059841872950791e-01
2.1020020020020018237e+00,2.9971160168593707906e-01
2.1043043043043039297e+00,3.0108701258838771464e-01
2.1066066066066064799e+00,3.0246683781115535350e-01
2.1089089089089085860e+00,3.0385108403004085220e-01
2.1112112112112111362e+00,3.0523975790432761324e-01
2.1135135135135132423e+00,3.0663286608078166307e-01
2.1158158158158157924e+00,3.0803041519273183235e-01
2.1181181181181178985e+00,3.0943241185763009637e-01
2.1204204204204204487e+00,3.1083886268234806050e-01
2.1227227227227225548e+00,3.1224977425506833528e-01
2.1250250250250246609e+00,3.1366515315539639230e-01
2.1273273273273272110e+00,3.1508500594258154193e-01
2.1296296296296293171e+00,3.1650933916790124911e-01
2.1319319319319318673e+00,3.1793815936220315432e-01
2.1342342342342339734e+00,3.1937147304731261510e-01
2.1365365365365365236e+00,3.2080928672606467966e-01
2.1388388388388386296e+00,3.2225160688997950276e-01
2.1411411411411411798e+00,3.2369844001395153832e-01
2.1434434434434432859e+00,3.2514979255867676455e-01
2.1457457457457453920e+00,3.2660567097086362631e-01
2.1480480480480479422e+00,3.2806608168016881955e-01
2.1503503503503500482e+00,3.2953103110458364933e-01
2.1526526526526525984e+00,3.3100052564277954170e-01
2.1549549549549547045e+00,3.3247457168324812127e-01
2.1572572572572572547e+00,3.3395317559396797691e-01
2.1595595595595593608e+00,3.3543634373295683204e-01
2.1618618618618614668e+00,3.3692408243791088784e-01
2.1641641641641640170e+00,3.3841639803540618514e-01
2.1664664664664661231e+00,3.3991329683309351450e-01
2.1687687687687686733e+00,3.4141478512540462953e-01
2.1710710710710707794e+00,3.4292086918990322131e-01
2.1733733733733733295e+00,3.4443155528845625923e-01
2.1756756756756754356e+00,3.4594684966823374683e-01
2.1779779779779779858e+00,3.4746675855836844926e-01
2.1802802802802800919e+00,3.4899128817509750267e-01
2.1825825825825821980e+00,3.5052044471486693000e-01
2.1848848848848847481e+00,3.5205423436224325684e-01
2.1871871871871868542e+00,3.5359266328121791156e-01
2.1894894894894894044e+00,3.5513573762381805965e-01
2.1917917917917915105e+00,3.5668346352185925641e-01
2.1940940940940940607e+00,3.5823584709402050974e-01
2.1963963963963961668e+00,3.5979289444004047827e-01
2.1986986986986987169e+00,3.6135461164468229978e-01
2.2010010010010008230e+00,3.6292100477546945791e-01
2.2033033033033029291e+00,3.6449207988291343341e-01
2.2056056056056054793e+00,3.6606784300197348081e-01
2.2079079079079075854e+00,3.6764830014876848097e-01
2.2102102102102101355e+00,3.6923345732516044126e-01
2.2125125125125122416e+00,3.7082332051290156638e-01
2.2148148148148147918e+00,3.7241789568009342482e-01
2.2171171171171168979e+00,3.7401718877426992638e-01
2.2194194194194194480e+00,3.7562120572894830417e-01
2.2217217217217215541e+00,3.7722995245752483084e-01
2.2240240240240236602e+00,3.7884343485846011523e-01
2.2263263263263262104e+00,3.8046165881119581309e-01
2.2286286286286283165e+00,3.8208463017811344908e-01
2.2309309309309308667e+00,3.8371235480347670732e-01
2.2332332332332329727e+00,3.8534483851472783877e-01
2.2355355355355355229e+00,3.8698208712442117019e-01
2.2378378378378376290e+00,3.8862410642204175959e-01
2.2401401401401397351e+00,3.9027090217378940240e-01
2.2424424424424422853e+00,3.9192248013363512049e-01
2.2447447447447443913e+00,3.9357884606987891818e-01
2.2470470470470469415e+00,3.9524000571670336868e-01
2.2493493493493490476e+00,3.9690596468221517323e-01
2.2516516516516515978e+00,3.9857672855515052790e-01
2.2539539539539537039e+00,4.0025230328173133643e-01
2.2562562562562562540e+00,4.0193269493488875677e-01
2.2585585585585583601e+00,4.0361790838872885212e-01
2.2608608608608604662e+00,4.0530794753002452602e-01
2.2631631631631630164e+00,4.0700281964486850761e-01
2.2654654654654651225e+00,4.0870253674305767611e-01
2.2677677677677676726e+00,4.1040710196335733473e-01
2.2700700700700697787e+00,4.1211649810273714989e-01
2.2723723723723723289e+00,4.1383072724471037240e-01
2.2746746746746744350e+00,4.1554987151357314357e-01
2.2769769769769769852e+00,4.1727398364549317389e-01
2.2792792792792790912e+00,4.1900282594246140988e-01
2.2815815815815811973e+00,4.2073614187334262837e-01
2.2838838838838837475e+00,4.2247464977449483703e-01
2.2861861861861858536e+00,4.2421951792227574618e-01
2.2884884884884884038e+00,4.2596888311965064311e-01
2.2907907907907905098e+00,4.2771813186818874453e-01
2.2930930930930930600e+00,4.2947127716174560152e-01
2.2953953953953951661e+00,4.3124539360897490292e-01
2.2976976976976977163e+00,4.3303576150839701020e-01
2.2999999999999998224e+00,4.3478260869565199531e-01
