0.0000000000000000000e+00,8.4888926577902008574e+00
2.3023023023023021089e-03,9.0374071826068806956e+00
4.6046046046046042177e-03,8.9750546009966729599e+00
6.9069069069069063266e-03,8.9130364386416260913e+00
9.2092092092092084354e-03,8.8513512391518691658e+00
1.1511511511511510544e-02,8.7899981421541824034e+00
1.3813813813813812653e-02,8.7289759859904094697e+00
1.6116116116116116497e-02,8.6682837525312148585e+00
1.8418418418418416871e-02,8.6079204069623234119e+00
2.0720720720720717245e-02,8.5478848898141688295e+00
2.3023023023023021089e-02,8.4881761993895441520e+00
2.5325325325325324932e-02,8.4287931831820355200e+00
2.7627627627627625306e-02,8.3697348226586854025e+00
2.9929929929929925680e-02,8.3109999101405804822e+00
3.2232232232232232993e-02,8.2525873929073974011e+00
3.4534534534534533368e-02,8.1944960321959783300e+00
3.6836836836836833742e-02,8.1367247215624356471e+00
3.9139139139139134116e-02,8.0792722119548212589e+00
4.1441441441441434490e-02,8.0221373348407389869e+00
4.3743743743743741803e-02,7.9653188410962210142e+00
4.6046046046046042177e-02,7.9088155000315722987e+00
4.8348348348348342551e-02,7.8526260648546282184e+00
5.0650650650650649864e-02,7.7967492490595811105e+00
5.2952952952952950239e-02,7.7411838050326160499e+00
5.5255255255255250613e-02,7.6859284012322390822e+00
5.7557557557557550987e-02,7.6309817819496803537e+00
5.9859859859859851361e-02,7.5763425846371150740e+00
6.2162162162162158674e-02,7.5220095351941891337e+00
6.4464464464464465987e-02,7.4679812555636644333e+00
6.6766766766766766361e-02,7.4142564432486155468e+00
6.9069069069069066735e-02,7.3608337174845130946e+00
7.1371371371371367109e-02,7.3077117420191717301e+00
7.3673673673673667484e-02,7.2548891403884097073e+00
7.5975975975975967858e-02,7.2023645423242177444e+00
7.8278278278278268232e-02,7.1501365778007253127e+00
8.0580580580580568606e-02,7.0982038463851049315e+00
8.2882882882882868980e-02,7.0465649827423204599e+00
8.5185185185185183232e-02,6.9952185633700603162e+00
8.7487487487487483606e-02,6.9441632227769645169e+00
8.9789789789789783980e-02,6.8933975239932863133e+00
9.2092092092092084354e-02,6.8429200941858185914e+00
9.4394394394394384729e-02,6.7927294935724544800e+00
9.6696696696696685103e-02,6.7428243353084660328e+00
9.8998998998998985477e-02,6.6932031852308497832e+00
1.0130130130130129973e-01,6.6438646390886875182e+00
1.0360360360360360010e-01,6.5948072728297146838e+00
1.0590590590590590048e-01,6.5460296648623783611e+00
1.0820820820820820085e-01,6.4975304023933908582e+00
1.1051051051051050123e-01,6.4493080494261265656e+00
1.1281281281281280160e-01,6.4013612028096416040e+00
1.1511511511511510197e-01,6.3536884174210204179e+00
1.1741741741741740235e-01,6.3062882958632462405e+00
1.1971971971971970272e-01,6.2591593909904759130e+00
1.2202202202202201697e-01,6.2123003056342760431e+00
1.2432432432432431735e-01,6.1657095982938816547e+00
1.2662662662662660384e-01,6.1193858672936105592e+00
1.2892892892892893197e-01,6.0733276824456181586e+00
1.3123123123123123235e-01,6.0275336353281501189e+00
1.3353353353353353272e-01,5.9820023098913628345e+00
1.3583583583583583310e-01,5.9367322912195277240e+00
1.3813813813813813347e-01,5.8917221778123609610e+00
1.4044044044044043384e-01,5.8469705506050964061e+00
1.4274274274274273422e-01,5.8024760210308894415e+00
1.4504504504504503459e-01,5.7582371699521068820e+00
1.4734734734734733497e-01,5.7142526184293789271e+00
1.4964964964964963534e-01,5.6705209526516444640e+00
1.5195195195195193572e-01,5.6270407989237414270e+00
1.5425425425425423609e-01,5.5838107543456656501e+00
1.5655655655655653646e-01,5.5408294470070158511e+00
1.5885885885885883684e-01,5.4980954887313169266e+00
1.6116116116116113721e-01,5.4556075078801580247e+00
1.6346346346346343759e-01,5.4133641327147605793e+00
1.6576576576576573796e-01,5.3713639922038716179e+00
1.6806806806806806609e-01,5.3296057309696349691e+00
1.7037037037037036646e-01,5.2880879804820386525e+00
1.7267267267267266684e-01,5.2468094001316458730e+00
1.7497497497497496721e-01,5.2057686270945477958e+00
1.7727727727727726759e-01,5.1649643326657610487e+00
1.7957957957957956796e-01,5.1243951638744569266e+00
1.8188188188188186833e-01,5.0840598004124633036e+00
1.8418418418418416871e-01,5.0439569032218489752e+00
1.8648648648648646908e-01,5.0040851578269753830e+00
1.8878878878878876946e-01,4.9644432416283041931e+00
1.9109109109109106983e-01,4.9250298449469909201e+00
1.9339339339339337021e-01,4.8858436626085941512e+00
1.9569569569569567058e-01,4.8468833900803849346e+00
1.9799799799799797095e-01,4.8081477392339850851e+00
2.0030030030030027133e-01,4.7696354122340141046e+00
2.0260260260260259946e-01,4.7313451364710337188e+00
2.0490490490490489983e-01,4.6932756233355625852e+00
2.0720720720720720021e-01,4.6554256132355726905e+00
2.0950950950950950058e-01,4.6177938299987362214e+00
2.1181181181181180095e-01,4.5803790242568585001e+00
2.1411411411411410133e-01,4.5431799351952228960e+00
2.1641641641641640170e-01,4.5061953217442258790e+00
2.1871871871871870208e-01,4.4694239401153659230e+00
2.2102102102102100245e-01,4.4328645568159359414e+00
2.2332332332332330282e-01,4.3965159455608491257e+00
2.2562562562562560320e-01,4.3603768807879275116e+00
2.2792792792792790357e-01,4.3244461531581332991e+00
2.3023023023023020395e-01,4.2887225462870439685e+00
2.3253253253253250432e-01,4.2532048663402335364e+00
2.3483483483483480470e-01,4.2178919081437564742e+00
2.3713713713713710507e-01,4.1827824912055735496e+00
2.3943943943943940544e-01,4.1478754240357167404e+00
2.4174174174174173357e-01,4.1131695372511440922e+00
2.4404404404404403395e-01,4.0786636551204482615e+00
2.4634634634634633432e-01,4.0443566179166730024e+00
2.4864864864864863470e-01,4.0102472667377497828e+00
2.5095095095095093507e-01,3.9763344510167053514e+00
2.5325325325325320769e-01,3.9426170288298671984e+00
2.5555555555555553582e-01,3.9090938590897250648e+00
2.5785785785785786395e-01,3.8757638162010010774e+00
2.6016016016016013657e-01,3.8426257695803478498e+00
2.6246246246246246470e-01,3.8096786086306368979e+00
2.6476476476476473731e-01,3.7769212149019595337e+00
2.6706706706706706544e-01,3.7443524909292325020e+00
2.6936936936936933806e-01,3.7119713322998006966e+00
2.7167167167167166619e-01,3.6797766529036688432e+00
2.7397397397397393881e-01,3.6477673638182559479e+00
2.7627627627627626694e-01,3.6159423891879041157e+00
2.7857857857857853956e-01,3.5843006562326324982e+00
2.8088088088088086769e-01,3.5528410990023653326e+00
2.8318318318318314031e-01,3.5215626607997156938e+00
2.8548548548548546844e-01,3.4904642858739403088e+00
2.8778778778778774106e-01,3.4595449329284435613e+00
2.9009009009009006919e-01,3.4288035572544872664e+00
2.9239239239239234180e-01,3.3982391317400706399e+00
2.9469469469469466993e-01,3.3678506240230183799e+00
2.9699699699699699806e-01,3.3376370195744100577e+00
2.9929929929929927068e-01,3.3075972998400016145e+00
3.0160160160160159881e-01,3.2777304614676894268e+00
3.0390390390390387143e-01,3.2480355007118757449e+00
3.0620620620620619956e-01,3.2185114245614681039e+00
3.0850850850850847218e-01,3.1891572444417550791e+00
3.1081081081081080031e-01,3.1599719774313212994e+00
3.1311311311311307293e-01,3.1309546499334026670e+00
3.1541541541541540106e-01,3.1021042893818755459e+00
3.1771771771771767368e-01,3.0734199364817271771e+00
3.2002002002002000181e-01,3.0449006297261926868e+00
3.2232232232232227442e-01,3.0165454230246440126e+00
3.2462462462462460255e-01,2.9883533669764448248e+00
3.2692692692692687517e-01,2.9603235273317611842e+00
3.2922922922922920330e-01,2.9324549678998295121e+00
3.3153153153153147592e-01,2.9047467651518266152e+00
3.3383383383383380405e-01,2.8771979967821228463e+00
3.3613613613613613218e-01,2.8498077493496762891e+00
3.3843843843843840480e-01,2.8225751146054101071e+00
3.4074074074074073293e-01,2.7954991890242557595e+00
3.4304304304304300555e-01,2.7685790781425194673e+00
3.4534534534534533368e-01,2.7418138885820306783e+00
3.4764764764764760629e-01,2.7152027390084647607e+00
3.4994994994994993442e-01,2.6887447467755789532e+00
3.5225225225225220704e-01,2.6624390426910311547e+00
3.5455455455455453517e-01,2.6362847556897732737e+00
3.5685685685685680779e-01,2.6102810275794303685e+00
3.5915915915915913592e-01,2.5844269997025355323e+00
3.6146146146146140854e-01,2.5587218239787503649e+00
3.6376376376376373667e-01,2.5331646545959154437e+00
3.6606606606606600929e-01,2.5077546530957599558e+00
3.6836836836836833742e-01,2.4824909865499331652e+00
3.7067067067067066555e-01,2.4573728260035516691e+00
3.7297297297297293817e-01,2.4323993511011487989e+00
3.7527527527527526630e-01,2.4075697426013999980e+00
3.7757757757757753891e-01,2.3828831921051496501e+00
3.7987987987987986704e-01,2.3583388905774591571e+00
3.8218218218218213966e-01,2.3339360406935267811e+00
3.8448448448448446779e-01,2.3096738443080591097e+00
3.8678678678678674041e-01,2.2855515142161402231e+00
3.8908908908908906854e-01,2.2615682637675553757e+00
3.9139139139139134116e-01,2.2377233151700517411e+00
3.9369369369369366929e-01,2.2140158935412324048e+00
3.9599599599599594191e-01,2.1904452301255190605e+00
3.9829829829829827004e-01,2.1670105617627273276e+00
4.0060060060060054266e-01,2.1437111286583672154e+00
4.0290290290290287079e-01,2.1205461790473103534e+00
4.0520520520520519892e-01,2.0975149622831339435e+00
4.0750750750750747153e-01,2.0746167374208610568e+00
4.0980980980980979966e-01,2.0518507633773066523e+00
4.1211211211211207228e-01,2.0292163092434587490e+00
4.1441441441441440041e-01,2.0067126440494602591e+00
4.1671671671671667303e-01,1.9843390461307968131e+00
4.1901901901901900116e-01,1.9620947950683167438e+00
4.2132132132132127378e-01,1.9399791778811135146e+00
4.2362362362362360191e-01,1.9179914848575443376e+00
4.2592592592592587453e-01,1.8961310114108156366e+00
4.2822822822822820266e-01,1.8743970584358320419e+00
4.3053053053053047527e-01,1.8527889296932180674e+00
4.3283283283283280340e-01,1.8313059363552839365e+00
4.3513513513513507602e-01,1.8099473906982914695e+00
4.3743743743743740415e-01,1.7887126136417919042e+00
4.3973973973973967677e-01,1.7676009263303260610e+00
4.4204204204204200490e-01,1.7466116587392244153e+00
4.4434434434434433303e-01,1.7257441413236362937e+00
4.4664664664664660565e-01,1.7049977124622885949e+00
4.4894894894894893378e-01,1.6843717122290691179e+00
4.5125125125125120640e-01,1.6638654869596876118e+00
4.5355355355355353453e-01,1.6434783864217490379e+00
4.5585585585585580715e-01,1.6232097646844225736e+00
4.5815815815815813528e-01,1.6030589810743611778e+00
4.6046046046046040789e-01,1.5830253973700596504e+00
4.6276276276276273602e-01,1.5631083821363820352e+00
4.6506506506506500864e-01,1.5433073050140539983e+00
4.6736736736736733677e-01,1.5236215433206445891e+00
4.6966966966966960939e-01,1.5040504748606606800e+00
4.7197197197197193752e-01,1.4845934850995743393e+00
4.7427427427427421014e-01,1.4652499603581410348e+00
4.7657657657657653827e-01,1.4460192937128995005e+00
4.7887887887887881089e-01,1.4269008802114719892e+00
4.8118118118118113902e-01,1.4078941201856265408e+00
4.8348348348348346715e-01,1.3889984174283693807e+00
4.8578578578578573977e-01,1.3702131793550820227e+00
4.8808808808808806790e-01,1.3515378183507420484e+00
4.9039039039039034051e-01,1.3329717489075914028e+00
4.9269269269269266864e-01,1.3145143916959143304e+00
4.9499499499499494126e-01,1.2961651684251564998e+00
4.9729729729729726939e-01,1.2779235076081365552e+00
4.9959959959959954201e-01,1.2597888384301685338e+00
5.0190190190190187014e-01,1.2417605967217173468e+00
5.0420420420420419827e-01,1.2238382194213071053e+00
5.0650650650650641538e-01,1.2060211492359365071e+00
5.0880880880880874351e-01,1.1883088309958911299e+00
5.1111111111111107164e-01,1.1707007140010070589e+00
5.1341341341341339977e-01,1.1531962509533926209e+00
5.1571571571571572790e-01,1.1357948976150253895e+00
5.1801801801801794500e-01,1.1184961143976825948e+00
5.2032032032032027313e-01,1.1012993635322034791e+00
5.2262262262262260126e-01,1.0842041128506163528e+00
5.2492492492492492939e-01,1.0672098311824049777e+00
5.2722722722722714650e-01,1.0503159933771315515e+00
5.2952952952952947463e-01,1.0335220750853000293e+00
5.3183183183183180276e-01,1.0168275577223000461e+00
5.3413413413413413089e-01,1.0002319239742061274e+00
5.3643643643643634800e-01,9.8373466146021182333e-01
5.3873873873873867613e-01,9.6733525998801173085e-01
5.4104104104104100426e-01,9.5103321315436450956e-01
5.4334334334334333239e-01,9.3482801784292990366e-01
5.4564564564564554949e-01,9.1871917352979892701e-01
5.4794794794794787762e-01,9.0270618401029933953e-01
5.5025025025025020575e-01,8.8678855465705497263e-01
5.5255255255255253388e-01,8.7096579590619682687e-01
5.5485485485485486201e-01,8.5523741914748196979e-01
5.5715715715715707912e-01,8.3960294109284749897e-01
5.5945945945945940725e-01,8.2406187934040253662e-01
5.6176176176176173538e-01,8.0861375649189859427e-01
5.6406406406406406351e-01,7.9325809651661149946e-01
5.6636636636636628062e-01,7.7799442760934744978e-01
5.6866866866866860875e-01,7.6282228015853481562e-01
5.7097097097097093688e-01,7.4774118777179865436e-01
5.7327327327327326500e-01,7.3275068719432567832e-01
5.7557557557557548211e-01,7.1785031737424098708e-01
5.7787787787787781024e-01,7.0303962125133190320e-01
5.8018018018018013837e-01,6.8831814313958639140e-01
5.8248248248248246650e-01,6.7368543192125540653e-01
5.8478478478478468361e-01,6.5914103738855622794e-01
5.8708708708708701174e-01,6.4468451403688853407e-01
5.8938938938938933987e-01,6.3031541730062701223e-01
5.9169169169169166800e-01,6.1603330696029023894e-01
5.9399399399399399613e-01,6.0183774421328317672e-01
5.9629629629629621324e-01,5.8772829388235170445e-01
5.9859859859859854136e-01,5.7370452294842111396e-01
6.0090090090090086949e-01,5.5976600113334362696e-01
6.0320320320320319762e-01,5.4591230112878930125e-01
6.0550550550550541473e-01,5.3214299750417648482e-01
6.0780780780780774286e-01,5.1845766850456143082e-01
6.1011011011011007099e-01,5.0485589357866533788e-01
6.1241241241241239912e-01,4.9133725629102303900e-01
6.1471471471471461623e-01,4.7790134107439186106e-01
6.1701701701701694436e-01,4.6454773651729203143e-01
6.1931931931931927249e-01,4.5127603217614026265e-01
6.2162162162162160062e-01,4.3808582138588642030e-01
6.2392392392392381772e-01,4.2497669891389783237e-01
6.2622622622622614585e-01,4.1194826264300282714e-01
6.2852852852852847398e-01,3.9900011255223433171e-01
6.3083083083083080211e-01,3.8613185095934182689e-01
6.3313313313313313024e-01,3.7334308297635865337e-01
6.3543543543543534735e-01,3.6063341532124132405e-01
6.3773773773773767548e-01,3.4800245808808649706e-01
6.4004004004004000361e-01,3.3544982243173049330e-01
6.4234234234234233174e-01,3.2297512321174681738e-01
6.4464464464464454885e-01,3.1057797611736087662e-01
6.4694694694694687698e-01,2.9825800051023365622e-01
6.4924924924924920511e-01,2.8601481673159195873e-01
6.5155155155155153324e-01,2.7384804841116933138e-01
6.5385385385385375034e-01,2.6175732060304429671e-01
6.5615615615615607847e-01,2.4974226104299804274e-01
6.5845845845845840660e-01,2.3780249948447565456e-01
6.6076076076076073473e-01,2.2593766768082149121e-01
6.6306306306306295184e-01,2.1414740000333687409e-01
6.6536536536536527997e-01,2.0243133220183365251e-01
6.6766766766766760810e-01,1.9078910312182673081e-01
6.6996996996996993623e-01,1.7922035255016924293e-01
6.7227227227227226436e-01,1.6772472360629045451e-01
6.7457457457457448147e-01,1.5630186020463757157e-01
6.7687687687687680960e-01,1.4495140950566595683e-01
6.7917917917917913773e-01,1.3367301964884470422e-01
6.8148148148148146586e-01,1.2246634163891875757e-01
6.8378378378378368296e-01,1.1133102788078286238e-01
6.8608608608608601109e-01,1.0026673309151679092e-01
6.8838838838838833922e-01,8.9273113917878607615e-02
6.9069069069069066735e-01,7.8349828720817943362e-02
6.9299299299299288446e-01,6.7496538306694858766e-02
6.9529529529529521259e-01,5.6712904670214704661e-02
6.9759759759759754072e-01,4.5998592641289907934e-02
6.9989989989989986885e-01,3.5353267891771913978e-02
7.0220220220220219698e-01,2.4776599090088911870e-02
7.0450450450450441409e-01,1.4268255668947491671e-02
7.0680680680680674222e-01,3.8279099310893492832e-03
7.0910910910910907035e-01,-6.5447648508468779863e-03
7.1141141141141139848e-01,-1.6850092904740401195e-02
7.1371371371371361558e-01,-2.7088397093244113989e-02
7.1601601601601594371e-01,-3.7259998282019167470e-02
7.1831831831831827184e-01,-4.7365215499621762807e-02
7.2062062062062059997e-01,-5.7404366301537702866e-02
7.2292292292292281708e-01,-6.7377765963808081140e-02
7.2522522522522514521e-01,-7.7285728732958608456e-02
7.2752752752752747334e-01,-8.7128566260943646204e-02
7.2982982982982980147e-01,-9.6906589440081056241e-02
7.3213213213213201858e-01,-1.0662010646868556873e-01
7.3443443443443434671e-01,-1.1626942480811673641e-01
7.3673673673673667484e-01,-1.2585484938087634910e-01
7.3903903903903900297e-01,-1.3537668415460507587e-01
7.4134134134134133109e-01,-1.4483523091386452109e-01
7.4364364364364354820e-01,-1.5423079011976942310e-01
7.4594594594594587633e-01,-1.6356366050558954206e-01
7.4824824824824820446e-01,-1.7283413906135960958e-01
7.5055055055055053259e-01,-1.8204252150759989148e-01
7.5285285285285274970e-01,-1.9118910144323783551e-01
7.5515515515515507783e-01,-2.0027417157012167293e-01
7.5745745745745740596e-01,-2.0929802221706850229e-01
7.5975975975975973409e-01,-2.1826094302102932998e-01
7.6206206206206195120e-01,-2.2716322119704257521e-01
7.6436436436436427933e-01,-2.3600514324755880735e-01
7.6666666666666660745e-01,-2.4478699342774926095e-01
7.6896896896896893558e-01,-2.5350905505697030051e-01
7.7127127127127115269e-01,-2.6217160954541174345e-01
7.7357357357357348082e-01,-2.7077493702571386880e-01
7.7587587587587580895e-01,-2.7931931613268651260e-01
7.7817817817817813708e-01,-2.8780502385088296835e-01
7.8048048048048046521e-01,-2.9623233606713161858e-01
7.8278278278278268232e-01,-3.0460152669562035044e-01
7.8508508508508501045e-01,-3.1291286886349239937e-01
7.8738738738738733858e-01,-3.2116663352840391088e-01
7.8968968968968966671e-01,-3.2936309101145111455e-01
7.9199199199199188381e-01,-3.3750250945632270794e-01
7.9429429429429421194e-01,-3.4558515631589820094e-01
7.9659659659659654007e-01,-3.5361129705247312804e-01
7.9889889889889886820e-01,-3.6158119621424494872e-01
8.0120120120120108531e-01,-3.6949511667758899724e-01
8.0350350350350341344e-01,-3.7735332008949584726e-01
8.0580580580580574157e-01,-3.8515606679586245065e-01
8.0810810810810806970e-01,-3.9290361558309605527e-01
8.1041041041041039783e-01,-4.0059622428482444256e-01
8.1271271271271261494e-01,-4.0823414890195852678e-01
8.1501501501501494307e-01,-4.1581764473954030414e-01
8.1731731731731727120e-01,-4.2334696511999347912e-01
8.1961961961961959933e-01,-4.3082236277394225787e-01
8.2192192192192181643e-01,-4.3824408847431284286e-01
8.2422422422422414456e-01,-4.4561239232273286426e-01
8.2652652652652647269e-01,-4.5292752265622343577e-01
8.2882882882882880082e-01,-4.6018972692098597532e-01
8.3113113113113101793e-01,-4.6739925109710672713e-01
8.3343343343343334606e-01,-4.7455633998427992903e-01
8.3573573573573567419e-01,-4.8166123724930548500e-01
8.3803803803803800232e-01,-4.8871418508715608331e-01
8.4034034034034021943e-01,-4.9571542486210096179e-01
8.4264264264264254756e-01,-5.0266519623671845896e-01
8.4494494494494487569e-01,-5.0956373825290768309e-01
8.4724724724724720382e-01,-5.1641128814148906656e-01
8.4954954954954953195e-01,-5.2320808257744388925e-01
8.5185185185185174905e-01,-5.2995435647557775916e-01
8.5415415415415407718e-01,-5.3665034409717116137e-01
8.5645645645645640531e-01,-5.4329627813796210756e-01
8.5875875875875873344e-01,-5.4989239042727700024e-01
8.6106106106106095055e-01,-5.5643891150683266744e-01
8.6336336336336327868e-01,-5.6293607078705709679e-01
8.6566566566566560681e-01,-5.6938409668938860797e-01
8.6796796796796793494e-01,-5.7578321624757833330e-01
8.7027027027027015205e-01,-5.8213365576732234441e-01
8.7257257257257248018e-01,-5.8843563997506165286e-01
8.7487487487487480831e-01,-5.9468939303814671860e-01
8.7717717717717713644e-01,-6.0089513747007972100e-01
8.7947947947947935354e-01,-6.0705309525710227092e-01
8.8178178178178168167e-01,-6.1316348680264665116e-01
8.8408408408408400980e-01,-6.1922653187277387765e-01
8.8638638638638633793e-01,-6.2524244884329549521e-01
8.8868868868868866606e-01,-6.3121145524856747677e-01
8.9099099099099088317e-01,-6.3713376749021255474e-01
8.9329329329329321130e-01,-6.4300960088718750463e-01
8.9559559559559553943e-01,-6.4883916989251655405e-01
8.9789789789789786756e-01,-6.5462268765203546206e-01
9.0020020020020008467e-01,-6.6036036666975950205e-01
9.0250250250250241280e-01,-6.6605241798488334926e-01
9.0480480480480474093e-01,-6.7169905212792191396e-01
9.0710710710710706906e-01,-6.7730047811964699811e-01
9.0940940940940928616e-01,-6.8285690447667379832e-01
9.1171171171171161429e-01,-6.8836853829206157140e-01
9.1401401401401394242e-01,-6.9383558603665618225e-01
9.1631631631631627055e-01,-6.9925825294554766476e-01
9.1861861861861848766e-01,-7.0463674343766180552e-01
9.2092092092092081579e-01,-7.0997126093361861976e-01
9.2322322322322314392e-01,-7.1526200781909166082e-01
9.2552552552552547205e-01,-7.2050918571889743802e-01
9.2782782782782780018e-01,-7.2571299502732367070e-01
9.3013013013013001729e-01,-7.3087363556882234406e-01
9.3243243243243234541e-01,-7.3599130580980509642e-01
9.3473473473473467354e-01,-7.4106620374866027934e-01
9.3703703703703700167e-01,-7.4609852600592085903e-01
9.3933933933933921878e-01,-7.5108846871653511812e-01
9.4164164164164154691e-01,-7.5603622673470916027e-01
9.4394394394394387504e-01,-7.6094199430678532980e-01
9.4624624624624620317e-01,-7.6580596457949268174e-01
9.4854854854854842028e-01,-7.7062832990889307272e-01
9.5085085085085074841e-01,-7.7540928176946832817e-01
9.5315315315315307654e-01,-7.8014901064753017224e-01
9.5545545545545540467e-01,-7.8484770635834333330e-01
9.5775775775775762177e-01,-7.8950555755975537764e-01
9.6006006006005994990e-01,-7.9412275240000107512e-01
9.6236236236236227803e-01,-7.9869947776911709436e-01
9.6466466466466460616e-01,-8.0323592012198363754e-01
9.6696696696696693429e-01,-8.0773226465643266359e-01
9.6926926926926915140e-01,-8.1218869609998822767e-01
9.7157157157157147953e-01,-8.1660539802751086480e-01
9.7387387387387380766e-01,-8.2098255341983350508e-01
9.7617617617617613579e-01,-8.2532034427816158839e-01
9.7847847847847835290e-01,-8.2961895183851397384e-01
9.8078078078078068103e-01,-8.3387855655655229725e-01
9.8308308308308300916e-01,-8.3809933794526170203e-01
9.8538538538538533729e-01,-8.4228147492296867593e-01
9.8768768768768755439e-01,-8.4642514532004164973e-01
9.8998998998998988252e-01,-8.5053052650702654081e-01
9.9229229229229221065e-01,-8.5459779468952556947e-01
9.9459459459459453878e-01,-8.5862712566403887049e-01
9.9689689689689686691e-01,-8.6261869408058999831e-01
9.9919919919919908402e-01,-8.6657267413154781543e-01
1.0015015015015014122e+00,-8.7048923897139329764e-01
1.0038038038038037403e+00,-8.7436856117417205425e-01
1.0061061061061060684e+00,-8.7821081244007481725e-01
1.0084084084084083965e+00,-8.8201616372968361102e-01
1.0107107107107107247e+00,-8.8578478531111692895e-01
1.0130130130130128308e+00,-8.8951684655423413073e-01
1.0153153153153151589e+00,-8.9321251629942899353e-01
1.0176176176176174870e+00,-8.9687196236532784610e-01
1.0199199199199198151e+00,-9.0049535215211751193e-01
1.0222222222222221433e+00,-9.0408285198228544033e-01
1.0245245245245244714e+00,-9.0763462778997072711e-01
1.0268268268268267995e+00,-9.1115084446408245444e-01
1.0291291291291291277e+00,-9.1463166644669890992e-01
1.0314314314314314558e+00,-9.1807725724485089724e-01
1.0337337337337335619e+00,-9.2148777979859608500e-01
1.0360360360360358900e+00,-9.2486339626731939312e-01
1.0383383383383382181e+00,-9.2820426809623934883e-01
1.0406406406406405463e+00,-9.3151055611421096359e-01
1.0429429429429428744e+00,-9.3478242029489111431e-01
1.0452452452452452025e+00,-9.3802002013764218535e-01
1.0475475475475475307e+00,-9.4122351418293026537e-01
1.0498498498498498588e+00,-9.4439306058663730070e-01
1.0521521521521519649e+00,-9.4752881650833864491e-01
1.0544544544544542930e+00,-9.5063093873560577940e-01
1.0567567567567566211e+00,-9.5369958310328428741e-01
1.0590590590590589493e+00,-9.5673490500885360888e-01
1.0613613613613612774e+00,-9.5973705900683314862e-01
1.0636636636636636055e+00,-9.6270619909831434136e-01
1.0659659659659659336e+00,-9.6564247858583296402e-01
1.0682682682682682618e+00,-9.6854605008323102489e-01
1.0705705705705705899e+00,-9.7141706565399310591e-01
1.0728728728728726960e+00,-9.7425567654835742992e-01
1.0751751751751750241e+00,-9.7706203358920062918e-01
1.0774774774774773523e+00,-9.7983628670042044462e-01
1.0797797797797796804e+00,-9.8257858544929899125e-01
1.0820820820820820085e+00,-9.8528907848279811965e-01
1.0843843843843843366e+00,-9.8796791408910100696e-01
1.0866866866866866648e+00,-9.9061523968814602092e-01
1.0889889889889889929e+00,-9.9323120227119987558e-01
1.0912912912912910990e+00,-9.9581594806902384853e-01
1.0935935935935934271e+00,-9.9836962277264873489e-01
1.0958958958958957552e+00,-1.0008923714468529464e+00
1.0981981981981980834e+00,-1.0033843384930409837e+00
1.1005005005005004115e+00,-1.0058456678193061773e+00
1.1028028028028027396e+00,-1.0082765025611348797e+00
1.1051051051051050678e+00,-1.0106769854661592500e+00
1.1074074074074073959e+00,-1.0130472584399530245e+00
1.1097097097097097240e+00,-1.0153874630540478119e+00
1.1120120120120118301e+00,-1.0176977400303806043e+00
1.1143143143143141582e+00,-1.0199782297426600586e+00
1.1166166166166164864e+00,-1.0222290717732900323e+00
1.1189189189189188145e+00,-1.0244504052841201247e+00
1.1212212212212211426e+00,-1.0266423687502206352e+00
1.1235235235235234708e+00,-1.0288051001208484703e+00
1.1258258258258257989e+00,-1.0309387367826401416e+00
1.1281281281281281270e+00,-1.0330434154841088290e+00
1.1304304304304302331e+00,-1.0351192725298088426e+00
1.1327327327327325612e+00,-1.0371664434911931352e+00
1.1350350350350348894e+00,-1.0391850635852770690e+00
1.1373373373373372175e+00,-1.0411752672412524223e+00
1.1396396396396395456e+00,-1.0431371885727658277e+00
1.1419419419419418738e+00,-1.0450709609097894592e+00
1.1442442442442442019e+00,-1.0469767172429853552e+00
1.1465465465465465300e+00,-1.0488545898418397684e+00
1.1488488488488488581e+00,-1.0507047105633309236e+00
1.1511511511511509642e+00,-1.0525272106436560637e+00
1.1534534534534532924e+00,-1.0543222208074543023e+00
1.1557557557557556205e+00,-1.0560898712727577742e+00
1.1580580580580579486e+00,-1.0578302916445856408e+00
1.1603603603603602767e+00,-1.0595436111265914558e+00
1.1626626626626626049e+00,-1.0612299582275992460e+00
1.1649649649649649330e+00,-1.0628894611299981587e+00
1.1672672672672672611e+00,-1.0645222472799014124e+00
1.1695695695695693672e+00,-1.0661284438226452664e+00
1.1718718718718716953e+00,-1.0677081771811496314e+00
1.1741741741741740235e+00,-1.0692615734463866151e+00
1.1764764764764763516e+00,-1.0707887580518244963e+00
1.1787787787787786797e+00,-1.0722898560262847933e+00
1.1810810810810810079e+00,-1.0737649918366776181e+00
1.1833833833833833360e+00,-1.0752142894528202710e+00
1.1856856856856856641e+00,-1.0766378723870737577e+00
1.1879879879879879923e+00,-1.0780358635636941855e+00
1.1902902902902900983e+00,-1.0794083855422451634e+00
1.1925925925925924265e+00,-1.0807555602245542126e+00
1.1948948948948947546e+00,-1.0820775092094929715e+00
1.1971971971971970827e+00,-1.0833743534086563987e+00
1.1994994994994994109e+00,-1.0846462134448731085e+00
1.2018018018018017390e+00,-1.0858932092754880472e+00
1.2041041041041040671e+00,-1.0871154605325150655e+00
1.2064064064064063952e+00,-1.0883130862483663126e+00
1.2087087087087085013e+00,-1.0894862050589750879e+00
1.2110110110110108295e+00,-1.0906349350910273799e+00
1.2133133133133131576e+00,-1.0917593939890068988e+00
1.2156156156156154857e+00,-1.0928596989832290998e+00
1.2179179179179178139e+00,-1.0939359667406685084e+00
1.2202202202202201420e+00,-1.0949883135952791502e+00
1.2225225225225224701e+00,-1.0960168552592113311e+00
1.2248248248248247982e+00,-1.0970217071613410642e+00
1.2271271271271271264e+00,-1.0980029840897151949e+00
1.2294294294294292325e+00,-1.0989608005534008406e+00
1.2317317317317315606e+00,-1.0998952704487126031e+00
1.2340340340340338887e+00,-1.1008065073526049904e+00
1.2363363363363362168e+00,-1.1016946242949205992e+00
1.2386386386386385450e+00,-1.1025597339173118794e+00
1.2409409409409408731e+00,-1.1034019483990853416e+00
1.2432432432432432012e+00,-1.1042213794523736414e+00
1.2455455455455455294e+00,-1.1050181384129604822e+00
1.2478478478478476354e+00,-1.1057923360776931165e+00
1.2501501501501499636e+00,-1.1065440829374315612e+00
1.2524524524524522917e+00,-1.1072734888959290256e+00
1.2547547547547546198e+00,-1.1079806635899600575e+00
1.2570570570570569480e+00,-1.1086657160593684779e+00
1.2593593593593592761e+00,-1.1093287550730788205e+00
1.2616616616616616042e+00,-1.1099698888359799120e+00
1.2639639639639639324e+00,-1.1105892252392832731e+00
1.2662662662662662605e+00,-1.1111868716746551300e+00
1.2685685685685683666e+00,-1.1117629351542344107e+00
1.2708708708708706947e+00,-1.1123175222696635167e+00
1.2731731731731730228e+00,-1.1128507391607798116e+00
1.2754754754754753510e+00,-1.1133626916243148930e+00
1.2777777777777776791e+00,-1.1138534849422419004e+00
1.2800800800800800072e+00,-1.1143232241138623095e+00
1.2823823823823823354e+00,-1.1147720135849383816e+00
1.2846846846846846635e+00,-1.1151999575479545346e+00
1.2869869869869867696e+00,-1.1156071596399537160e+00
1.2892892892892890977e+00,-1.1159937232340138014e+00
1.2915915915915914258e+00,-1.1163597511841683030e+00
1.2938938938938937540e+00,-1.1167053460364375628e+00
1.2961961961961960821e+00,-1.1170306098804028139e+00
1.2984984984984984102e+00,-1.1173356444351467687e+00
1.3008008008008007383e+00,-1.1176205510365531115e+00
1.3031031031031030665e+00,-1.1178854305842620409e+00
1.3054054054054053946e+00,-1.1181303836638853966e+00
1.3077077077077075007e+00,-1.1183555103700679734e+00
1.3100100100100098288e+00,-1.1185609105346594472e+00
1.3123123123123121569e+00,-1.1187466834683021943e+00
1.3146146146146144851e+00,-1.1189129282396101939e+00
1.3169169169169168132e+00,-1.1190597434007862887e+00
1.3192192192192191413e+00,-1.1191872272459228999e+00
1.3215215215215214695e+00,-1.1192954775913974697e+00
1.3238238238238237976e+00,-1.1193845919511131726e+00
1.3261261261261259037e+00,-1.1194546674214074233e+00
1.3284284284284282318e+00,-1.1195058007374152353e+00
1.3307307307307305599e+00,-1.1195380882841770021e+00
1.3330330330330328881e+00,-1.1195516260261750840e+00
1.3353353353353352162e+00,-1.1195465096392391846e+00
1.3376376376376375443e+00,-1.1195228343316221409e+00
1.3399399399399398725e+00,-1.1194806950657607558e+00
1.3422422422422422006e+00,-1.1194201863140329500e+00
1.3445445445445445287e+00,-1.1193414023161871729e+00
1.3468468468468466348e+00,-1.1192444368322940207e+00
1.3491491491491489629e+00,-1.1191293833696545068e+00
1.3514514514514512911e+00,-1.1189963349958733652e+00
1.3537537537537536192e+00,-1.1188453844818777583e+00
1.3560560560560559473e+00,-1.1186766242162069496e+00
1.3583583583583582755e+00,-1.1184901462359255753e+00
1.3606606606606606036e+00,-1.1182860422575127135e+00
1.3629629629629629317e+00,-1.1180644035927527202e+00
1.3652652652652652598e+00,-1.1178253212870354893e+00
1.3675675675675673659e+00,-1.1175688859411705423e+00
1.3698698698698696941e+00,-1.1172951879247505769e+00
1.3721721721721720222e+00,-1.1170043171472467947e+00
1.3744744744744743503e+00,-1.1166963632934574502e+00
1.3767767767767766784e+00,-1.1163714156029631575e+00
1.3790790790790790066e+00,-1.1160295630675274303e+00
1.3813813813813813347e+00,-1.1156708942740862778e+00
1.3836836836836836628e+00,-1.1152954975188729136e+00
1.3859859859859857689e+00,-1.1149034607474328507e+00
1.3882882882882880970e+00,-1.1144948715638189896e+00
1.3905905905905904252e+00,-1.1140698172776362096e+00
1.3928928928928927533e+00,-1.1136283848096208970e+00
1.3951951951951950814e+00,-1.1131706608334097641e+00
1.3974974974974974096e+00,-1.1126967316004803266e+00
1.3997997997997997377e+00,-1.1122066831433712331e+00
1.4021021021021020658e+00,-1.1117006010630710033e+00
1.4044044044044043940e+00,-1.1111785707425190228e+00
1.4067067067067065000e+00,-1.1106406771515788812e+00
1.4090090090090088282e+00,-1.1100870050169231451e+00
1.4113113113113111563e+00,-1.1095176386922676048e+00
1.4136136136136134844e+00,-1.1089326622468063110e+00
1.4159159159159158126e+00,-1.1083321594275663546e+00
1.4182182182182181407e+00,-1.1077162136503539980e+00
1.4205205205205204688e+00,-1.1070849080596996128e+00
1.4228228228228227970e+00,-1.1064383254271135115e+00
1.4251251251251249030e+00,-1.1057765482938501922e+00
1.4274274274274272312e+00,-1.1050996588009338595e+00
1.4297297297297295593e+00,-1.1044077388810087381e+00
1.4320320320320318874e+00,-1.1037008700624617585e+00
1.4343343343343342156e+00,-1.1029791336614875874e+00
1.4366366366366365437e+00,-1.1022426106111911093e+00
1.4389389389389388718e+00,-1.1014913816061271401e+00
1.4412412412412411999e+00,-1.1007255269970714906e+00
1.4435435435435435281e+00,-1.0999451268568107842e+00
1.4458458458458456342e+00,-1.0991502609616907726e+00
1.4481481481481479623e+00,-1.0983410087674156941e+00
1.4504504504504502904e+00,-1.0975174494790229662e+00
1.4527527527527526185e+00,-1.0966796619443612837e+00
1.4550550550550549467e+00,-1.0958277247957619593e+00
1.4573573573573572748e+00,-1.0949617162867049114e+00
1.4596596596596596029e+00,-1.0940817144713612663e+00
1.4619619619619619311e+00,-1.0931877970256103083e+00
1.4642642642642640372e+00,-1.0922800414183395645e+00
1.4665665665665663653e+00,-1.0913585247632058284e+00
1.4688688688688686934e+00,-1.0904233239399172550e+00
1.4711711711711710215e+00,-1.0894745155109928358e+00
1.4734734734734733497e+00,-1.0885121757676938792e+00
1.4757757757757756778e+00,-1.0875363807278861650e+00
1.4780780780780780059e+00,-1.0865472060994876280e+00
1.4803803803803803341e+00,-1.0855447273578622269e+00
1.4826826826826826622e+00,-1.0845290196368055913e+00
1.4849849849849847683e+00,-1.0835001578672389666e+00
1.4872872872872870964e+00,-1.0824582166219347545e+00
1.4895895895895894245e+00,-1.0814032702819600384e+00
1.4918918918918917527e+00,-1.0803353928746708412e+00
1.4941941941941940808e+00,-1.0792546582250623910e+00
1.4964964964964964089e+00,-1.0781611398286781167e+00
1.4987987987987987371e+00,-1.0770549109517459918e+00
1.5011011011011010652e+00,-1.0759360445674945872e+00
1.5034034034034031713e+00,-1.0748046133848896400e+00
1.5057057057057054994e+00,-1.0736606898601763760e+00
1.5080080080080078275e+00,-1.0725043461505265885e+00
1.5103103103103101557e+00,-1.0713356541965968205e+00
1.5126126126126124838e+00,-1.0701546856129688923e+00
1.5149149149149148119e+00,-1.0689615118224002899e+00
1.5172172172172171400e+00,-1.0677562039095891411e+00
1.5195195195195194682e+00,-1.0665388327741469610e+00
1.5218218218218217963e+00,-1.0653094689852609100e+00
1.5241241241241239024e+00,-1.0640681829141518389e+00
1.5264264264264262305e+00,-1.0628150446264630347e+00
1.5287287287287285587e+00,-1.0615501239633575725e+00
1.5310310310310308868e+00,-1.0602734904950512629e+00
1.5333333333333332149e+00,-1.0589852135347936901e+00
1.5356356356356355430e+00,-1.0576853621617037238e+00
1.5379379379379378712e+00,-1.0563740051668550901e+00
1.5402402402402401993e+00,-1.0550512111390371039e+00
1.5425425425425423054e+00,-1.0537170483562687817e+00
1.5448448448448446335e+00,-1.0523715849144206214e+00
1.5471471471471469616e+00,-1.0510148885906991367e+00
1.5494494494494492898e+00,-1.0496470269830255884e+00
1.5517517517517516179e+00,-1.0482680673808424388e+00
1.5540540540540539460e+00,-1.0468780768798096048e+00
1.5563563563563562742e+00,-1.0454771222920196116e+00
1.5586586586586586023e+00,-1.0440652702100294835e+00
1.5609609609609609304e+00,-1.0426425869754281095e+00
1.5632632632632630365e+00,-1.0412091386802861948e+00
1.5655655655655653646e+00,-1.0397649911991053706e+00
1.5678678678678676928e+00,-1.0383102101293459896e+00
1.5701701701701700209e+00,-1.0368448608786042797e+00
1.5724724724724723490e+00,-1.0353690085586690905e+00
1.5747747747747746772e+00,-1.0338827181074228267e+00
1.5770770770770770053e+00,-1.0323860541626543874e+00
1.5793793793793793334e+00,-1.0308790811878598692e+00
1.5816816816816814395e+00,-1.0293618633586012479e+00
1.5839839839839837676e+00,-1.0278344646606425439e+00
1.5862862862862860958e+00,-1.0262969488163911080e+00
1.5885885885885884239e+00,-1.0247493793337913992e+00
1.5908908908908907520e+00,-1.0231918194878939499e+00
1.5931931931931930801e+00,-1.0216243323118692210e+00
1.5954954954954954083e+00,-1.0200469806361025515e+00
1.5977977977977977364e+00,-1.0184598270249802798e+00
1.6001001001001000645e+00,-1.0168629338639900705e+00
1.6024024024024021706e+00,-1.0152563632574982400e+00
1.6047047047047044988e+00,-1.0136401771432077545e+00
1.6070070070070068269e+00,-1.0120144371765320557e+00
1.6093093093093091550e+00,-1.0103792048431670114e+00
1.6116116116116114831e+00,-1.0087345413601229716e+00
1.6139139139139138113e+00,-1.0070805077586371112e+00
1.6162162162162161394e+00,-1.0054171648251863935e+00
1.6185185185185184675e+00,-1.0037445731370941981e+00
1.6208208208208207957e+00,-1.0020627930551928575e+00
1.6231231231231229017e+00,-1.0003718847062721409e+00
1.6254254254254252299e+00,-9.9867190802759475687e-01
1.6277277277277275580e+00,-9.9696292270146347203e-01
1.6300300300300298861e+00,-9.9524498824100005034e-01
1.6323323323323322143e+00,-9.9351816389257108231e-01
1.6346346346346345424e+00,-9.9178250874226825395e-01
1.6369369369369368705e+00,-9.9003808161091011453e-01
1.6392392392392391987e+00,-9.8828494115385356888e-01
1.6415415415415413047e+00,-9.8652314577574773402e-01
1.6438438438438436329e+00,-9.8475275369953230165e-01
1.6461461461461459610e+00,-9.8297382292044210850e-01
1.6484484484484482891e+00,-9.8118641123002647841e-01
1.6507507507507506173e+00,-9.7939057621814618049e-01
1.6530530530530529454e+00,-9.7758637524854841150e-01
1.6553553553553552735e+00,-9.7577386550722000624e-01
1.6576576576576576016e+00,-9.7395310393610556865e-01
1.6599599599599599298e+00,-9.7212414731642604604e-01
1.6622622622622620359e+00,-9.7028705217658139937e-01
1.6645645645645643640e+00,-9.6844187489015920445e-01
1.6668668668668666921e+00,-9.6658867158159400557e-01
1.6691691691691690203e+00,-9.6472749821367831391e-01
1.6714714714714713484e+00,-9.6285841051513310074e-01
1.6737737737737736765e+00,-9.6098146403696060869e-01
1.6760760760760760046e+00,-9.5909671411797592366e-01
1.6783783783783783328e+00,-9.5720421589886117708e-01
1.6806806806806804389e+00,-9.5530402433189165468e-01
1.6829829829829827670e+00,-9.5339619415121124035e-01
1.6852852852852850951e+00,-9.5148077992362589672e-01
1.6875875875875874232e+00,-9.4955783598269594137e-01
1.6898898898898897514e+00,-9.4762741650867954313e-01
1.6921921921921920795e+00,-9.4568957544252763014e-01
1.6944944944944944076e+00,-9.4374436657522764449e-01
1.6967967967967967358e+00,-9.4179184346390432125e-01
1.6990990990990990639e+00,-9.3983205950773163195e-01
1.7014014014014011700e+00,-9.3786506788726520245e-01
1.7037037037037034981e+00,-9.3589092160947429111e-01
1.7060060060060058262e+00,-9.3390967348333475684e-01
1.7083083083083081544e+00,-9.3192137612543968217e-01
1.7106106106106104825e+00,-9.2992608197597048658e-01
1.7129129129129128106e+00,-9.2792384326505628067e-01
1.7152152152152151388e+00,-9.2591471206480291389e-01
1.7175175175175174669e+00,-9.2389874022474116622e-01
1.7198198198198195730e+00,-9.2187597944769472669e-01
1.7221221221221219011e+00,-9.1984648121024370493e-01
1.7244244244244242292e+00,-9.1781029684340897923e-01
1.7267267267267265574e+00,-9.1576747745879250040e-01
1.7290290290290288855e+00,-9.1371807401367910462e-01
1.7313313313313312136e+00,-9.1166213726104849968e-01
1.7336336336336335417e+00,-9.0959971778456638614e-01
1.7359359359359358699e+00,-9.0753086598286369924e-01
1.7382382382382381980e+00,-9.0545563206809887014e-01
1.7405405405405403041e+00,-9.0337406608684489573e-01
1.7428428428428426322e+00,-9.0128621788373064483e-01
1.7451451451451449604e+00,-8.9919213715366352879e-01
1.7474474474474472885e+00,-8.9709187337945484053e-01
1.7497497497497496166e+00,-8.9498547590301757992e-01
1.7520520520520519447e+00,-8.9287299385256724271e-01
1.7543543543543542729e+00,-8.9075447621471526283e-01
1.7566566566566566010e+00,-8.8862997177020264239e-01
1.7589589589589587071e+00,-8.8649952914894447620e-01
1.7612612612612610352e+00,-8.8436319678970121139e-01
1.7635635635635633633e+00,-8.8222102296619120398e-01
1.7658658658658656915e+00,-8.8007305577879724190e-01
1.7681681681681680196e+00,-8.7791934314734043632e-01
1.7704704704704703477e+00,-8.7575993283564412817e-01
1.7727727727727726759e+00,-8.7359487241361000187e-01
1.7750750750750750040e+00,-8.7142420930865560624e-01
1.7773773773773773321e+00,-8.6924799074631420304e-01
1.7796796796796794382e+00,-8.6706626381626361599e-01
1.7819819819819817663e+00,-8.6487907540646191684e-01
1.7842842842842840945e+00,-8.6268647226685646334e-01
1.7865865865865864226e+00,-8.6048850095418405459e-01
1.7888888888888887507e+00,-8.5828520787780293588e-01
1.7911911911911910789e+00,-8.5607663926799859588e-01
1.7934934934934934070e+00,-8.5386284119440025719e-01
1.7957957957957957351e+00,-8.5164385956390997734e-01
1.7980980980980978412e+00,-8.4941974010889520486e-01
1.8004004004004001693e+00,-8.4719052841434483447e-01
1.8027027027027024975e+00,-8.4495626987933725172e-01
1.8050050050050048256e+00,-8.4271700976692875962e-01
1.8073073073073071537e+00,-8.4047279314827827434e-01
1.8096096096096094819e+00,-8.3822366496321876195e-01
1.8119119119119118100e+00,-8.3596966996130772642e-01
1.8142142142142141381e+00,-8.3371085275751588561e-01
1.8165165165165164662e+00,-8.3144725778543093764e-01
1.8188188188188185723e+00,-8.2917892933477221895e-01
1.8211211211211209005e+00,-8.2690591152729120417e-01
1.8234234234234232286e+00,-8.2462824832860559532e-01
1.8257257257257255567e+00,-8.2234598355123644797e-01
1.8280280280280278848e+00,-8.2005916083928787064e-01
1.8303303303303302130e+00,-8.1776782369723155508e-01
1.8326326326326325411e+00,-8.1547201545158365388e-01
1.8349349349349348692e+00,-8.1317177929861772512e-01
1.8372372372372369753e+00,-8.1086715825243127487e-01
1.8395395395395393034e+00,-8.0855819519989025057e-01
1.8418418418418416316e+00,-8.0624493284847675856e-01
1.8441441441441439597e+00,-8.0392741377438892147e-01
1.8464464464464462878e+00,-8.0160568038345902941e-01
1.8487487487487486160e+00,-7.9927977494121948965e-01
1.8510510510510509441e+00,-7.9694973955541281718e-01
1.8533533533533532722e+00,-7.9461561618226095316e-01
1.8556556556556556004e+00,-7.9227744663358490307e-01
1.8579579579579577064e+00,-7.8993527255892226346e-01
1.8602602602602600346e+00,-7.8758913547506859132e-01
1.8625625625625623627e+00,-7.8523907672869064367e-01
1.8648648648648646908e+00,-7.8288513754128485900e-01
1.8671671671671670190e+00,-7.8052735896154479267e-01
1.8694694694694693471e+00,-7.7816578191454310875e-01
1.8717717717717716752e+00,-7.7580044715622953344e-01
1.8740740740740740033e+00,-7.7343139531434246248e-01
1.8763763763763761094e+00,-7.7105866685639978808e-01
1.8786786786786784376e+00,-7.6868230211311783240e-01
1.8809809809809807657e+00,-7.6630234126662721827e-01
1.8832832832832830938e+00,-7.6391882435215519020e-01
1.8855855855855854220e+00,-7.6153179126827907908e-01
1.8878878878878877501e+00,-7.5914128175740192006e-01
1.8901901901901900782e+00,-7.5674733543526340185e-01
1.8924924924924924063e+00,-7.5434999175515116132e-01
1.8947947947947947345e+00,-7.5194929004965793684e-01
1.8970970970970968406e+00,-7.4954526948759248040e-01
1.8993993993993991687e+00,-7.4713796911744212448e-01
1.9017017017017014968e+00,-7.4472742782823386776e-01
1.9040040040040038249e+00,-7.4231368438381717390e-01
1.9063063063063061531e+00,-7.3989677739720083327e-01
1.9086086086086084812e+00,-7.3747674534819085412e-01
1.9109109109109108093e+00,-7.3505362657640316293e-01
1.9132132132132131375e+00,-7.3262745927927241940e-01
1.9155155155155152435e+00,-7.3019828152457999515e-01
1.9178178178178175717e+00,-7.2776613123005540196e-01
1.9201201201201198998e+00,-7.2533104619221822063e-01
1.9224224224224222279e+00,-7.2289306405267506062e-01
1.9247247247247245561e+00,-7.2045222233637506992e-01
1.9270270270270268842e+00,-7.1800855841314348282e-01
1.9293293293293292123e+00,-7.1556210953559606924e-01
1.9316316316316315405e+00,-7.1311291280596034170e-01
1.9339339339339338686e+00,-7.1066100520432817778e-01
1.9362362362362359747e+00,-7.0820642356860430411e-01
1.9385385385385383028e+00,-7.0574920460718026938e-01
1.9408408408408406309e+00,-7.0328938489590120398e-01
1.9431431431431429591e+00,-7.0082700087322902238e-01
1.9454454454454452872e+00,-6.9836208885427653037e-01
1.9477477477477476153e+00,-6.9589468501021178870e-01
1.9500500500500499435e+00,-6.9342482539588334856e-01
1.9523523523523522716e+00,-6.9095254591859844862e-01
1.9546546546546545997e+00,-6.8847788237266449585e-01
1.9569569569569567058e+00,-6.8600087040554535989e-01
1.9592592592592590339e+00,-6.8352154555046218398e-01
1.9615615615615613621e+00,-6.8103994319873362162e-01
1.9638638638638636902e+00,-6.7855609862259635978e-01
1.9661661661661660183e+00,-6.7607004696004868727e-01
1.9684684684684683464e+00,-6.7358182322332238456e-01
1.9707707707707706746e+00,-6.7109146229901273095e-01
1.9730730730730730027e+00,-6.6859899894114638297e-01
1.9753753753753751088e+00,-6.6610446778601928308e-01
1.9776776776776774369e+00,-6.6360790333200303515e-01
1.9799799799799797650e+00,-6.6110933996545551139e-01
1.9822822822822820932e+00,-6.5860881193232723163e-01
1.9845845845845844213e+00,-6.5610635336879441493e-01
1.9868868868868867494e+00,-6.5360199827202314360e-01
1.9891891891891890776e+00,-6.5109578052766958756e-01
1.9914914914914914057e+00,-6.4858773388732660070e-01
1.9937937937937937338e+00,-6.4607789198647624929e-01
1.9960960960960958399e+00,-6.4356628833356754882e-01
1.9983983983983981680e+00,-6.4105295631502845488e-01
2.0007007007007007182e+00,-6.3853792919782581539e-01
2.0030030030030028243e+00,-6.3602124012116545426e-01
2.0053053053053049304e+00,-6.3350292211149272781e-01
2.0076076076076074806e+00,-6.3098300806326035328e-01
2.0099099099099095866e+00,-6.2846153076272237570e-01
2.0122122122122121368e+00,-6.2593852286262596785e-01
2.0145145145145142429e+00,-6.2341401690888675891e-01
2.0168168168168167931e+00,-6.2088804531582164614e-01
2.0191191191191188992e+00,-6.1836064038891624950e-01
2.0214214214214214493e+00,-6.1583183430686050386e-01
2.0237237237237235554e+00,-6.1330165913527201482e-01
2.0260260260260256615e+00,-6.1077014681931873774e-01
2.0283283283283282117e+00,-6.0823732918597872565e-01
2.0306306306306303178e+00,-6.0570323794834646236e-01
2.0329329329329328679e+00,-6.0316790469659009588e-01
2.0352352352352349740e+00,-6.0063136091258340077e-01
2.0375375375375375242e+00,-5.9809363795205428005e-01
2.0398398398398396303e+00,-5.9555476706597820780e-01
2.0421421421421421805e+00,-5.9301477937848368072e-01
2.0444444444444442865e+00,-5.9047370590962022785e-01
2.0467467467467463926e+00,-5.8793157755483105298e-01
2.0490490490490489428e+00,-5.8538842510338207070e-01
2.0513513513513510489e+00,-5.8284427922446624404e-01
2.0536536536536535991e+00,-5.8029917047730417146e-01
2.0559559559559557052e+00,-5.7775312930666533617e-01
2.0582582582582582553e+00,-5.7520618604302442556e-01
2.0605605605605603614e+00,-5.7265837090800031373e-01
2.0628628628628629116e+00,-5.7010971400512366891e-01
2.0651651651651650177e+00,-5.6756024533363813589e-01
2.0674674674674671238e+00,-5.6500999477237923152e-01
2.0697697697697696739e+00,-5.6245899209855532153e-01
2.0720720720720717800e+00,-5.5990726696892312297e-01
2.0743743743743743302e+00,-5.5735484893876330315e-01
2.0766766766766764363e+00,-5.5480176744531406463e-01
2.0789789789789789864e+00,-5.5224805182228897671e-01
2.0812812812812810925e+00,-5.4969373128951581897e-01
2.0835835835835831986e+00,-5.4713883496000825790e-01
2.0858858858858857488e+00,-5.4458339183776716119e-01
2.0881881881881878549e+00,-5.4202743081643312006e-01
2.0904904904904904051e+00,-5.3947098068528420711e-01
2.0927927927927925111e+00,-5.3691407012031444612e-01
2.0950950950950950613e+00,-5.3435672769677877714e-01
2.0973973973973971674e+00,-5.3179898187510932228e-01
2.0996996996996997176e+00,-5.2924086101690070993e-01
2.1020020020020018237e+00,-5.2668239336936917283e-01
2.1043043043043039297e+00,-5.2412360708068195247e-01
2.1066066066066064799e+00,-5.2156453018704540536e-01
2.1089089089089085860e+00,-5.1900519062372652002e-01
2.1112112112112111362e+00,-5.1644561621771678528e-01
2.1135135135135132423e+00,-5.1388583469233706236e-01
2.1158158158158157924e+00,-5.1132587366673587503e-01
2.1181181181181178985e+00,-5.0876576065362122403e-01
2.1204204204204204487e+00,-5.0620552306529864595e-01
2.1227227227227225548e+00,-5.0364518820552062195e-01
2.1250250250250246609e+00,-5.0108478328043348782e-01
2.1273273273273272110e+00,-4.9852433538676360625e-01
2.1296296296296293171e+00,-4.9596387152493309758e-01
2.1319319319319318673e+00,-4.9340341858673730790e-01
2.1342342342342339734e+00,-4.9084300336726527370e-01
2.1365365365365365236e+00,-4.8828265255528574551e-01
2.1388388388388386296e+00,-4.8572239274124306974e-01
2.1411411411411411798e+00,-4.8316225041242899518e-01
2.1434434434434432859e+00,-4.8060225195567468637e-01
2.1457457457457453920e+00,-4.7804242365800814207e-01
2.1480480480480479422e+00,-4.7548279170396939852e-01
2.1503503503503500482e+00,-4.7292338218125079541e-01
2.1526526526526525984e+00,-4.7036422107366931966e-01
2.1549549549549547045e+00,-4.6780533427026771420e-01
2.1572572572572572547e+00,-4.6524674755590433861e-01
2.1595595595595593608e+00,-4.6268848662149558715e-01
2.1618618618618614668e+00,-4.6013057705477505843e-01
2.1641641641641640170e+00,-4.5757304434908185886e-01
2.1664664664664661231e+00,-4.5501591389665713150e-01
2.1687687687687686733e+00,-4.5245921099407976351e-01
2.1710710710710707794e+00,-4.4990296083943914773e-01
2.1733733733733733295e+00,-4.4734718853363120150e-01
2.1756756756756754356e+00,-4.4479191908168053127e-01
2.1779779779779779858e+00,-4.4223717739009155148e-01
2.1802802802802800919e+00,-4.3968298827170049226e-01
2.1825825825825821980e+00,-4.3712937644008070803e-01
2.1848848848848847481e+00,-4.3457636651659420357e-01
2.1871871871871868542e+00,-4.3202398302346434189e-01
2.1894894894894894044e+00,-4.2947225039120368040e-01
2.1917917917917915105e+00,-4.2692119295226205189e-01
2.1940940940940940607e+00,-4.2437083494700073016e-01
2.1963963963963961668e+00,-4.2182120051948457373e-01
2.1986986986986987169e+00,-4.1927231372083489935e-01
2.2010010010010008230e+00,-4.1672419850790010099e-01
2.2033033033033029291e+00,-4.1417687874365877176e-01
2.2056056056056054793e+00,-4.1163037819873010692e-01
2.2079079079079075854e+00,-4.0908472054918726402e-01
2.2102102102102101355e+00,-4.0653992938027716519e-01
2.2125125125125122416e+00,-4.0399602818249780167e-01
2.2148148148148147918e+00,-4.0145304035646772745e-01
2.2171171171171168979e+00,-3.9891098920848649945e-01
2.2194194194194194480e+00,-3.9636989795528410063e-01
2.2217217217217215541e+00,-3.9382978972029381026e-01
2.2240240240240236602e+00,-3.9129068753709117523e-01
2.2263263263263262104e+00,-3.8875261434730928878e-01
2.2286286286286283165e+00,-3.8621559300255914327e-01
2.2309309309309308667e+00,-3.8367964626407918827e-01
2.2332332332332329727e+00,-3.8114479680202206779e-01
2.2355355355355355229e+00,-3.7861106719658599307e-01
2.2378378378378376290e+00,-3.7607847993876813986e-01
2.2401401401401397351e+00,-3.7354705743422256248e-01
2.2424424424424422853e+00,-3.7101682199498020598e-01
2.2447447447447443913e+00,-3.6848779583329815956e-01
2.2470470470470469415e+00,-3.6596000107712423066e-01
2.2493493493493490476e+00,-3.6343345981094493657e-01
2.2516516516516515978e+00,-3.6090819403006502153e-01
2.2539539539539537039e+00,-3.5838422549221715663e-01
2.2562562562562562540e+00,-3.5586157580864724581e-01
2.2585585585585583601e+00,-3.5334026697636022885e-01
2.2608608608608604662e+00,-3.5082032129348716953e-01
2.2631631631631630164e+00,-3.4830175960098663790e-01
2.2654654654654651225e+00,-3.4578460075309602750e-01
2.2677677677677676726e+00,-3.4326886706442372166e-01
2.2700700700700697787e+00,-3.4075458890858933980e-01
2.2723723723723723289e+00,-3.3824178883567451726e-01
2.2746746746746744350e+00,-3.3573045722598932050e-01
2.2769769769769769852e+00,-3.3322059614370913572e-01
2.2792792792792790912e+00,-3.3071232395379673852e-01
2.2815815815815811973e+00,-3.2820576647583371566e-01
2.2838838838838837475e+00,-3.2570065875164655456e-01
2.2861861861861858536e+00,-3.2319655541413061517e-01
2.2884884884884884038e+00,-3.2069422588836932198e-01
2.2907907907907905098e+00,-3.1819554171042158108e-01
2.2930930930930930600e+00,-3.1569891719632264815e-01
2.2953953953953951661e+00,-3.1319753203519967721e-01
2.2976976976976977163e+00,-3.1069330005011835949e-01
2.2999999999999998224e+00,-3.0821019763889545562e-01
