0.0000000000000000000e+00,1.8468939149420847412e-02
2.3023023023023021089e-03,-4.1079600515874114966e-14
4.6046046046046042177e-03,0.0000000000000000000e+00
6.9069069069069063266e-03,6.4198472350914377415e-15
9.2092092092092084354e-03,9.7967610986366456797e-15
1.1511511511511510544e-02,1.1399867460231731892e-14
1.3813813813813812653e-02,3.7554250878107137565e-14
1.6116116116116116497e-02,9.2466872763978545011e-14
1.8418418418418416871e-02,2.0172421716738183428e-13
2.0720720720720717245e-02,4.0661777004529563407e-13
2.3023023023023021089e-02,7.5519668850808573890e-13
2.5325325325325324932e-02,1.3315865865217010352e-12
2.7627627627627625306e-02,2.2251450279431809381e-12
2.9929929929929925680e-02,3.5883549148558755744e-12
3.2232232232232232993e-02,5.5714705194434027120e-12
3.4534534534534533368e-02,8.4145271690835471259e-12
3.6836836836836833742e-02,1.2356530226818593115e-11
3.9139139139139134116e-02,1.7750002270535724608e-11
4.1441441441441434490e-02,2.4962054506967284562e-11
4.3743743743743741803e-02,3.4479911621699248830e-11
4.6046046046046042177e-02,4.6837318437447331961e-11
4.8348348348348342551e-02,6.2681861635469374374e-11
5.0650650650650649864e-02,8.2767096288425904373e-11
5.2952952952952950239e-02,1.0792551525224409903e-10
5.5255255255255250613e-02,1.3918147531112380825e-10
5.7557557557557550987e-02,1.7758956667347168714e-10
5.9859859859859851361e-02,2.2448914960785851824e-10
6.2162162162162158674e-02,2.8121334724599700395e-10
6.4464464464464465987e-02,3.4944776473676723274e-10
6.6766766766766766361e-02,4.3087727131487286345e-10
6.9069069069069066735e-02,5.2755944449171312142e-10
7.1371371371371367109e-02,6.4161075005029066983e-10
7.3673673673673667484e-02,7.7548956585560491958e-10
7.5975975975975967858e-02,9.3183029819755852435e-10
7.8278278278278268232e-02,1.1135260741167073528e-09
8.0580580580580568606e-02,1.3238072564437185194e-09
8.2882882882882868980e-02,1.5660526114083604297e-09
8.5185185185185183232e-02,1.8441591560967238552e-09
8.7487487487487483606e-02,2.1620622066837266301e-09
8.9789789789789783980e-02,2.5243750952395983352e-09
9.2092092092092084354e-02,2.9356912187803055177e-09
9.4394394394394384729e-02,3.4013687007928602793e-09
9.6696696696696685103e-02,3.9267832844216163032e-09
9.8998998998998985477e-02,4.5180577527283085449e-09
1.0130130130130129973e-01,5.1814785466064796794e-09
1.0360360360360360010e-01,5.9239643014816343420e-09
1.0590590590590590048e-01,6.7528334147291816351e-09
1.0820820820820820085e-01,7.6758467586298879779e-09
1.1051051051051050123e-01,8.7014610440214199609e-09
1.1281281281281280160e-01,9.8383544611161640821e-09
1.1511511511511510197e-01,1.1096201738701898535e-08
1.1741741741741740235e-01,1.2484711363913456263e-08
1.1971971971971970272e-01,1.4014819189587895838e-08
1.2202202202202201697e-01,1.5697424235662576330e-08
1.2432432432432431735e-01,1.7544733019982711796e-08
1.2662662662662660384e-01,1.9569017907898696862e-08
1.2892892892892893197e-01,2.1783762876286158466e-08
1.3123123123123123235e-01,2.4202792020026791996e-08
1.3353353353353353272e-01,2.6840896823701853403e-08
1.3583583583583583310e-01,2.9713607971552472613e-08
1.3813813813813813347e-01,3.2837086577750041896e-08
1.4044044044044043384e-01,3.6228694384457403560e-08
1.4274274274274273422e-01,3.9906069588025444747e-08
1.4504504504504503459e-01,4.3888483085175986189e-08
1.4734734734734733497e-01,4.8195215874769975644e-08
1.4964964964964963534e-01,5.2847468796608295342e-08
1.5195195195195193572e-01,5.7866395077793445116e-08
1.5425425425425423609e-01,6.3275105520376662676e-08
1.5655655655655653646e-01,6.9096872495664912491e-08
1.5885885885885883684e-01,7.5356706390181409256e-08
1.6116116116116113721e-01,8.2080224693233346551e-08
1.6346346346346343759e-01,8.9294367092950642696e-08
1.6576576576576573796e-01,9.7027281704083974008e-08
1.6806806806806806609e-01,1.0530791900041376538e-07
1.7037037037037036646e-01,1.1416709010356686545e-07
1.7267267267267266684e-01,1.2363590511853771705e-07
1.7497497497497496721e-01,1.3374790007525477008e-07
1.7727727727727726759e-01,1.4453657716838680807e-07
1.7957957957957956796e-01,1.5603818308829665942e-07
1.8188188188188186833e-01,1.6828891962488688664e-07
1.8418418418418416871e-01,1.8132768405352487157e-07
1.8648648648648646908e-01,1.9519369166700023501e-07
1.8878878878878876946e-01,2.0992846227919908664e-07
1.9109109109109106983e-01,2.2557449470649220578e-07
1.9339339339339337021e-01,2.4217596342520321627e-07
1.9569569569569567058e-01,2.5977885939044259427e-07
1.9799799799799797095e-01,2.7843012035297270867e-07
2.0030030030030027133e-01,2.9817935817077765892e-07
2.0260260260260259946e-01,3.1907647485500404685e-07
2.0490490490490489983e-01,3.4117473616669121820e-07
2.0720720720720720021e-01,3.6452731943056771666e-07
2.0950950950950950058e-01,3.8919107962026094831e-07
2.1181181181181180095e-01,4.1522286335809698690e-07
2.1411411411411410133e-01,4.4268301149371010165e-07
2.1641641641641640170e-01,4.7163241877319769914e-07
2.1871871871871870208e-01,5.0213486619974654838e-07
2.2102102102102100245e-01,5.3425560741464519994e-07
2.2332332332332330282e-01,5.6806190319110787827e-07
2.2562562562562560320e-01,6.0362358857821766475e-07
2.2792792792792790357e-01,6.4101154714994234878e-07
2.3023023023023020395e-01,6.8030030927131929702e-07
2.3253253253253250432e-01,7.2156464605240272819e-07
2.3483483483483480470e-01,7.6488377242139865507e-07
2.3713713713713710507e-01,8.1033675293537584899e-07
2.3943943943943940544e-01,8.5800735645786978317e-07
2.4174174174174173357e-01,9.0797942533971943828e-07
2.4404404404404403395e-01,9.6034113487915992043e-07
2.4634634634634633432e-01,1.0151815463486360200e-06
2.4864864864864863470e-01,1.0725931814604018430e-06
2.5095095095095093507e-01,1.1326706656420869406e-06
2.5325325325325320769e-01,1.1955109204847275659e-06
2.5555555555555553582e-01,1.2612143600034917765e-06
2.5785785785785786395e-01,1.3298824947579608570e-06
2.6016016016016013657e-01,1.4016216136852221272e-06
2.6246246246246246470e-01,1.4765381592643246821e-06
2.6476476476476473731e-01,1.5547442217284997088e-06
2.6706706706706706544e-01,1.6363516889403418787e-06
2.6936936936936933806e-01,1.7214782487547957487e-06
2.7167167167167166619e-01,1.8102418095703110817e-06
2.7397397397397393881e-01,1.9027654658350491231e-06
2.7627627627627626694e-01,1.9991736454355306446e-06
2.7857857857857853956e-01,2.0995947807127971751e-06
2.8088088088088086769e-01,2.2041601881075418496e-06
2.8318318318318314031e-01,2.3130037146172674767e-06
2.8548548548548546844e-01,2.4262637821095684532e-06
2.8778778778778774106e-01,2.5440798980009749894e-06
2.9009009009009006919e-01,2.6665976312181897561e-06
2.9239239239239234180e-01,2.7939625864558488558e-06
2.9469469469469466993e-01,2.9263273291502621343e-06
2.9699699699699699806e-01,3.0638441933433002377e-06
2.9929929929929927068e-01,3.2066724553597940447e-06
3.0160160160160159881e-01,3.3549718428767352061e-06
3.0390390390390387143e-01,3.5089081142246991861e-06
3.0620620620620619956e-01,3.6686489394003154813e-06
3.0850850850850847218e-01,3.8343664883830779180e-06
3.1081081081081080031e-01,4.0062367571621086606e-06
3.1311311311311307293e-01,4.1844384370751425177e-06
3.1541541541541540106e-01,4.3691560455102239897e-06
3.1771771771771767368e-01,4.5605751116057937670e-06
3.2002002002002000181e-01,4.7588886545351715164e-06
3.2232232232232227442e-01,4.9642895888573252244e-06
3.2462462462462460255e-01,5.1769791919598638267e-06
3.2692692692692687517e-01,5.3971585220887562033e-06
3.2922922922922920330e-01,5.6250367451692601857e-06
3.3153153153153147592e-01,5.8608238107419953996e-06
3.3383383383383380405e-01,6.1047365138437125452e-06
3.3613613613613613218e-01,6.3569942856966200079e-06
3.3843843843843840480e-01,6.6178214855754999025e-06
3.4074074074074073293e-01,6.8874474131603757903e-06
3.4304304304304300555e-01,7.1661041479277253237e-06
3.4534534534534533368e-01,7.4540310158121805855e-06
3.4764764764764760629e-01,7.7514682183758674164e-06
3.4994994994994993442e-01,8.0586650097363511961e-06
3.5225225225225220704e-01,8.3758703901773230493e-06
3.5455455455455453517e-01,8.7033431905903560602e-06
3.5685685685685680779e-01,9.0413420957001905387e-06
3.5915915915915913592e-01,9.3901350634933330839e-06
3.6146146146146140854e-01,9.7499912874700550916e-06
3.6376376376376373667e-01,1.0121187569388244204e-05
3.6606606606606600929e-01,1.0504004233322042919e-05
3.6836836836836833742e-01,1.0898726876988429026e-05
3.7067067067067066555e-01,1.1305647331061852542e-05
3.7297297297297293817e-01,1.1725060203766741353e-05
3.7527527527527526630e-01,1.2157268936813008927e-05
3.7757757757757753891e-01,1.2602577654379730680e-05
3.7987987987987986704e-01,1.3061301213222676333e-05
3.8218218218218213966e-01,1.3533754074649360843e-05
3.8448448448448446779e-01,1.4020262040877941803e-05
3.8678678678678674041e-01,1.4521150921959459775e-05
3.8908908908908906854e-01,1.5036756942048191569e-05
3.9139139139139134116e-01,1.5567418151516788043e-05
3.9369369369369366929e-01,1.6113480899742458501e-05
3.9599599599599594191e-01,1.6675296117959470250e-05
3.9829829829829827004e-01,1.7253220261678957846e-05
4.0060060060060054266e-01,1.7847617494381829909e-05
4.0290290290290287079e-01,1.8458854665632176023e-05
4.0520520520520519892e-01,1.9087309204780803564e-05
4.0750750750750747153e-01,1.9733358980819407487e-05
4.0980980980980979966e-01,2.0397394377015753096e-05
4.1211211211211207228e-01,2.1079805265162655846e-05
4.1441441441441440041e-01,2.1780994384065321783e-05
4.1671671671671667303e-01,2.2501364737807675269e-05
4.1901901901901900116e-01,2.3241330837415243173e-05
4.2132132132132127378e-01,2.4001309766580756415e-05
4.2362362362362360191e-01,2.4781727508129715987e-05
4.2592592592592587453e-01,2.5583015871380411152e-05
4.2822822822822820266e-01,2.6405612333902220344e-05
4.3053053053053047527e-01,2.7249963741482074889e-05
4.3283283283283280340e-01,2.8116519444553278413e-05
4.3513513513513507602e-01,2.9005741269448086841e-05
4.3743743743743740415e-01,2.9918091203172679808e-05
4.3973973973973967677e-01,3.0854045607032493527e-05
4.4204204204204200490e-01,3.1814080261071874466e-05
4.4434434434434433303e-01,3.2798685331030999869e-05
4.4664664664664660565e-01,3.3808351627905936171e-05
4.4894894894894893378e-01,3.4843582492862061877e-05
4.5125125125125120640e-01,3.5904884757117877753e-05
4.5355355355355353453e-01,3.6992774644628405312e-05
4.5585585585585580715e-01,3.8107775644740763960e-05
4.5815815815815813528e-01,3.9250416944325675647e-05
4.6046046046046040789e-01,4.0421238943593614770e-05
4.6276276276276273602e-01,4.1620784277687177639e-05
4.6506506506506500864e-01,4.2849610091746818746e-05
4.6736736736736733677e-01,4.4108273392922177521e-05
4.6966966966966960939e-01,4.5397347475063004238e-05
4.7197197197197193752e-01,4.6717405051077416211e-05
4.7427427427427421014e-01,4.8069034705167149296e-05
4.7657657657657653827e-01,4.9452826189570689571e-05
4.7887887887887881089e-01,5.0869382718526158808e-05
4.8118118118118113902e-01,5.2319312100539759982e-05
4.8348348348348346715e-01,5.3803231909064000698e-05
4.8578578578578573977e-01,5.5321768622487083099e-05
4.8808808808808806790e-01,5.6875554326830693951e-05
4.9039039039039034051e-01,5.8465234346411894760e-05
4.9269269269269266864e-01,6.0091455891246694013e-05
4.9499499499499494126e-01,6.1754882835460327096e-05
4.9729729729729726939e-01,6.3456178617205875295e-05
4.9959959959959954201e-01,6.5196024898799483939e-05
5.0190190190190187014e-01,6.6975102855783692725e-05
5.0420420420420419827e-01,6.8794110963033336783e-05
5.0650650650650641538e-01,7.0653749548178776201e-05
5.0880880880880874351e-01,7.2554733221824059932e-05
5.1111111111111107164e-01,7.4497782492873097608e-05
5.1341341341341339977e-01,7.6483627873957950706e-05
5.1571571571571572790e-01,7.8513010627277133062e-05
5.1801801801801794500e-01,8.0586677411097326542e-05
5.2032032032032027313e-01,8.2705390321040478103e-05
5.2262262262262260126e-01,8.4869912918764662375e-05
5.2492492492492492939e-01,8.7081027684862664386e-05
5.2722722722722714650e-01,8.9339516390661005284e-05
5.2952952952952947463e-01,9.1646180962883590400e-05
5.3183183183183180276e-01,9.4001823056335444425e-05
5.3413413413413413089e-01,9.6407262970114922392e-05
5.3643643643643634800e-01,9.8863323721653248791e-05
5.3873873873873867613e-01,1.0137084330382102083e-04
5.4104104104104100426e-01,1.0393066712245068166e-04
5.4334334334334333239e-01,1.0654365068278316654e-04
5.4564564564564554949e-01,1.0921066229143765430e-04
5.4794794794794787762e-01,1.1193257531954886250e-04
5.5025025025025020575e-01,1.1471028093742649794e-04
5.5255255255255253388e-01,1.1754467130680320782e-04
5.5485485485485486201e-01,1.2043665984011876595e-04
5.5715715715715707912e-01,1.2338715901638019879e-04
5.5945945945945940725e-01,1.2639710336723923665e-04
5.6176176176176173538e-01,1.2946742751097104016e-04
5.6406406406406406351e-01,1.3259908595000371502e-04
5.6636636636636628062e-01,1.3579303696832403770e-04
5.6866866866866860875e-01,1.3905025437298002824e-04
5.7097097097097093688e-01,1.4237172111816273775e-04
5.7327327327327326500e-01,1.4575843020481831186e-04
5.7557557557557548211e-01,1.4921138969139826898e-04
5.7787787787787781024e-01,1.5273161225502857540e-04
5.8018018018018013837e-01,1.5632013088251312774e-04
5.8248248248248246650e-01,1.5997797904146281297e-04
5.8478478478478468361e-01,1.6370621383192404479e-04
5.8708708708708701174e-01,1.6750589127128361305e-04
5.8938938938938933987e-01,1.7137809126600465296e-04
5.9169169169169166800e-01,1.7532389433430717427e-04
5.9399399399399399613e-01,1.7934440199068716650e-04
5.9629629629629621324e-01,1.8344072080812021466e-04
5.9859859859859854136e-01,1.8761397327185072082e-04
6.0090090090090086949e-01,1.9186529297549338702e-04
6.0320320320320319762e-01,1.9619582335339441647e-04
6.0550550550550541473e-01,2.0060672535416313703e-04
6.0780780780780774286e-01,2.0509916399351932163e-04
6.1011011011011007099e-01,2.0967432723850514507e-04
6.1241241241241239912e-01,2.1433340301259655729e-04
6.1471471471471461623e-01,2.1907760527479567376e-04
6.1701701701701694436e-01,2.2390814685314171933e-04
6.1931931931931927249e-01,2.2882626621478676775e-04
6.2162162162162160062e-01,2.3383320315148315295e-04
6.2392392392392381772e-01,2.3893021941538838287e-04
6.2622622622622614585e-01,2.4411858332209224469e-04
6.2852852852852847398e-01,2.4939957931890434622e-04
6.3083083083083080211e-01,2.5477450515327981252e-04
6.3313313313313313024e-01,2.6024466805433090020e-04
6.3543543543543534735e-01,2.6581139541515441584e-04
6.3773773773773767548e-01,2.7147601805068002434e-04
6.4004004004004000361e-01,2.7723989247844800336e-04
6.4234234234234233174e-01,2.8310437466237475205e-04
6.4464464464464454885e-01,2.8907084899124080302e-04
6.4694694694694687698e-01,2.9514069880630762954e-04
6.4924924924924920511e-01,3.0131533472533590656e-04
6.5155155155155153324e-01,3.0759616961012074864e-04
6.5385385385385375034e-01,3.1398463908290612364e-04
6.5615615615615607847e-01,3.2048218707299655104e-04
6.5845845845845840660e-01,3.2709027368233557038e-04
6.6076076076076073473e-01,3.3381037473739072615e-04
6.6306306306306295184e-01,3.4064397503620933534e-04
6.6536536536536527997e-01,3.4759258237298601901e-04
6.6766766766766760810e-01,3.5465770724082870246e-04
6.6996996996996993623e-01,3.6184088867132255642e-04
6.7227227227227226436e-01,3.6914366467731161633e-04
6.7457457457457448147e-01,3.7656760403637724649e-04
6.7687687687687680960e-01,3.8411427472425751888e-04
6.7917917917917913773e-01,3.9178527349194828969e-04
6.8148148148148146586e-01,3.9958220048069009733e-04
6.8378378378378368296e-01,4.0750667921045309649e-04
6.8608608608608601109e-01,4.1556034350112493626e-04
6.8838838838838833922e-01,4.2374484320196131133e-04
6.9069069069069066735e-01,4.3206184654160154340e-04
6.9299299299299288446e-01,4.4051303006622881918e-04
6.9529529529529521259e-01,4.4910009631753317928e-04
6.9759759759759754072e-01,4.5782474975633542574e-04
6.9989989989989986885e-01,4.6668872627339411455e-04
7.0220220220220219698e-01,4.7569376035310097098e-04
7.0450450450450441409e-01,4.8484161949924678425e-04
7.0680680680680674222e-01,4.9413407085094687710e-04
7.0910910910910907035e-01,5.0357291165936809638e-04
7.1141141141141139848e-01,5.1315994395558558322e-04
7.1371371371371361558e-01,5.2289699357233054584e-04
7.1601601601601594371e-01,5.3278589889198507256e-04
7.1831831831831827184e-01,5.4282851399502121507e-04
7.2062062062062059997e-01,5.5302671422346343956e-04
7.2292292292292281708e-01,5.6338238244714173956e-04
7.2522522522522514521e-01,5.7389743068124324330e-04
7.2752752752752747334e-01,5.8457377204667259306e-04
7.2982982982982980147e-01,5.9541335401156348511e-04
7.3213213213213201858e-01,6.0641812235659735449e-04
7.3443443443443434671e-01,6.1759005802389222405e-04
7.3673673673673667484e-01,6.2893114224229704212e-04
7.3903903903903900297e-01,6.4044338750680841407e-04
7.4134134134134133109e-01,6.5212881274036499975e-04
7.4364364364364354820e-01,6.6398946088386495527e-04
7.4594594594594587633e-01,6.7602738993836702062e-04
7.4824824824824820446e-01,6.8824467308460114939e-04
7.5055055055055053259e-01,7.0064340786571129103e-04
7.5285285285285274970e-01,7.1322569844174015571e-04
7.5515515515515507783e-01,7.2599368139550065140e-04
7.5745745745745740596e-01,7.3894949359799009300e-04
7.5975975975975973409e-01,7.5209530917536503939e-04
7.6206206206206195120e-01,7.6543330042381466528e-04
7.6436436436436427933e-01,7.7896567680247729565e-04
7.6666666666666660745e-01,7.9269464894543345199e-04
7.6896896896896893558e-01,8.0662245970568226955e-04
7.7127127127127115269e-01,8.2075136028352164725e-04
7.7357357357357348082e-01,8.3508362589810431441e-04
7.7587587587587580895e-01,8.4962154960281969195e-04
7.7817817817817813708e-01,8.6436743892719352777e-04
7.8048048048048046521e-01,8.7932362907237123124e-04
7.8278278278278268232e-01,8.9449246084082826690e-04
7.8508508508508501045e-01,9.0987631083691978932e-04
7.8738738738738733858e-01,9.2547755516400283856e-04
7.8968968968968966671e-01,9.4129861004128357379e-04
7.9199199199199188381e-01,9.5734188988661861157e-04
7.9429429429429421194e-01,9.7360984811490833540e-04
7.9659659659659654007e-01,9.9010494046156399123e-04
7.9889889889889886820e-01,1.0068296556154170910e-03
8.0120120120120108531e-01,1.0237864928142018268e-03
8.0350350350350341344e-01,1.0409779750941410698e-03
8.0580580580580574157e-01,1.0584066463618895925e-03
8.0810810810810806970e-01,1.0760750641194232174e-03
8.1041041041041039783e-01,1.0939858170430074788e-03
8.1271271271271261494e-01,1.1121414983113388913e-03
8.1501501501501494307e-01,1.1305447403566703211e-03
8.1731731731731727120e-01,1.1491981743863926256e-03
8.1961961961961959933e-01,1.1681044744957546407e-03
8.2192192192192181643e-01,1.1872663132130236319e-03
8.2422422422422414456e-01,1.2066864037043587878e-03
8.2652652652652647269e-01,1.2263674628776571190e-03
8.2882882882882880082e-01,1.2463122410955494116e-03
8.3113113113113101793e-01,1.2665235017613977065e-03
8.3343343343343334606e-01,1.2870040316316575923e-03
8.3573573573573567419e-01,1.3077566416276041085e-03
8.3803803803803800232e-01,1.3287841552169865709e-03
8.4034034034034021943e-01,1.3500894307196776526e-03
8.4264264264264254756e-01,1.3716753298011012934e-03
8.4494494494494487569e-01,1.3935447568698875430e-03
8.4724724724724720382e-01,1.4157006144929521699e-03
8.4954954954954953195e-01,1.4381458507639183469e-03
8.5185185185185174905e-01,1.4608834126854691911e-03
8.5415415415415407718e-01,1.4839162893208494506e-03
8.5645645645645640531e-01,1.5072474751896590764e-03
8.5875875875875873344e-01,1.5308799985223483196e-03
8.6106106106106095055e-01,1.5548169033782960943e-03
8.6336336336336327868e-01,1.5790612564998711322e-03
8.6566566566566560681e-01,1.6036161523394561364e-03
8.6796796796796793494e-01,1.6284846966932641985e-03
8.7027027027027015205e-01,1.6536700340407019943e-03
8.7257257257257248018e-01,1.6791753110206274202e-03
8.7487487487487480831e-01,1.7050037205069590741e-03
8.7717717717717713644e-01,1.7311584530577215496e-03
8.7947947947947935354e-01,1.7576427472285310188e-03
8.8178178178178168167e-01,1.7844598412284796290e-03
8.8408408408408400980e-01,1.8116130165106271790e-03
8.8638638638638633793e-01,1.8391055620058996672e-03
8.8868868868868866606e-01,1.8669408003569541981e-03
8.9099099099099088317e-01,1.8951220731229056864e-03
8.9329329329329321130e-01,1.9236527436533995810e-03
8.9559559559559553943e-01,1.9525362067941457681e-03
8.9789789789789786756e-01,1.9817758673949283088e-03
9.0020020020020008467e-01,2.0113751729478857554e-03
9.0250250250250241280e-01,2.0413375719230803483e-03
9.0480480480480474093e-01,2.0716665624816756053e-03
9.0710710710710706906e-01,2.1023656401728610388e-03
9.0940940940940928616e-01,2.1334383508182040018e-03
9.1171171171171161429e-01,2.1648882409289649416e-03
9.1401401401401394242e-01,2.1967189011864560362e-03
9.1631631631631627055e-01,2.2289339320909359009e-03
9.1861861861861848766e-01,2.2615369675937913030e-03
9.2092092092092081579e-01,2.2945316639488141583e-03
9.2322322322322314392e-01,2.3279216980926107847e-03
9.2552552552552547205e-01,2.3617107824692182630e-03
9.2782782782782780018e-01,2.3959026380718129352e-03
9.3013013013013001729e-01,2.4305010325912728385e-03
9.3243243243243234541e-01,2.4655097335576736488e-03
9.3473473473473467354e-01,2.5009325615681257497e-03
9.3703703703703700167e-01,2.5367733345257803199e-03
9.3933933933933921878e-01,2.5730359226561086254e-03
9.4164164164164154691e-01,2.6097241982229132419e-03
9.4394394394394387504e-01,2.6468420783121713626e-03
9.4624624624624620317e-01,2.6843934924989814629e-03
9.4854854854854842028e-01,2.7223824032834211678e-03
9.5085085085085074841e-01,2.7608127991495209387e-03
9.5315315315315307654e-01,2.7996886879509577488e-03
9.5545545545545540467e-01,2.8390141172684266874e-03
9.5775775775775762177e-01,2.8787931416875485631e-03
9.6006006006005994990e-01,2.9190298666104202117e-03
9.6236236236236227803e-01,2.9597283962251195663e-03
9.6466466466466460616e-01,3.0008928910377217006e-03
9.6696696696696693429e-01,3.0425275090305461782e-03
9.6926926926926915140e-01,3.0846364623075264375e-03
9.7157157157157147953e-01,3.1272239666905164192e-03
9.7387387387387380766e-01,3.1702942831887421377e-03
9.7617617617617613579e-01,3.2138516883063821504e-03
9.7847847847847835290e-01,3.2579004906797999486e-03
9.8078078078078068103e-01,3.3024450288990795169e-03
9.8308308308308300916e-01,3.3474896594185171196e-03
9.8538538538538533729e-01,3.3930387828241901499e-03
9.8768768768768755439e-01,3.4390968051022556898e-03
9.8998998998998988252e-01,3.4856681871969575140e-03
9.9229229229229221065e-01,3.5327573879179834104e-03
9.9459459459459453878e-01,3.5803689254667817737e-03
9.9689689689689686691e-01,3.6285073159826502012e-03
9.9919919919919908402e-01,3.6771771312489125692e-03
1.0015015015015014122e+00,3.7263829487935206178e-03
1.0038038038038037403e+00,3.7761293913991266814e-03
1.0061061061061060684e+00,3.8264211006888036379e-03
1.0084084084084083965e+00,3.8772627493613683394e-03
1.0107107107107107247e+00,3.9286590443177969723e-03
1.0130130130130128308e+00,3.9806147086437707744e-03
1.0153153153153151589e+00,4.0331345141217875283e-03
1.0176176176176174870e+00,4.0862232363042356661e-03
1.0199199199199198151e+00,4.1398857098253211834e-03
1.0222222222222221433e+00,4.1941267664450734842e-03
1.0245245245245244714e+00,4.2489513001653664639e-03
1.0268268268268267995e+00,4.3043642037153976090e-03
1.0291291291291291277e+00,4.3603704266916981647e-03
1.0314314314314314558e+00,4.4169749268227233296e-03
1.0337337337337335619e+00,4.4741827068531499559e-03
1.0360360360360358900e+00,4.5319987920539768489e-03
1.0383383383383382181e+00,4.5904282374566529948e-03
1.0406406406406405463e+00,4.6494761368071737054e-03
1.0429429429429428744e+00,4.7091475982030473260e-03
1.0452452452452452025e+00,4.7694477831320006636e-03
1.0475475475475475307e+00,4.8303818552335453518e-03
1.0498498498498498588e+00,4.8919550412889201141e-03
1.0521521521521519649e+00,4.9541725646856417387e-03
1.0544544544544542930e+00,5.0170397136454093073e-03
1.0567567567567566211e+00,5.0805617762589450753e-03
1.0590590590590589493e+00,5.1447440983893137634e-03
1.0613613613613612774e+00,5.2095920367909599041e-03
1.0636636636636636055e+00,5.2751109926851740342e-03
1.0659659659659659336e+00,5.3413063938427696870e-03
1.0682682682682682618e+00,5.4081836962319588050e-03
1.0705705705705705899e+00,5.4757483992944940704e-03
1.0728728728728726960e+00,5.5440060148633681092e-03
1.0751751751751750241e+00,5.6129621129507121374e-03
1.0774774774774773523e+00,5.6826222641584026377e-03
1.0797797797797796804e+00,5.7529921061813642236e-03
1.0820820820820820085e+00,5.8240772730613517283e-03
1.0843843843843843366e+00,5.8958834659816137386e-03
1.0866866866866866648e+00,5.9684163875094826610e-03
1.0889889889889889929e+00,6.0416817985572985467e-03
1.0912912912912910990e+00,6.1156854740685604940e-03
1.0935935935935934271e+00,6.1904332325909017937e-03
1.0958958958958957552e+00,6.2659309235772540220e-03
1.0981981981981980834e+00,6.3421844228782626313e-03
1.1005005005005004115e+00,6.4191996548017072124e-03
1.1028028028028027396e+00,6.4969825539878262033e-03
1.1051051051051050678e+00,6.5755391180992682487e-03
1.1074074074074073959e+00,6.6548753439296219614e-03
1.1097097097097097240e+00,6.7349972991537420883e-03
1.1120120120120118301e+00,6.8159110478339711772e-03
1.1143143143143141582e+00,6.8976227231670158083e-03
1.1166166166166164864e+00,6.9801384616394943072e-03
1.1189189189189188145e+00,7.0634644583096014084e-03
1.1212212212212211426e+00,7.1476069257911493959e-03
1.1235235235235234708e+00,7.2325721191284142106e-03
1.1258258258258257989e+00,7.3183663289479788591e-03
1.1281281281281281270e+00,7.4049958702564868188e-03
1.1304304304304302331e+00,7.4924671117000069334e-03
1.1327327327327325612e+00,7.5807864301348677760e-03
1.1350350350350348894e+00,7.6699602702954491895e-03
1.1373373373373372175e+00,7.7599950747448956032e-03
1.1396396396396395456e+00,7.8508973605001287910e-03
1.1419419419419418738e+00,7.9426736413494691130e-03
1.1442442442442442019e+00,8.0353305018705974139e-03
1.1465465465465465300e+00,8.1288745322443105995e-03
1.1488488488488488581e+00,8.2233123810955873617e-03
1.1511511511511509642e+00,8.3186507185173501344e-03
1.1534534534534532924e+00,8.4148962555528547536e-03
1.1557557557557556205e+00,8.5120557438144381357e-03
1.1580580580580579486e+00,8.6101359570789504777e-03
1.1603603603603602767e+00,8.7091437281136014487e-03
1.1626626626626626049e+00,8.8090858957481487507e-03
1.1649649649649649330e+00,8.9099693715085845347e-03
1.1672672672672672611e+00,9.0118010636607761427e-03
1.1695695695695693672e+00,9.1145879582196654561e-03
1.1718718718718716953e+00,9.2183370387410226016e-03
1.1741741741741740235e+00,9.3230553608592767190e-03
1.1764764764764763516e+00,9.4287499885441494740e-03
1.1787787787787786797e+00,9.5354280437191657471e-03
1.1810810810810810079e+00,9.6430966740729331943e-03
1.1833833833833833360e+00,9.7517630664657115047e-03
1.1856856856856856641e+00,9.8614344536040194483e-03
1.1879879879879879923e+00,9.9721180879707160827e-03
1.1902902902902900983e+00,1.0083821286523115754e-02
1.1925925925925924265e+00,1.0196551370151686958e-02
1.1948948948948947546e+00,1.0310315737173477227e-02
1.1971971971971970827e+00,1.0425121781821684516e-02
1.1994994994994994109e+00,1.0540976979051562556e-02
1.2018018018018017390e+00,1.0657888802548335858e-02
1.2041041041041040671e+00,1.0775864798982561985e-02
1.2064064064064063952e+00,1.0894912526522641111e-02
1.2087087087087085013e+00,1.1015039600436709807e-02
1.2110110110110108295e+00,1.1136253666436878376e-02
1.2133133133133131576e+00,1.1258562407343644662e-02
1.2156156156156154857e+00,1.1381973557372349753e-02
1.2179179179179178139e+00,1.1506494867984390015e-02
1.2202202202202201420e+00,1.1632134160695245875e-02
1.2225225225225224701e+00,1.1758899258890700285e-02
1.2248248248248247982e+00,1.1886798067974347140e-02
1.2271271271271271264e+00,1.2015838488750044816e-02
1.2294294294294292325e+00,1.2146028505363278688e-02
1.2317317317317315606e+00,1.2277376102318784956e-02
1.2340340340340338887e+00,1.2409889337614570318e-02
1.2363363363363362168e+00,1.2543576284344763738e-02
1.2386386386386385450e+00,1.2678445071483549975e-02
1.2409409409409408731e+00,1.2814503863498898778e-02
1.2432432432432432012e+00,1.2951760859633329459e-02
1.2455455455455455294e+00,1.3090224316315800940e-02
1.2478478478478476354e+00,1.3229902504580387870e-02
1.2501501501501499636e+00,1.3370803771143871530e-02
1.2524524524524522917e+00,1.3512936462649026426e-02
1.2547547547547546198e+00,1.3656309012149694601e-02
1.2570570570570569480e+00,1.3800929847935280992e-02
1.2593593593593592761e+00,1.3946807483873854480e-02
1.2616616616616616042e+00,1.4093950436279636604e-02
1.2639639639639639324e+00,1.4242367295058344645e-02
1.2662662662662662605e+00,1.4392066669249418270e-02
1.2685685685685683666e+00,1.4543057222192241895e-02
1.2708708708708706947e+00,1.4695347658129897031e-02
1.2731731731731730228e+00,1.4848946713497818140e-02
1.2754754754754753510e+00,1.5003863187924994238e-02
1.2777777777777776791e+00,1.5160105892935349034e-02
1.2800800800800800072e+00,1.5317683721366871091e-02
1.2823823823823823354e+00,1.5476605564217753297e-02
1.2846846846846846635e+00,1.5636880403035118003e-02
1.2869869869869867696e+00,1.5798517214834148503e-02
1.2892892892892890977e+00,1.5961525064039725624e-02
1.2915915915915914258e+00,1.6125913020082826427e-02
1.2938938938938937540e+00,1.6291690225667863900e-02
1.2961961961961960821e+00,1.6458865847110915742e-02
1.2984984984984984102e+00,1.6627449103094833760e-02
1.3008008008008007383e+00,1.6797449258959332163e-02
1.3031031031031030665e+00,1.6968875609430156964e-02
1.3054054054054053946e+00,1.7141737518613791441e-02
1.3077077077077075007e+00,1.7316044359773553885e-02
1.3100100100100098288e+00,1.7491805593065477831e-02
1.3123123123123121569e+00,1.7669030675279900205e-02
1.3146146146146144851e+00,1.7847729157570296765e-02
1.3169169169169168132e+00,1.8027910587232701123e-02
1.3192192192192191413e+00,1.8209584600368092927e-02
1.3215215215215214695e+00,1.8392760841126783861e-02
1.3238238238238237976e+00,1.8577449026189282733e-02
1.3261261261261259037e+00,1.8763658900759674214e-02
1.3284284284284282318e+00,1.8951400260132162529e-02
1.3307307307307305599e+00,1.9140682952332004063e-02
1.3330330330330328881e+00,1.9331516851767954757e-02
1.3353353353353352162e+00,1.9523911908556654954e-02
1.3376376376376375443e+00,1.9717878079254336915e-02
1.3399399399399398725e+00,1.9913425412777564089e-02
1.3422422422422422006e+00,2.0110563953458282516e-02
1.3445445445445445287e+00,2.0309303843419054120e-02
1.3468468468468466348e+00,2.0509655222087537496e-02
1.3491491491491489629e+00,2.0711628318638215795e-02
1.3514514514514512911e+00,2.0915233373831332297e-02
1.3537537537537536192e+00,2.1120480699791895074e-02
1.3560560560560559473e+00,2.1327380642509587150e-02
1.3583583583583582755e+00,2.1535943595462271605e-02
1.3606606606606606036e+00,2.1746180011231634049e-02
1.3629629629629629317e+00,2.1958100365619924454e-02
1.3652652652652652598e+00,2.2171715216563518680e-02
1.3675675675675673659e+00,2.2387035125795984314e-02
1.3698698698698696941e+00,2.2604070752712396297e-02
1.3721721721721720222e+00,2.2822832751262980139e-02
1.3744744744744743503e+00,2.3043331876190627228e-02
1.3767767767767766784e+00,2.3265578881220383423e-02
1.3790790790790790066e+00,2.3489584610296716793e-02
1.3813813813813813347e+00,2.3715359922984347030e-02
1.3836836836836836628e+00,2.3942915748625254180e-02
1.3859859859859857689e+00,2.4172263056183571073e-02
1.3882882882882880970e+00,2.4403412859201497470e-02
1.3905905905905904252e+00,2.4636376236964525888e-02
1.3928928928928927533e+00,2.4871164288690711386e-02
1.3951951951951950814e+00,2.5107788202204484734e-02
1.3974974974974974096e+00,2.5346259166615824759e-02
1.3997997997997997377e+00,2.5586588473763251239e-02
1.4021021021021020658e+00,2.5828787409583695706e-02
1.4044044044044043940e+00,2.6072867363349093439e-02
1.4067067067067065000e+00,2.6318839725520213474e-02
1.4090090090090088282e+00,2.6566715976767435459e-02
1.4113113113113111563e+00,2.6816507617913667993e-02
1.4136136136136134844e+00,2.7068226217554895024e-02
1.4159159159159158126e+00,2.7321883390066688951e-02
1.4182182182182181407e+00,2.7577490791208764814e-02
1.4205205205205204688e+00,2.7835060149357153392e-02
1.4228228228228227970e+00,2.8094603209452149312e-02
1.4251251251251249030e+00,2.8356131811507517132e-02
1.4274274274274272312e+00,2.8619657794507560172e-02
1.4297297297297295593e+00,2.8885193104938065162e-02
1.4320320320320318874e+00,2.9152749683379611950e-02
1.4343343343343342156e+00,2.9422339575809468293e-02
1.4366366366366365437e+00,2.9693974832146061843e-02
1.4389389389389388718e+00,2.9967667592023294887e-02
1.4412412412412411999e+00,3.0243430020257925511e-02
1.4435435435435435281e+00,3.0521274347032084640e-02
1.4458458458458456342e+00,3.0801212854847961203e-02
1.4481481481481479623e+00,3.1083257864144807348e-02
1.4504504504504502904e+00,3.1367421775048309751e-02
1.4527527527527526185e+00,3.1653717000849179719e-02
1.4550550550550549467e+00,3.1942156056316894919e-02
1.4573573573573572748e+00,3.2232751453141819664e-02
1.4596596596596596029e+00,3.2525515814924972624e-02
1.4619619619619619311e+00,3.2820461759860530826e-02
1.4642642642642640372e+00,3.3117602013093910829e-02
1.4665665665665663653e+00,3.3416949307019390425e-02
1.4688688688688686934e+00,3.3718516462761929930e-02
1.4711711711711710215e+00,3.4022316332150026597e-02
1.4734734734734733497e+00,3.4328361829576894970e-02
1.4757757757757756778e+00,3.4636665928651756696e-02
1.4780780780780780059e+00,3.4947241637249354396e-02
1.4803803803803803341e+00,3.5260102050149358388e-02
1.4826826826826826622e+00,3.5575260271914925514e-02
1.4849849849849847683e+00,3.5892729514859424145e-02
1.4872872872872870964e+00,3.6212522986504798450e-02
1.4895895895895894245e+00,3.6534654010247281930e-02
1.4918918918918917527e+00,3.6859135905124691679e-02
1.4941941941941940808e+00,3.7185982098147031538e-02
1.4964964964964964089e+00,3.7515206027441495851e-02
1.4987987987987987371e+00,3.7846821218390350183e-02
1.5011011011011010652e+00,3.8180841233078993691e-02
1.5034034034034031713e+00,3.8517279692983942552e-02
1.5057057057057054994e+00,3.8856150286021476359e-02
1.5080080080080078275e+00,3.9197466730517750710e-02
1.5103103103103101557e+00,3.9541242839026088940e-02
1.5126126126126124838e+00,3.9887492430581129865e-02
1.5149149149149148119e+00,4.0236229438045674478e-02
1.5172172172172171400e+00,4.0587467788187940598e-02
1.5195195195195194682e+00,4.0941221527113047518e-02
1.5218218218218217963e+00,4.1297504698209842877e-02
1.5241241241241239024e+00,4.1656331453315306734e-02
1.5264264264264262305e+00,4.2017715959818381644e-02
1.5287287287287285587e+00,4.2381672470405938602e-02
1.5310310310310308868e+00,4.2748215280935433769e-02
1.5333333333333332149e+00,4.3117358743134687193e-02
1.5356356356356355430e+00,4.3489117282692266175e-02
1.5379379379379378712e+00,4.3863505351711434832e-02
1.5402402402402401993e+00,4.4240537503897510441e-02
1.5425425425425423054e+00,4.4620228296278478808e-02
1.5448448448448446335e+00,4.5002592405529701081e-02
1.5471471471471469616e+00,4.5387644501390385365e-02
1.5494494494494492898e+00,4.5775399375864403440e-02
1.5517517517517516179e+00,4.6165871820493607769e-02
1.5540540540540539460e+00,4.6559076735187311658e-02
1.5563563563563562742e+00,4.6955029040406139063e-02
1.5586586586586586023e+00,4.7353743739474978003e-02
1.5609609609609609304e+00,4.7755235885803187790e-02
1.5632632632632630365e+00,4.8159520584824921929e-02
1.5655655655655653646e+00,4.8566613023710805686e-02
1.5678678678678676928e+00,4.8976528411953407227e-02
1.5701701701701700209e+00,4.9389282068007772653e-02
1.5724724724724723490e+00,4.9804889310700900529e-02
1.5747747747747746772e+00,5.0223365583985803140e-02
1.5770770770770770053e+00,5.0644726324545856488e-02
1.5793793793793793334e+00,5.1068987093686346590e-02
1.5816816816816814395e+00,5.1496163455126045538e-02
1.5839839839839837676e+00,5.1926271080304280126e-02
1.5862862862862860958e+00,5.2359325666768423424e-02
1.5885885885885884239e+00,5.2795342992031368823e-02
1.5908908908908907520e+00,5.3234338891026487806e-02
1.5931931931931930801e+00,5.3676329246575817111e-02
1.5954954954954954083e+00,5.4121330031226148882e-02
1.5977977977977977364e+00,5.4569357235712365184e-02
1.6001001001001000645e+00,5.5020426967019649134e-02
1.6024024024024021706e+00,5.5474555329840281870e-02
1.6047047047047044988e+00,5.5931758559066388492e-02
1.6070070070070068269e+00,5.6392052882550051940e-02
1.6093093093093091550e+00,5.6855454654537306014e-02
1.6116116116116114831e+00,5.7321980235197585174e-02
1.6139139139139138113e+00,5.7791646091213955128e-02
1.6162162162162161394e+00,5.8264468721487577829e-02
1.6185185185185184675e+00,5.8740464701544162218e-02
1.6208208208208207957e+00,5.9219650672064902408e-02
1.6231231231231229017e+00,5.9702043317233041697e-02
1.6254254254254252299e+00,6.0187659419114518389e-02
1.6277277277277275580e+00,6.0676515773847680690e-02
1.6300300300300298861e+00,6.1168629300970348006e-02
1.6323323323323322143e+00,6.1664016915429685495e-02
1.6346346346346345424e+00,6.2162695666963828367e-02
1.6369369369369368705e+00,6.2664682599117269013e-02
1.6392392392392391987e+00,6.3169994882994823238e-02
1.6415415415415413047e+00,6.3678649699774533821e-02
1.6438438438438436329e+00,6.4190664335384339800e-02
1.6461461461461459610e+00,6.4706056114619908692e-02
1.6484484484484482891e+00,6.5224842435137625474e-02
1.6507507507507506173e+00,6.5747040767848985432e-02
1.6530530530530529454e+00,6.6272668622568420282e-02
1.6553553553553552735e+00,6.6801743615262101916e-02
1.6576576576576576016e+00,6.7334283371930189754e-02
1.6599599599599599298e+00,6.7870305648899509343e-02
1.6622622622622620359e+00,6.8409828196055025296e-02
1.6645645645645643640e+00,6.8952868902086586478e-02
1.6668668668668666921e+00,6.9499445651000232860e-02
1.6691691691691690203e+00,7.0049576454888698440e-02
1.6714714714714713484e+00,7.0603279340702179701e-02
1.6737737737737736765e+00,7.1160572437815955427e-02
1.6760760760760760046e+00,7.1721473921638315141e-02
1.6783783783783783328e+00,7.2286002036272140048e-02
1.6806806806806804389e+00,7.2854175107496588204e-02
1.6829829829829827670e+00,7.3426011495227871961e-02
1.6852852852852850951e+00,7.4001529673853316815e-02
1.6875875875875874232e+00,7.4580748123902571023e-02
1.6898898898898897514e+00,7.5163685462864587850e-02
1.6921921921921920795e+00,7.5750360300453276063e-02
1.6944944944944944076e+00,7.6340791388577619592e-02
1.6967967967967967358e+00,7.6934997476672345451e-02
1.6990990990990990639e+00,7.7532997442147574829e-02
1.7014014014014011700e+00,7.8134810182692873703e-02
1.7037037037037034981e+00,7.8740454695560652132e-02
1.7060060060060058262e+00,7.9349950031702587427e-02
1.7083083083083081544e+00,7.9963315306236404378e-02
1.7106106106106104825e+00,8.0580569724665235265e-02
1.7129129129129128106e+00,8.1201732521753389182e-02
1.7152152152152151388e+00,8.1826823055051220446e-02
1.7175175175175174669e+00,8.2455860684584020293e-02
1.7198198198198195730e+00,8.3088864913606216844e-02
1.7221221221221219011e+00,8.3725855236837426476e-02
1.7244244244244242292e+00,8.4366851293936784284e-02
1.7267267267267265574e+00,8.5011872725011386476e-02
1.7290290290290288855e+00,8.5660939297394184111e-02
1.7313313313313312136e+00,8.6314070804751993893e-02
1.7336336336336335417e+00,8.6971287136931821338e-02
1.7359359359359358699e+00,8.7632608245623216936e-02
1.7382382382382381980e+00,8.8298054141827841956e-02
1.7405405405405403041e+00,8.8967644935884590551e-02
1.7428428428428426322e+00,8.9641400762466044716e-02
1.7451451451451449604e+00,9.0319341887271725744e-02
1.7474474474474472885e+00,9.1001488575111436075e-02
1.7497497497497496166e+00,9.1687861239848345019e-02
1.7520520520520519447e+00,9.2378480286675265787e-02
1.7543543543543542729e+00,9.3073366267791765583e-02
1.7566566566566566010e+00,9.3772539739484087051e-02
1.7589589589589587071e+00,9.4476021383866445880e-02
1.7612612612612610352e+00,9.5183831916056019229e-02
1.7635635635635633633e+00,9.5895992143454691914e-02
1.7658658658658656915e+00,9.6612522943884351911e-02
1.7681681681681680196e+00,9.7333445249327132931e-02
1.7704704704704703477e+00,9.8058780100228087884e-02
1.7727727727727726759e+00,9.8788548556438052217e-02
1.7750750750750750040e+00,9.9522771816910604592e-02
1.7773773773773773321e+00,1.0026147107672735148e-01
1.7796796796796794382e+00,1.0100466768530472206e-01
1.7819819819819817663e+00,1.0175238298393012026e-01
1.7842842842842840945e+00,1.0250463846226018361e-01
1.7865865865865864226e+00,1.0326145561839483733e-01
1.7888888888888887507e+00,1.0402285607422377678e-01
1.7911911911911910789e+00,1.0478886149190780319e-01
1.7934934934934934070e+00,1.0555949362151778592e-01
1.7957957957957957351e+00,1.0633477429252648216e-01
1.7980980980980978412e+00,1.0711472538317434733e-01
1.8004004004004001693e+00,1.0789936888942069926e-01
1.8027027027027024975e+00,1.0868872682178135070e-01
1.8050050050050048256e+00,1.0948282133772192781e-01
1.8073073073073071537e+00,1.1028167458833476600e-01
1.8096096096096094819e+00,1.1108530888371338785e-01
1.8119119119119118100e+00,1.1189374652710054603e-01
1.8142142142142141381e+00,1.1270700997076163463e-01
1.8165165165165164662e+00,1.1352512168048446706e-01
1.8188188188188185723e+00,1.1434810424318672673e-01
1.8211211211211209005e+00,1.1517598029391051817e-01
1.8234234234234232286e+00,1.1600877255078897998e-01
1.8257257257257255567e+00,1.1684650382070728425e-01
1.8280280280280278848e+00,1.1768919695373945833e-01
1.8303303303303302130e+00,1.1853687492700380746e-01
1.8326326326326325411e+00,1.1938956072748051207e-01
1.8349349349349348692e+00,1.2024727749663588483e-01
1.8372372372372369753e+00,1.2111004836763496206e-01
1.8395395395395393034e+00,1.2197789663661311177e-01
1.8418418418418416316e+00,1.2285084559492329137e-01
1.8441441441441439597e+00,1.2372891868287340389e-01
1.8464464464464462878e+00,1.2461213936009228609e-01
1.8487487487487486160e+00,1.2550053120407239637e-01
1.8510510510510509441e+00,1.2639411784884629908e-01
1.8533533533533532722e+00,1.2729292300630604129e-01
1.8556556556556556004e+00,1.2819697048676695350e-01
1.8579579579579577064e+00,1.2910628413801866765e-01
1.8602602602602600346e+00,1.3002088794421681750e-01
1.8625625625625623627e+00,1.3094080589490933453e-01
1.8648648648648646908e+00,1.3186606214126300740e-01
1.8671671671671670190e+00,1.3279668082484444303e-01
1.8694694694694693471e+00,1.3373268625340378746e-01
1.8717717717717716752e+00,1.3467410273277646837e-01
1.8740740740740740033e+00,1.3562095471693588755e-01
1.8763763763763761094e+00,1.3657326668567143502e-01
1.8786786786786784376e+00,1.3753106323275884892e-01
1.8809809809809807657e+00,1.3849436901744230366e-01
1.8832832832832830938e+00,1.3946320877120860215e-01
1.8855855855855854220e+00,1.4043760733389112905e-01
1.8878878878878877501e+00,1.4141758957700370503e-01
1.8901901901901900782e+00,1.4240318051765724072e-01
1.8924924924924924063e+00,1.4339440517419713150e-01
1.8947947947947947345e+00,1.4439128873322620850e-01
1.8970970970970968406e+00,1.4539385637113713678e-01
1.8993993993993991687e+00,1.4640213343294714021e-01
1.9017017017017014968e+00,1.4741614526543575514e-01
1.9040040040040038249e+00,1.4843591736197614406e-01
1.9063063063063061531e+00,1.4946147524894431990e-01
1.9086086086086084812e+00,1.5049284456226080797e-01
1.9109109109109108093e+00,1.5153005101273786526e-01
1.9132132132132131375e+00,1.5257312037748771427e-01
1.9155155155155152435e+00,1.5362207855210724405e-01
1.9178178178178175717e+00,1.5467695145807872081e-01
1.9201201201201198998e+00,1.5573776517156065480e-01
1.9224224224224222279e+00,1.5680454576619634599e-01
1.9247247247247245561e+00,1.5787731948996031051e-01
1.9270270270270268842e+00,1.5895611258075631467e-01
1.9293293293293292123e+00,1.6004095144677202289e-01
1.9316316316316315405e+00,1.6113186250245029041e-01
1.9339339339339338686e+00,1.6222887230656998780e-01
1.9362362362362359747e+00,1.6333200745877676785e-01
1.9385385385385383028e+00,1.6444129466328485933e-01
1.9408408408408406309e+00,1.6555676070908126318e-01
1.9431431431431429591e+00,1.6667843244523800061e-01
1.9454454454454452872e+00,1.6780633684960488683e-01
1.9477477477477476153e+00,1.6894050092019471943e-01
1.9500500500500499435e+00,1.7008095181854335221e-01
1.9523523523523522716e+00,1.7122771670042824521e-01
1.9546546546546545997e+00,1.7238082290137651809e-01
1.9569569569569567058e+00,1.7354029774779242135e-01
1.9592592592592590339e+00,1.7470616873723046614e-01
1.9615615615615613621e+00,1.7587846337880563841e-01
1.9638638638638636902e+00,1.7705720932301263759e-01
1.9661661661661660183e+00,1.7824243426973138127e-01
1.9684684684684683464e+00,1.7943416601792888665e-01
1.9707707707707706746e+00,1.8063243246163612765e-01
1.9730730730730730027e+00,1.8183726154852841717e-01
1.9753753753753751088e+00,1.8304868136542942758e-01
1.9776776776776774369e+00,1.8426672001374633236e-01
1.9799799799799797650e+00,1.8549140576691147686e-01
1.9822822822822820932e+00,1.8672276688995487204e-01
1.9845845845845844213e+00,1.8796083183229198021e-01
1.9868868868868867494e+00,1.8920562903601950699e-01
1.9891891891891890776e+00,1.9045718711440293158e-01
1.9914914914914914057e+00,1.9171553469836374872e-01
1.9937937937937937338e+00,1.9298070055653090971e-01
1.9960960960960958399e+00,1.9425271351604078696e-01
1.9983983983983981680e+00,1.9553160249715112462e-01
2.0007007007007007182e+00,1.9681739652581325961e-01
2.0030030030030028243e+00,1.9811012467501054601e-01
2.0053053053053049304e+00,1.9940981616723729708e-01
2.0076076076076074806e+00,2.0071650023421772069e-01
2.0099099099099095866e+00,2.0203020628776524603e-01
2.0122122122122121368e+00,2.0335096372934141629e-01
2.0145145145145142429e+00,2.0467880214858280574e-01
2.0168168168168167931e+00,2.0601375113051631494e-01
2.0191191191191188992e+00,2.0735584043053076342e-01
2.0214214214214214493e+00,2.0870509982855711684e-01
2.0237237237237235554e+00,2.1006155923789865403e-01
2.0260260260260256615e+00,2.1142524864008038765e-01
2.0283283283283282117e+00,2.1279619810336311558e-01
2.0306306306306303178e+00,2.1417443781263675873e-01
2.0329329329329328679e+00,2.1555999799312261511e-01
2.0352352352352349740e+00,2.1695290902984709636e-01
2.0375375375375375242e+00,2.1835320131204105643e-01
2.0398398398398396303e+00,2.1976090541658072075e-01
2.0421421421421421805e+00,2.2117605190880021415e-01
2.0444444444444442865e+00,2.2259867154514159648e-01
2.0467467467467463926e+00,2.2402879508105991158e-01
2.0490490490490489428e+00,2.2546645344075585959e-01
2.0513513513513510489e+00,2.2691167758063093829e-01
2.0536536536536535991e+00,2.2836449858549662251e-01
2.0559559559559557052e+00,2.2982494761865174260e-01
2.0582582582582582553e+00,2.3129305592338028630e-01
2.0605605605605603614e+00,2.3276885487078000092e-01
2.0628628628628629116e+00,2.3425237586556152403e-01
2.0651651651651650177e+00,2.3574365048239084852e-01
2.0674674674674671238e+00,2.3724271029553611889e-01
2.0697697697697696739e+00,2.3874958707387164414e-01
2.0720720720720717800e+00,2.4026431257435820754e-01
2.0743743743743743302e+00,2.4178691874712782139e-01
2.0766766766766764363e+00,2.4331743754586179773e-01
2.0789789789789789864e+00,2.4485590109057420172e-01
2.0812812812812810925e+00,2.4640234154189910587e-01
2.0835835835835831986e+00,2.4795679118331670487e-01
2.0858858858858857488e+00,2.4951928238757914436e-01
2.0881881881881878549e+00,2.5108984760035135686e-01
2.0904904904904904051e+00,2.5266851940647905295e-01
2.0927927927927925111e+00,2.5425533041775288945e-01
2.0950950950950950613e+00,2.5585031342582287284e-01
2.0973973973973971674e+00,2.5745350121785248731e-01
2.0996996996996997176e+00,2.5906492678185266687e-01
2.1020020020020018237e+00,2.6068462309441992053e-01
2.1043043043043039297e+00,2.6231262332645766122e-01
2.1066066066066064799e+00,2.6394896065785322659e-01
2.1089089089089085860e+00,2.6559366843158399574e-01
2.1112112112112111362e+00,2.6724678004037505374e-01
2.1135135135135132423e+00,2.6890832899362970831e-01
2.1158158158158157924e+00,2.7057834890123699800e-01
2.1181181181181178985e+00,2.7225687343864796164e-01
2.1204204204204204487e+00,2.7394393643193076793e-01
2.1227227227227225548e+00,2.7563957172756131664e-01
2.1250250250250246609e+00,2.7734381336140651042e-01
2.1273273273273272110e+00,2.7905669536138549836e-01
2.1296296296296293171e+00,2.8077825196167160993e-01
2.1319319319319318673e+00,2.8250851738645887945e-01
2.1342342342342339734e+00,2.8424752605445585685e-01
2.1365365365365365236e+00,2.8599531239968195573e-01
2.1388388388388386296e+00,2.8775191101523178716e-01
2.1411411411411411798e+00,2.8951735655376414913e-01
2.1434434434434432859e+00,2.9129168377792857836e-01
2.1457457457457453920e+00,2.9307492756247816024e-01
2.1480480480480479422e+00,2.9486712284019100938e-01
2.1503503503503500482e+00,2.9666830470592553404e-01
2.1526526526526525984e+00,2.9847850826864813500e-01
2.1549549549549547045e+00,3.0029776883580722169e-01
2.1572572572572572547e+00,3.0212612170418984281e-01
2.1595595595595593608e+00,3.0396360238133990350e-01
2.1618618618618614668e+00,3.0581024636725306909e-01
2.1641641641641640170e+00,3.0766608935573752648e-01
2.1664664664664661231e+00,3.0953116706311833983e-01
2.1687687687687686733e+00,3.1140551536004690281e-01
2.1710710710710707794e+00,3.1328917018721219589e-01
2.1733733733733733295e+00,3.1518216758813966116e-01
2.1756756756756754356e+00,3.1708454373042377350e-01
2.1779779779779779858e+00,3.1899633483203171380e-01
2.1802802802802800919e+00,3.2091757728442854569e-01
2.1825825825825821980e+00,3.2284830748721382587e-01
2.1848848848848847481e+00,3.2478856204703537847e-01
2.1871871871871868542e+00,3.2673837755799117755e-01
2.1894894894894894044e+00,3.2869779082848665785e-01
2.1917917917917915105e+00,3.3066683866283341775e-01
2.1940940940940940607e+00,3.3264555805754753015e-01
2.1963963963963961668e+00,3.3463398603973820711e-01
2.1986986986986987169e+00,3.3663215978538391093e-01
2.2010010010010008230e+00,3.3864011655160197733e-01
2.2033033033033029291e+00,3.4065789369077237314e-01
2.2056056056056054793e+00,3.4268552869160789909e-01
2.2079079079079075854e+00,3.4472305908549877307e-01
2.2102102102102101355e+00,3.4677052258861479350e-01
2.2125125125125122416e+00,3.4882795691972823260e-01
2.2148148148148147918e+00,3.5089540001261571023e-01
2.2171171171171168979e+00,3.5297288978749896682e-01
2.2194194194194194480e+00,3.5506046438138511023e-01
2.2217217217217215541e+00,3.5715816193167093662e-01
2.2240240240240236602e+00,3.5926602076570435251e-01
2.2263263263263262104e+00,3.6138407925042587143e-01
2.2286286286286283165e+00,3.6351237589460255739e-01
2.2309309309309308667e+00,3.6565094929914515598e-01
2.2332332332332329727e+00,3.6779983815485850496e-01
2.2355355355355355229e+00,3.6995908130461591101e-01
2.2378378378378376290e+00,3.7212871761941473947e-01
2.2401401401401397351e+00,3.7430878615163110101e-01
2.2424424424424422853e+00,3.7649932596679452912e-01
2.2447447447447443913e+00,3.7870037641007109341e-01
2.2470470470470469415e+00,3.8091197678686689043e-01
2.2493493493493490476e+00,3.8313416640923603218e-01
2.2516516516516515978e+00,3.8536698459649781912e-01
2.2539539539539537039e+00,3.8761047157443578870e-01
2.2562562562562562540e+00,3.8986466789895490859e-01
2.2585585585585583601e+00,3.9212961199059082062e-01
2.2608608608608604662e+00,3.9440534051118603109e-01
2.2631631631631630164e+00,3.9669189677730276600e-01
2.2654654654654651225e+00,3.9898933338751491062e-01
2.2677677677677676726e+00,4.0129768594216946864e-01
2.2700700700700697787e+00,4.0361695115260459721e-01
2.2723723723723723289e+00,4.0594716286182419562e-01
2.2746746746746744350e+00,4.0828850913958464330e-01
2.2769769769769769852e+00,4.1064112155199655740e-01
2.2792792792792790912e+00,4.1300457324598066622e-01
2.2815815815815811973e+00,4.1537840119256697058e-01
2.2838838838838837475e+00,4.1776401781376137912e-01
2.2861861861861858536e+00,4.2016370112363654599e-01
2.2884884884884884038e+00,4.2257389802805200851e-01
2.2907907907907905098e+00,4.2498576516982045082e-01
2.2930930930930930600e+00,4.2740705302696430090e-01
2.2953953953953951661e+00,4.2987063731644120645e-01
2.2976976976976977163e+00,4.3236747077016862706e-01
2.2999999999999998224e+00,4.3478260869565188429e-01
