0.0000000000000000000e+00,-9.7542780439679177551e-02
2.3023023023023021089e-03,8.4870099438653578483e-07
4.6046046046046042177e-03,6.7804682511095508489e-06
6.9069069069069063266e-03,1.5834826557622213547e-05
9.2092092092092084354e-03,2.8063842042864639765e-05
1.1511511511511510544e-02,4.3501896636275571423e-05
1.3813813813813812653e-02,6.2228155127644997277e-05
1.6116116116116116497e-02,8.4313063094326181571e-05
1.8418418418418416871e-02,1.0975083024853906537e-04
2.0720720720720717245e-02,1.3849970173235569846e-04
2.3023023023023021089e-02,1.7052996673838261726e-04
2.5325325325325324932e-02,2.0581818315464124754e-04
2.7627627627627625306e-02,2.4434377273255849768e-04
2.9929929929929925680e-02,2.8608137899679893798e-04
3.2232232232232232993e-02,3.3100928022272198140e-04
3.4534534534534533368e-02,3.7910365179827604318e-04
3.6836836836836833742e-02,4.3034362127003554857e-04
3.9139139139139134116e-02,4.8470638513465095446e-04
4.1441441441441434490e-02,5.4217088874792618639e-04
4.3743743743743741803e-02,6.0271531454341689855e-04
4.6046046046046042177e-02,6.6631853385359072778e-04
4.8348348348348342551e-02,7.3295961434119492710e-04
5.0650650650650649864e-02,8.0261736306647785914e-04
5.2952952952952950239e-02,8.7527155972974535723e-04
5.5255255255255250613e-02,9.5090108396061990507e-04
5.7557557557557550987e-02,1.0294862462143364919e-03
5.9859859859859851361e-02,1.1110061601239025215e-03
6.2162162162162158674e-02,1.1954414665248549836e-03
6.4464464464464465987e-02,1.2827716844993027664e-03
6.6766766766766766361e-02,1.3729776153440090888e-03
6.9069069069069066735e-02,1.4660393062662262827e-03
7.1371371371371367109e-02,1.5619376265418060713e-03
7.3673673673673667484e-02,1.6606531925379766634e-03
7.5975975975975967858e-02,1.7621669223790074974e-03
7.8278278278278268232e-02,1.8664599817937519832e-03
8.0580580580580568606e-02,1.9735133708500725291e-03
8.2882882882882868980e-02,2.0833087421073511261e-03
8.5185185185185183232e-02,2.1958272470709327452e-03
8.7487487487487483606e-02,2.3110509328820132147e-03
8.9789789789789783980e-02,2.4289611964663881775e-03
9.2092092092092084354e-02,2.5495403684856498584e-03
9.4394394394394384729e-02,2.6727701914971940637e-03
9.6696696696696685103e-02,2.7986331828866403172e-03
9.8998998998998985477e-02,2.9271115005188421201e-03
1.0130130130130129973e-01,3.0581877947385965183e-03
1.0360360360360360010e-01,3.1918446618433935630e-03
1.0590590590590590048e-01,3.3280648726370281112e-03
1.0820820820820820085e-01,3.4668314486738138931e-03
1.1051051051051050123e-01,3.6081273003646702376e-03
1.1281281281281280160e-01,3.7519358338128469717e-03
1.1511511511511510197e-01,3.8982401420729335777e-03
1.1741741741741740235e-01,4.0470239544044489879e-03
1.1971971971971970272e-01,4.1982706066233206263e-03
1.2202202202202201697e-01,4.3519640766540631377e-03
1.2432432432432431735e-01,4.5080880066028384406e-03
1.2662662662662660384e-01,4.6666265605372478018e-03
1.2892892892892893197e-01,4.8275637278850777254e-03
1.3123123123123123235e-01,4.9908838244921288618e-03
1.3353353353353353272e-01,5.1565711986946670409e-03
1.3583583583583583310e-01,5.3246103101517528247e-03
1.3813813813813813347e-01,5.4949858541148352553e-03
1.4044044044044043384e-01,5.6676824471185473231e-03
1.4274274274274273422e-01,5.8426851006740509326e-03
1.4504504504504503459e-01,6.0199786178403245224e-03
1.4734734734734733497e-01,6.1995482810913715710e-03
1.4964964964964963534e-01,6.3813791216149181804e-03
1.5195195195195193572e-01,6.5654566392059007796e-03
1.5425425425425423609e-01,6.7517661356262404643e-03
1.5655655655655653646e-01,6.9402932851340753614e-03
1.5885885885885883684e-01,7.1310236849176904944e-03
1.6116116116116113721e-01,7.3239431606607402134e-03
1.6346346346346343759e-01,7.5190376099452333261e-03
1.6576576576576573796e-01,7.7162930049277335051e-03
1.6806806806806806609e-01,7.9156955322633778399e-03
1.7037037037037036646e-01,8.1172313204194851410e-03
1.7267267267267266684e-01,8.3208868205485106428e-03
1.7497497497497496721e-01,8.5266483392860466933e-03
1.7727727727727726759e-01,8.7345025569989364483e-03
1.7957957957957956796e-01,8.9444359887745246429e-03
1.8188188188188186833e-01,9.1564355041301587201e-03
1.8418418418418416871e-01,9.3704878557909886821e-03
1.8648648648648646908e-01,9.5865800719610386182e-03
1.8878878878878876946e-01,9.8046991582603146287e-03
1.9109109109109106983e-01,1.0024832285658548045e-02
1.9339339339339337021e-01,1.0246966713842450142e-02
1.9569569569569567058e-01,1.0471089753600284003e-02
1.9799799799799797095e-01,1.0697188908106390268e-02
2.0030030030030027133e-01,1.0925251635898672667e-02
2.0260260260260259946e-01,1.1155265663285549027e-02
2.0490490490490489983e-01,1.1387218613444155882e-02
2.0720720720720720021e-01,1.1621098407405227454e-02
2.0950950950950950058e-01,1.1856892855842028275e-02
2.1181181181181180095e-01,1.2094590043988570280e-02
2.1411411411411410133e-01,1.2334177990391733890e-02
2.1641641641641640170e-01,1.2575644922280559621e-02
2.1871871871871870208e-01,1.2818979075443591789e-02
2.2102102102102100245e-01,1.3064168807883688034e-02
2.2332332332332330282e-01,1.3311202571660202959e-02
2.2562562562562560320e-01,1.3560068854028609758e-02
2.2792792792792790357e-01,1.3810756313544501547e-02
2.3023023023023020395e-01,1.4063253573360410750e-02
2.3253253253253250432e-01,1.4317549481311333398e-02
2.3483483483483480470e-01,1.4573632810050269476e-02
2.3713713713713710507e-01,1.4831492573398601109e-02
2.3943943943943940544e-01,1.5091117711172812726e-02
2.4174174174174173357e-01,1.5352497379586447016e-02
2.4404404404404403395e-01,1.5615620699976294136e-02
2.4634634634634633432e-01,1.5880476954483035285e-02
2.4864864864864863470e-01,1.6147055451650911551e-02
2.5095095095095093507e-01,1.6415345591606369385e-02
2.5325325325325320769e-01,1.6685336867920695647e-02
2.5555555555555553582e-01,1.6957018798148062316e-02
2.5785785785785786395e-01,1.7230381051929914704e-02
2.6016016016016013657e-01,1.7505413270065578457e-02
2.6246246246246246470e-01,1.7782105283519016731e-02
2.6476476476476473731e-01,1.8060446867587755942e-02
2.6706706706706706544e-01,1.8340427995219347329e-02
2.6936936936936933806e-01,1.8622038590119911750e-02
2.7167167167167166619e-01,1.8905268748812611990e-02
2.7397397397397393881e-01,1.9190108553582923417e-02
2.7627627627627626694e-01,1.9476548212197367094e-02
2.7857857857857853956e-01,1.9764577968822222287e-02
2.8088088088088086769e-01,2.0054188136832077488e-02
2.8318318318318314031e-01,2.0345369119463614649e-02
2.8548548548548546844e-01,2.0638111335884716524e-02
2.8778778778778774106e-01,2.0932405340251543369e-02
2.9009009009009006919e-01,2.1228241662750460539e-02
2.9239239239239234180e-01,2.1525610995670022701e-02
2.9469469469469466993e-01,2.1824503989707973867e-02
2.9699699699699699806e-01,2.2124911459108765471e-02
2.9929929929929927068e-01,2.2426824186186095772e-02
3.0160160160160159881e-01,2.2730233092718543642e-02
3.0390390390390387143e-01,2.3035129099871615860e-02
3.0620620620620619956e-01,2.3341503227674465643e-02
3.0850850850850847218e-01,2.3649346537863748241e-02
3.1081081081081080031e-01,2.3958650144724598363e-02
3.1311311311311307293e-01,2.4269405247438268630e-02
3.1541541541541540106e-01,2.4581603055283951509e-02
3.1771771771771767368e-01,2.4895234897498164789e-02
3.2002002002002000181e-01,2.5210292083195692120e-02
3.2232232232232227442e-01,2.5526766060518266827e-02
3.2462462462462460255e-01,2.5844648246545833675e-02
3.2692692692692687517e-01,2.6163930194749350500e-02
3.2922922922922920330e-01,2.6484603439033600064e-02
3.3153153153153147592e-01,2.6806659626799258372e-02
3.3383383383383380405e-01,2.7130090413938736521e-02
3.3613613613613613218e-01,2.7454887534816722894e-02
3.3843843843843840480e-01,2.7781042768028618717e-02
3.4074074074074073293e-01,2.8108547932201424779e-02
3.4304304304304300555e-01,2.8437394925389516270e-02
3.4534534534534533368e-01,2.8767575651566113654e-02
3.4764764764764760629e-01,2.9099082121497366060e-02
3.4994994994994993442e-01,2.9431906328986869731e-02
3.5225225225225220704e-01,2.9766040387687976027e-02
3.5455455455455453517e-01,3.0101476388348469976e-02
3.5685685685685680779e-01,3.0438206536200433650e-02
3.5915915915915913592e-01,3.0776223026031022945e-02
3.6146146146146140854e-01,3.1115518145658275367e-02
3.6376376376376373667e-01,3.1456084197538460023e-02
3.6606606606606600929e-01,3.1797913546783983241e-02
3.6836836836836833742e-01,3.2140998603520813670e-02
3.7067067067067066555e-01,3.2485331808383026420e-02
3.7297297297297293817e-01,3.2830905675935072308e-02
3.7527527527527526630e-01,3.3177712723755414803e-02
3.7757757757757753891e-01,3.3525745564735275062e-02
3.7987987987987986704e-01,3.3874996797625914202e-02
3.8218218218218213966e-01,3.4225459124966640945e-02
3.8448448448448446779e-01,3.4577125232880284722e-02
3.8678678678678674041e-01,3.4929987904109137398e-02
3.8908908908908906854e-01,3.5284039917758379390e-02
3.9139139139139134116e-01,3.5639274129637583954e-02
3.9369369369369366929e-01,3.5995683414381536569e-02
3.9599599599599594191e-01,3.6353260696913490546e-02
3.9829829829829827004e-01,3.6711998946953920686e-02
4.0060060060060054266e-01,3.7071891157532989303e-02
4.0290290290290287079e-01,3.7432930390307692092e-02
4.0520520520520519892e-01,3.7795109708032077755e-02
4.0750750750750747153e-01,3.8158422258712812458e-02
4.0980980980980979966e-01,3.8522861178780710978e-02
4.1211211211211207228e-01,3.8888419694892088774e-02
4.1441441441441440041e-01,3.9255091022567370485e-02
4.1671671671671667303e-01,3.9622868459261800789e-02
4.1901901901901900116e-01,3.9991745304026049546e-02
4.2132132132132127378e-01,4.0361714919504493304e-02
4.2362362362362360191e-01,4.0732770690034870997e-02
4.2592592592592587453e-01,4.1104906040531109801e-02
4.2822822822822820266e-01,4.1478114439849313178e-02
4.3053053053053047527e-01,4.1852389374703757863e-02
4.3283283283283280340e-01,4.2227724395417685910e-02
4.3513513513513507602e-01,4.2604113052255088157e-02
4.3743743743743740415e-01,4.2981548971892352684e-02
4.3973973973973967677e-01,4.3360025771846819054e-02
4.4204204204204200490e-01,4.3739537148337774564e-02
4.4434434434434433303e-01,4.4120076790869086625e-02
4.4664664664664660565e-01,4.4501638458729855796e-02
4.4894894894894893378e-01,4.4884215916882547193e-02
4.5125125125125120640e-01,4.5267802983276046735e-02
4.5355355355355353453e-01,4.5652393499476598415e-02
4.5585585585585580715e-01,4.6037981339961189797e-02
4.5815815815815813528e-01,4.6424560421909448482e-02
4.6046046046046040789e-01,4.6812124676274262380e-02
4.6276276276276273602e-01,4.7200668092920464169e-02
4.6506506506506500864e-01,4.7590184661110625230e-02
4.6736736736736733677e-01,4.7980668438713326707e-02
4.6966966966966960939e-01,4.8372113476767536477e-02
4.7197197197197193752e-01,4.8764513895159219969e-02
4.7427427427427421014e-01,4.9157863810797793047e-02
4.7657657657657653827e-01,4.9552157400260872511e-02
4.7887887887887881089e-01,4.9947388849001995992e-02
4.8118118118118113902e-01,5.0343552386835403734e-02
4.8348348348348346715e-01,5.0740642268440383500e-02
4.8578578578578573977e-01,5.1138652775358159341e-02
4.8808808808808806790e-01,5.1537578230357455888e-02
4.9039039039039034051e-01,5.1937412966970866735e-02
4.9269269269269266864e-01,5.2338151373265605348e-02
4.9499499499499494126e-01,5.2739787836644617947e-02
4.9729729729729726939e-01,5.3142316806183267919e-02
4.9959959959959954201e-01,5.3545732726373133914e-02
5.0190190190190187014e-01,5.3950030102071583338e-02
5.0420420420420419827e-01,5.4355203438345503497e-02
5.0650650650650641538e-01,5.4761247291466051690e-02
5.0880880880880874351e-01,5.5168156229105834443e-02
5.1111111111111107164e-01,5.5575924856263871077e-02
5.1341341341341339977e-01,5.5984547803545815781e-02
5.1571571571571572790e-01,5.6394019723656520215e-02
5.1801801801801794500e-01,5.6804335308905225255e-02
5.2032032032032027313e-01,5.7215489260202839761e-02
5.2262262262262260126e-01,5.7627476328914031822e-02
5.2492492492492492939e-01,5.8040291266042307039e-02
5.2722722722722714650e-01,5.8453928878071652331e-02
5.2952952952952947463e-01,5.8868383969056900518e-02
5.3183183183183180276e-01,5.9283651396080438989e-02
5.3413413413413413089e-01,5.9699726019163228130e-02
5.3643643643643634800e-01,6.0116602742421566818e-02
5.3873873873873867613e-01,6.0534276483358073762e-02
5.4104104104104100426e-01,6.0952742191051081933e-02
5.4334334334334333239e-01,6.1371994840537166804e-02
5.4564564564564554949e-01,6.1792029425217019634e-02
5.4794794794794787762e-01,6.2212840976377338509e-02
5.5025025025025020575e-01,6.2634424532409180286e-02
5.5255255255255253388e-01,6.3056775178343141275e-02
5.5485485485485486201e-01,6.3479887999419046252e-02
5.5715715715715707912e-01,6.3903758130810506266e-02
5.5945945945945940725e-01,6.4328380707296212160e-02
5.6176176176176173538e-01,6.4753750910317556255e-02
5.6406406406406406351e-01,6.5179863926585437928e-02
5.6636636636636628062e-01,6.5606714980919147995e-02
5.6866866866866860875e-01,6.6034299313060387804e-02
5.7097097097097093688e-01,6.6462612189625250303e-02
5.7327327327327326500e-01,6.6891648903226547107e-02
5.7557557557557548211e-01,6.7321404761930381255e-02
5.7787787787787781024e-01,6.7751875109908057948e-02
5.8018018018018013837e-01,6.8183055297456829358e-02
5.8248248248248246650e-01,6.8614940717942107806e-02
5.8478478478478468361e-01,6.9047526765690259154e-02
5.8708708708708701174e-01,6.9480808879980371362e-02
5.8938938938938933987e-01,6.9914782501581174134e-02
5.9169169169169166800e-01,7.0349443112393453270e-02
5.9399399399399399613e-01,7.0784786201558522190e-02
5.9629629629629621324e-01,7.1220807291275986528e-02
5.9859859859859854136e-01,7.1657501919825519754e-02
6.0090090090090086949e-01,7.2094865648520189971e-02
6.0320320320320319762e-01,7.2532894064453928840e-02
6.0550550550550541473e-01,7.2971582767926340685e-02
6.0780780780780774286e-01,7.3410927393524852413e-02
6.1011011011011007099e-01,7.3850923581385299888e-02
6.1241241241241239912e-01,7.4291567011359443962e-02
6.1471471471471461623e-01,7.4732853365129733869e-02
6.1701701701701694436e-01,7.5174778364845706857e-02
6.1931931931931927249e-01,7.5617337735863113246e-02
6.2162162162162160062e-01,7.6060527239855416082e-02
6.2392392392392381772e-01,7.6504342647370882080e-02
6.2622622622622614585e-01,7.6948779757747484687e-02
6.2852852852852847398e-01,7.7393834387229534788e-02
6.3083083083083080211e-01,7.7839502371960564431e-02
6.3313313313313313024e-01,7.8285779573440419932e-02
6.3543543543543534735e-01,7.8732661864665959284e-02
6.3773773773773767548e-01,7.9180145151084041499e-02
6.4004004004004000361e-01,7.9628225343423689186e-02
6.4234234234234233174e-01,8.0076898388980938259e-02
6.4464464464464454885e-01,8.0526160237815086473e-02
6.4694694694694687698e-01,8.0976006876411293911e-02
6.4924924924924920511e-01,8.1426434295995803181e-02
6.5155155155155153324e-01,8.1877438519919021331e-02
6.5385385385385375034e-01,8.2329015581739051211e-02
6.5615615615615607847e-01,8.2781161540192507720e-02
6.5845845845845840660e-01,8.3233872471450864872e-02
6.6076076076076073473e-01,8.3687144469022589632e-02
6.6306306306306295184e-01,8.4140973651163505909e-02
6.6536536536536527997e-01,8.4595356146333566816e-02
6.6766766766766760810e-01,8.5050288113600894246e-02
6.6996996996996993623e-01,8.5505765717282966598e-02
6.7227227227227226436e-01,8.5961785155308709228e-02
6.7457457457457448147e-01,8.6418342629327696280e-02
6.7687687687687680960e-01,8.6875434373774068630e-02
6.7917917917917913773e-01,8.7333056629173969054e-02
6.8148148148148146586e-01,8.7791205664529067820e-02
6.8378378378378368296e-01,8.8249877760106301694e-02
6.8608608608608601109e-01,8.8709069218301600523e-02
6.8838838838838833922e-01,8.9168776359224377615e-02
6.9069069069069066735e-01,8.9628995518239176765e-02
6.9299299299299288446e-01,9.0089723054699075155e-02
6.9529529529529521259e-01,9.0550955337197883144e-02
6.9759759759759754072e-01,9.1012688763092403077e-02
6.9989989989989986885e-01,9.1474919735092891093e-02
7.0220220220220219698e-01,9.1937644686740926936e-02
7.0450450450450441409e-01,9.2400860056215880500e-02
7.0680680680680674222e-01,9.2864562311198745048e-02
7.0910910910910907035e-01,9.3328747926626806630e-02
7.1141141141141139848e-01,9.3793413402740638540e-02
7.1371371371371361558e-01,9.4258555251862066737e-02
7.1601601601601594371e-01,9.4724170005873090106e-02
7.1831831831831827184e-01,9.5190254214437192148e-02
7.2062062062062059997e-01,9.5656804440793552491e-02
7.2292292292292281708e-01,9.6123817271297359865e-02
7.2522522522522514521e-01,9.6591289300853810929e-02
7.2752752752752747334e-01,9.7059217151309065685e-02
7.2982982982982980147e-01,9.7527597450080286134e-02
7.3213213213213201858e-01,9.7996426852812998365e-02
7.3443443443443434671e-01,9.8465702020638257164e-02
7.3673673673673667484e-01,9.8935419641229455090e-02
7.3903903903903900297e-01,9.9405576410457344161e-02
7.4134134134134133109e-01,9.9876169046720544853e-02
7.4364364364364354820e-01,1.0034719428106163297e-01
7.4594594594594587633e-01,1.0081864886190100572e-01
7.4824824824824820446e-01,1.0129052955531578362e-01
7.5055055055055053259e-01,1.0176283313960192423e-01
7.5285285285285274970e-01,1.0223555641521223092e-01
7.5515515515515507783e-01,1.0270869619067858614e-01
7.5745745745745740596e-01,1.0318224929969078973e-01
7.5975975975975973409e-01,1.0365621258180915398e-01
7.6206206206206195120e-01,1.0413058290240451154e-01
7.6436436436436427933e-01,1.0460535713310781247e-01
7.6666666666666660745e-01,1.0508053216944444885e-01
7.6896896896896893558e-01,1.0555610491590365629e-01
7.7127127127127115269e-01,1.0603207229709485371e-01
7.7357357357357348082e-01,1.0650843125062640915e-01
7.7587587587587580895e-01,1.0698517872964115327e-01
7.7817817817817813708e-01,1.0746231170463792226e-01
7.8048048048048046521e-01,1.0793982715722259813e-01
7.8278278278278268232e-01,1.0841772209010799854e-01
7.8508508508508501045e-01,1.0889599351373067948e-01
7.8738738738738733858e-01,1.0937463846193418160e-01
7.8968968968968966671e-01,1.0985365397473371984e-01
7.9199199199199188381e-01,1.1033303711570427441e-01
7.9429429429429421194e-01,1.1081278495534968576e-01
7.9659659659659654007e-01,1.1129289458570024163e-01
7.9889889889889886820e-01,1.1177336310835256361e-01
8.0120120120120108531e-01,1.1225418764294131657e-01
8.0350350350350341344e-01,1.1273536532229040674e-01
8.0580580580580574157e-01,1.1321689329321837914e-01
8.0810810810810806970e-01,1.1369876871947885710e-01
8.1041041041041039783e-01,1.1418098877505333810e-01
8.1271271271271261494e-01,1.1466355065394021051e-01
8.1501501501501494307e-01,1.1514645155763997275e-01
8.1731731731731727120e-01,1.1562968870936433941e-01
8.1961961961961959933e-01,1.1611325933880145556e-01
8.2192192192192181643e-01,1.1659716069711245634e-01
8.2422422422422414456e-01,1.1708139004292320018e-01
8.2652652652652647269e-01,1.1756594465426073448e-01
8.2882882882882880082e-01,1.1805082181911481787e-01
8.3113113113113101793e-01,1.1853601884168139813e-01
8.3343343343343334606e-01,1.1902153303934476236e-01
8.3573573573573567419e-01,1.1950736174216027019e-01
8.3803803803803800232e-01,1.1999350229657643196e-01
8.4034034034034021943e-01,1.2047995205855040191e-01
8.4264264264264254756e-01,1.2096670840293780036e-01
8.4494494494494487569e-01,1.2145376871196017499e-01
8.4724724724724720382e-01,1.2194113038792646353e-01
8.4954954954954953195e-01,1.2242879083993422895e-01
8.5185185185185174905e-01,1.2291674749664130428e-01
8.5415415415415407718e-01,1.2340499779462144048e-01
8.5645645645645640531e-01,1.2389353918796996989e-01
8.5875875875875873344e-01,1.2438236914101288844e-01
8.6106106106106095055e-01,1.2487148513270789063e-01
8.6336336336336327868e-01,1.2536088465507100320e-01
8.6566566566566560681e-01,1.2585056521167933830e-01
8.6796796796796793494e-01,1.2634052432187012349e-01
8.7027027027027015205e-01,1.2683075951389821689e-01
8.7257257257257248018e-01,1.2732126833377327424e-01
8.7487487487487480831e-01,1.2781204833475945382e-01
8.7717717717717713644e-01,1.2830309708864079399e-01
8.7947947947947935354e-01,1.2879441217421563892e-01
8.8178178178178168167e-01,1.2928599118807118651e-01
8.8408408408408400980e-01,1.2977783173501070135e-01
8.8638638638638633793e-01,1.3026993143567355826e-01
8.8868868868868866606e-01,1.3076228792104535592e-01
8.9099099099099088317e-01,1.3125489883536925473e-01
8.9329329329329321130e-01,1.3174776183570144350e-01
8.9559559559559553943e-01,1.3224087458972277886e-01
8.9789789789789786756e-01,1.3273423478018589461e-01
9.0020020020020008467e-01,1.3322784009830079821e-01
9.0250250250250241280e-01,1.3372168825190491881e-01
9.0480480480480474093e-01,1.3421577695604605673e-01
9.0710710710710706906e-01,1.3471010394281995870e-01
9.0940940940940928616e-01,1.3520466695154698122e-01
9.1171171171171161429e-01,1.3569946373773056347e-01
9.1401401401401394242e-01,1.3619449206529996022e-01
9.1631631631631627055e-01,1.3668974971253125550e-01
9.1861861861861848766e-01,1.3718523446803901344e-01
9.2092092092092081579e-01,1.3768094413249859498e-01
9.2322322322322314392e-01,1.3817687651904037027e-01
9.2552552552552547205e-01,1.3867302945060644426e-01
9.2782782782782780018e-01,1.3916940076445202812e-01
9.3013013013013001729e-01,1.3966598830587062530e-01
9.3243243243243234541e-01,1.4016278993565137179e-01
9.3473473473473467354e-01,1.4065980352171472689e-01
9.3703703703703700167e-01,1.4115702694763004876e-01
9.3933933933933921878e-01,1.4165445810431567808e-01
9.4164164164164154691e-01,1.4215209489740435189e-01
9.4394394394394387504e-01,1.4264993524105545886e-01
9.4624624624624620317e-01,1.4314797706245188658e-01
9.4854854854854842028e-01,1.4364621829900936500e-01
9.5085085085085074841e-01,1.4414465689917133062e-01
9.5315315315315307654e-01,1.4464329082341795263e-01
9.5545545545545540467e-01,1.4514211804136850636e-01
9.5775775775775762177e-01,1.4564113653618587785e-01
9.6006006006005994990e-01,1.4614034429875447096e-01
9.6236236236236227803e-01,1.4663973933436405539e-01
9.6466466466466460616e-01,1.4713931965539178703e-01
9.6696696696696693429e-01,1.4763908328856423235e-01
9.6926926926926915140e-01,1.4813902826803482249e-01
9.7157157157157147953e-01,1.4863915264134552885e-01
9.7387387387387380766e-01,1.4913945446456852717e-01
9.7617617617617613579e-01,1.4963993180562465413e-01
9.7847847847847835290e-01,1.5014058274245492552e-01
9.8078078078078068103e-01,1.5064140536311237950e-01
9.8308308308308300916e-01,1.5114239776718180197e-01
9.8538538538538533729e-01,1.5164355806277396432e-01
9.8768768768768755439e-01,1.5214488437073520055e-01
9.8998998998998988252e-01,1.5264637481931367380e-01
9.9229229229229221065e-01,1.5314802755009560009e-01
9.9459459459459453878e-01,1.5364984071166956636e-01
9.9689689689689686691e-01,1.5415181246575682117e-01
9.9919919919919908402e-01,1.5465394098150955782e-01
1.0015015015015014122e+00,1.5515622444026794247e-01
1.0038038038038037403e+00,1.5565866103182771085e-01
1.0061061061061060684e+00,1.5616124895679642237e-01
1.0084084084084083965e+00,1.5666398642553000520e-01
1.0107107107107107247e+00,1.5716687165771164869e-01
1.0130130130130128308e+00,1.5766990288402799036e-01
1.0153153153153151589e+00,1.5817307834319088711e-01
1.0176176176176174870e+00,1.5867639628585494815e-01
1.0199199199199198151e+00,1.5917985496982986482e-01
1.0222222222222221433e+00,1.5968345266525127424e-01
1.0245245245245244714e+00,1.6018718764918021824e-01
1.0268268268268267995e+00,1.6069105821069010198e-01
1.0291291291291291277e+00,1.6119506264623797986e-01
1.0314314314314314558e+00,1.6169919926338852112e-01
1.0337337337337335619e+00,1.6220346637800658884e-01
1.0360360360360358900e+00,1.6270786231584374870e-01
1.0383383383383382181e+00,1.6321238541204910466e-01
1.0406406406406405463e+00,1.6371703401039072734e-01
1.0429429429429428744e+00,1.6422180646505651902e-01
1.0452452452452452025e+00,1.6472670113778117851e-01
1.0475475475475475307e+00,1.6523171640143755057e-01
1.0498498498498498588e+00,1.6573685063578372234e-01
1.0521521521521519649e+00,1.6624210223192961711e-01
1.0544544544544542930e+00,1.6674746958778402517e-01
1.0567567567567566211e+00,1.6725295111222976407e-01
1.0590590590590589493e+00,1.6775854522142116809e-01
1.0613613613613612774e+00,1.6826425034164554928e-01
1.0636636636636636055e+00,1.6877006490727869403e-01
1.0659659659659659336e+00,1.6927598736176588390e-01
1.0682682682682682618e+00,1.6978201615756682852e-01
1.0705705705705705899e+00,1.7028814975514977581e-01
1.0728728728728726960e+00,1.7079438662482024358e-01
1.0751751751751750241e+00,1.7130072524403452960e-01
1.0774774774774773523e+00,1.7180716410061652732e-01
1.0797797797797796804e+00,1.7231370168905879581e-01
1.0820820820820820085e+00,1.7282033651429995480e-01
1.0843843843843843366e+00,1.7332706708795200812e-01
1.0866866866866866648e+00,1.7383389193165932340e-01
1.0889889889889889929e+00,1.7434080957418687796e-01
1.0912912912912910990e+00,1.7484781855356204550e-01
1.0935935935935934271e+00,1.7535491741563499768e-01
1.0958958958958957552e+00,1.7586210471459662319e-01
1.0981981981981980834e+00,1.7636937901322147226e-01
1.1005005005005004115e+00,1.7687673888173652270e-01
1.1028028028028027396e+00,1.7738418289959792529e-01
1.1051051051051050678e+00,1.7789170965302356087e-01
1.1074074074074073959e+00,1.7839931773783582192e-01
1.1097097097097097240e+00,1.7890700575626844460e-01
1.1120120120120118301e+00,1.7941477232013886001e-01
1.1143143143143141582e+00,1.7992261604775211525e-01
1.1166166166166164864e+00,1.8043053556657362435e-01
1.1189189189189188145e+00,1.8093852951097974535e-01
1.1212212212212211426e+00,1.8144659652381853188e-01
1.1235235235235234708e+00,1.8195473525545238780e-01
1.1258258258258257989e+00,1.8246294436393173388e-01
1.1281281281281281270e+00,1.8297122251544323257e-01
1.1304304304304302331e+00,1.8347956838313514427e-01
1.1327327327327325612e+00,1.8398798064879012815e-01
1.1350350350350348894e+00,1.8449645800061664769e-01
1.1373373373373372175e+00,1.8500499913570683796e-01
1.1396396396396395456e+00,1.8551360275734529726e-01
1.1419419419419418738e+00,1.8602226757760950693e-01
1.1442442442442442019e+00,1.8653099231489009280e-01
1.1465465465465465300e+00,1.8703977569595980901e-01
1.1488488488488488581e+00,1.8754861645427939321e-01
1.1511511511511509642e+00,1.8805751333108619572e-01
1.1534534534534532924e+00,1.8856646507480032127e-01
1.1557557557557556205e+00,1.8907547044095537880e-01
1.1580580580580579486e+00,1.8958452819275753432e-01
1.1603603603603602767e+00,1.9009363709993104541e-01
1.1626626626626626049e+00,1.9060279594024165384e-01
1.1649649649649649330e+00,1.9111200349755330663e-01
1.1672672672672672611e+00,1.9162125856391784562e-01
1.1695695695695693672e+00,1.9213055993732938709e-01
1.1718718718718716953e+00,1.9263990642383085894e-01
1.1741741741741740235e+00,1.9314929683553891393e-01
1.1764764764764763516e+00,1.9365872999222902284e-01
1.1787787787787786797e+00,1.9416820472008031184e-01
1.1810810810810810079e+00,1.9467771985240389654e-01
1.1833833833833833360e+00,1.9518727422932447002e-01
1.1856856856856856641e+00,1.9569686669754829400e-01
1.1879879879879879923e+00,1.9620649611098001097e-01
1.1902902902902900983e+00,1.9671616132963029577e-01
1.1925925925925924265e+00,1.9722586122097568451e-01
1.1948948948948947546e+00,1.9773559465828419168e-01
1.1971971971971970827e+00,1.9824536052235963712e-01
1.1994994994994994109e+00,1.9875515769970988900e-01
1.2018018018018017390e+00,1.9926498508421339184e-01
1.2041041041041040671e+00,1.9977484157559172173e-01
1.2064064064064063952e+00,2.0028472608058292548e-01
1.2087087087087085013e+00,2.0079463751204934541e-01
1.2110110110110108295e+00,2.0130457478942437310e-01
1.2133133133133131576e+00,2.0181453683859326698e-01
1.2156156156156154857e+00,2.0232452259156596952e-01
1.2179179179179178139e+00,2.0283453098709114393e-01
1.2202202202202201420e+00,2.0334456096966599392e-01
1.2225225225225224701e+00,2.0385461149070338571e-01
1.2248248248248247982e+00,2.0436468150712480685e-01
1.2271271271271271264e+00,2.0487476998277659446e-01
1.2294294294294292325e+00,2.0538487588696305308e-01
1.2317317317317315606e+00,2.0589499819573470196e-01
1.2340340340340338887e+00,2.0640513589072354006e-01
1.2363363363363362168e+00,2.0691528795998923029e-01
1.2386386386386385450e+00,2.0742545339739781873e-01
1.2409409409409408731e+00,2.0793563120286437385e-01
1.2432432432432432012e+00,2.0844582038236073029e-01
1.2455455455455455294e+00,2.0895601994753973396e-01
1.2478478478478476354e+00,2.0946622891632055152e-01
1.2501501501501499636e+00,2.0997644631200787502e-01
1.2524524524524522917e+00,2.1048667116428493307e-01
1.2547547547547546198e+00,2.1099690250804817304e-01
1.2570570570570569480e+00,2.1150713938454268614e-01
1.2593593593593592761e+00,2.1201738084020935182e-01
1.2616616616616616042e+00,2.1252762592766083483e-01
1.2639639639639639324e+00,2.1303787370481797048e-01
1.2662662662662662605e+00,2.1354812323549748898e-01
1.2685685685685683666e+00,2.1405837358900448031e-01
1.2708708708708706947e+00,2.1456862384022937218e-01
1.2731731731731730228e+00,2.1507887306973880182e-01
1.2754754754754753510e+00,2.1558912036339464291e-01
1.2777777777777776791e+00,2.1609936481288019583e-01
1.2800800800800800072e+00,2.1660960551495025972e-01
1.2823823823823823354e+00,2.1711984157224148428e-01
1.2846846846846846635e+00,2.1763007209234289108e-01
1.2869869869869867696e+00,2.1814029618866889737e-01
1.2892892892892890977e+00,2.1865051297958998378e-01
1.2915915915915914258e+00,2.1916072158913532664e-01
1.2938938938938937540e+00,2.1967092114637837286e-01
1.2961961961961960821e+00,2.2018111078581686924e-01
1.2984984984984984102e+00,2.2069128964711987040e-01
1.3008008008008007383e+00,2.2120145687512604571e-01
1.3031031031031030665e+00,2.2171161161997193778e-01
1.3054054054054053946e+00,2.2222175303673116775e-01
1.3077077077077075007e+00,2.2273188028586360376e-01
1.3100100100100098288e+00,2.2324199253259144338e-01
1.3123123123123121569e+00,2.2375208894753978450e-01
1.3146146146146144851e+00,2.2426216870600632070e-01
1.3169169169169168132e+00,2.2477223098861812134e-01
1.3192192192192191413e+00,2.2528227498067757151e-01
1.3215215215215214695e+00,2.2579229987266288826e-01
1.3238238238238237976e+00,2.2630230485979463406e-01
1.3261261261261259037e+00,2.2681228914227224980e-01
1.3284284284284282318e+00,2.2732225192513097478e-01
1.3307307307307305599e+00,2.2783219241818142287e-01
1.3330330330330328881e+00,2.2834210983615468860e-01
1.3353353353353352162e+00,2.2885200339837916128e-01
1.3376376376376375443e+00,2.2936187232915217216e-01
1.3399399399399398725e+00,2.2987171585723970013e-01
1.3422422422422422006e+00,2.3038153321636684057e-01
1.3445445445445445287e+00,2.3089132364466685710e-01
1.3468468468468466348e+00,2.3140108638515247130e-01
1.3491491491491489629e+00,2.3191082068525184501e-01
1.3514514514514512911e+00,2.3242052579713950999e-01
1.3537537537537536192e+00,2.3293020097745231745e-01
1.3560560560560559473e+00,2.3343984548741644747e-01
1.3583583583583582755e+00,2.3394945859277976874e-01
1.3606606606606606036e+00,2.3445903956372440846e-01
1.3629629629629629317e+00,2.3496858767500139464e-01
1.3652652652652652598e+00,2.3547810220566564587e-01
1.3675675675675673659e+00,2.3598758243935583079e-01
1.3698698698698696941e+00,2.3649702766392510789e-01
1.3721721721721720222e+00,2.3700643717177893866e-01
1.3744744744744743503e+00,2.3751581025948925729e-01
1.3767767767767766784e+00,2.3802514622810094780e-01
1.3790790790790790066e+00,2.3853444438281848350e-01
1.3813813813813813347e+00,2.3904370403320437943e-01
1.3836836836836836628e+00,2.3955292449299980806e-01
1.3859859859859857689e+00,2.4006210508017650218e-01
1.3882882882882880970e+00,2.4057124511690877733e-01
1.3905905905905904252e+00,2.4108034392947913505e-01
1.3928928928928927533e+00,2.4158940084838512186e-01
1.3951951951951950814e+00,2.4209841520813016325e-01
1.3974974974974974096e+00,2.4260738634742209929e-01
1.3997997997997997377e+00,2.4311631360890134657e-01
1.4021021021021020658e+00,2.4362519633937043673e-01
1.4044044044044043940e+00,2.4413403388952653605e-01
1.4067067067067065000e+00,2.4464282561415537365e-01
1.4090090090090088282e+00,2.4515157087192729346e-01
1.4113113113113111563e+00,2.4566026902550774924e-01
1.4136136136136134844e+00,2.4616891944145091742e-01
1.4159159159159158126e+00,2.4667752149020821806e-01
1.4182182182182181407e+00,2.4718607454612262497e-01
1.4205205205205204688e+00,2.4769457798734523246e-01
1.4228228228228227970e+00,2.4820303119591038965e-01
1.4251251251251249030e+00,2.4871143355758720817e-01
1.4274274274274272312e+00,2.4921978446200235280e-01
1.4297297297297295593e+00,2.4972808330246587527e-01
1.4320320320320318874e+00,2.5023632947609830701e-01
1.4343343343343342156e+00,2.5074452238367406220e-01
1.4366366366366365437e+00,2.5125266142971414141e-01
1.4389389389389388718e+00,2.5176074602237763500e-01
1.4412412412412411999e+00,2.5226877557349963732e-01
1.4435435435435435281e+00,2.5277674949854050945e-01
1.4458458458458456342e+00,2.5328466721656883731e-01
1.4481481481481479623e+00,2.5379252815026098755e-01
1.4504504504504502904e+00,2.5430033172584309842e-01
1.4527527527527526185e+00,2.5480807737312249905e-01
1.4550550550550549467e+00,2.5531576452540821753e-01
1.4573573573573572748e+00,2.5582339261955033827e-01
1.4596596596596596029e+00,2.5633096109585762346e-01
1.4619619619619619311e+00,2.5683846939812982058e-01
1.4642642642642640372e+00,2.5734591697358771833e-01
1.4665665665665663653e+00,2.5785330327288841223e-01
1.4688688688688686934e+00,2.5836062775007662129e-01
1.4711711711711710215e+00,2.5886788986257880385e-01
1.4734734734734733497e+00,2.5937508907117534651e-01
1.4757757757757756778e+00,2.5988222483997652779e-01
1.4780780780780780059e+00,2.6038929663641052770e-01
1.4803803803803803341e+00,2.6089630393118939944e-01
1.4826826826826826622e+00,2.6140324619830201947e-01
1.4849849849849847683e+00,2.6191012291498066977e-01
1.4872872872872870964e+00,2.6241693356169071283e-01
1.4895895895895894245e+00,2.6292367762210466786e-01
1.4918918918918917527e+00,2.6343035458308206032e-01
1.4941941941941940808e+00,2.6393696393465493344e-01
1.4964964964964964089e+00,2.6444350516999926004e-01
1.4987987987987987371e+00,2.6494997778542594968e-01
1.5011011011011010652e+00,2.6545638128035137226e-01
1.5034034034034031713e+00,2.6596271515728592272e-01
1.5057057057057054994e+00,2.6646897892181281575e-01
1.5080080080080078275e+00,2.6697517208256388299e-01
1.5103103103103101557e+00,2.6748129415121563168e-01
1.5126126126126124838e+00,2.6798734464244705622e-01
1.5149149149149148119e+00,2.6849332307395468167e-01
1.5172172172172171400e+00,2.6899922896639272274e-01
1.5195195195195194682e+00,2.6950506184340422555e-01
1.5218218218218217963e+00,2.7001082123155106807e-01
1.5241241241241239024e+00,2.7051650666034865456e-01
1.5264264264264262305e+00,2.7102211766220107858e-01
1.5287287287287285587e+00,2.7152765377242371603e-01
1.5310310310310308868e+00,2.7203311452919876068e-01
1.5333333333333332149e+00,2.7253849947357078332e-01
1.5356356356356355430e+00,2.7304380814943673972e-01
1.5379379379379378712e+00,2.7354904010350300503e-01
1.5402402402402401993e+00,2.7405419488531734817e-01
1.5425425425425423054e+00,2.7455927204718449941e-01
1.5448448448448446335e+00,2.7506427114423576130e-01
1.5471471471471469616e+00,2.7556919173431299042e-01
1.5494494494494492898e+00,2.7607403337805092036e-01
1.5517517517517516179e+00,2.7657879563876103246e-01
1.5540540540540539460e+00,2.7708347808250000099e-01
1.5563563563563562742e+00,2.7758808027797921003e-01
1.5586586586586586023e+00,2.7809260179659833767e-01
1.5609609609609609304e+00,2.7859704221239894872e-01
1.5632632632632630365e+00,2.7910140110204928465e-01
1.5655655655655653646e+00,2.7960567804484987020e-01
1.5678678678678676928e+00,2.8010987262266712206e-01
1.5701701701701700209e+00,2.8061398441998808284e-01
1.5724724724724723490e+00,2.8111801302381100864e-01
1.5747747747747746772e+00,2.8162195802373585218e-01
1.5770770770770770053e+00,2.8212581901183120259e-01
1.5793793793793793334e+00,2.8262959558273459404e-01
1.5816816816816814395e+00,2.8313328733352627342e-01
1.5839839839839837676e+00,2.8363689386380841473e-01
1.5862862862862860958e+00,2.8414041477561330362e-01
1.5885885885885884239e+00,2.8464384967343858701e-01
1.5908908908908907520e+00,2.8514719816420830423e-01
1.5931931931931930801e+00,2.8565045985725046052e-01
1.5954954954954954083e+00,2.8615363436431912048e-01
1.5977977977977977364e+00,2.8665672129951214053e-01
1.6001001001001000645e+00,2.8715972027934966171e-01
1.6024024024024021706e+00,2.8766263092264415802e-01
1.6047047047047044988e+00,2.8816545285061595516e-01
1.6070070070070068269e+00,2.8866818568674168510e-01
1.6093093093093091550e+00,2.8917082905687474526e-01
1.6116116116116114831e+00,2.8967338258910729776e-01
1.6139139139139138113e+00,2.9017584591386136328e-01
1.6162162162162161394e+00,2.9067821866379583984e-01
1.6185185185185184675e+00,2.9118050047384080870e-01
1.6208208208208207957e+00,2.9168269098117066696e-01
1.6231231231231229017e+00,2.9218478982516848941e-01
1.6254254254254252299e+00,2.9268679664747115909e-01
1.6277277277277275580e+00,2.9318871109186445123e-01
1.6300300300300298861e+00,2.9369053280439205711e-01
1.6323323323323322143e+00,2.9419226143319798794e-01
1.6346346346346345424e+00,2.9469389662867440105e-01
1.6369369369369368705e+00,2.9519543804328451930e-01
1.6392392392392391987e+00,2.9569688533170834788e-01
1.6415415415415413047e+00,2.9619823815068835327e-01
1.6438438438438436329e+00,2.9669949615912616370e-01
1.6461461461461459610e+00,2.9720065901799025410e-01
1.6484484484484482891e+00,2.9770172639033853912e-01
1.6507507507507506173e+00,2.9820269794130521701e-01
1.6530530530530529454e+00,2.9870357333804470334e-01
1.6553553553553552735e+00,2.9920435224979435862e-01
1.6576576576576576016e+00,2.9970503434775036533e-01
1.6599599599599599298e+00,3.0020561930518846472e-01
1.6622622622622620359e+00,3.0070610679729659065e-01
1.6645645645645643640e+00,3.0120649650132236275e-01
1.6668668668668666921e+00,3.0170678809639983609e-01
1.6691691691691690203e+00,3.0220698126368167324e-01
1.6714714714714713484e+00,3.0270707568620180972e-01
1.6737737737737736765e+00,3.0320707104895655570e-01
1.6760760760760760046e+00,3.0370696703883087730e-01
1.6783783783783783328e+00,3.0420676334460844403e-01
1.6806806806806804389e+00,3.0470645965697362723e-01
1.6829829829829827670e+00,3.0520605566844677403e-01
1.6852852852852850951e+00,3.0570555107345770418e-01
1.6875875875875874232e+00,3.0620494556821725718e-01
1.6898898898898897514e+00,3.0670423885084435733e-01
1.6921921921921920795e+00,3.0720343062119981337e-01
1.6944944944944944076e+00,3.0770252058103325643e-01
1.6967967967967967358e+00,3.0820150843381804995e-01
1.6990990990990990639e+00,3.0870039388487724441e-01
1.7014014014014011700e+00,3.0919917664125873280e-01
1.7037037037037034981e+00,3.0969785641180669344e-01
1.7060060060060058262e+00,3.1019643290710258166e-01
1.7083083083083081544e+00,3.1069490583946457463e-01
1.7106106106106104825e+00,3.1119327492296489091e-01
1.7129129129129128106e+00,3.1169153987335368461e-01
1.7152152152152151388e+00,3.1218970040814764122e-01
1.7175175175175174669e+00,3.1268775624649208789e-01
1.7198198198198195730e+00,3.1318570710930071499e-01
1.7221221221221219011e+00,3.1368355271908276993e-01
1.7244244244244242292e+00,3.1418129280009776672e-01
1.7267267267267265574e+00,3.1467892707819028475e-01
1.7290290290290288855e+00,3.1517645528091781104e-01
1.7313313313313312136e+00,3.1567387713743061406e-01
1.7336336336336335417e+00,3.1617119237853991143e-01
1.7359359359359358699e+00,3.1666840073666985278e-01
1.7382382382382381980e+00,3.1716550194584708366e-01
1.7405405405405403041e+00,3.1766249574173494041e-01
1.7428428428428426322e+00,3.1815938186153830403e-01
1.7451451451451449604e+00,3.1865616004411001505e-01
1.7474474474474472885e+00,3.1915283002979422111e-01
1.7497497497497496166e+00,3.1964939156057409209e-01
1.7520520520520519447e+00,3.2014584437989396237e-01
1.7543543543543542729e+00,3.2064218823280882242e-01
1.7566566566566566010e+00,3.2113842286582555685e-01
1.7589589589589587071e+00,3.2163454802701435531e-01
1.7612612612612610352e+00,3.2213056346590551726e-01
1.7635635635635633633e+00,3.2262646893353452704e-01
1.7658658658658656915e+00,3.2312226418241107861e-01
1.7681681681681680196e+00,3.2361794896649093145e-01
1.7704704704704703477e+00,3.2411352304121804346e-01
1.7727727727727726759e+00,3.2460898616342837020e-01
1.7750750750750750040e+00,3.2510433809145189432e-01
1.7773773773773773321e+00,3.2559957858496935135e-01
1.7796796796796794382e+00,3.2609470740514684417e-01
1.7819819819819817663e+00,3.2658972431447819140e-01
1.7842842842842840945e+00,3.2708462907691554511e-01
1.7865865865865864226e+00,3.2757942145773488729e-01
1.7888888888888887507e+00,3.2807410122362778981e-01
1.7911911911911910789e+00,3.2856866814261881382e-01
1.7934934934934934070e+00,3.2906312198409731762e-01
1.7957957957957957351e+00,3.2955746251880119191e-01
1.7980980980980978412e+00,3.3005168951878061101e-01
1.8004004004004001693e+00,3.3054580275744888107e-01
1.8027027027027024975e+00,3.3103980200948485146e-01
1.8050050050050048256e+00,3.3153368705093688718e-01
1.8073073073073071537e+00,3.3202745765908436848e-01
1.8096096096096094819e+00,3.3252111361256969646e-01
1.8119119119119118100e+00,3.3301465469124885699e-01
1.8142142142142141381e+00,3.3350808067631571019e-01
1.8165165165165164662e+00,3.3400139135017931080e-01
1.8188188188188185723e+00,3.3449458649654717490e-01
1.8211211211211209005e+00,3.3498766590035533586e-01
1.8234234234234232286e+00,3.3548062934779138144e-01
1.8257257257257255567e+00,3.3597347662629084564e-01
1.8280280280280278848e+00,3.3646620752449213354e-01
1.8303303303303302130e+00,3.3695882183230019269e-01
1.8326326326326325411e+00,3.3745131934078054226e-01
1.8349349349349348692e+00,3.3794369984227462522e-01
1.8372372372372369753e+00,3.3843596313025553490e-01
1.8395395395395393034e+00,3.3892810899946718139e-01
1.8418418418418416316e+00,3.3942013724577446698e-01
1.8441441441441439597e+00,3.3991204766628962952e-01
1.8464464464464462878e+00,3.4040384005925417021e-01
1.8487487487487486160e+00,3.4089551422411562553e-01
1.8510510510510509441e+00,3.4138706996146861439e-01
1.8533533533533532722e+00,3.4187850707305927900e-01
1.8556556556556556004e+00,3.4236982536179583203e-01
1.8579579579579577064e+00,3.4286102463168688370e-01
1.8602602602602600346e+00,3.4335210468791255156e-01
1.8625625625625623627e+00,3.4384306533671116224e-01
1.8648648648648646908e+00,3.4433390638549110641e-01
1.8671671671671670190e+00,3.4482462764269172784e-01
1.8694694694694693471e+00,3.4531522891790494834e-01
1.8717717717717716752e+00,3.4580571002174409490e-01
1.8740740740740740033e+00,3.4629607076594215442e-01
1.8763763763763761094e+00,3.4678631096325795991e-01
1.8786786786786784376e+00,3.4727643042752753821e-01
1.8809809809809807657e+00,3.4776642897362392004e-01
1.8832832832832830938e+00,3.4825630641745286553e-01
1.8855855855855854220e+00,3.4874606257596901804e-01
1.8878878878878877501e+00,3.4923569726711761740e-01
1.8901901901901900782e+00,3.4972521030990033619e-01
1.8924924924924924063e+00,3.5021460152427619228e-01
1.8947947947947947345e+00,3.5070387073125780519e-01
1.8970970970970968406e+00,3.5119301775279537781e-01
1.8993993993993991687e+00,3.5168204241187617232e-01
1.9017017017017014968e+00,3.5217094453241981622e-01
1.9040040040040038249e+00,3.5265972393935485218e-01
1.9063063063063061531e+00,3.5314838045854712867e-01
1.9086086086086084812e+00,3.5363691391683593768e-01
1.9109109109109108093e+00,3.5412532414200947883e-01
1.9132132132132131375e+00,3.5461361096279153671e-01
1.9155155155155152435e+00,3.5510177420886657185e-01
1.9178178178178175717e+00,3.5558981371082015732e-01
1.9201201201201198998e+00,3.5607772930020581414e-01
1.9224224224224222279e+00,3.5656552080945141947e-01
1.9247247247247245561e+00,3.5705318807195129960e-01
1.9270270270270268842e+00,3.5754073092195970407e-01
1.9293293293293292123e+00,3.5802814919468306520e-01
1.9316316316316315405e+00,3.5851544272618657283e-01
1.9339339339339338686e+00,3.5900261135346295260e-01
1.9362362362362359747e+00,3.5948965491437184783e-01
1.9385385385385383028e+00,3.5997657324767007303e-01
1.9408408408408406309e+00,3.6046336619299451653e-01
1.9431431431431429591e+00,3.6095003359084570915e-01
1.9454454454454452872e+00,3.6143657528261996514e-01
1.9477477477477476153e+00,3.6192299111054593297e-01
1.9500500500500499435e+00,3.6240928091775936881e-01
1.9523523523523522716e+00,3.6289544454820471531e-01
1.9546546546546545997e+00,3.6338148184673552121e-01
1.9569569569569567058e+00,3.6386739265900364115e-01
1.9592592592592590339e+00,3.6435317683155910018e-01
1.9615615615615613621e+00,3.6483883421175400397e-01
1.9638638638638636902e+00,3.6532436464781020691e-01
1.9661661661661660183e+00,3.6580976798876185807e-01
1.9684684684684683464e+00,3.6629504408447322028e-01
1.9707707707707706746e+00,3.6678019278563112060e-01
1.9730730730730730027e+00,3.6726521394371319795e-01
1.9753753753753751088e+00,3.6775010741102681644e-01
1.9776776776776774369e+00,3.6823487304063834413e-01
1.9799799799799797650e+00,3.6871951068644309712e-01
1.9822822822822820932e+00,3.6920402020307280244e-01
1.9845845845845844213e+00,3.6968840144597803210e-01
1.9868868868868867494e+00,3.7017265427133544398e-01
1.9891891891891890776e+00,3.7065677853611861403e-01
1.9914914914914914057e+00,3.7114077409802714858e-01
1.9937937937937937338e+00,3.7162464081552942785e-01
1.9960960960960958399e+00,3.7210837854782513601e-01
1.9983983983983981680e+00,3.7259198715485197795e-01
2.0007007007007007182e+00,3.7307546649728573485e-01
2.0030030030030028243e+00,3.7355881643651028812e-01
2.0053053053053049304e+00,3.7404203683465298003e-01
2.0076076076076074806e+00,3.7452512755452466164e-01
2.0099099099099095866e+00,3.7500808845967770200e-01
2.0122122122122121368e+00,3.7549091941433265784e-01
2.0145145145145142429e+00,3.7597362028344177842e-01
2.0168168168168167931e+00,3.7645619093261878385e-01
2.0191191191191188992e+00,3.7693863122819165623e-01
2.0214214214214214493e+00,3.7742094103715073672e-01
2.0237237237237235554e+00,3.7790312022717814644e-01
2.0260260260260256615e+00,3.7838516866662363913e-01
2.0283283283283282117e+00,3.7886708622450521178e-01
2.0306306306306303178e+00,3.7934887277051371202e-01
2.0329329329329328679e+00,3.7983052817498569320e-01
2.0352352352352349740e+00,3.8031205230893566638e-01
2.0375375375375375242e+00,3.8079344504400508553e-01
2.0398398398398396303e+00,3.8127470625251308478e-01
2.0421421421421421805e+00,3.8175583580739352874e-01
2.0444444444444442865e+00,3.8223683358225213347e-01
2.0467467467467463926e+00,3.8271769945130484913e-01
2.0490490490490489428e+00,3.8319843328942632121e-01
2.0513513513513510489e+00,3.8367903497210431585e-01
2.0536536536536535991e+00,3.8415950437546708685e-01
2.0559559559559557052e+00,3.8463984137626355819e-01
2.0582582582582582553e+00,3.8512004585186254690e-01
2.0605605605605603614e+00,3.8560011768026342116e-01
2.0628628628628629116e+00,3.8608005674006518060e-01
2.0651651651651650177e+00,3.8655986291050548065e-01
2.0674674674674671238e+00,3.8703953607140573201e-01
2.0697697697697696739e+00,3.8751907610323071962e-01
2.0720720720720717800e+00,3.8799848288701804799e-01
2.0743743743743743302e+00,3.8847775630444653094e-01
2.0766766766766764363e+00,3.8895689623776752430e-01
2.0789789789789789864e+00,3.8943590256986210241e-01
2.0812812812812810925e+00,3.8991477518419292991e-01
2.0835835835835831986e+00,3.9039351396483090717e-01
2.0858858858858857488e+00,3.9087211879644090384e-01
2.0881881881881878549e+00,3.9135058956426649335e-01
2.0904904904904904051e+00,3.9182892615415026993e-01
2.0927927927927925111e+00,3.9230712845248866261e-01
2.0950950950950950613e+00,3.9278519634627634405e-01
2.0973973973973971674e+00,3.9326312972304383608e-01
2.0996996996996997176e+00,3.9374092847091246572e-01
2.1020020020020018237e+00,3.9421859247852969466e-01
2.1043043043043039297e+00,3.9469612163511896830e-01
2.1066066066066064799e+00,3.9517351583042714669e-01
2.1089089089089085860e+00,3.9565077495475770020e-01
2.1112112112112111362e+00,3.9612789889893895712e-01
2.1135135135135132423e+00,3.9660488755433387364e-01
2.1158158158158157924e+00,3.9708174081283381662e-01
2.1181181181181178985e+00,3.9755845856684396411e-01
2.1204204204204204487e+00,3.9803504070929929259e-01
2.1227227227227225548e+00,3.9851148713363127030e-01
2.1250250250250246609e+00,3.9898779773379916547e-01
2.1273273273273272110e+00,3.9946397240424674768e-01
2.1296296296296293171e+00,3.9994001103993881419e-01
2.1319319319319318673e+00,4.0041591353631833528e-01
2.1342342342342339734e+00,4.0089167978933737402e-01
2.1365365365365365236e+00,4.0136730969542488978e-01
2.1388388388388386296e+00,4.0184280315150494589e-01
2.1411411411411411798e+00,4.0231816005497905708e-01
2.1434434434434432859e+00,4.0279338030372885404e-01
2.1457457457457453920e+00,4.0326846379611497317e-01
2.1480480480480479422e+00,4.0374341043096434456e-01
2.1503503503503500482e+00,4.0421822010758368116e-01
2.1526526526526525984e+00,4.0469289272573422123e-01
2.1549549549549547045e+00,4.0516742818565576467e-01
2.1572572572572572547e+00,4.0564182638803392145e-01
2.1595595595595593608e+00,4.0611608723402925492e-01
2.1618618618618614668e+00,4.0659021062524369761e-01
2.1641641641641640170e+00,4.0706419646374664145e-01
2.1664664664664661231e+00,4.0753804465204812590e-01
2.1687687687687686733e+00,4.0801175509311610190e-01
2.1710710710710707794e+00,4.0848532769036172141e-01
2.1733733733733733295e+00,4.0895876234764227952e-01
2.1756756756756754356e+00,4.0943205896926226917e-01
2.1779779779779779858e+00,4.0990521745996116865e-01
2.1802802802802800919e+00,4.1037823772493031704e-01
2.1825825825825821980e+00,4.1085111966978538067e-01
2.1848848848848847481e+00,4.1132386320059666218e-01
2.1871871871871868542e+00,4.1179646822385224114e-01
2.1894894894894894044e+00,4.1226893464649499998e-01
2.1917917917917915105e+00,4.1274126237588310007e-01
2.1940940940940940607e+00,4.1321345131982462062e-01
2.1963963963963961668e+00,4.1368550138654641701e-01
2.1986986986986987169e+00,4.1415741248471643621e-01
2.2010010010010008230e+00,4.1462918452342939490e-01
2.2033033033033029291e+00,4.1510081741220938856e-01
2.2056056056056054793e+00,4.1557231106101732987e-01
2.2079079079079075854e+00,4.1604366538023140887e-01
2.2102102102102101355e+00,4.1651488028067779057e-01
2.2125125125125122416e+00,4.1698595567358798242e-01
2.2148148148148147918e+00,4.1745689147064335422e-01
2.2171171171171168979e+00,4.1792768758392129236e-01
2.2194194194194194480e+00,4.1839834392593266976e-01
2.2217217217217215541e+00,4.1886886040958165589e-01
2.2240240240240236602e+00,4.1933923694820740558e-01
2.2263263263263262104e+00,4.1980947345554742167e-01
2.2286286286286283165e+00,4.2027956984570002952e-01
2.2309309309309308667e+00,4.2074952603312665289e-01
2.2332332332332329727e+00,4.2121934193280424763e-01
2.2355355355355355229e+00,4.2168901746026643540e-01
2.2378378378378376290e+00,4.2215855253108419687e-01
2.2401401401401397351e+00,4.2262794706051470817e-01
2.2424424424424422853e+00,4.2309720096494396469e-01
2.2447447447447443913e+00,4.2356631416396617329e-01
2.2470470470470469415e+00,4.2403528657625022547e-01
2.2493493493493490476e+00,4.2450411811046168120e-01
2.2516516516516515978e+00,4.2497280867568948404e-01
2.2539539539539537039e+00,4.2544135821671336117e-01
2.2562562562562562540e+00,4.2590976669244384745e-01
2.2585585585585583601e+00,4.2637803395076279145e-01
2.2608608608608604662e+00,4.2684615974850959041e-01
2.2631631631631630164e+00,4.2731414416535484779e-01
2.2654654654654651225e+00,4.2778198772861575350e-01
2.2677677677677676726e+00,4.2824969013098002080e-01
2.2700700700700697787e+00,4.2871724914818071239e-01
2.2723723723723723289e+00,4.2918466437761570997e-01
2.2746746746746744350e+00,4.2965194296937014862e-01
2.2769769769769769852e+00,4.3011908930344328050e-01
2.2792792792792790912e+00,4.3058608036362072680e-01
2.2815815815815811973e+00,4.3105289135928392952e-01
2.2838838838838837475e+00,4.3151958946651602922e-01
2.2861861861861858536e+00,4.3198628430889912666e-01
2.2884884884884884038e+00,4.3245279953663218198e-01
2.2907907907907905098e+00,4.3291869935102794686e-01
2.2930930930930930600e+00,4.3338436174000993795e-01
2.2953953953953951661e+00,4.3385139686751600374e-01
2.2976976976976977163e+00,4.3431935892271339439e-01
2.2999999999999998224e+00,4.3478260869565210633e-01
