0.0000000000000000000e+00,-2.1407194113233350696e-02
2.3023023023023021089e-03,-5.2047389247357629725e-09
4.6046046046046042177e-03,8.7765509225687219355e-09
6.9069069069069063266e-03,3.3141561859191419243e-08
9.2092092092092084354e-03,7.7672335529459073052e-08
1.1511511511511510544e-02,1.4816061799795646985e-07
1.3813813813813812653e-02,2.5254326746117291415e-07
1.6116116116116116497e-02,3.9778027643505369868e-07
1.8418418418418416871e-02,5.9066931896873611892e-07
2.0720720720720717245e-02,8.3803801382911968000e-07
2.3023023023023021089e-02,1.1461218502764372320e-06
2.5325325325325324932e-02,1.5218849257179311943e-06
2.7627627627627625306e-02,1.9713533117877279623e-06
2.9929929929929925680e-02,2.5014468801955037875e-06
3.2232232232232232993e-02,3.1181120649127825922e-06
3.4534534534534533368e-02,3.8281155350797455638e-06
3.6836836836836833742e-02,4.6374314716831466611e-06
3.9139139139139134116e-02,5.5525996691119908457e-06
4.1441441441441434490e-02,6.5796649003552354774e-06
4.3743743743743741803e-02,7.7249236294354880057e-06
4.6046046046046042177e-02,8.9944910922090302673e-06
4.8348348348348342551e-02,1.0394438905497603004e-05
5.0650650650650649864e-02,1.1930925716565869772e-05
5.2952952952952950239e-02,1.3609836662234930433e-05
5.5255255255255250613e-02,1.5437331677305786534e-05
5.7557557557557550987e-02,1.7419159347651763095e-05
5.9859859859859851361e-02,1.9561430111141457134e-05
6.2162162162162158674e-02,2.1869812182664706308e-05
6.4464464464464465987e-02,2.4350314549375338697e-05
6.6766766766766766361e-02,2.7008574437055851209e-05
6.9069069069069066735e-02,2.9850461947584348588e-05
7.1371371371371367109e-02,3.2881610597452657577e-05
7.3673673673673667484e-02,3.6107738452150290795e-05
7.5975975975975967858e-02,3.9534481386120850306e-05
7.8278278278278268232e-02,4.3167410496061996248e-05
8.0580580580580568606e-02,4.7012154647227325616e-05
8.2882882882882868980e-02,5.1074156012697084165e-05
8.5185185185185183232e-02,5.5359016081575114108e-05
8.7487487487487483606e-02,5.9872075382022169835e-05
8.9789789789789783980e-02,6.4618879975672337138e-05
9.2092092092092084354e-02,6.9604702114241820497e-05
9.4394394394394384729e-02,7.4835002078057843251e-05
9.6696696696696685103e-02,8.0315013324328774760e-05
9.8998998998998985477e-02,8.6050088831664318955e-05
1.0130130130130129973e-01,9.2045439983874451800e-05
1.0360360360360360010e-01,9.8306304846513148810e-05
1.0590590590590590048e-01,1.0483787697735003238e-04
1.0820820820820820085e-01,1.1164528293716610664e-04
1.1051051051051050123e-01,1.1873369294534269740e-04
1.1281281281281280160e-01,1.2610813401115630416e-04
1.1511511511511510197e-01,1.3377373994070371503e-04
1.1741741741741740235e-01,1.4173545673337590287e-04
1.1971971971971970272e-01,1.4999836310214322444e-04
1.2202202202202201697e-01,1.5856734695810038101e-04
1.2432432432432431735e-01,1.6744741180616228840e-04
1.2662662662662660384e-01,1.7664340695482848775e-04
1.2892892892892893197e-01,1.8616024729914274535e-04
1.3123123123123123235e-01,1.9600275441279219014e-04
1.3353353353353353272e-01,2.0617575024785284032e-04
1.3583583583583583310e-01,2.1668403125129482006e-04
1.3813813813813813347e-01,2.2753232950635648838e-04
1.4044044044044043384e-01,2.3872541221631223408e-04
1.4274274274274273422e-01,2.5026793068063198826e-04
1.4504504504504503459e-01,2.6216461328664152899e-04
1.4734734734734733497e-01,2.7442004448859254329e-04
1.4964964964964963534e-01,2.8703890020364506439e-04
1.5195195195195193572e-01,3.0002571490698223388e-04
1.5425425425425423609e-01,3.1338509784661130195e-04
1.5655655655655653646e-01,3.2712154712956950219e-04
1.5885885885885883684e-01,3.4123959659942515281e-04
1.6116116116116113721e-01,3.5574371531882831212e-04
1.6346346346346343759e-01,3.7063835935050915872e-04
1.6576576576576573796e-01,3.8592797017213901611e-04
1.6806806806806806609e-01,4.0161692900773102513e-04
1.7037037037037036646e-01,4.1770964630071958854e-04
1.7267267267267266684e-01,4.3421043582024602655e-04
1.7497497497497496721e-01,4.5112366942412133021e-04
1.7727727727727726759e-01,4.6845360450633119096e-04
1.7957957957957956796e-01,4.8620456380768370874e-04
1.8188188188188186833e-01,5.0438076120751977952e-04
1.8418418418418416871e-01,5.2298645996184315969e-04
1.8648648648648646908e-01,5.4202584025888592319e-04
1.8878878878878876946e-01,5.6150310002377299030e-04
1.9109109109109106983e-01,5.8142239078992435063e-04
1.9339339339339337021e-01,6.0178784398264679404e-04
1.9569569569569567058e-01,6.2260358314967134859e-04
1.9799799799799797095e-01,6.4387367604614928474e-04
2.0030030030030027133e-01,6.6560221517361075564e-04
2.0260260260260259946e-01,6.8779321084917592090e-04
2.0490490490490489983e-01,7.1045071829201446659e-04
2.0720720720720720021e-01,7.3357869948823689350e-04
2.0950950950950950058e-01,7.5718116397706424024e-04
2.1181181181181180095e-01,7.8126203540783824373e-04
2.1411411411411410133e-01,8.0582526994445299786e-04
2.1641641641641640170e-01,8.3087476013182402172e-04
2.1871871871871870208e-01,8.5641440478669776225e-04
2.2102102102102100245e-01,8.8244806883834515845e-04
2.2332332332332330282e-01,9.0897959336247490317e-04
2.2562562562562560320e-01,9.3601281579872421066e-04
2.2792792792792790357e-01,9.6355152218485871224e-04
2.3023023023023020395e-01,9.9159951967590226340e-04
2.3253253253253250432e-01,1.0201605446503638625e-03
2.3483483483483480470e-01,1.0492383686852410542e-03
2.3713713713713710507e-01,1.0788366861418587257e-03
2.3943943943943940544e-01,1.1089592261826974277e-03
2.4174174174174173357e-01,1.1396096490026122634e-03
2.4404404404404403395e-01,1.1707916355937237219e-03
2.4634634634634633432e-01,1.2025088173688777953e-03
2.4864864864864863470e-01,1.2347648244522440621e-03
2.5095095095095093507e-01,1.2675632618844971406e-03
2.5325325325325320769e-01,1.3009077090288727416e-03
2.5555555555555553582e-01,1.3348017443014547137e-03
2.5785785785785786395e-01,1.3692488988734463715e-03
2.6016016016016013657e-01,1.4042527219516227639e-03
2.6246246246246246470e-01,1.4398167012342796400e-03
2.6476476476476473731e-01,1.4759443521408148556e-03
2.6706706706706706544e-01,1.5126391253751836265e-03
2.6936936936936933806e-01,1.5499044969538701508e-03
2.7167167167167166619e-01,1.5877438867899790892e-03
2.7397397397397393881e-01,1.6261607271830550662e-03
2.7627627627627626694e-01,1.6651584112893193582e-03
2.7857857857857853956e-01,1.7047403258824837032e-03
2.8088088088088086769e-01,1.7449098389951528659e-03
2.8318318318318314031e-01,1.7856702923171440672e-03
2.8548548548548546844e-01,1.8270250282484054843e-03
2.8778778778778774106e-01,1.8689773458253366480e-03
2.9009009009009006919e-01,1.9115305594105504779e-03
2.9239239239239234180e-01,1.9546879295696756654e-03
2.9469469469469466993e-01,1.9984527386297710159e-03
2.9699699699699699806e-01,2.0428282141983604425e-03
2.9929929929929927068e-01,2.0878176019437991173e-03
3.0160160160160159881e-01,2.1334241014375624271e-03
3.0390390390390387143e-01,2.1796509184650197412e-03
3.0620620620620619956e-01,2.2265012275882825089e-03
3.0850850850850847218e-01,2.2739781935367103793e-03
3.1081081081081080031e-01,2.3220849669277751279e-03
3.1311311311311307293e-01,2.3708246720954709655e-03
3.1541541541541540106e-01,2.4202004350335872343e-03
3.1771771771771767368e-01,2.4702153419746603925e-03
3.2002002002002000181e-01,2.5208724920524412834e-03
3.2232232232232227442e-01,2.5721749371380568140e-03
3.2462462462462460255e-01,2.6241257459949955330e-03
3.2692692692692687517e-01,2.6767279408194321819e-03
3.2922922922922920330e-01,2.7299845562089226393e-03
3.3153153153153147592e-01,2.7838985885875375779e-03
3.3383383383383380405e-01,2.8384730359955162408e-03
3.3613613613613613218e-01,2.8937108713553948147e-03
3.3843843843843840480e-01,2.9496150554439485268e-03
3.4074074074074073293e-01,3.0061885383377185028e-03
3.4304304304304300555e-01,3.0634342443539683450e-03
3.4534534534534533368e-01,3.1213550999284814247e-03
3.4764764764764760629e-01,3.1799539950736945698e-03
3.4994994994994993442e-01,3.2392338305010813168e-03
3.5225225225225220704e-01,3.2991974652786396419e-03
3.5455455455455453517e-01,3.3598477713173797651e-03
3.5685685685685680779e-01,3.4211875807096353390e-03
3.5915915915915913592e-01,3.4832197334864192437e-03
3.6146146146146140854e-01,3.5459470378630935511e-03
3.6376376376376373667e-01,3.6093723002276218575e-03
3.6606606606606600929e-01,3.6734983066082412678e-03
3.6836836836836833742e-01,3.7383278293837826287e-03
3.7067067067067066555e-01,3.8038636327435387634e-03
3.7297297297297293817e-01,3.8701084559518016300e-03
3.7527527527527526630e-01,3.9370650405073839145e-03
3.7757757757757753891e-01,4.0047360945865461204e-03
3.7987987987987986704e-01,4.0731243350669082623e-03
3.8218218218218213966e-01,4.1422324420625124958e-03
3.8448448448448446779e-01,4.2120631051371258333e-03
3.8678678678678674041e-01,4.2826189796787445668e-03
3.8908908908908906854e-01,4.3539027254636316483e-03
3.9139139139139134116e-01,4.4259169756064890497e-03
3.9369369369369366929e-01,4.4986643588192896936e-03
3.9599599599599594191e-01,4.5721474871938472609e-03
3.9829829829829827004e-01,4.6463689582694391728e-03
4.0060060060060054266e-01,4.7213313632470076120e-03
4.0290290290290287079e-01,4.7970372694400168281e-03
4.0520520520520519892e-01,4.8734892462774766567e-03
4.0750750750750747153e-01,4.9506898327435358911e-03
4.0980980980980979966e-01,5.0286415747111470886e-03
4.1211211211211207228e-01,5.1073469855558708760e-03
4.1441441441441440041e-01,5.1868085852506667227e-03
4.1671671671671667303e-01,5.2670288643487037095e-03
4.1901901901901900116e-01,5.3480103149714424207e-03
4.2132132132132127378e-01,5.4297554067924032328e-03
4.2362362362362360191e-01,5.5122666031799287881e-03
4.2592592592592587453e-01,5.5955463538420978364e-03
4.2822822822822820266e-01,5.6795970934747311981e-03
4.3053053053053047527e-01,5.7644212517896009293e-03
4.3283283283283280340e-01,5.8500212357799992111e-03
4.3513513513513507602e-01,5.9363994542768038637e-03
4.3743743743743740415e-01,6.0235582883420126302e-03
4.3973973973973967677e-01,6.1115001242897882758e-03
4.4204204204204200490e-01,6.2002273196867683722e-03
4.4434434434434433303e-01,6.2897422363122016536e-03
4.4664664664664660565e-01,6.3800472105568469330e-03
4.4894894894894893378e-01,6.4711445781481273173e-03
4.5125125125125120640e-01,6.5630366558317582149e-03
4.5355355355355353453e-01,6.6557257526716640667e-03
4.5585585585585580715e-01,6.7492141664227539577e-03
4.5815815815815813528e-01,6.8435041797046585257e-03
4.6046046046046040789e-01,6.9385980711360742759e-03
4.6276276276276273602e-01,7.0344980978653227563e-03
4.6506506506506500864e-01,7.1312065185049622329e-03
4.6736736736736733677e-01,7.2287255663869001351e-03
4.6966966966966960939e-01,7.3270574786294707936e-03
4.7197197197197193752e-01,7.4262044669145257578e-03
4.7427427427427421014e-01,7.5261687451502051749e-03
4.7657657657657653827e-01,7.6269525052882741062e-03
4.7887887887887881089e-01,7.7285579368668259198e-03
4.8118118118118113902e-01,7.8309872133082731455e-03
4.8348348348348346715e-01,7.9342424993945857847e-03
4.8578578578578573977e-01,8.0383259504739502238e-03
4.8808808808808806790e-01,8.1432397068929556622e-03
4.9039039039039034051e-01,8.2489859057012712706e-03
4.9269269269269266864e-01,8.3555666637718760403e-03
4.9499499499499494126e-01,8.4629840990151534996e-03
4.9729729729729726939e-01,8.5712403063740207065e-03
4.9959959959959954201e-01,8.6803373832762421164e-03
5.0190190190190187014e-01,8.7902774046438314492e-03
5.0420420420420419827e-01,8.9010624459844745610e-03
5.0650650650650641538e-01,9.0126945637817573037e-03
5.0880880880880874351e-01,9.1251758107530108605e-03
5.1111111111111107164e-01,9.2385082258813564643e-03
5.1341341341341339977e-01,9.3526938388845820560e-03
5.1571571571571572790e-01,9.4677346715477186945e-03
5.1801801801801794500e-01,9.5836327309810915437e-03
5.2032032032032027313e-01,9.7003900214960199488e-03
5.2262262262262260126e-01,9.8180085285358986713e-03
5.2492492492492492939e-01,9.9364902381359841016e-03
5.2722722722722714650e-01,1.0055837115509587767e-02
5.2952952952952947463e-01,1.0176051127211845418e-02
5.3183183183183180276e-01,1.0297134219891300802e-02
5.3413413413413413089e-01,1.0419088339442508784e-02
5.3643643643643634800e-01,1.0541915415247734428e-02
5.3873873873873867613e-01,1.0665617371903328078e-02
5.4104104104104100426e-01,1.0790196122255674496e-02
5.4334334334334333239e-01,1.0915653569528203232e-02
5.4564564564564554949e-01,1.1041991610218614486e-02
5.4794794794794787762e-01,1.1169212126619825279e-02
5.5025025025025020575e-01,1.1297316998572034044e-02
5.5255255255255253388e-01,1.1426308088349122760e-02
5.5485485485485486201e-01,1.1556187258376503235e-02
5.5715715715715707912e-01,1.1686956352240941356e-02
5.5945945945945940725e-01,1.1818617213885589806e-02
5.6176176176176173538e-01,1.1951171669649051504e-02
5.6406406406406406351e-01,1.2084621544041555113e-02
5.6636636636636628062e-01,1.2218968647217767418e-02
5.6866866866866860875e-01,1.2354214783801260522e-02
5.7097097097097093688e-01,1.2490361748326964803e-02
5.7327327327327326500e-01,1.2627411325562828276e-02
5.7557557557557548211e-01,1.2765365294523319667e-02
5.7787787787787781024e-01,1.2904225420593419538e-02
5.8018018018018013837e-01,1.3043993466940965315e-02
5.8248248248248246650e-01,1.3184671180445643041e-02
5.8478478478478468361e-01,1.3326260307720208184e-02
5.8708708708708701174e-01,1.3468762578366209534e-02
5.8938938938938933987e-01,1.3612179721505327998e-02
5.9169169169169166800e-01,1.3756513450694870040e-02
5.9399399399399399613e-01,1.3901765476816936584e-02
5.9629629629629621324e-01,1.4047937498254732536e-02
5.9859859859859854136e-01,1.4195031207344239316e-02
6.0090090090090086949e-01,1.4343048287728735538e-02
6.0320320320320319762e-01,1.4491990413307908464e-02
6.0550550550550541473e-01,1.4641859253017143819e-02
6.0780780780780774286e-01,1.4792656462810112664e-02
6.1011011011011007099e-01,1.4944383696581029289e-02
6.1241241241241239912e-01,1.5097042593176455624e-02
6.1471471471471461623e-01,1.5250634790792956183e-02
6.1701701701701694436e-01,1.5405161912291976886e-02
6.1931931931931927249e-01,1.5560625579361046789e-02
6.2162162162162160062e-01,1.5717027399929014986e-02
6.2392392392392381772e-01,1.5874368978597275942e-02
6.2622622622622614585e-01,1.6032651909069880330e-02
6.2852852852852847398e-01,1.6191877778674347577e-02
6.3083083083083080211e-01,1.6352048167222812958e-02
6.3313313313313313024e-01,1.6513164644939182235e-02
6.3543543543543534735e-01,1.6675228777728406254e-02
6.3773773773773767548e-01,1.6838242119208327030e-02
6.4004004004004000361e-01,1.7002206221042502621e-02
6.4234234234234233174e-01,1.7167122621040829811e-02
6.4464464464464454885e-01,1.7332992856021682548e-02
6.4694694694694687698e-01,1.7499818449003091969e-02
6.4924924924924920511e-01,1.7667600921265392416e-02
6.5155155155155153324e-01,1.7836341781926914191e-02
6.5385385385385375034e-01,1.8006042536295192164e-02
6.5615615615615607847e-01,1.8176704680164055411e-02
6.5845845845845840660e-01,1.8348329702771431354e-02
6.6076076076076073473e-01,1.8520919086835941486e-02
6.6306306306306295184e-01,1.8694474305740293313e-02
6.6536536536536527997e-01,1.8868996829078537453e-02
6.6766766766766760810e-01,1.9044488114877515528e-02
6.6996996996996993623e-01,1.9220949619282438892e-02
6.7227227227227226436e-01,1.9398382785725205857e-02
6.7457457457457448147e-01,1.9576789056351032170e-02
6.7687687687687680960e-01,1.9756169860907852459e-02
6.7917917917917913773e-01,1.9936526626960101444e-02
6.8148148148148146586e-01,2.0117860771324175967e-02
6.8378378378378368296e-01,2.0300173706664301210e-02
6.8608608608608601109e-01,2.0483466837330474575e-02
6.8838838838838833922e-01,2.0667741561060777589e-02
6.9069069069069066735e-01,2.0852999269921321940e-02
6.9299299299299288446e-01,2.1039241346968017010e-02
6.9529529529529521259e-01,2.1226469171906355016e-02
6.9759759759759754072e-01,2.1414684113601954035e-02
6.9989989989989986885e-01,2.1603887539083703462e-02
7.0220220220220219698e-01,2.1794080803746933989e-02
7.0450450450450441409e-01,2.1985265261448339036e-02
7.0680680680680674222e-01,2.2177442254924673720e-02
7.0910910910910907035e-01,2.2370613124389236021e-02
7.1141141141141139848e-01,2.2564779200559298422e-02
7.1371371371371361558e-01,2.2759941809780068200e-02
7.1601601601601594371e-01,2.2956102271126845732e-02
7.1831831831831827184e-01,2.3153261897105308076e-02
7.2062062062062059997e-01,2.3351421995276983035e-02
7.2292292292292281708e-01,2.3550583864570893977e-02
7.2522522522522514521e-01,2.3750748800936492822e-02
7.2752752752752747334e-01,2.3951918090206556627e-02
7.2982982982982980147e-01,2.4154093016412785805e-02
7.3213213213213201858e-01,2.4357274852967292222e-02
7.3443443443443434671e-01,2.4561464871538239013e-02
7.3673673673673667484e-01,2.4766664333830845646e-02
7.3903903903903900297e-01,2.4972874498770912532e-02
7.4134134134134133109e-01,2.5180096616892914257e-02
7.4364364364364354820e-01,2.5388331934231778836e-02
7.4594594594594587633e-01,2.5597581690458674070e-02
7.4824824824824820446e-01,2.5807847118792179297e-02
7.5055055055055053259e-01,2.6019129448132529564e-02
7.5285285285285274970e-01,2.6231429899162207048e-02
7.5515515515515507783e-01,2.6444749689903380985e-02
7.5745745745745740596e-01,2.6659090028972202979e-02
7.5975975975975973409e-01,2.6874452123219479821e-02
7.6206206206206195120e-01,2.7090837169825597586e-02
7.6436436436436427933e-01,2.7308246364071947498e-02
7.6666666666666660745e-01,2.7526680892325527256e-02
7.6896896896896893558e-01,2.7746141937999117821e-02
7.7127127127127115269e-01,2.7966630677094650448e-02
7.7357357357357348082e-01,2.8188148281065254080e-02
7.7587587587587580895e-01,2.8410695915792739952e-02
7.7817817817817813708e-01,2.8634274740875601678e-02
7.8048048048048046521e-01,2.8858885912131652246e-02
7.8278278278278268232e-01,2.9084530577590722578e-02
7.8508508508508501045e-01,2.9311209882887778039e-02
7.8738738738738733858e-01,2.9538924964937939704e-02
7.8968968968968966671e-01,2.9767676958918871249e-02
7.9199199199199188381e-01,2.9997466991219710886e-02
7.9429429429429421194e-01,3.0228296186216783298e-02
7.9659659659659654007e-01,3.0460165660319796221e-02
7.9889889889889886820e-01,3.0693076526879102539e-02
8.0120120120120108531e-01,3.0927029892706101727e-02
8.0350350350350341344e-01,3.1162026860082809449e-02
8.0580580580580574157e-01,3.1398068526418250468e-02
8.0810810810810806970e-01,3.1635155983053254991e-02
8.1041041041041039783e-01,3.1873290318020483514e-02
8.1271271271271261494e-01,3.2112472612005782402e-02
8.1501501501501494307e-01,3.2352703943535975062e-02
8.1731731731731727120e-01,3.2593985383077665741e-02
8.1961961961961959933e-01,3.2836317999390116085e-02
8.2192192192192181643e-01,3.3079702853259583539e-02
8.2422422422422414456e-01,3.3324141003378299208e-02
8.2652652652652647269e-01,3.3569633501323747904e-02
8.2882882882882880082e-01,3.3816181395552390165e-02
8.3113113113113101793e-01,3.4063785728749615411e-02
8.3343343343343334606e-01,3.4312447539131055163e-02
8.3573573573573567419e-01,3.4562167860647238782e-02
8.3803803803803800232e-01,3.4812947721420836600e-02
8.4034034034034021943e-01,3.5064788146676899305e-02
8.4264264264264254756e-01,3.5317690154735868757e-02
8.4494494494494487569e-01,3.5571654761967920477e-02
8.4724724724724720382e-01,3.5826682977314353029e-02
8.4954954954954953195e-01,3.6082775808049333266e-02
8.5185185185185174905e-01,3.6339934254230488175e-02
8.5415415415415407718e-01,3.6598159313781054858e-02
8.5645645645645640531e-01,3.6857451978281698113e-02
8.5875875875875873344e-01,3.7117813236180685621e-02
8.6106106106106095055e-01,3.7379244070842629344e-02
8.6336336336336327868e-01,3.7641745461261873207e-02
8.6566566566566560681e-01,3.7905318382706658376e-02
8.6796796796796793494e-01,3.8169963804875035873e-02
8.7027027027027015205e-01,3.8435682694926108505e-02
8.7257257257257248018e-01,3.8702476013546635580e-02
8.7487487487487480831e-01,3.8970344719650322485e-02
8.7717717717717713644e-01,3.9239289765315460423e-02
8.7947947947947935354e-01,3.9509312100982393878e-02
8.8178178178178168167e-01,3.9780412670566020483e-02
8.8408408408408400980e-01,4.0052592415823186356e-02
8.8638638638638633793e-01,4.0325852272859237513e-02
8.8868868868868866606e-01,4.0600193174665726026e-02
8.9099099099099088317e-01,4.0875616049760706006e-02
8.9329329329329321130e-01,4.1152121822418549768e-02
8.9559559559559553943e-01,4.1429711413665609721e-02
8.9789789789789786756e-01,4.1708385739229109079e-02
9.0020020020020008467e-01,4.1988145712620932037e-02
9.0250250250250241280e-01,4.2268992241305598789e-02
9.0480480480480474093e-01,4.2550926231143218481e-02
9.0710710710710706906e-01,4.2833948581720980575e-02
9.0940940940940928616e-01,4.3118060191032231421e-02
9.1171171171171161429e-01,4.3403261951182776912e-02
9.1401401401401394242e-01,4.3689554752124271086e-02
9.1631631631631627055e-01,4.3976939478781930382e-02
9.1861861861861848766e-01,4.4265417013011745806e-02
9.2092092092092081579e-01,4.4554988232739518861e-02
9.2322322322322314392e-01,4.4845654011787985938e-02
9.2552552552552547205e-01,4.5137415221150521683e-02
9.2782782782782780018e-01,4.5430272726789198978e-02
9.3013013013013001729e-01,4.5724227392724504926e-02
9.3243243243243234541e-01,4.6019280077333947487e-02
9.3473473473473467354e-01,4.6315431637526320585e-02
9.3703703703703700167e-01,4.6612682924460323297e-02
9.3933933933933921878e-01,4.6911034787739308571e-02
9.4164164164164154691e-01,4.7210488071659943710e-02
9.4394394394394387504e-01,4.7511043618383812237e-02
9.4624624624624620317e-01,4.7812702265608519880e-02
9.4854854854854842028e-01,4.8115464848028158262e-02
9.5085085085085074841e-01,4.8419332196894461495e-02
9.5315315315315307654e-01,4.8724305139514187402e-02
9.5545545545545540467e-01,4.9030384500743900977e-02
9.5775775775775762177e-01,4.9337571100681938685e-02
9.6006006006005994990e-01,4.9645865757739771063e-02
9.6236236236236227803e-01,4.9955269285078054975e-02
9.6466466466466460616e-01,5.0265782494520017121e-02
9.6696696696696693429e-01,5.0577406192629820181e-02
9.6926926926926915140e-01,5.0890141184462306390e-02
9.7157157157157147953e-01,5.1203988270298601837e-02
9.7387387387387380766e-01,5.1518948248314919147e-02
9.7617617617617613579e-01,5.1835021912729810356e-02
9.7847847847847835290e-01,5.2152210054832150166e-02
9.8078078078078068103e-01,5.2470513462899680268e-02
9.8308308308308300916e-01,5.2789932921420902601e-02
9.8538538538538533729e-01,5.3110469212760046120e-02
9.8768768768768755439e-01,5.3432123114783361406e-02
9.8998998998998988252e-01,5.3754895403879864035e-02
9.9229229229229221065e-01,5.4078786851557446302e-02
9.9459459459459453878e-01,5.4403798228091652944e-02
9.9689689689689686691e-01,5.4729930298953947954e-02
9.9919919919919908402e-01,5.5057183828148573146e-02
1.0015015015015014122e+00,5.5385559575391027365e-02
1.0038038038038037403e+00,5.5715058298333015874e-02
1.0061061061061060684e+00,5.6045680751126147889e-02
1.0084084084084083965e+00,5.6377427685080069852e-02
1.0107107107107107247e+00,5.6710299848883954921e-02
1.0130130130130128308e+00,5.7044297987603909128e-02
1.0153153153153151589e+00,5.7379422844482372290e-02
1.0176176176176174870e+00,5.7715675158522841692e-02
1.0199199199199198151e+00,5.8053055667450004229e-02
1.0222222222222221433e+00,5.8391565104462285485e-02
1.0245245245245244714e+00,5.8731204201625232530e-02
1.0268268268268267995e+00,5.9071973686625700584e-02
1.0291291291291291277e+00,5.9413874285727724667e-02
1.0314314314314314558e+00,5.9756906721349638267e-02
1.0337337337337335619e+00,6.0101071713889495096e-02
1.0360360360360358900e+00,6.0446369980656243504e-02
1.0383383383383382181e+00,6.0792802236202557464e-02
1.0406406406406405463e+00,6.1140369192803543930e-02
1.0429429429429428744e+00,6.1489071559267548250e-02
1.0452452452452452025e+00,6.1838910042832116731e-02
1.0475475475475475307e+00,6.2189885346739415262e-02
1.0498498498498498588e+00,6.2541998173110346926e-02
1.0521521521521519649e+00,6.2895249219870996704e-02
1.0544544544544542930e+00,6.3249639183891315231e-02
1.0567567567567566211e+00,6.3605168758053706735e-02
1.0590590590590589493e+00,6.3961838633856446523e-02
1.0613613613613612774e+00,6.4319649499354619726e-02
1.0636636636636636055e+00,6.4678602040631402725e-02
1.0659659659659659336e+00,6.5038696941052062672e-02
1.0682682682682682618e+00,6.5399934881318746993e-02
1.0705705705705705899e+00,6.5762316540167425893e-02
1.0728728728728726960e+00,6.6125842593028227867e-02
1.0751751751751750241e+00,6.6490513713994933709e-02
1.0774774774774773523e+00,6.6856330573405703399e-02
1.0797797797797796804e+00,6.7223293840628653428e-02
1.0820820820820820085e+00,6.7591404181153932895e-02
1.0843843843843843366e+00,6.7960662259490711712e-02
1.0866866866866866648e+00,6.8331068736526265339e-02
1.0889889889889889929e+00,6.8702624271803930389e-02
1.0912912912912910990e+00,6.9075329521792586118e-02
1.0935935935935934271e+00,6.9449185141036998137e-02
1.0958958958958957552e+00,6.9824191781698213832e-02
1.0981981981981980834e+00,7.0200350093362159920e-02
1.1005005005005004115e+00,7.0577660723921020747e-02
1.1028028028028027396e+00,7.0956124318110838645e-02
1.1051051051051050678e+00,7.1335741519525749932e-02
1.1074074074074073959e+00,7.1716512968227175140e-02
1.1097097097097097240e+00,7.2098439303418818125e-02
1.1120120120120118301e+00,7.2481521160719014629e-02
1.1143143143143141582e+00,7.2865759174815303290e-02
1.1166166166166164864e+00,7.3251153977106409076e-02
1.1189189189189188145e+00,7.3637706197676455755e-02
1.1212212212212211426e+00,7.4025416463867468875e-02
1.1235235235235234708e+00,7.4414285401143129284e-02
1.1258258258258257989e+00,7.4804313632882382668e-02
1.1281281281281281270e+00,7.5195501779978343726e-02
1.1304304304304302331e+00,7.5587850461874536712e-02
1.1327327327327325612e+00,7.5981360295007543959e-02
1.1350350350350348894e+00,7.6376031894849261139e-02
1.1373373373373372175e+00,7.6771865873556222049e-02
1.1396396396396395456e+00,7.7168862842534630131e-02
1.1419419419419418738e+00,7.7567023409885221819e-02
1.1442442442442442019e+00,7.7966348182831976543e-02
1.1465465465465465300e+00,7.8366837765623434398e-02
1.1488488488488488581e+00,7.8768492761228658949e-02
1.1511511511511509642e+00,7.9171313770182397129e-02
1.1534534534534532924e+00,7.9575301391188998923e-02
1.1557557557557556205e+00,7.9980456221140527884e-02
1.1580580580580579486e+00,8.0386778854528787019e-02
1.1603603603603602767e+00,8.0794269884612301968e-02
1.1626626626626626049e+00,8.1202929901783321709e-02
1.1649649649649649330e+00,8.1612759495616304939e-02
1.1672672672672672611e+00,8.2023759252574643397e-02
1.1695695695695693672e+00,8.2435929758447407112e-02
1.1718718718718716953e+00,8.2849271595976298199e-02
1.1741741741741740235e+00,8.3263785347053545505e-02
1.1764764764764763516e+00,8.3679471590876533527e-02
1.1787787787787786797e+00,8.4096330905380892173e-02
1.1810810810810810079e+00,8.4514363866338565456e-02
1.1833833833833833360e+00,8.4933571047729958248e-02
1.1856856856856856641e+00,8.5353953021959999559e-02
1.1879879879879879923e+00,8.5775510359113987802e-02
1.1902902902902900983e+00,8.6198243628229767599e-02
1.1925925925925924265e+00,8.6622153395614659432e-02
1.1948948948948947546e+00,8.7047240226883551562e-02
1.1971971971971970827e+00,8.7473504684736691495e-02
1.1994994994994994109e+00,8.7900947331265813500e-02
1.2018018018018017390e+00,8.8329568725760213010e-02
1.2041041041041040671e+00,8.8759369426689174731e-02
1.2064064064064063952e+00,8.9190349990091399857e-02
1.2087087087087085013e+00,8.9622510970768176630e-02
1.2110110110110108295e+00,9.0055852921611209694e-02
1.2133133133133131576e+00,9.0490376393765670215e-02
1.2156156156156154857e+00,9.0926081937022923407e-02
1.2179179179179178139e+00,9.1362970098937831831e-02
1.2202202202202201420e+00,9.1801041426189000649e-02
1.2225225225225224701e+00,9.2240296462857002124e-02
1.2248248248248247982e+00,9.2680735752439555308e-02
1.2271271271271271264e+00,9.3122359835707047004e-02
1.2294294294294292325e+00,9.3565169252870700189e-02
1.2317317317317315606e+00,9.4009164541567935558e-02
1.2340340340340338887e+00,9.4454346238630901289e-02
1.2363363363363362168e+00,9.4900714878700498378e-02
1.2386386386386385450e+00,9.5348270995190914645e-02
1.2409409409409408731e+00,9.5797015119828701768e-02
1.2432432432432432012e+00,9.6246947782625089096e-02
1.2455455455455455294e+00,9.6698069512421130911e-02
1.2478478478478476354e+00,9.7150380835892155562e-02
1.2501501501501499636e+00,9.7603882278970932607e-02
1.2524524524524522917e+00,9.8058574365114350990e-02
1.2547547547547546198e+00,9.8514457617275466572e-02
1.2570570570570569480e+00,9.8971532555855556978e-02
1.2593593593593592761e+00,9.9429799700726323453e-02
1.2616616616616616042e+00,9.9889259569397662042e-02
1.2639639639639639324e+00,1.0034991267858120456e-01
1.2662662662662662605e+00,1.0081175954301678510e-01
1.2685685685685683666e+00,1.0127480067622873783e-01
1.2708708708708706947e+00,1.0173903659025711199e-01
1.2731731731731730228e+00,1.0220446779546248084e-01
1.2754754754754753510e+00,1.0267109480120475973e-01
1.2777777777777776791e+00,1.0313891811475341120e-01
1.2800800800800800072e+00,1.0360793824275957298e-01
1.2823823823823823354e+00,1.0407815568952193119e-01
1.2846846846846846635e+00,1.0454957095890882179e-01
1.2869869869869867696e+00,1.0502218455240855399e-01
1.2892892892892890977e+00,1.0549599697101040563e-01
1.2915915915915914258e+00,1.0597100871354413198e-01
1.2938938938938937540e+00,1.0644722027805024467e-01
1.2961961961961960821e+00,1.0692463216080358435e-01
1.2984984984984984102e+00,1.0740324485687369194e-01
1.3008008008008007383e+00,1.0788305886003138334e-01
1.3031031031031030665e+00,1.0836407466240030595e-01
1.3054054054054053946e+00,1.0884629275525126157e-01
1.3077077077077075007e+00,1.0932971362783354408e-01
1.3100100100100098288e+00,1.0981433776887616904e-01
1.3123123123123121569e+00,1.1030016566487034491e-01
1.3146146146146144851e+00,1.1078719780192052002e-01
1.3169169169169168132e+00,1.1127543466390898974e-01
1.3192192192192191413e+00,1.1176487673421964253e-01
1.3215215215215214695e+00,1.1225552449425754697e-01
1.3238238238238237976e+00,1.1274737842462588533e-01
1.3261261261261259037e+00,1.1324043900434044296e-01
1.3284284284284282318e+00,1.1373470671121099773e-01
1.3307307307307305599e+00,1.1423018202190578230e-01
1.3330330330330328881e+00,1.1472686541147315842e-01
1.3353353353353352162e+00,1.1522475735423094723e-01
1.3376376376376375443e+00,1.1572385832254226956e-01
1.3399399399399398725e+00,1.1622416878832841913e-01
1.3422422422422422006e+00,1.1672568922138590319e-01
1.3445445445445445287e+00,1.1722842009115692907e-01
1.3468468468468466348e+00,1.1773236186501441491e-01
1.3491491491491489629e+00,1.1823751500983442630e-01
1.3514514514514512911e+00,1.1874387999068626576e-01
1.3537537537537536192e+00,1.1925145727183129873e-01
1.3560560560560559473e+00,1.1976024731611244201e-01
1.3583583583583582755e+00,1.2027025058517253064e-01
1.3606606606606606036e+00,1.2078146753966149951e-01
1.3629629629629629317e+00,1.2129389863864263599e-01
1.3652652652652652598e+00,1.2180754434056420554e-01
1.3675675675675673659e+00,1.2232240510199039740e-01
1.3698698698698696941e+00,1.2283848137911820841e-01
1.3721721721721720222e+00,1.2335577362613270314e-01
1.3744744744744743503e+00,1.2387428229689276260e-01
1.3767767767767766784e+00,1.2439400784333559669e-01
1.3790790790790790066e+00,1.2491495071689741325e-01
1.3813813813813813347e+00,1.2543711136736815370e-01
1.3836836836836836628e+00,1.2596049024371716585e-01
1.3859859859859857689e+00,1.2648508779364639465e-01
1.3882882882882880970e+00,1.2701090446365617681e-01
1.3905905905905904252e+00,1.2753794069937826605e-01
1.3928928928928927533e+00,1.2806619694488236005e-01
1.3951951951951950814e+00,1.2859567364370799725e-01
1.3974974974974974096e+00,1.2912637123757189639e-01
1.3997997997997997377e+00,1.2965829016786128980e-01
1.4021021021021020658e+00,1.3019143087405413151e-01
1.4044044044044043940e+00,1.3072579379529916666e-01
1.4067067067067065000e+00,1.3126137936895668212e-01
1.4090090090090088282e+00,1.3179818803186305054e-01
1.4113113113113111563e+00,1.3233622021935079194e-01
1.4136136136136134844e+00,1.3287547636591026667e-01
1.4159159159159158126e+00,1.3341595690489663206e-01
1.4182182182182181407e+00,1.3395766226846000935e-01
1.4205205205205204688e+00,1.3450059288798982271e-01
1.4228228228228227970e+00,1.3504474919334019667e-01
1.4251251251251249030e+00,1.3559013161390837121e-01
1.4274274274274272312e+00,1.3613674057733360367e-01
1.4297297297297295593e+00,1.3668457651095994310e-01
1.4320320320320318874e+00,1.3723363984032610485e-01
1.4343343343343342156e+00,1.3778393099064076277e-01
1.4366366366366365437e+00,1.3833545038545480566e-01
1.4389389389389388718e+00,1.3888819844777924861e-01
1.4412412412412411999e+00,1.3944217559925792260e-01
1.4435435435435435281e+00,1.3999738226067956481e-01
1.4458458458458456342e+00,1.4055381885182408053e-01
1.4481481481481479623e+00,1.4111148579127166802e-01
1.4504504504504502904e+00,1.4167038349694427435e-01
1.4527527527527526185e+00,1.4223051238526340789e-01
1.4550550550550549467e+00,1.4279187287226366432e-01
1.4573573573573572748e+00,1.4335446537229054598e-01
1.4596596596596596029e+00,1.4391829029942321272e-01
1.4619619619619619311e+00,1.4448334806603840841e-01
1.4642642642642640372e+00,1.4504963908417514706e-01
1.4665665665665663653e+00,1.4561716376433753162e-01
1.4688688688688686934e+00,1.4618592251646506108e-01
1.4711711711711710215e+00,1.4675591574925278548e-01
1.4734734734734733497e+00,1.4732714387051842886e-01
1.4757757757757756778e+00,1.4789960728717488347e-01
1.4780780780780780059e+00,1.4847330640493097698e-01
1.4803803803803803341e+00,1.4904824162891081030e-01
1.4826826826826826622e+00,1.4962441336276138815e-01
1.4849849849849847683e+00,1.5020182200977710840e-01
1.4872872872872870964e+00,1.5078046797162350523e-01
1.4895895895895894245e+00,1.5136035164969624534e-01
1.4918918918918917527e+00,1.5194147344378128306e-01
1.4941941941941940808e+00,1.5252383375329872650e-01
1.4964964964964964089e+00,1.5310743297624301862e-01
1.4987987987987987371e+00,1.5369227151000999787e-01
1.5011011011011010652e+00,1.5427834975085802371e-01
1.5034034034034031713e+00,1.5486566809414489820e-01
1.5057057057057054994e+00,1.5545422693441454665e-01
1.5080080080080078275e+00,1.5604402666500627461e-01
1.5103103103103101557e+00,1.5663506767873897063e-01
1.5126126126126124838e+00,1.5722735036698479161e-01
1.5149149149149148119e+00,1.5782087512079581715e-01
1.5172172172172171400e+00,1.5841564232966012793e-01
1.5195195195195194682e+00,1.5901165238279546532e-01
1.5218218218218217963e+00,1.5960890566790464362e-01
1.5241241241241239024e+00,1.6020740257230284276e-01
1.5264264264264262305e+00,1.6080714348198790753e-01
1.5287287287287285587e+00,1.6140812878233454231e-01
1.5310310310310308868e+00,1.6201035885768422240e-01
1.5333333333333332149e+00,1.6261383409146518142e-01
1.5356356356356355430e+00,1.6321855486638051080e-01
1.5379379379379378712e+00,1.6382452156393756404e-01
1.5402402402402401993e+00,1.6443173456518803133e-01
1.5425425425425423054e+00,1.6504019424977486863e-01
1.5448448448448446335e+00,1.6564990099705484417e-01
1.5471471471471469616e+00,1.6626085518489019943e-01
1.5494494494494492898e+00,1.6687305719087111577e-01
1.5517517517517516179e+00,1.6748650739116613395e-01
1.5540540540540539460e+00,1.6810120616153148565e-01
1.5563563563563562742e+00,1.6871715387650562668e-01
1.5586586586586586023e+00,1.6933435090997359107e-01
1.5609609609609609304e+00,1.6995279763487736169e-01
1.5632632632632630365e+00,1.7057249442322433564e-01
1.5655655655655653646e+00,1.7119344164636371430e-01
1.5678678678678676928e+00,1.7181563967444868357e-01
1.5701701701701700209e+00,1.7243908887721026701e-01
1.5724724724724723490e+00,1.7306378962299931445e-01
1.5747747747747746772e+00,1.7368974227987690750e-01
1.5770770770770770053e+00,1.7431694721446891472e-01
1.5793793793793793334e+00,1.7494540479309764192e-01
1.5816816816816814395e+00,1.7557511538074385693e-01
1.5839839839839837676e+00,1.7620607934193369126e-01
1.5862862862862860958e+00,1.7683829704006007177e-01
1.5885885885885884239e+00,1.7747176883782461720e-01
1.5908908908908907520e+00,1.7810649509706050209e-01
1.5931931931931930801e+00,1.7874247617864613691e-01
1.5954954954954954083e+00,1.7937971244285536021e-01
1.5977977977977977364e+00,1.8001820424877176818e-01
1.6001001001001000645e+00,1.8065795195508402293e-01
1.6024024024024021706e+00,1.8129895591913597341e-01
1.6047047047047044988e+00,1.8194121649798067342e-01
1.6070070070070068269e+00,1.8258473404730027334e-01
1.6093093093093091550e+00,1.8322950892244874166e-01
1.6116116116116114831e+00,1.8387554147752130373e-01
1.6139139139139138113e+00,1.8452283206612588029e-01
1.6162162162162161394e+00,1.8517138104082195293e-01
1.6185185185185184675e+00,1.8582118875345218778e-01
1.6208208208208207957e+00,1.8647225555506505290e-01
1.6231231231231229017e+00,1.8712458179574562034e-01
1.6254254254254252299e+00,1.8777816782503012338e-01
1.6277277277277275580e+00,1.8843301399128001283e-01
1.6300300300300298861e+00,1.8908912064249316920e-01
1.6323323323323322143e+00,1.8974648812536618059e-01
1.6346346346346345424e+00,1.9040511678631066861e-01
1.6369369369369368705e+00,1.9106500697043674042e-01
1.6392392392392391987e+00,1.9172615902251247122e-01
1.6415415415415413047e+00,1.9238857328613054309e-01
1.6438438438438436329e+00,1.9305225010437201960e-01
1.6461461461461459610e+00,1.9371718981935037718e-01
1.6484484484484482891e+00,1.9438339277243937842e-01
1.6507507507507506173e+00,1.9505085930428345264e-01
1.6530530530530529454e+00,1.9571958975455414076e-01
1.6553553553553552735e+00,1.9638958446241328026e-01
1.6576576576576576016e+00,1.9706084376585936146e-01
1.6599599599599599298e+00,1.9773336800253477064e-01
1.6622622622622620359e+00,1.9840715750881707247e-01
1.6645645645645643640e+00,1.9908221262077369085e-01
1.6668668668668666921e+00,1.9975853367322729537e-01
1.6691691691691690203e+00,2.0043612100061128367e-01
1.6714714714714713484e+00,2.0111497493624802546e-01
1.6737737737737736765e+00,2.0179509581289953313e-01
1.6760760760760760046e+00,2.0247648396241868518e-01
1.6783783783783783328e+00,2.0315913971588375753e-01
1.6806806806806804389e+00,2.0384306340368602006e-01
1.6829829829829827670e+00,2.0452825535523064260e-01
1.6852852852852850951e+00,2.0521471589943326985e-01
1.6875875875875874232e+00,2.0590244536405846731e-01
1.6898898898898897514e+00,2.0659144407651081066e-01
1.6921921921921920795e+00,2.0728171236296905056e-01
1.6944944944944944076e+00,2.0797325054927498500e-01
1.6967967967967967358e+00,2.0866605896008480481e-01
1.6990990990990990639e+00,2.0936013791962793107e-01
1.7014014014014011700e+00,2.1005548775108759396e-01
1.7037037037037034981e+00,2.1075210877705255474e-01
1.7060060060060058262e+00,2.1145000131926139364e-01
1.7083083083083081544e+00,2.1214916569865638341e-01
1.7106106106106104825e+00,2.1284960223553794911e-01
1.7129129129129128106e+00,2.1355131124921850061e-01
1.7152152152152151388e+00,2.1425429305854637452e-01
1.7175175175175174669e+00,2.1495854798124111595e-01
1.7198198198198195730e+00,2.1566407633466594396e-01
1.7221221221221219011e+00,2.1637087843500446560e-01
1.7244244244244242292e+00,2.1707895459808795868e-01
1.7267267267267265574e+00,2.1778830513862554308e-01
1.7290290290290288855e+00,2.1849893037087597669e-01
1.7313313313313312136e+00,2.1921083060812063259e-01
1.7336336336336335417e+00,2.1992400616302590355e-01
1.7359359359359358699e+00,2.2063845734747186689e-01
1.7382382382382381980e+00,2.2135418447253449314e-01
1.7405405405405403041e+00,2.2207118784869842032e-01
1.7428428428428426322e+00,2.2278946778546873664e-01
1.7451451451451449604e+00,2.2350902459191446248e-01
1.7474474474474472885e+00,2.2422985857600252757e-01
1.7497497497497496166e+00,2.2495197004534306373e-01
1.7520520520520519447e+00,2.2567535930641255404e-01
1.7543543543543542729e+00,2.2640002666530950615e-01
1.7566566566566566010e+00,2.2712597242706719647e-01
1.7589589589589587071e+00,2.2785319689622970940e-01
1.7612612612612610352e+00,2.2858170037641808992e-01
1.7635635635635633633e+00,2.2931148317060007225e-01
1.7658658658658656915e+00,2.3004254558099546113e-01
1.7681681681681680196e+00,2.3077488790899311488e-01
1.7704704704704703477e+00,2.3150851045540507545e-01
1.7727727727727726759e+00,2.3224341352005711814e-01
1.7750750750750750040e+00,2.3297959740232934700e-01
1.7773773773773773321e+00,2.3371706240051806636e-01
1.7796796796796794382e+00,2.3445580881253216821e-01
1.7819819819819817663e+00,2.3519583693518575362e-01
1.7842842842842840945e+00,2.3593714706487090016e-01
1.7865865865865864226e+00,2.3667973949696269331e-01
1.7888888888888887507e+00,2.3742361452630325602e-01
1.7911911911911910789e+00,2.3816877244685638604e-01
1.7934934934934934070e+00,2.3891521355189956899e-01
1.7957957957957957351e+00,2.3966293813399552892e-01
1.7980980980980978412e+00,2.4041194648486044483e-01
1.8004004004004001693e+00,2.4116223889564986083e-01
1.8027027027027024975e+00,2.4191381565653891084e-01
1.8050050050050048256e+00,2.4266667705725411541e-01
1.8073073073073071537e+00,2.4342082338646545137e-01
1.8096096096096094819e+00,2.4417625493243616530e-01
1.8119119119119118100e+00,2.4493297198237828916e-01
1.8142142142142141381e+00,2.4569097482305329860e-01
1.8165165165165164662e+00,2.4645026374025646998e-01
1.8188188188188185723e+00,2.4721083901922324966e-01
1.8211211211211209005e+00,2.4797270094435844290e-01
1.8234234234234232286e+00,2.4873584979936375072e-01
1.8257257257257255567e+00,2.4950028586726405444e-01
1.8280280280280278848e+00,2.5026600943023646906e-01
1.8303303303303302130e+00,2.5103302076992151104e-01
1.8326326326326325411e+00,2.5180132016699646735e-01
1.8349349349349348692e+00,2.5257090790169917094e-01
1.8372372372372369753e+00,2.5334178425324638262e-01
1.8395395395395393034e+00,2.5411394950044330354e-01
1.8418418418418416316e+00,2.5488740392109443533e-01
1.8441441441441439597e+00,2.5566214779254209377e-01
1.8464464464464462878e+00,2.5643818139121943300e-01
1.8487487487487486160e+00,2.5721550499298723169e-01
1.8510510510510509441e+00,2.5799411887292950096e-01
1.8533533533533532722e+00,2.5877402330541687814e-01
1.8556556556556556004e+00,2.5955521856418128923e-01
1.8579579579579577064e+00,2.6033770492210656089e-01
1.8602602602602600346e+00,2.6112148265155604721e-01
1.8625625625625623627e+00,2.6190655202394325096e-01
1.8648648648648646908e+00,2.6269291331023403302e-01
1.8671671671671670190e+00,2.6348056678040149281e-01
1.8694694694694693471e+00,2.6426951270397514016e-01
1.8717717717717716752e+00,2.6505975134952169947e-01
1.8740740740740740033e+00,2.6585128298509991263e-01
1.8763763763763761094e+00,2.6664410787789388779e-01
1.8786786786786784376e+00,2.6743822629447105976e-01
1.8809809809809807657e+00,2.6823363850064341207e-01
1.8832832832832830938e+00,2.6903034476148102172e-01
1.8855855855855854220e+00,2.6982834534142141614e-01
1.8878878878878877501e+00,2.7062764050404408689e-01
1.8901901901901900782e+00,2.7142823051239761689e-01
1.8924924924924924063e+00,2.7223011562859095180e-01
1.8947947947947947345e+00,2.7303329611425852796e-01
1.8970970970970968406e+00,2.7383777223006922075e-01
1.8993993993993991687e+00,2.7464354423621140100e-01
1.9017017017017014968e+00,2.7545061239194640335e-01
1.9040040040040038249e+00,2.7625897695598977677e-01
1.9063063063063061531e+00,2.7706863818621763063e-01
1.9086086086086084812e+00,2.7787959633985992447e-01
1.9109109109109108093e+00,2.7869185167341758991e-01
1.9132132132132131375e+00,2.7950540444263477502e-01
1.9155155155155152435e+00,2.8032025490263617895e-01
1.9178178178178175717e+00,2.8113640330769251729e-01
1.9201201201201198998e+00,2.8195384991154076593e-01
1.9224224224224222279e+00,2.8277259496699996832e-01
1.9247247247247245561e+00,2.8359263872639967063e-01
1.9270270270270268842e+00,2.8441398144113960722e-01
1.9293293293293292123e+00,2.8523662336211658141e-01
1.9316316316316315405e+00,2.8606056473934243778e-01
1.9339339339339338686e+00,2.8688580582226330673e-01
1.9362362362362359747e+00,2.8771234685952534749e-01
1.9385385385385383028e+00,2.8854018809911791132e-01
1.9408408408408406309e+00,2.8936932978833340702e-01
1.9431431431431429591e+00,2.9019977217370968026e-01
1.9454454454454452872e+00,2.9103151550118749880e-01
1.9477477477477476153e+00,2.9186456001586918996e-01
1.9500500500500499435e+00,2.9269890596233683056e-01
1.9523523523523522716e+00,2.9353455358428398592e-01
1.9546546546546545997e+00,2.9437150312491849879e-01
1.9569569569569567058e+00,2.9520975482655936739e-01
1.9592592592592590339e+00,2.9604930893102271439e-01
1.9615615615615613621e+00,2.9689016567928627754e-01
1.9638638638638636902e+00,2.9773232531175891635e-01
1.9661661661661660183e+00,2.9857578806809376148e-01
1.9684684684684683464e+00,2.9942055418728219518e-01
1.9707707707707706746e+00,3.0026662390765057609e-01
1.9730730730730730027e+00,3.0111399746677081080e-01
1.9753753753753751088e+00,3.0196267510163066206e-01
1.9776776776776774369e+00,3.0281265704838999930e-01
1.9799799799799797650e+00,3.0366394354267950417e-01
1.9822822822822820932e+00,3.0451653481926205247e-01
1.9845845845845844213e+00,3.0537043111238593163e-01
1.9868868868868867494e+00,3.0622563265543800703e-01
1.9891891891891890776e+00,3.0708213968125835924e-01
1.9914914914914914057e+00,3.0793995242187394146e-01
1.9937937937937937338e+00,3.0879907110870030706e-01
1.9960960960960958399e+00,3.0965949597241143598e-01
1.9983983983983981680e+00,3.1052122724299185963e-01
2.0007007007007007182e+00,3.1138426514976175197e-01
2.0030030030030028243e+00,3.1224860992127589920e-01
2.0053053053053049304e+00,3.1311426178549278676e-01
2.0076076076076074806e+00,3.1398122096954828031e-01
2.0099099099099095866e+00,3.1484948770002341156e-01
2.0122122122122121368e+00,3.1571906220265200105e-01
2.0145145145145142429e+00,3.1658994470261925258e-01
2.0168168168168167931e+00,3.1746213542427653698e-01
2.0191191191191188992e+00,3.1833563459139552210e-01
2.0214214214214214493e+00,3.1921044242696061666e-01
2.0237237237237235554e+00,3.2008655915332023811e-01
2.0260260260260256615e+00,3.2096398499209999322e-01
2.0283283283283282117e+00,3.2184272016422432738e-01
2.0306306306306303178e+00,3.2272276488996082255e-01
2.0329329329329328679e+00,3.2360411938881605831e-01
2.0352352352352349740e+00,3.2448678387969570602e-01
2.0375375375375375242e+00,3.2537075858070096945e-01
2.0398398398398396303e+00,3.2625604370936645005e-01
2.0421421421421421805e+00,3.2714263948240690505e-01
2.0444444444444442865e+00,3.2803054611597259882e-01
2.0467467467467463926e+00,3.2891976382541282531e-01
2.0490490490490489428e+00,3.2981029282548396386e-01
2.0513513513513510489e+00,3.3070213333018544377e-01
2.0536536536536535991e+00,3.3159528555287631768e-01
2.0559559559559557052e+00,3.3248974970621747449e-01
2.0582582582582582553e+00,3.3338552600217441491e-01
2.0605605605605603614e+00,3.3428261465207481651e-01
2.0628628628628629116e+00,3.3518101586650095314e-01
2.0651651651651650177e+00,3.3608072985544734657e-01
2.0674674674674671238e+00,3.3698175682812986365e-01
2.0697697697697696739e+00,3.3788409699320615109e-01
2.0720720720720717800e+00,3.3878775055854765119e-01
2.0743743743743743302e+00,3.3969271773146775262e-01
2.0766766766766764363e+00,3.4059899871851695430e-01
2.0789789789789789864e+00,3.4150659372566166683e-01
2.0812812812812810925e+00,3.4241550295815131877e-01
2.0835835835835831986e+00,3.4332572662060545365e-01
2.0858858858858857488e+00,3.4423726491698214414e-01
2.0881881881881878549e+00,3.4515011805055412220e-01
2.0904904904904904051e+00,3.4606428622397999995e-01
2.0927927927927925111e+00,3.4697976963918752968e-01
2.0950950950950950613e+00,3.4789656849752270684e-01
2.0973973973973971674e+00,3.4881468299957330004e-01
2.0996996996996997176e+00,3.4973411334535770001e-01
2.1020020020020018237e+00,3.5065485973413235143e-01
2.1043043043043039297e+00,3.5157692236457055435e-01
2.1066066066066064799e+00,3.5250030143460625576e-01
2.1089089089089085860e+00,3.5342499714155550805e-01
2.1112112112112111362e+00,3.5435100968203120386e-01
2.1135135135135132423e+00,3.5527833925198770704e-01
2.1158158158158157924e+00,3.5620698604671469090e-01
2.1181181181181178985e+00,3.5713695026080383155e-01
2.1204204204204204487e+00,3.5806823208821586535e-01
2.1227227227227225548e+00,3.5900083172218361094e-01
2.1250250250250246609e+00,3.5993474935533065207e-01
2.1273273273273272110e+00,3.6086998517953811083e-01
2.1296296296296293171e+00,3.6180653938608242637e-01
2.1319319319319318673e+00,3.6274441216550112888e-01
2.1342342342342339734e+00,3.6368360370771463108e-01
2.1365365365365365236e+00,3.6462411420192403222e-01
2.1388388388388386296e+00,3.6556594383668916670e-01
2.1411411411411411798e+00,3.6650909279987781142e-01
2.1434434434434432859e+00,3.6745356127868861185e-01
2.1457457457457453920e+00,3.6839934945965713275e-01
2.1480480480480479422e+00,3.6934645752862421686e-01
2.1503503503503500482e+00,3.7029488567079127392e-01
2.1526526526526525984e+00,3.7124463407064728360e-01
2.1549549549549547045e+00,3.7219570291205750223e-01
2.1572572572572572547e+00,3.7314809237816737308e-01
2.1595595595595593608e+00,3.7410180265150222434e-01
2.1618618618618614668e+00,3.7505683391387373282e-01
2.1641641641641640170e+00,3.7601318634646574424e-01
2.1664664664664661231e+00,3.7697086012976416258e-01
2.1687687687687686733e+00,3.7792985544361173966e-01
2.1710710710710707794e+00,3.7889017246717571208e-01
2.1733733733733733295e+00,3.7985181137896206760e-01
2.1756756756756754356e+00,3.8081477235682426041e-01
2.1779779779779779858e+00,3.8177905557793806457e-01
2.1802802802802800919e+00,3.8274466121884737069e-01
2.1825825825825821980e+00,3.8371158945540695395e-01
2.1848848848848847481e+00,3.8467984046285375044e-01
2.1871871871871868542e+00,3.8564941441573324932e-01
2.1894894894894894044e+00,3.8662031148797787461e-01
2.1917917917917915105e+00,3.8759253185283670806e-01
2.1940940940940940607e+00,3.8856607568294143640e-01
2.1963963963963961668e+00,3.8954094315025644679e-01
2.1986986986986987169e+00,3.9051713442611890592e-01
2.2010010010010008230e+00,3.9149464968121988617e-01
2.2033033033033029291e+00,3.9247348908561069392e-01
2.2056056056056054793e+00,3.9345365280871941183e-01
2.2079079079079075854e+00,3.9443514101932292126e-01
2.2102102102102101355e+00,3.9541795388559325408e-01
2.2125125125125122416e+00,3.9640209157504607829e-01
2.2148148148148147918e+00,3.9738755425460464688e-01
2.2171171171171168979e+00,3.9837434209053096401e-01
2.2194194194194194480e+00,3.9936245524846553101e-01
2.2217217217217215541e+00,4.0035189389339781441e-01
2.2240240240240236602e+00,4.0134265818975667361e-01
2.2263263263263262104e+00,4.0233474830134774436e-01
2.2286286286286283165e+00,4.0332816439115914964e-01
2.2309309309309308667e+00,4.0432290662140868420e-01
2.2332332332332329727e+00,4.0531897515421760891e-01
2.2355355355355355229e+00,4.0631637015176813588e-01
2.2378378378378376290e+00,4.0731509177415425871e-01
2.2401401401401397351e+00,4.0831514017781928017e-01
2.2424424424424422853e+00,4.0931651552182779508e-01
2.2447447447447443913e+00,4.1031921797667164631e-01
2.2470470470470469415e+00,4.1132324770671396807e-01
2.2493493493493490476e+00,4.1232860483127831142e-01
2.2516516516516515978e+00,4.1333528946934355863e-01
2.2539539539539537039e+00,4.1434330189028334424e-01
2.2562562562562562540e+00,4.1535264242174402272e-01
2.2585585585585583601e+00,4.1636331091442846386e-01
2.2608608608608604662e+00,4.1737530682758339218e-01
2.2631631631631630164e+00,4.1838863099877893204e-01
2.2654654654654651225e+00,4.1940328617760713747e-01
2.2677677677677676726e+00,4.2041927154262936916e-01
2.2700700700700697787e+00,4.2143657807319800934e-01
2.2723723723723723289e+00,4.2245520453620638568e-01
2.2746746746746744350e+00,4.2347518199232442315e-01
2.2769769769769769852e+00,4.2449652965507728153e-01
2.2792792792792790912e+00,4.2551914958738468187e-01
2.2815815815815811973e+00,4.2654293626264472294e-01
2.2838838838838837475e+00,4.2756817740943020567e-01
2.2861861861861858536e+00,4.2859534226332485218e-01
2.2884884884884884038e+00,4.2962367721190924952e-01
2.2907907907907905098e+00,4.3065131921572707974e-01
2.2930930930930930600e+00,4.3167988505250276532e-01
2.2953953953953951661e+00,4.3271626038496757705e-01
2.2976976976976977163e+00,4.3375853935487768132e-01
2.2999999999999998224e+00,4.3478260869565199531e-01
