0.0000000000000000000e+00,-8.2105004553676780299e-02
2.3023023023023021089e-03,-1.9298033701410962956e-10
4.6046046046046042177e-03,2.8407918735487466806e-12
6.9069069069069063266e-03,9.8696690081194350523e-11
9.2092092092092084354e-03,2.6796858152496255801e-10
1.1511511511511510544e-02,6.1109643659417549135e-10
1.3813813813813812653e-02,1.2461295224403811745e-09
1.6116116116116116497e-02,2.2759227026042707982e-09
1.8418418418418416871e-02,3.8466765593263910273e-09
2.0720720720720717245e-02,6.1277248910688485406e-09
2.3023023023023021089e-02,9.2967651912169218739e-09
2.5325325325325324932e-02,1.3574806151529209832e-08
2.7627627627627625306e-02,1.9170380132660583933e-08
2.9929929929929925680e-02,2.6354522188351133046e-08
3.2232232232232232993e-02,3.5372699979040717803e-08
3.4534534534534533368e-02,4.6538790164752523835e-08
3.6836836836836833742e-02,6.0141033455728788799e-08
3.9139139139139134116e-02,7.6529164783811118694e-08
4.1441441441441434490e-02,9.6039267944624979512e-08
4.3743743743743741803e-02,1.1905200221417886529e-07
4.6046046046046042177e-02,1.4595390572839911146e-07
4.8348348348348342551e-02,1.7715407953269382718e-07
5.0650650650650649864e-02,2.1308974223556732855e-07
5.2952952952952950239e-02,2.5419838633073588082e-07
5.5255255255255250613e-02,3.0096573370303115966e-07
5.7557557557557550987e-02,3.5386000378950525327e-07
5.9859859859859851361e-02,4.1341092725547034658e-07
6.2162162162162158674e-02,4.8012207498993025749e-07
6.4464464464464465987e-02,5.5456087965287046633e-07
6.6766766766766766361e-02,6.3727183312602867583e-07
6.9069069069069066735e-02,7.2885393277618138191e-07
7.1371371371371367109e-02,8.2989673557079983443e-07
7.3673673673673667484e-02,9.4102678736689872144e-07
7.5975975975975967858e-02,1.0628806565165297403e-06
7.8278278278278268232e-02,1.1961106890418578200e-06
8.0580580580580568606e-02,1.3414001720059806576e-06
8.2882882882882868980e-02,1.4994277374378649177e-06
8.5185185185185183232e-02,1.6709209097574415294e-06
8.7487487487487483606e-02,1.8565872871205468530e-06
8.9789789789789783980e-02,2.0571940101013754983e-06
9.2092092092092084354e-02,2.2734824026278668031e-06
9.4394394394394384729e-02,2.5062531318384291716e-06
9.6696696696696685103e-02,2.7562864101137088995e-06
9.8998998998998985477e-02,3.0244109764026491898e-06
1.0130130130130129973e-01,3.3114495033231467420e-06
1.0360360360360360010e-01,3.6182554613764454243e-06
1.0590590590590590048e-01,3.9456954311199638177e-06
1.0820820820820820085e-01,4.2946464161879584719e-06
1.1051051051051050123e-01,4.6660182448834769547e-06
1.1281281281281280160e-01,5.0607123669221671628e-06
1.1511511511511510197e-01,5.4796791238606218952e-06
1.1741741741741740235e-01,5.9238473901664683360e-06
1.1971971971971970272e-01,6.3942033139496240590e-06
1.2202202202202201697e-01,6.8917080234377385841e-06
1.2432432432432431735e-01,7.4173776190866952404e-06
1.2662662662662660384e-01,7.9722102507314207879e-06
1.2892892892892893197e-01,8.5572471447009899767e-06
1.3123123123123123235e-01,9.1735265390799693874e-06
1.3353353353353353272e-01,9.8221120181434506664e-06
1.3583583583583583310e-01,1.0504082939478105195e-05
1.3813813813813813347e-01,1.1220524515704967381e-05
1.4044044044044043384e-01,1.1972556246094290266e-05
1.4274274274274273422e-01,1.2761286245611232613e-05
1.4504504504504503459e-01,1.3587871209157206795e-05
1.4734734734734733497e-01,1.4453445393111606960e-05
1.4964964964964963534e-01,1.5359197919343152547e-05
1.5195195195195193572e-01,1.6306294013056379613e-05
1.5425425425425423609e-01,1.7295949648773405844e-05
1.5655655655655653646e-01,1.8329365382955892987e-05
1.5885885885885883684e-01,1.9407779799929075727e-05
1.6116116116116113721e-01,2.0532431396534850577e-05
1.6346346346346343759e-01,2.1704579104695309979e-05
1.6576576576576573796e-01,2.2925500018081723425e-05
1.6806806806806806609e-01,2.4196473097820044408e-05
1.7037037037037036646e-01,2.5518812775160971637e-05
1.7267267267267266684e-01,2.6893819634978274538e-05
1.7497497497497496721e-01,2.8322842304008284241e-05
1.7727727727727726759e-01,2.9807206459369075619e-05
1.7957957957957956796e-01,3.1348290124543671013e-05
1.8188188188188186833e-01,3.2947448811807855966e-05
1.8418418418418416871e-01,3.4606084696457950186e-05
1.8648648648648646908e-01,3.6325587083612466454e-05
1.8878878878878876946e-01,3.8107378594076437585e-05
1.9109109109109106983e-01,3.9952884511767899087e-05
1.9339339339339337021e-01,4.1863546091684535955e-05
1.9569569569569567058e-01,4.3840824912796938755e-05
1.9799799799799797095e-01,4.5886180916996872415e-05
2.0030030030030027133e-01,4.8001110458901408075e-05
2.0260260260260259946e-01,5.0187094046596064645e-05
2.0490490490490489983e-01,5.2445659491013364186e-05
2.0720720720720720021e-01,5.4778311533488272705e-05
2.0950950950950950058e-01,5.7186604642378636759e-05
2.1181181181181180095e-01,5.9672072376720814585e-05
2.1411411411411410133e-01,6.2236290992746397233e-05
2.1641641641641640170e-01,6.4880826421890951377e-05
2.1871871871871870208e-01,6.7607273489150832534e-05
2.2102102102102100245e-01,7.0417232295534492779e-05
2.2332332332332330282e-01,7.3312314833557179288e-05
2.2562562562562560320e-01,7.6294155375444889697e-05
2.2792792792792790357e-01,7.9364383466947019505e-05
2.3023023023023020395e-01,8.2524665791226293771e-05
2.3253253253253250432e-01,8.5776651584656334070e-05
2.3483483483483480470e-01,8.9122036463562439700e-05
2.3713713713713710507e-01,9.2562493182411453266e-05
2.3943943943943940544e-01,9.6099741525614433189e-05
2.4174174174174173357e-01,9.9735482133277495028e-05
2.4404404404404403395e-01,1.0347145449295086896e-04
2.4634634634634633432e-01,1.0730939029067377460e-04
2.4864864864864863470e-01,1.1125104594443878750e-04
2.5095095095095093507e-01,1.1529818562099416763e-04
2.5325325325325320769e-01,1.1945258164125773458e-04
2.5555555555555553582e-01,1.2371603036256424843e-04
2.5785785785785786395e-01,1.2809032069802374853e-04
2.6016016016016013657e-01,1.3257727921061346625e-04
2.6246246246246246470e-01,1.3717871377960465630e-04
2.6476476476476473731e-01,1.4189647755534650253e-04
2.6706706706706706544e-01,1.4673240132415316713e-04
2.6936936936936933806e-01,1.5168836013682672069e-04
2.7167167167167166619e-01,1.5676621179203160841e-04
2.7397397397397393881e-01,1.6196784919437202358e-04
2.7627627627627626694e-01,1.6729515993290890652e-04
2.7857857857857853956e-01,1.7275005240340542459e-04
2.8088088088088086769e-01,1.7833444508141499201e-04
2.8318318318318314031e-01,1.8405026117108513970e-04
2.8548548548548546844e-01,1.8989944947151731641e-04
2.8778778778778774106e-01,1.9588394896321030710e-04
2.9009009009009006919e-01,2.0200573657481522122e-04
2.9239239239239234180e-01,2.0826676965294814588e-04
2.9469469469469466993e-01,2.1466904951997675655e-04
2.9699699699699699806e-01,2.2121455588588331766e-04
2.9929929929929927068e-01,2.2790530990714910425e-04
3.0160160160160159881e-01,2.3474331747237026351e-04
3.0390390390390387143e-01,2.4173061594317586274e-04
3.0620620620620619956e-01,2.4886923979568437246e-04
3.0850850850850847218e-01,2.5616124061238426755e-04
3.1081081081081080031e-01,2.6360868223830185046e-04
3.1311311311311307293e-01,2.7121363011159210169e-04
3.1541541541541540106e-01,2.7897817662793079852e-04
3.1771771771771767368e-01,2.8690440230755249540e-04
3.2002002002002000181e-01,2.9499442570490359448e-04
3.2232232232232227442e-01,3.0325034521165144521e-04
3.2462462462462460255e-01,3.1167430171518398967e-04
3.2692692692692687517e-01,3.2026841546993066630e-04
3.2922922922922920330e-01,3.2903484531514890030e-04
3.3153153153153147592e-01,3.3797573687216968903e-04
3.3383383383383380405e-01,3.4709326370998546752e-04
3.3613613613613613218e-01,3.5638959887624669515e-04
3.3843843843843840480e-01,3.6586692903711195372e-04
3.4074074074074073293e-01,3.7552745515323309421e-04
3.4304304304304300555e-01,3.8537337691739339922e-04
3.4534534534534533368e-01,3.9540692214530678492e-04
3.4764764764764760629e-01,4.0563030502086916233e-04
3.4994994994994993442e-01,4.1604577763851015000e-04
3.5225225225225220704e-01,4.2665557164711323144e-04
3.5455455455455453517e-01,4.3746195953153207492e-04
3.5685685685685680779e-01,4.4846719432290615579e-04
3.5915915915915913592e-01,4.5967356475187288621e-04
3.6146146146146140854e-01,4.7108334841855584998e-04
3.6376376376376373667e-01,4.8269884745959440800e-04
3.6606606606606600929e-01,4.9452236577309828525e-04
3.6836836836836833742e-01,5.0655621759645021000e-04
3.7067067067067066555e-01,5.1880273333583483072e-04
3.7297297297297293817e-01,5.3126423953368687256e-04
3.7527527527527526630e-01,5.4394309182171751271e-04
3.7757757757757753891e-01,5.5684163073545765461e-04
3.7987987987987986704e-01,5.6996223438706512462e-04
3.8218218218218213966e-01,5.8330726043936086383e-04
3.8448448448448446779e-01,5.9687910556869086271e-04
3.8678678678678674041e-01,6.1068014834738206832e-04
3.8908908908908906854e-01,6.2471280015060357601e-04
3.9139139139139134116e-01,6.3897946332913332923e-04
3.9369369369369366929e-01,6.5348256147572045260e-04
3.9599599599599594191e-01,6.6822452213861004925e-04
3.9829829829829827004e-01,6.8320778013053365223e-04
4.0060060060060054266e-01,6.9843478814752754918e-04
4.0290290290290287079e-01,7.1390799268284115420e-04
4.0520520520520519892e-01,7.2962987008933725269e-04
4.0750750750750747153e-01,7.4560288043556282884e-04
4.0980980980980979966e-01,7.6182952083257953878e-04
4.1211211211211207228e-01,7.7831226818882745348e-04
4.1441441441441440041e-01,7.9505363646689090201e-04
4.1671671671671667303e-01,8.1205612301505649374e-04
4.1901901901901900116e-01,8.2932225509410617027e-04
4.2132132132132127378e-01,8.4685455304626001266e-04
4.2362362362362360191e-01,8.6465555528610646505e-04
4.2592592592592587453e-01,8.8272780627737248375e-04
4.2822822822822820266e-01,9.0107385487743919383e-04
4.3053053053053047527e-01,9.1969626937948140664e-04
4.3283283283283280340e-01,9.3859760978452484812e-04
4.3513513513513507602e-01,9.5778046652649742772e-04
4.3743743743743740415e-01,9.7724741283763722106e-04
4.3973973973973967677e-01,9.9700105826360028820e-04
4.4204204204204200490e-01,1.0170439926215078027e-03
4.4434434434434433303e-01,1.0373788407145321036e-03
4.4664664664664660565e-01,1.0580082123298308397e-03
4.4894894894894893378e-01,1.0789347443014162160e-03
4.5125125125125120640e-01,1.1001610686329210687e-03
4.5355355355355353453e-01,1.1216898323601841823e-03
4.5585585585585580715e-01,1.1435236905570171900e-03
4.5815815815815813528e-01,1.1656653000206905566e-03
4.6046046046046040789e-01,1.1881173383743095107e-03
4.6276276276276273602e-01,1.2108824731024781310e-03
4.6506506506506500864e-01,1.2339634025037909612e-03
4.6736736736736733677e-01,1.2573628070194182386e-03
4.6966966966966960939e-01,1.2810834024863933071e-03
4.7197197197197193752e-01,1.3051278856969906854e-03
4.7427427427427421014e-01,1.3294989862724275811e-03
4.7657657657657653827e-01,1.3541994205020059863e-03
4.7887887887887881089e-01,1.3792319288939119525e-03
4.8118118118118113902e-01,1.4045992491834085811e-03
4.8348348348348346715e-01,1.4303041312342906592e-03
4.8578578578578573977e-01,1.4563493348238858594e-03
4.8808808808808806790e-01,1.4827376189854584061e-03
4.9039039039039034051e-01,1.5094717648025640210e-03
4.9269269269269266864e-01,1.5365545416146924197e-03
4.9499499499499494126e-01,1.5639887497661099716e-03
4.9729729729729726939e-01,1.5917771713419097933e-03
4.9959959959959954201e-01,1.6199226227253285364e-03
5.0190190190190187014e-01,1.6484279021285268806e-03
5.0420420420420419827e-01,1.6772958383685576070e-03
5.0650650650650641538e-01,1.7065292486773660577e-03
5.0880880880880874351e-01,1.7361309717300891977e-03
5.1111111111111107164e-01,1.7661038454436389124e-03
5.1341341341341339977e-01,1.7964507171007229862e-03
5.1571571571571572790e-01,1.8271744456566456870e-03
5.1801801801801794500e-01,1.8582778870542947941e-03
5.2032032032032027313e-01,1.8897639203500483755e-03
5.2262262262262260126e-01,1.9216354114835899197e-03
5.2492492492492492939e-01,1.9538952574048042664e-03
5.2722722722722714650e-01,1.9865463366470566438e-03
5.2952952952952947463e-01,2.0195915607747862500e-03
5.3183183183183180276e-01,2.0530338242261431808e-03
5.3413413413413413089e-01,2.0868760497737386117e-03
5.3643643643643634800e-01,2.1211211503932357429e-03
5.3873873873873867613e-01,2.1557720577948802365e-03
5.4104104104104100426e-01,2.1908317048895107650e-03
5.4334334334334333239e-01,2.2263030313382729114e-03
5.4564564564564554949e-01,2.2621889901122418064e-03
5.4794794794794787762e-01,2.2984925291028141491e-03
5.5025025025025020575e-01,2.3352166202134029722e-03
5.5255255255255253388e-01,2.3723642210896470940e-03
5.5485485485485486201e-01,2.4099383202122424963e-03
5.5715715715715707912e-01,2.4479418877155620024e-03
5.5945945945945940725e-01,2.4863779253518729362e-03
5.6176176176176173538e-01,2.5252494189365736095e-03
5.6406406406406406351e-01,2.5645593803230054032e-03
5.6636636636636628062e-01,2.6043108133808460548e-03
5.6866866866866860875e-01,2.6445067380811960144e-03
5.7097097097097093688e-01,2.6851501774917637712e-03
5.7327327327327326500e-01,2.7262441589659229535e-03
5.7557557557557548211e-01,2.7677917246791382266e-03
5.7787787787787781024e-01,2.8097959098588444309e-03
5.8018018018018013837e-01,2.8522597744812723010e-03
5.8248248248248246650e-01,2.8951863633496447564e-03
5.8478478478478468361e-01,2.9385787517530407437e-03
5.8708708708708701174e-01,2.9824399969134462486e-03
5.8938938938938933987e-01,3.0267731861359239119e-03
5.9169169169169166800e-01,3.0715813920987387713e-03
5.9399399399399399613e-01,3.1168677112118786145e-03
5.9629629629629621324e-01,3.1626352337242183768e-03
5.9859859859859854136e-01,3.2088870634399274673e-03
6.0090090090090086949e-01,3.2556263090843351286e-03
6.0320320320320319762e-01,3.3028560813567510446e-03
6.0550550550550541473e-01,3.3505795071640804943e-03
6.0780780780780774286e-01,3.3987997047944325420e-03
6.1011011011011007099e-01,3.4475198178604837818e-03
6.1241241241241239912e-01,3.4967429741079112532e-03
6.1471471471471461623e-01,3.5464723312524930494e-03
6.1701701701701694436e-01,3.5967110294130495186e-03
6.1931931931931927249e-01,3.6474622371575325143e-03
6.2162162162162160062e-01,3.6987291098340736861e-03
6.2392392392392381772e-01,3.7505148242227247246e-03
6.2622622622622614585e-01,3.8028225527614849949e-03
6.2852852852852847398e-01,3.8556554789912151140e-03
6.3083083083083080211e-01,3.9090167931194758771e-03
6.3313313313313313024e-01,3.9629096851731592313e-03
6.3543543543543534735e-01,4.0173373626429323413e-03
6.3773773773773767548e-01,4.0723030229259061727e-03
6.4004004004004000361e-01,4.1278098891598252740e-03
6.4234234234234233174e-01,4.1838611681394499361e-03
6.4464464464464454885e-01,4.2404600959508650243e-03
6.4694694694694687698e-01,4.2976098917311454997e-03
6.4924924924924920511e-01,4.3553138013524188635e-03
6.5155155155155153324e-01,4.4135750589497811311e-03
6.5385385385385375034e-01,4.4723969178128058014e-03
6.5615615615615607847e-01,4.5317826286903417979e-03
6.5845845845845840660e-01,4.5917354510826317512e-03
6.6076076076076073473e-01,4.6522586528176031878e-03
6.6306306306306295184e-01,4.7133554995440769125e-03
6.6536536536536527997e-01,4.7750292755003916761e-03
6.6766766766766760810e-01,4.8372832535499600548e-03
6.6996996996996993623e-01,4.9001207325549125601e-03
6.7227227227227226436e-01,4.9635449947715562166e-03
6.7457457457457448147e-01,5.0275593509123833735e-03
6.7687687687687680960e-01,5.0921670955524434357e-03
6.7917917917917913773e-01,5.1573715482246826683e-03
6.8148148148148146586e-01,5.2231760182664815906e-03
6.8378378378378368296e-01,5.2895838319258915022e-03
6.8608608608608601109e-01,5.3565983146843946031e-03
6.8838838838838833922e-01,5.4242227985301545712e-03
6.9069069069069066735e-01,5.4924606253500566841e-03
6.9299299299299288446e-01,5.5613151330120057583e-03
6.9529529529529521259e-01,5.6307896789660185841e-03
6.9759759759759754072e-01,5.7008876081973821823e-03
6.9989989989989986885e-01,5.7716122917900458678e-03
7.0220220220220219698e-01,5.8429670841635373765e-03
7.0450450450450441409e-01,5.9149553672114656144e-03
7.0680680680680674222e-01,5.9875805076479767658e-03
7.0910910910910907035e-01,6.0608458953211848466e-03
7.1141141141141139848e-01,6.1347549114680764368e-03
7.1371371371371361558e-01,6.2093109520365303428e-03
7.1601601601601594371e-01,6.2845174139456510751e-03
7.1831831831831827184e-01,6.3603776984886136944e-03
7.2062062062062059997e-01,6.4368952183345064938e-03
7.2292292292292281708e-01,6.5140733804522257117e-03
7.2522522522522514521e-01,6.5919156122532856709e-03
7.2752752752752747334e-01,6.6704253277832664670e-03
7.2982982982982980147e-01,6.7496059671346888414e-03
7.3213213213213201858e-01,6.8294609538654587125e-03
7.3443443443443434671e-01,6.9099937379006361182e-03
7.3673673673673667484e-01,6.9912077550658615482e-03
7.3903903903903900297e-01,7.0731064624647748199e-03
7.4134134134134133109e-01,7.1556933102001427788e-03
7.4364364364364354820e-01,7.2389717609376985630e-03
7.4594594594594587633e-01,7.3229452800056453812e-03
7.4824824824824820446e-01,7.4076173350884188390e-03
7.5055055055055053259e-01,7.4929914066250201746e-03
7.5285285285285274970e-01,7.5790709678325096990e-03
7.5515515515515507783e-01,7.6658595130972718296e-03
7.5745745745745740596e-01,7.7533605227266978038e-03
7.5975975975975973409e-01,7.8415775028743677638e-03
7.6206206206206195120e-01,7.9305139434662115516e-03
7.6436436436436427933e-01,8.0201733595809069494e-03
7.6666666666666660745e-01,8.1105592533826827151e-03
7.6896896896896893558e-01,8.2016751464410904415e-03
7.7127127127127115269e-01,8.2935245549502593920e-03
7.7357357357357348082e-01,8.3861110055801681845e-03
7.7587587587587580895e-01,8.4794380293005660459e-03
7.7817817817817813708e-01,8.5735091575370667161e-03
7.8048048048048046521e-01,8.6683279357447629021e-03
7.8278278278278268232e-01,8.7638979007923379499e-03
7.8508508508508501045e-01,8.8602226113058870499e-03
7.8738738738738733858e-01,8.9573056113034146136e-03
7.8968968968968966671e-01,9.0551504702991950785e-03
7.9199199199199188381e-01,9.1537607420491499260e-03
7.9429429429429421194e-01,9.2531400041573428489e-03
7.9659659659659654007e-01,9.3532918225822346547e-03
7.9889889889889886820e-01,9.4542197808126973019e-03
8.0120120120120108531e-01,9.5559274585897708426e-03
8.0350350350350341344e-01,9.6584184441127745452e-03
8.0580580580580574157e-01,9.7616963314590115414e-03
8.0810810810810806970e-01,9.8657647133833688280e-03
8.1041041041041039783e-01,9.9706271978402660067e-03
8.1271271271271261494e-01,1.0076287382992781330e-02
8.1501501501501494307e-01,1.0182748889213624754e-02
8.1731731731731727120e-01,1.0290015321921978236e-02
8.1961961961961959933e-01,1.0398090311537539279e-02
8.2192192192192181643e-01,1.0506977473343370386e-02
8.2422422422422414456e-01,1.0616680445086691328e-02
8.2652652652652647269e-01,1.0727202854206484978e-02
8.2882882882882880082e-01,1.0838548343799436768e-02
8.3113113113113101793e-01,1.0950720554832168649e-02
8.3343343343343334606e-01,1.1063723134782071922e-02
8.3573573573573567419e-01,1.1177559738514263737e-02
8.3803803803803800232e-01,1.1292234017914635005e-02
8.4034034034034021943e-01,1.1407749641128747328e-02
8.4264264264264254756e-01,1.1524110265463906669e-02
8.4494494494494487569e-01,1.1641319570751297585e-02
8.4724724724724720382e-01,1.1759381221704270568e-02
8.4954954954954953195e-01,1.1878298907400603249e-02
8.5185185185185174905e-01,1.1998076302545696709e-02
8.5415415415415407718e-01,1.2118717102863642288e-02
8.5645645645645640531e-01,1.2240224995162234806e-02
8.5875875875875873344e-01,1.2362603680052689295e-02
8.6106106106106095055e-01,1.2485856857617157883e-02
8.6336336336336327868e-01,1.2609988232580249257e-02
8.6566566566566560681e-01,1.2735001518492241462e-02
8.6796796796796793494e-01,1.2860900424392139249e-02
8.7027027027027015205e-01,1.2987688676524928796e-02
8.7257257257257248018e-01,1.3115369989407840365e-02
8.7487487487487480831e-01,1.3243948100254697084e-02
8.7717717717717713644e-01,1.3373426731168022719e-02
8.7947947947947935354e-01,1.3503809627842831842e-02
8.8178178178178168167e-01,1.3635100522488730057e-02
8.8408408408408400980e-01,1.3767303166834440192e-02
8.8638638638638633793e-01,1.3900421305122702756e-02
8.8868868868868866606e-01,1.4034458693567499962e-02
8.9099099099099088317e-01,1.4169419089427622363e-02
8.9329329329329321130e-01,1.4305306252818377616e-02
8.9559559559559553943e-01,1.4442123954041081665e-02
8.9789789789789786756e-01,1.4579875957480739612e-02
9.0020020020020008467e-01,1.4718566045562099867e-02
9.0250250250250241280e-01,1.4858197988250797239e-02
9.0480480480480474093e-01,1.4998775578248546916e-02
9.0710710710710706906e-01,1.5140302593314133514e-02
9.0940940940940928616e-01,1.5282782833915089724e-02
9.1171171171171161429e-01,1.5426220088028790023e-02
9.1401401401401394242e-01,1.5570618161615524394e-02
9.1631631631631627055e-01,1.5715980854607493333e-02
9.1861861861861848766e-01,1.5862311977108984468e-02
9.2092092092092081579e-01,1.6009615341806560096e-02
9.2322322322322314392e-01,1.6157894762542673872e-02
9.2552552552552547205e-01,1.6307154064621076639e-02
9.2782782782782780018e-01,1.6457397066149733605e-02
9.3013013013013001729e-01,1.6608627603986181320e-02
9.3243243243243234541e-01,1.6760849501953528629e-02
9.3473473473473467354e-01,1.6914066606507346252e-02
9.3703703703703700167e-01,1.7068282749478053129e-02
9.3933933933933921878e-01,1.7223501784415611027e-02
9.4164164164164154691e-01,1.7379727553464480172e-02
9.4394394394394387504e-01,1.7536963915187539498e-02
9.4624624624624620317e-01,1.7695214723593595540e-02
9.4854854854854842028e-01,1.7854483841103038766e-02
9.5085085085085074841e-01,1.8014775134214362079e-02
9.5315315315315307654e-01,1.8176092468973663319e-02
9.5545545545545540467e-01,1.8338439724077976178e-02
9.5775775775775762177e-01,1.8501820769880633621e-02
9.6006006006005994990e-01,1.8666239496077312310e-02
9.6236236236236227803e-01,1.8831699778913170429e-02
9.6466466466466460616e-01,1.8998205517028920325e-02
9.6696696696696693429e-01,1.9165760594900872055e-02
9.6926926926926915140e-01,1.9334368917648309116e-02
9.7157157157157147953e-01,1.9504034380145317956e-02
9.7387387387387380766e-01,1.9674760892102731435e-02
9.7617617617617613579e-01,1.9846552360156071576e-02
9.7847847847847835290e-01,2.0019412697635220744e-02
9.8078078078078068103e-01,2.0193345823392491040e-02
9.8308308308308300916e-01,2.0368355654309350938e-02
9.8538538538538533729e-01,2.0544446121010973005e-02
9.8768768768768755439e-01,2.0721621144758499422e-02
9.8998998998998988252e-01,2.0899884666616734552e-02
9.9229229229229221065e-01,2.1079240613940761900e-02
9.9459459459459453878e-01,2.1259692936101429184e-02
9.9689689689689686691e-01,2.1441245568899237883e-02
9.9919919919919908402e-01,2.1623902467620317869e-02
1.0015015015015014122e+00,2.1807667578527093616e-02
1.0038038038038037403e+00,2.1992544861129788292e-02
1.0061061061061060684e+00,2.2178538273337992243e-02
1.0084084084084083965e+00,2.2365651778091463070e-02
1.0107107107107107247e+00,2.2553889345241346504e-02
1.0130130130130128308e+00,2.2743254941249894940e-02
1.0153153153153151589e+00,2.2933752547322688864e-02
1.0176176176176174870e+00,2.3125386134415656936e-02
1.0199199199199198151e+00,2.3318159693627740076e-02
1.0222222222222221433e+00,2.3512077202246177421e-02
1.0245245245245244714e+00,2.3707142659063169116e-02
1.0268268268268267995e+00,2.3903360050019119287e-02
1.0291291291291291277e+00,2.4100733379316844479e-02
1.0314314314314314558e+00,2.4299266643405665472e-02
1.0337337337337335619e+00,2.4498963850393299518e-02
1.0360360360360358900e+00,2.4699829008247787404e-02
1.0383383383383382181e+00,2.4901866128356164171e-02
1.0406406406406405463e+00,2.5105079230340568430e-02
1.0429429429429428744e+00,2.5309472329112417399e-02
1.0452452452452452025e+00,2.5515049455218496294e-02
1.0475475475475475307e+00,2.5721814628201489922e-02
1.0498498498498498588e+00,2.5929771887950519432e-02
1.0521521521521519649e+00,2.6138925260588131289e-02
1.0544544544544542930e+00,2.6349278793103284718e-02
1.0567567567567566211e+00,2.6560836520459908672e-02
1.0590590590590589493e+00,2.6773602494602474072e-02
1.0613613613613612774e+00,2.6987580761029007770e-02
1.0636636636636636055e+00,2.7202775375315818573e-02
1.0659659659659659336e+00,2.7419190394338474603e-02
1.0682682682682682618e+00,2.7636829876844244691e-02
1.0705705705705705899e+00,2.7855697891072013495e-02
1.0728728728728726960e+00,2.8075798499334052305e-02
1.0751751751751750241e+00,2.8297135780368857377e-02
1.0774774774774773523e+00,2.8519713801294182404e-02
1.0797797797797796804e+00,2.8743536649654337356e-02
1.0820820820820820085e+00,2.8968608399414615823e-02
1.0843843843843843366e+00,2.9194933144661500829e-02
1.0866866866866866648e+00,2.9422514968378846167e-02
1.0889889889889889929e+00,2.9651357969206162957e-02
1.0912912912912910990e+00,2.9881466240670020995e-02
1.0935935935935934271e+00,3.0112843884810738815e-02
1.0958958958958957552e+00,3.0345495006377409125e-02
1.0981981981981980834e+00,3.0579423710507161460e-02
1.1005005005005004115e+00,3.0814634113008554372e-02
1.1028028028028027396e+00,3.1051130322650628141e-02
1.1051051051051050678e+00,3.1288916465303774628e-02
1.1074074074074073959e+00,3.1527996654735788995e-02
1.1097097097097097240e+00,3.1768375025082160046e-02
1.1120120120120118301e+00,3.2010055697217654203e-02
1.1143143143143141582e+00,3.2253042811287796487e-02
1.1166166166166164864e+00,3.2497340497335581999e-02
1.1189189189189188145e+00,3.2742952899696413371e-02
1.1212212212212211426e+00,3.2989884158940503689e-02
1.1235235235235234708e+00,3.3238138422609975198e-02
1.1258258258258257989e+00,3.3487719842326735264e-02
1.1281281281281281270e+00,3.3738632568688781133e-02
1.1304304304304302331e+00,3.3990880764066123965e-02
1.1327327327327325612e+00,3.4244468582787200572e-02
1.1350350350350348894e+00,3.4499400196846351230e-02
1.1373373373373372175e+00,3.4755679765794349201e-02
1.1396396396396395456e+00,3.5013311469364642725e-02
1.1419419419419418738e+00,3.5272299474477235293e-02
1.1442442442442442019e+00,3.5532647966389607763e-02
1.1465465465465465300e+00,3.5794361121327361586e-02
1.1488488488488488581e+00,3.6057443128423870282e-02
1.1511511511511509642e+00,3.6321898174403850768e-02
1.1534534534534532924e+00,3.6587730451453248648e-02
1.1557557557557556205e+00,3.6854944157166620589e-02
1.1580580580580579486e+00,3.7123543486777571543e-02
1.1603603603603602767e+00,3.7393532648307067912e-02
1.1626626626626626049e+00,3.7664915840842840000e-02
1.1649649649649649330e+00,3.7937697281582111186e-02
1.1672672672672672611e+00,3.8211881175076629902e-02
1.1695695695695693672e+00,3.8487471745737224238e-02
1.1718718718718716953e+00,3.8764473205726519833e-02
1.1741741741741740235e+00,3.9042889784524428820e-02
1.1764764764764763516e+00,3.9322725703701481847e-02
1.1787787787787786797e+00,3.9603985196328184148e-02
1.1810810810810810079e+00,3.9886672494416054724e-02
1.1833833833833833360e+00,4.0170791833960058093e-02
1.1856856856856856641e+00,4.0456347457637729936e-02
1.1879879879879879923e+00,4.0743343604507417655e-02
1.1902902902902900983e+00,4.1031784527337009094e-02
1.1925925925925924265e+00,4.1321674469185040723e-02
1.1948948948948947546e+00,4.1613017691541909215e-02
1.1971971971971970827e+00,4.1905818443190107070e-02
1.1994994994994994109e+00,4.2200080992321926943e-02
1.2018018018018017390e+00,4.2495809595559166927e-02
1.2041041041041040671e+00,4.2793008525756355553e-02
1.2064064064064063952e+00,4.3091682049028849633e-02
1.2087087087087085013e+00,4.3391834441580554027e-02
1.2110110110110108295e+00,4.3693469979899070277e-02
1.2133133133133131576e+00,4.3996592943023965505e-02
1.2156156156156154857e+00,4.4301207617899157620e-02
1.2179179179179178139e+00,4.4607318286677473396e-02
1.2202202202202201420e+00,4.4914929246053079959e-02
1.2225225225225224701e+00,4.5224044782353221839e-02
1.2248248248248247982e+00,4.5534669200539175382e-02
1.2271271271271271264e+00,4.5846806792934284569e-02
1.2294294294294292325e+00,4.6160461870705236931e-02
1.2317317317317315606e+00,4.6475638734222619874e-02
1.2340340340340338887e+00,4.6792341698944112105e-02
1.2363363363363362168e+00,4.7110575074790328465e-02
1.2386386386386385450e+00,4.7430343180354446464e-02
1.2409409409409408731e+00,4.7751650335832507288e-02
1.2432432432432432012e+00,4.8074500862583767480e-02
1.2455455455455455294e+00,4.8398899091022962171e-02
1.2478478478478476354e+00,4.8724849345685598834e-02
1.2501501501501499636e+00,4.9052355966372619689e-02
1.2524524524524522917e+00,4.9381423281978843731e-02
1.2547547547547546198e+00,4.9712055640105175247e-02
1.2570570570570569480e+00,5.0044257375909444174e-02
1.2593593593593592761e+00,5.0378032842716927164e-02
1.2616616616616616042e+00,5.0713386383914621502e-02
1.2639639639639639324e+00,5.1050322356782522337e-02
1.2662662662662662605e+00,5.1388845114289857796e-02
1.2685685685685683666e+00,5.1728959016671037519e-02
1.2708708708708706947e+00,5.2070668427057806293e-02
1.2731731731731730228e+00,5.2413977708412891332e-02
1.2754754754754753510e+00,5.2758891233840352064e-02
1.2777777777777776791e+00,5.3105413369572536386e-02
1.2800800800800800072e+00,5.3453548497732254752e-02
1.2823823823823823354e+00,5.3803300989124017151e-02
1.2846846846846846635e+00,5.4154675233210367025e-02
1.2869869869869867696e+00,5.4507675607328921752e-02
1.2892892892892890977e+00,5.4862306506219607471e-02
1.2915915915915914258e+00,5.5218572315616762380e-02
1.2938938938938937540e+00,5.5576477433919566074e-02
1.2961961961961960821e+00,5.5936026256460096018e-02
1.2984984984984984102e+00,5.6297223184444487865e-02
1.3008008008008007383e+00,5.6660072623237446587e-02
1.3031031031031030665e+00,5.7024578976761476634e-02
1.3054054054054053946e+00,5.7390746660090606601e-02
1.3077077077077075007e+00,5.7758580080529017819e-02
1.3100100100100098288e+00,5.8128083661784464564e-02
1.3123123123123121569e+00,5.8499261815958013278e-02
1.3146146146146144851e+00,5.8872118973626916261e-02
1.3169169169169168132e+00,5.9246659553674238530e-02
1.3192192192192191413e+00,5.9622887991523758344e-02
1.3215215215215214695e+00,6.0000808714583422909e-02
1.3238238238238237976e+00,6.0380426161660144535e-02
1.3261261261261259037e+00,6.0761744769738015859e-02
1.3284284284284282318e+00,6.1144768980300745476e-02
1.3307307307307305599e+00,6.1529503240206548376e-02
1.3330330330330328881e+00,6.1915951993660178765e-02
1.3353353353353352162e+00,6.2304119696944534890e-02
1.3376376376376375443e+00,6.2694010797774687993e-02
1.3399399399399398725e+00,6.3085629760668074373e-02
1.3422422422422422006e+00,6.3478981038377180202e-02
1.3445445445445445287e+00,6.3874069101822694705e-02
1.3468468468468466348e+00,6.4270898410773616427e-02
1.3491491491491489629e+00,6.4669473440605737546e-02
1.3514514514514512911e+00,6.5069798659721914125e-02
1.3537537537537536192e+00,6.5471878546643103025e-02
1.3560560560560559473e+00,6.5875717579313070038e-02
1.3583583583583582755e+00,6.6281320238833707492e-02
1.3606606606606606036e+00,6.6688691012854545148e-02
1.3629629629629629317e+00,6.7097834385234034205e-02
1.3652652652652652598e+00,6.7508754852756050480e-02
1.3675675675675673659e+00,6.7921456902945195888e-02
1.3698698698698696941e+00,6.8335945040419732166e-02
1.3721721721721720222e+00,6.8752223758001718146e-02
1.3744744744744743503e+00,6.9170297566258545641e-02
1.3767767767767766784e+00,6.9590170965249623092e-02
1.3790790790790790066e+00,7.0011848469641618786e-02
1.3813813813813813347e+00,7.0435334588212175633e-02
1.3836836836836836628e+00,7.0860633838562572806e-02
1.3859859859859857689e+00,7.1287750738951008445e-02
1.3882882882882880970e+00,7.1716689809483799567e-02
1.3905905905905904252e+00,7.2147455577930438841e-02
1.3928928928928927533e+00,7.2580052567201611136e-02
1.3951951951951950814e+00,7.3014485313882798723e-02
1.3974974974974974096e+00,7.3450758344712249737e-02
1.3997997997997997377e+00,7.3888876203683756527e-02
1.4021021021021020658e+00,7.4328843423080659392e-02
1.4044044044044043940e+00,7.4770664552388038659e-02
1.4067067067067065000e+00,7.5214344131310478803e-02
1.4090090090090088282e+00,7.5659886713096480282e-02
1.4113113113113111563e+00,7.6107296846216754282e-02
1.4136136136136134844e+00,7.6556579086663564815e-02
1.4159159159159158126e+00,7.7007737992299596375e-02
1.4182182182182181407e+00,7.7460778121565612708e-02
1.4205205205205204688e+00,7.7915704041620806319e-02
1.4228228228228227970e+00,7.8372520313778268330e-02
1.4251251251251249030e+00,7.8831231513682292755e-02
1.4274274274274272312e+00,7.9291842206655568925e-02
1.4297297297297295593e+00,7.9754356975325207957e-02
1.4320320320320318874e+00,8.0218780390811789127e-02
1.4343343343343342156e+00,8.0685117040801140886e-02
1.4366366366366365437e+00,8.1153371504005131221e-02
1.4389389389389388718e+00,8.1623548371575788130e-02
1.4412412412412411999e+00,8.2095652231023941159e-02
1.4435435435435435281e+00,8.2569687676089353889e-02
1.4458458458458456342e+00,8.3045659303574978494e-02
1.4481481481481479623e+00,8.3523571709644181538e-02
1.4504504504504502904e+00,8.4003429500174101041e-02
1.4527527527527526185e+00,8.4485237274296853816e-02
1.4550550550550549467e+00,8.4968999646039614082e-02
1.4573573573573572748e+00,8.5454721218750848144e-02
1.4596596596596596029e+00,8.5942406613016955608e-02
1.4619619619619619311e+00,8.6432060438234217803e-02
1.4642642642642640372e+00,8.6923687319638162641e-02
1.4665665665665663653e+00,8.7417291874363020621e-02
1.4688688688688686934e+00,8.7912878730838639463e-02
1.4711711711711710215e+00,8.8410452515002360685e-02
1.4734734734734733497e+00,8.8910017857733308899e-02
1.4757757757757756778e+00,8.9411579394130025200e-02
1.4780780780780780059e+00,8.9915141757480138152e-02
1.4803803803803803341e+00,9.0420709591700704211e-02
1.4826826826826826622e+00,9.0928287533146204269e-02
1.4849849849849847683e+00,9.1437880233512958128e-02
1.4872872872872870964e+00,9.1949492333575022496e-02
1.4895895895895894245e+00,9.2463128491142757004e-02
1.4918918918918917527e+00,9.2978793353256386500e-02
1.4941941941941940808e+00,9.3496491581979104812e-02
1.4964964964964964089e+00,9.4016227832197360459e-02
1.4987987987987987371e+00,9.4538006768915633371e-02
1.5011011011011010652e+00,9.5061833055796060576e-02
1.5034034034034031713e+00,9.5587711360173008290e-02
1.5057057057057054994e+00,9.6115646354716907651e-02
1.5080080080080078275e+00,9.6645642709175749729e-02
1.5103103103103101557e+00,9.7177705104768655198e-02
1.5126126126126124838e+00,9.7711838214430690730e-02
1.5149149149149148119e+00,9.8248046726784415972e-02
1.5172172172172171400e+00,9.8786335319408322131e-02
1.5195195195195194682e+00,9.9326708686603898402e-02
1.5218218218218217963e+00,9.9869171512425969350e-02
1.5241241241241239024e+00,1.0041372849507120002e-01
1.5264264264264262305e+00,1.0096038432653356431e-01
1.5287287287287285587e+00,1.0150914370773370110e-01
1.5310310310310308868e+00,1.0206001133940220682e-01
1.5333333333333332149e+00,1.0261299192470327291e-01
1.5356356356356355430e+00,1.0316809017321457165e-01
1.5379379379379378712e+00,1.0372531079054890524e-01
1.5402402402402401993e+00,1.0428465849455874348e-01
1.5425425425425423054e+00,1.0484613799419142954e-01
1.5448448448448446335e+00,1.0540975401432722824e-01
1.5471471471471469616e+00,1.0597551126879860284e-01
1.5494494494494492898e+00,1.0654341448774158618e-01
1.5517517517517516179e+00,1.0711346839166134559e-01
1.5540540540540539460e+00,1.0768567771426164337e-01
1.5563563563563562742e+00,1.0826004718405382587e-01
1.5586586586586586023e+00,1.0883658153726966100e-01
1.5609609609609609304e+00,1.0941528551108999079e-01
1.5632632632632630365e+00,1.0999616384391613932e-01
1.5655655655655653646e+00,1.1057922128158298447e-01
1.5678678678678676928e+00,1.1116446256497994338e-01
1.5701701701701700209e+00,1.1175189244790632859e-01
1.5724724724724723490e+00,1.1234151567472967781e-01
1.5747747747747746772e+00,1.1293333700586655199e-01
1.5770770770770770053e+00,1.1352736119078814248e-01
1.5793793793793793334e+00,1.1412359299473284757e-01
1.5816816816816814395e+00,1.1472203717399775957e-01
1.5839839839839837676e+00,1.1532269849707282861e-01
1.5862862862862860958e+00,1.1592558172828867913e-01
1.5885885885885884239e+00,1.1653069163848009393e-01
1.5908908908908907520e+00,1.1713803300054874412e-01
1.5931931931931930801e+00,1.1774761058744050157e-01
1.5954954954954954083e+00,1.1835942918049596750e-01
1.5977977977977977364e+00,1.1897349355520574210e-01
1.6001001001001000645e+00,1.1958980850055288270e-01
1.6024024024024021706e+00,1.2020837879566931283e-01
1.6047047047047044988e+00,1.2082920923574705374e-01
1.6070070070070068269e+00,1.2145230460524515659e-01
1.6093093093093091550e+00,1.2207766970376970894e-01
1.6116116116116114831e+00,1.2270530932274821556e-01
1.6139139139139138113e+00,1.2333522826475894207e-01
1.6162162162162161394e+00,1.2396743132927809383e-01
1.6185185185185184675e+00,1.2460192332108026292e-01
1.6208208208208207957e+00,1.2523870904810588400e-01
1.6231231231231229017e+00,1.2587779331721332676e-01
1.6254254254254252299e+00,1.2651918094456285346e-01
1.6277277277277275580e+00,1.2716287673964341010e-01
1.6300300300300298861e+00,1.2780888552593347440e-01
1.6323323323323322143e+00,1.2845721211675414919e-01
1.6346346346346345424e+00,1.2910786134139309866e-01
1.6369369369369368705e+00,1.2976083801872567713e-01
1.6392392392392391987e+00,1.3041614698207998346e-01
1.6415415415415413047e+00,1.3107379305743221964e-01
1.6438438438438436329e+00,1.3173378108083821925e-01
1.6461461461461459610e+00,1.3239611588632321793e-01
1.6484484484484482891e+00,1.3306080231201575237e-01
1.6507507507507506173e+00,1.3372784520027924948e-01
1.6530530530530529454e+00,1.3439724939131536541e-01
1.6553553553553552735e+00,1.3506901973546306395e-01
1.6576576576576576016e+00,1.3574316107564771139e-01
1.6599599599599599298e+00,1.3641967826917303364e-01
1.6622622622622620359e+00,1.3709857616298468108e-01
1.6645645645645643640e+00,1.3777985961976993434e-01
1.6668668668668666921e+00,1.3846353349221643403e-01
1.6691691691691690203e+00,1.3914960264667439183e-01
1.6714714714714713484e+00,1.3983807194300906795e-01
1.6737737737737736765e+00,1.4052894625005127316e-01
1.6760760760760760046e+00,1.4122223043566553558e-01
1.6783783783783783328e+00,1.4191792937063218982e-01
1.6806806806806804389e+00,1.4261604793098814348e-01
1.6829829829829827670e+00,1.4331659098957941212e-01
1.6852852852852850951e+00,1.4401956343014463147e-01
1.6875875875875874232e+00,1.4472497012835297547e-01
1.6898898898898897514e+00,1.4543281597453622256e-01
1.6921921921921920795e+00,1.4614310584857898023e-01
1.6944944944944944076e+00,1.4685584464577414177e-01
1.6967967967967967358e+00,1.4757103725192211030e-01
1.6990990990990990639e+00,1.4828868856563687251e-01
1.7014014014014011700e+00,1.4900880347995956732e-01
1.7037037037037034981e+00,1.4973138689577294991e-01
1.7060060060060058262e+00,1.5045644371405930695e-01
1.7083083083083081544e+00,1.5118397883756035105e-01
1.7106106106106104825e+00,1.5191399717525996826e-01
1.7129129129129128106e+00,1.5264650363198792316e-01
1.7152152152152151388e+00,1.5338150312415457788e-01
1.7175175175175174669e+00,1.5411900055954105837e-01
1.7198198198198195730e+00,1.5485900086078266402e-01
1.7221221221221219011e+00,1.5560150894009017186e-01
1.7244244244244242292e+00,1.5634652972465812315e-01
1.7267267267267265574e+00,1.5709406813278295467e-01
1.7290290290290288855e+00,1.5784412909467915309e-01
1.7313313313313312136e+00,1.5859671753593945764e-01
1.7336336336336335417e+00,1.5935183838887315155e-01
1.7359359359359358699e+00,1.6010949658695208808e-01
1.7382382382382381980e+00,1.6086969706428971838e-01
1.7405405405405403041e+00,1.6163244476218813217e-01
1.7428428428428426322e+00,1.6239774461690328899e-01
1.7451451451451449604e+00,1.6316560157688506094e-01
1.7474474474474472885e+00,1.6393602058149225886e-01
1.7497497497497496166e+00,1.6470900658502615754e-01
1.7520520520520519447e+00,1.6548456453148940870e-01
1.7543543543543542729e+00,1.6626269937934642917e-01
1.7566566566566566010e+00,1.6704341607882708387e-01
1.7589589589589587071e+00,1.6782671959112593907e-01
1.7612612612612610352e+00,1.6861261487378459423e-01
1.7635635635635633633e+00,1.6940110688991849575e-01
1.7658658658658656915e+00,1.7019220060483855606e-01
1.7681681681681680196e+00,1.7098590098339888632e-01
1.7704704704704703477e+00,1.7178221299851409443e-01
1.7727727727727726759e+00,1.7258114161721718749e-01
1.7750750750750750040e+00,1.7338269181924043094e-01
1.7773773773773773321e+00,1.7418686857485421449e-01
1.7796796796796794382e+00,1.7499367686923472665e-01
1.7819819819819817663e+00,1.7580312167748007868e-01
1.7842842842842840945e+00,1.7661520798853103109e-01
1.7865865865865864226e+00,1.7742994078381602030e-01
1.7888888888888887507e+00,1.7824732505473017685e-01
1.7911911911911910789e+00,1.7906736578999798981e-01
1.7934934934934934070e+00,1.7989006798278062149e-01
1.7957957957957957351e+00,1.8071543662944414277e-01
1.7980980980980978412e+00,1.8154347672484652532e-01
1.8004004004004001693e+00,1.8237419327272494374e-01
1.8027027027027024975e+00,1.8320759127018018675e-01
1.8050050050050048256e+00,1.8404367572743732251e-01
1.8073073073073071537e+00,1.8488245164499633733e-01
1.8096096096096094819e+00,1.8572392403812959527e-01
1.8119119119119118100e+00,1.8656809791235187679e-01
1.8142142142142141381e+00,1.8741497828633713052e-01
1.8165165165165164662e+00,1.8826457017202735678e-01
1.8188188188188185723e+00,1.8911687859031350856e-01
1.8211211211211209005e+00,1.8997190856041362705e-01
1.8234234234234232286e+00,1.9082966510486587541e-01
1.8257257257257255567e+00,1.9169015325040089648e-01
1.8280280280280278848e+00,1.9255337802124614099e-01
1.8303303303303302130e+00,1.9341934445127287323e-01
1.8326326326326325411e+00,1.9428805756704753405e-01
1.8349349349349348692e+00,1.9515952240860551248e-01
1.8372372372372369753e+00,1.9603374400610454331e-01
1.8395395395395393034e+00,1.9691072740424683807e-01
1.8418418418418416316e+00,1.9779047763839652241e-01
1.8441441441441439597e+00,1.9867299975633850861e-01
1.8464464464464462878e+00,1.9955829879995862219e-01
1.8487487487487486160e+00,2.0044637981906118784e-01
1.8510510510510509441e+00,2.0133724786278672791e-01
1.8533533533533532722e+00,2.0223090798249965250e-01
1.8556556556556556004e+00,2.0312736523471391914e-01
1.8579579579579577064e+00,2.0402662467249635392e-01
1.8602602602602600346e+00,2.0492869135925217972e-01
1.8625625625625623627e+00,2.0583357035049215655e-01
1.8648648648648646908e+00,2.0674126671543552325e-01
1.8671671671671670190e+00,2.0765178551336860302e-01
1.8694694694694693471e+00,2.0856513181777430743e-01
1.8717717717717716752e+00,2.0948131069329223308e-01
1.8740740740740740033e+00,2.1040032721615742339e-01
1.8763763763763761094e+00,2.1132218645756198350e-01
1.8786786786786784376e+00,2.1224689349554387574e-01
1.8809809809809807657e+00,2.1317445340845947443e-01
1.8832832832832830938e+00,2.1410487127580063449e-01
1.8855855855855854220e+00,2.1503815218310232127e-01
1.8878878878878877501e+00,2.1597430121155722360e-01
1.8901901901901900782e+00,2.1691332345329958353e-01
1.8924924924924924063e+00,2.1785522399206297406e-01
1.8947947947947947345e+00,2.1880000792541848265e-01
1.8970970970970968406e+00,2.1974768034104774639e-01
1.8993993993993991687e+00,2.2069824634038426314e-01
1.9017017017017014968e+00,2.2165171101658695529e-01
1.9040040040040038249e+00,2.2260807947353908332e-01
1.9063063063063061531e+00,2.2356735681096850943e-01
1.9086086086086084812e+00,2.2452954813437733805e-01
1.9109109109109108093e+00,2.2549465855056460839e-01
1.9132132132132131375e+00,2.2646269316641323699e-01
1.9155155155155152435e+00,2.2743365709570609323e-01
1.9178178178178175717e+00,2.2840755544705818036e-01
1.9201201201201198998e+00,2.2938439334056270891e-01
1.9224224224224222279e+00,2.3036417588750238150e-01
1.9247247247247245561e+00,2.3134690821304118580e-01
1.9270270270270268842e+00,2.3233259543259848767e-01
1.9293293293293292123e+00,2.3332124267482864943e-01
1.9316316316316315405e+00,2.3431285506075230640e-01
1.9339339339339338686e+00,2.3530743772121323620e-01
1.9362362362362359747e+00,2.3630499578381569670e-01
1.9385385385385383028e+00,2.3730553438087825802e-01
1.9408408408408406309e+00,2.3830905864698606611e-01
1.9431431431431429591e+00,2.3931557371580244875e-01
1.9454454454454452872e+00,2.4032508472870811600e-01
1.9477477477477476153e+00,2.4133759682116456835e-01
1.9500500500500499435e+00,2.4235311514058285876e-01
1.9523523523523522716e+00,2.4337164482525461273e-01
1.9546546546546545997e+00,2.4439319102731263400e-01
1.9569569569569567058e+00,2.4541775888938904826e-01
1.9592592592592590339e+00,2.4644535356677516047e-01
1.9615615615615613621e+00,2.4747598020783312389e-01
1.9638638638638636902e+00,2.4850964396982480609e-01
1.9661661661661660183e+00,2.4954635000771072106e-01
1.9684684684684683464e+00,2.5058610348011312041e-01
1.9707707707707706746e+00,2.5162890954887207062e-01
1.9730730730730730027e+00,2.5267477337393706716e-01
1.9753753753753751088e+00,2.5372370012373191006e-01
1.9776776776776774369e+00,2.5477569496007573813e-01
1.9799799799799797650e+00,2.5583076305710822362e-01
1.9822822822822820932e+00,2.5688890957963095296e-01
1.9845845845845844213e+00,2.5795013970611907483e-01
1.9868868868868867494e+00,2.5901445860587074543e-01
1.9891891891891890776e+00,2.6008187146016176206e-01
1.9914914914914914057e+00,2.6115238344407543103e-01
1.9937937937937937338e+00,2.6222599974061028272e-01
1.9960960960960958399e+00,2.6330272553138700520e-01
1.9983983983983981680e+00,2.6438256600062559620e-01
2.0007007007007007182e+00,2.6546552633666287146e-01
2.0030030030030028243e+00,2.6655161172501018463e-01
2.0053053053053049304e+00,2.6764082736033045773e-01
2.0076076076076074806e+00,2.6873317843006588879e-01
2.0099099099099095866e+00,2.6982867013424977065e-01
2.0122122122122121368e+00,2.7092730766345557436e-01
2.0145145145145142429e+00,2.7202909622165905024e-01
2.0168168168168167931e+00,2.7313404100406873942e-01
2.0191191191191188992e+00,2.7424214721713330301e-01
2.0214214214214214493e+00,2.7535342006189056363e-01
2.0237237237237235554e+00,2.7646786474630030694e-01
2.0260260260260256615e+00,2.7758548647787528729e-01
2.0283283283283282117e+00,2.7870629046569411758e-01
2.0306306306306303178e+00,2.7983028192382436439e-01
2.0329329329329328679e+00,2.8095746606263505285e-01
2.0352352352352349740e+00,2.8208784810226728013e-01
2.0375375375375375242e+00,2.8322143325511367484e-01
2.0398398398398396303e+00,2.8435822674635169438e-01
2.0421421421421421805e+00,2.8549823379167948989e-01
2.0444444444444442865e+00,2.8664145961984849320e-01
2.0467467467467463926e+00,2.8778790945133436718e-01
2.0490490490490489428e+00,2.8893758851707890267e-01
2.0513513513513510489e+00,2.9009050204343173052e-01
2.0536536536536535991e+00,2.9124665526267556892e-01
2.0559559559559557052e+00,2.9240605340757858110e-01
2.0582582582582582553e+00,2.9356870171147775306e-01
2.0605605605605603614e+00,2.9473460541354484787e-01
2.0628628628628629116e+00,2.9590376974844351254e-01
2.0651651651651650177e+00,2.9707619996117767824e-01
2.0674674674674671238e+00,2.9825190128856521321e-01
2.0697697697697696739e+00,2.9943087898033005079e-01
2.0720720720720717800e+00,3.0061313827679475574e-01
2.0743743743743743302e+00,3.0179868443092294772e-01
2.0766766766766764363e+00,3.0298752268796819154e-01
2.0789789789789789864e+00,3.0417965830284782180e-01
2.0812812812812810925e+00,3.0537509652674410532e-01
2.0835835835835831986e+00,3.0657384261578829454e-01
2.0858858858858857488e+00,3.0777590182753328252e-01
2.0881881881881878549e+00,3.0898127941913416938e-01
2.0904904904904904051e+00,3.1018998065439051803e-01
2.0927927927927925111e+00,3.1140201079184054445e-01
2.0950950950950950613e+00,3.1261737510085696456e-01
2.0973973973973971674e+00,3.1383607884226716322e-01
2.0996996996996997176e+00,3.1505812728981830162e-01
2.1020020020020018237e+00,3.1628352570801804289e-01
2.1043043043043039297e+00,3.1751227937349546515e-01
2.1066066066066064799e+00,3.1874439355578487731e-01
2.1089089089089085860e+00,3.1997987353320472836e-01
2.1112112112112111362e+00,3.2121872458119432592e-01
2.1135135135135132423e+00,3.2246095197912044705e-01
2.1158158158158157924e+00,3.2370656100865752292e-01
2.1181181181181178985e+00,3.2495555695012778852e-01
2.1204204204204204487e+00,3.2620794509122424953e-01
2.1227227227227225548e+00,3.2746373071367762542e-01
2.1250250250250246609e+00,3.2872291911044004831e-01
2.1273273273273272110e+00,3.2998551556564609255e-01
2.1296296296296293171e+00,3.3125152537624608096e-01
2.1319319319319318673e+00,3.3252095383019830699e-01
2.1342342342342339734e+00,3.3379380622698429093e-01
2.1365365365365365236e+00,3.3507008785965514130e-01
2.1388388388388386296e+00,3.3634980402914188558e-01
2.1411411411411411798e+00,3.3763296003436504833e-01
2.1434434434434432859e+00,3.3891956117717014774e-01
2.1457457457457453920e+00,3.4020961276257999373e-01
2.1480480480480479422e+00,3.4150312009336269981e-01
2.1503503503503500482e+00,3.4280008848033699520e-01
2.1526526526526525984e+00,3.4410052322773831968e-01
2.1549549549549547045e+00,3.4540442965134082742e-01
2.1572572572572572547e+00,3.4671181305792836413e-01
2.1595595595595593608e+00,3.4802267876691761472e-01
2.1618618618618614668e+00,3.4933703208906874416e-01
2.1641641641641640170e+00,3.5065487834602204753e-01
2.1664664664664661231e+00,3.5197622285369900563e-01
2.1687687687687686733e+00,3.5330107093499241167e-01
2.1710710710710707794e+00,3.5462942791166285339e-01
2.1733733733733733295e+00,3.5596129910742407843e-01
2.1756756756756754356e+00,3.5729668985001705739e-01
2.1779779779779779858e+00,3.5863560546408079777e-01
2.1802802802802800919e+00,3.5997805128294518839e-01
2.1825825825825821980e+00,3.6132403263281215322e-01
2.1848848848848847481e+00,3.6267355485167834805e-01
2.1871871871871868542e+00,3.6402662326847362584e-01
2.1894894894894894044e+00,3.6538324322450888015e-01
2.1917917917917915105e+00,3.6674342005285626156e-01
2.1940940940940940607e+00,3.6810715909678903834e-01
2.1963963963963961668e+00,3.6947446569462100152e-01
2.1986986986986987169e+00,3.7084534519072537284e-01
2.2010010010010008230e+00,3.7221980292923878553e-01
2.2033033033033029291e+00,3.7359784425530617735e-01
2.2056056056056054793e+00,3.7497947451893925974e-01
2.2079079079079075854e+00,3.7636469906625602544e-01
2.2102102102102101355e+00,3.7775352325266203790e-01
2.2125125125125122416e+00,3.7914595242597859404e-01
2.2148148148148147918e+00,3.8054199194601556755e-01
2.2171171171171168979e+00,3.8194164716353196098e-01
2.2194194194194194480e+00,3.8334492344129655894e-01
2.2217217217217215541e+00,3.8475182613433450696e-01
2.2240240240240236602e+00,3.8616236060724928869e-01
2.2263263263263262104e+00,3.8757653222050814090e-01
2.2286286286286283165e+00,3.8899434633932333805e-01
2.2309309309309308667e+00,3.9041580832927086364e-01
2.2332332332332329727e+00,3.9184092355708693978e-01
2.2355355355355355229e+00,3.9326969739653516722e-01
2.2378378378378376290e+00,3.9470213521382330191e-01
2.2401401401401397351e+00,3.9613824237885175705e-01
2.2424424424424422853e+00,3.9757802426011107366e-01
2.2447447447447443913e+00,3.9902148626239952733e-01
2.2470470470470469415e+00,4.0046863377051561406e-01
2.2493493493493490476e+00,4.0191947209145895137e-01
2.2516516516516515978e+00,4.0337400652561505865e-01
2.2539539539539537039e+00,4.0483224268609652174e-01
2.2562562562562562540e+00,4.0629418630123381728e-01
2.2585585585585583601e+00,4.0775984214462746014e-01
2.2608608608608604662e+00,4.0922921420456659369e-01
2.2631631631631630164e+00,4.1070230924463835276e-01
2.2654654654654651225e+00,4.1217913788538801390e-01
2.2677677677677676726e+00,4.1365970355404707570e-01
2.2700700700700697787e+00,4.1514399318259070926e-01
2.2723723723723723289e+00,4.1663200937394101464e-01
2.2746746746746744350e+00,4.1812381975858636807e-01
2.2769769769769769852e+00,4.1961946810866768143e-01
2.2792792792792790912e+00,4.2111876235959017079e-01
2.2815815815815811973e+00,4.2262149516207697664e-01
2.2838838838838837475e+00,4.2412825088245920124e-01
2.2861861861861858536e+00,4.2563997929805497122e-01
2.2884884884884884038e+00,4.2715516833708205846e-01
2.2907907907907905098e+00,4.2867007241832788544e-01
2.2930930930930930600e+00,4.3018795157363209913e-01
2.2953953953953951661e+00,4.3172267323145818718e-01
2.2976976976976977163e+00,4.3327040561039203981e-01
2.2999999999999998224e+00,4.3478260869565199531e-01
