8,-7.6799613695815189401e-03
9,-4.8657188847891965494e-03
10,-8.7957894629053486393e-04
11,4.2709581956272618317e-03
12,1.0511774360911633683e-02
13,1.7798128027712238619e-02
14,2.6101662714869439119e-02
15,3.5403087038296830735e-02
16,4.5688559866944256083e-02
17,5.6947746440507533705e-02
18,6.9172688419927602643e-02
19,8.2357105116909606890e-02
20,9.6495939560615112685e-02
21,1.1158505163384496717e-01
22,1.2762100371237744545e-01
23,1.4460090675469133847e-01
24,1.6252230719089102995e-01
25,1.8138310211828626017e-01
26,2.0118147461161228762e-01
27,2.2191584362973221234e-01
28,2.4358482471367884359e-01
29,2.6618719879770774694e-01
30,2.8972188721367087005e-01
31,3.1418793149063439785e-01
32,3.3958447691710264005e-01
33,3.6591075909369052965e-01
34,3.9316609289273163341e-01
35,4.2134986337989965843e-01
36,4.5046151835617276316e-01
37,4.8050056225653076103e-01
38,5.1146655120129058680e-01
39,5.4335908904218543913e-01
40,5.7617782428152919394e-01
41,6.0992244777139936751e-01
42,6.4459269112294148574e-01
43,6.8018832577461296740e-01
44,7.1670916268356954504e-01
45,7.5415505261728899011e-01
46,7.9252588703325466124e-01
47,8.3182159954364776056e-01
48,8.7204216796971012471e-01
49,9.1318761699700157219e-01
50,9.5525802144822280493e-01
51,9.9825351019482921888e-01
52,1.0421742707321142163e+00
53,1.0870205544450648460e+00
54,1.1327926825937757460e+00
55,1.1794910530475088972e+00
56,1.2271161477957699404e+00
57,1.2756685412624424458e+00
58,1.3251489094453425821e+00
59,1.3755580398982740764e+00
60,1.4268968425654631194e+00
61,1.4791663614692904805e+00
62,1.5323677872414287471e+00
63,1.5865024704745391837e+00
64,1.6415719358569380582e+00
65,1.6975778970363519793e+00
66,1.7545222721409485800e+00
67,1.8124071998668087602e+00
68,1.8712350560220125661e+00
69,1.9310084703977716813e+00
70,1.9917303438191535925e+00
71,2.0534038652109400935e+00
72,2.1160325284999168538e+00
73,2.1796201491631754799e+00
74,2.2441708802234683340e+00
75,2.3096892274864164740e+00
76,2.3761800638093122373e+00
77,2.4436486421852334772e+00
78,2.5121006074153280352e+00
79,2.5815420061213707470e+00
80,2.6519792948140104016e+00
81,2.7234193456716329074e+00
82,2.7958694495913620770e+00
83,2.8693373159413826379e+00
84,2.9438310682631909643e+00
85,3.0193592349428226562e+00
86,3.0959307335925236870e+00
87,3.1735548475696289117e+00
88,3.2522411927267564913e+00
89,3.3319996721708342591e+00
90,3.4128404165491326161e+00
91,3.4947737072385667290e+00
92,3.5778098798564346161e+00
93,3.6619592058200343132e+00
94,3.7472317503560352847e+00
95,3.8336372065279480381e+00
96,3.9211847066891776237e+00
97,4.0098826155598858989e+00
98,4.0997383133077880402e+00
99,4.1907579832784334073e+00
100,4.2829464284106784078e+00
101,4.3763069543333505962e+00
102,4.4708413774108857197e+00
103,4.5665502441157599378e+00
104,4.6634333839772343921e+00
105,4.7614909574106185630e+00
106,4.8607251878988968485e+00
107,4.9611429554130417330e+00
108,5.0627593258345484628e+00
109,5.1656018433301538195e+00
110,5.2697149981110191774e+00
111,5.3751637910172647139e+00
112,5.4820350102227415334e+00
113,5.5904350739906236711e+00
114,5.7004842544662297499e+00
115,5.8123084594725931140e+00
116,5.9260307452681724172e+00
117,6.0417647204068085642e+00
118,6.1596110306732603235e+00
119,6.2796568624883928322e+00
120,6.4019775548871367121e+00
121,6.5266392010220268816e+00
122,6.6537013617119233899e+00
123,6.7832193988585807176e+00
124,6.9152462585064649048e+00
125,7.0498337241429238631e+00
126,7.1870332328298998092e+00
127,7.3268962911538491056e+00
128,7.4694729141444851095e+00
129,7.5281019703570564161e+00
130,7.6148290589228988523e+00
131,7.7629991414456949173e+00
132,7.9140486150930007270e+00
133,8.0680321952733091706e+00
134,8.2250066963332901793e+00
135,8.3850301348577414018e+00
136,8.5481616730438236829e+00
137,8.7144616260483118708e+00
138,8.8839914806426385496e+00
139,9.0568139168650105830e+00
140,9.2329928308270581283e+00
141,9.4125933581885146140e+00
142,9.5956818981599791840e+00
143,9.7823261379962893614e+00
144,9.9725950779736525220e+00
145,1.0166559056853628817e+01
146,1.0364289777842664364e+01
147,1.0565860335054976460e+01
148,1.0771345240489122119e+01
149,1.0980820451527627313e+01
150,1.1194363398969883860e+01
151,1.1412053015608940143e+01
152,1.1633969765362346394e+01
153,1.1860195672968087521e+01
154,1.2090814354256215424e+01
155,1.2325911047007641841e+01
156,1.2565572642411662940e+01
157,1.2809887717133175755e+01
158,1.3058946566002056500e+01
159,1.3312841235336378531e+01
160,1.3571665556912009265e+01
161,1.3835515182590881977e+01
162,1.4104487619620970307e+01
163,1.4378682266620801400e+01
164,1.4658200450261926306e+01
165,1.4943145462662453582e+01
166,1.5233622599506247752e+01
167,1.5529739198901244990e+01
168,1.5831604680991386402e+01
169,1.6139330588336850525e+01
170,1.6453030627076742576e+01
171,1.6772820708891426733e+01
172,1.7098818993777605613e+01
173,1.7431145933653276359e+01
174,1.7769924316808239695e+01
175,1.8115279313216984036e+01
176,1.8467338520730415041e+01
177,1.8826232012162556373e+01
178,1.9192092383291832647e+01
179,1.9565054801792168604e+01
180,1.9945257057113536803e+01
181,2.0332839611329593055e+01
182,2.0727945650972348091e+01
183,2.1130721139870715319e+01
184,2.1541314873014783871e+01
185,2.1959878531464568141e+01
186,2.2386566738323967485e+01
187,2.2821537115798921747e+01
188,2.3264950343364183993e+01
189,2.3716970217057159687e+01
190,2.4177763709920611745e+01
191,2.4647501033620169864e+01
192,2.5126355701254333042e+01
193,2.5614504591384207544e+01
194,2.6112128013304683805e+01
195,2.6619409773580976264e+01
196,2.7136537243876208692e+01
197,2.7663701430094004508e+01
198,2.8201097042863157327e+01
199,2.8748922569387271864e+01
200,2.9307380346689921424e+01
201,2.9876676636279135835e+01
202,3.0457021700260565211e+01
203,3.1048629878926238490e+01
204,3.1651719669849246230e+01
205,3.2266513808510701722e+01
206,3.2893239350491981554e+01
207,3.3532127755260439983e+01
208,3.4183414971579956898e+01
209,3.4847341524578133942e+01
210,3.5524152604502297947e+01
211,3.6214098157196595196e+01
212,3.6917432976334509931e+01
213,3.7634416797439357083e+01
214,3.8365314393728745301e+01
215,3.9110395673817521356e+01
216,3.9869935781316200973e+01
217,4.0644215196361670905e+01
218,4.1433519839114687500e+01
219,4.2238141175267998051e+01
220,4.3058376323598224644e+01
221,4.3894528165603603043e+01
222,4.4746905457270578665e+01
223,4.5615822943006754997e+01
224,4.6501601471783011732e+01
225,4.7404568115527787597e+01
226,4.8325056289819009692e+01
227,4.9263405876918291426e+01
228,5.0219963351187601575e+01
229,5.1195081906939840621e+01
230,5.2189121588771214988e+01
231,5.3202449424419398838e+01
232,5.4235439560198429376e+01
233,5.5288473399061317082e+01
234,5.6361939741341373633e+01
235,5.7456234928219110714e+01
236,5.8571762987977393777e+01
237,5.9708935785089394699e+01
238,6.0868173172199504961e+01
239,6.2049903145052809350e+01
240,6.3254562000427341673e+01
241,6.4482594497130293121e+01
242,6.5734454020120679729e+01
243,6.7010602747807510582e+01
244,6.8311511822601829635e+01
245,6.9637661524768645904e+01
246,7.0989541449657309613e+01
247,7.2367650688364662415e+01
248,7.3772498011906179727e+01
249,7.5204602058955316579e+01
250,7.6664491527230708812e+01
251,7.8152705368584662438e+01
252,7.9669792987888854441e+01
253,8.1216314445768333030e+01
254,8.2792840665269537226e+01
255,8.4399953642541035492e+01
256,8.6038246661593120734e+01
257,8.7708324513233520747e+01
258,8.9410803718238227589e+01
259,9.1146312754861838812e+01
260,9.2915492290750862026e+01
261,9.4718995419360908272e+01
262,9.6557487900963266725e+01
263,9.8431648408316547716e+01
264,1.0034216877711351401e+02
265,1.0228975426127563253e+02
266,1.0427512379320954494e+02
267,1.0629901024910805063e+02
268,1.0836216071939011840e+02
269,1.1046533678440223980e+02
270,1.1260931479544969136e+02
271,1.1479488616129343370e+02
272,1.1702285764019597991e+02
273,1.1929405163763770759e+02
274,1.2160930650980068890e+02
275,1.2396947687294667162e+02
276,1.2637543391879188448e+02
277,1.2882806573600842626e+02
278,1.3132827763794043108e+02
279,1.3387699249670660606e+02
280,1.3647515108375682757e+02
281,1.3912371241705241687e+02
282,1.4182365411497428909e+02
283,1.4457597275709591145e+02
284,1.4738168425195536315e+02
285,1.5024182421196582027e+02
286,1.5315744833558980531e+02
287,1.5612963279693295249e+02
288,1.5915947464289564550e+02
289,1.6224809219802835969e+02
290,1.6539662547723520447e+02
291,1.6860623660649594058e+02
292,1.7187811025173033386e+02
293,1.7521345405600419554e+02
294,1.7861349908519699170e+02
295,1.8207950028232792761e+02
296,1.8561273693069219348e+02
297,1.8921451312597616834e+02
298,1.9288615825753785771e+02
299,1.9662902749902386290e+02
300,2.0044450230849830064e+02
301,2.0433399093828458604e+02
302,2.0829892895467548897e+02
303,2.1234077976775625984e+02
304,2.1646103517148955575e+02
305,2.2066121589427183380e+02
306,2.2494287216017457354e+02
307,2.2930758426109241555e+02
308,2.3375696313995908326e+02
309,2.3829265098530078149e+02
310,2.4291632183732613726e+02
311,2.4762968220574347811e+02
312,2.5243447169960873566e+02
313,2.5733246366936020877e+02
314,2.6232546586132025368e+02
315,2.6741532108489093389e+02
316,2.7260390789270434198e+02
317,2.7789314127395289233e+02
318,2.8328497336118550720e+02
319,2.8878139415080823937e+02
320,2.9438443223756098632e+02
321,3.0009615556325098851e+02
322,3.0591867218001510764e+02
323,3.1185413102837787847e+02
324,3.1790472273041439166e+02
325,3.2407268039831285478e+02
326,3.3036028045859006852e+02
327,3.3676984349234021465e+02
328,3.4330373509175655045e+02
329,3.4996436673328372535e+02
330,3.5675419666771472293e+02
331,3.6367573082754199731e+02
332,3.7073152375193865282e+02
333,3.7792417952965996619e+02
334,3.8525635276025002440e+02
335,3.9273074953391574127e+02
336,4.0035012843038401797e+02
337,4.0811730153715973302e+02
338,4.1603513548754324347e+02
339,4.2410655251875704153e+02
340,4.3233453155065558349e+02
341,4.4072210928533337437e+02
342,4.4927238132806002113e+02
343,4.5798850332999933244e+02
344,4.6687369215306421211e+02
345,4.7593122705740768197e+02
346,4.8516445091194316319e+02
347,4.9457677142834859296e+02
348,5.0417166241902174306e+02
349,5.1395266507943733814e+02
350,5.2392338929541097059e+02
351,5.3408751497570688116e+02
352,5.4444879341050398125e+02
353,5.5501104865625995899e+02
354,5.6577817894739530402e+02
355,5.7675415813540939780e+02
356,5.8794303715591308901e+02
357,5.9934894552412913526e+02
358,6.1097609285942985480e+02
359,6.2282877043942562523e+02
360,6.3491135278422302690e+02
361,6.4722829927147563467e+02
362,6.5978415578270880815e+02
363,6.7258355638165983237e+02
364,6.8563122502510043432e+02
365,6.9893197730696635972e+02
366,7.1249072223625375955e+02
367,7.2631246404948251438e+02
368,7.4040230405828367566e+02
369,7.5476544253284760089e+02
370,7.6940718062199982796e+02
371,7.8433292231042264575e+02
372,7.9954817641397130501e+02
373,8.1505855861365193960e+02
374,8.3086979352909474983e+02
375,8.4698771683228926577e+02
376,8.6341827740230905874e+02
377,8.8016753952186945753e+02
378,8.9724168511655886959e+02
379,9.1464701603748039815e+02
380,9.3238995638822075307e+02
381,9.5047705489696534187e+02
382,9.6891498733470962179e+02
383,9.8771055898034819620e+02
384,1.0068707071336684749e+03
385,1.0264025036770087809e+03
386,1.0463131576868727279e+03
387,1.0666100180959588215e+03
388,1.0873005764070212535e+03
389,1.1083924694594320499e+03
390,1.1298934822493674801e+03
391,1.1518115508047635558e+03
392,1.1741547651161340582e+03
393,1.1969313721241574058e+03
394,1.2201497787654245712e+03
395,1.2438185550771559065e+03
396,1.2679464373623359279e+03
397,1.2925423314161573671e+03
398,1.3176153158151921616e+03
399,1.3431746452704114745e+03
400,1.3692297540452477733e+03
401,1.3957902594400393355e+03
402,1.4228659653441823139e+03
403,1.4504668658571301876e+03
404,1.4786031489798069742e+03
405,1.5072852003776647507e+03
406,1.5365236072166799204e+03
407,1.5663291620740180861e+03
408,1.5967128669245207675e+03
409,1.6276859372046087628e+03
410,1.6592598059550171001e+03
411,1.6914461280441898907e+03
412,1.7242567844734119262e+03
413,1.7577038867657181527e+03
414,1.7917997814398972878e+03
415,1.8265570545715124808e+03
416,1.8619885364423651026e+03
417,1.8981073062803284301e+03
418,1.9349266970910296095e+03
419,1.9724603005837182081e+03
420,2.0107219721924805071e+03
421,2.0497258361949861865e+03
422,2.0894862909308417329e+03
423,2.1300180141210375950e+03
424,2.1713359682909376716e+03
425,2.2134554062983179392e+03
426,2.2563918769690403678e+03
427,2.3001612308419348665e+03
428,2.3447796260254754088e+03
429,2.3902635341679783778e+03
430,2.4366297465439142798e+03
431,2.4838953802584237565e+03
432,2.5320778845722325059e+03
433,2.5811950473494671314e+03
434,2.6312650016307979968e+03
435,2.6823062323341100637e+03
436,2.7343375830853683510e+03
437,2.7873782631823082738e+03
438,2.8414478546931463825e+03
439,2.8965663196933023755e+03
440,2.9527540076429013425e+03
441,3.0100316629071098760e+03
442,3.0684204324230099701e+03
443,3.1279418735152007685e+03
444,3.1886179618632372694e+03
445,3.2504710996239145970e+03
446,3.3135241237113564239e+03
447,3.3778003142377360746e+03
448,3.4433234031184001651e+03
449,3.5101175828438217650e+03
450,3.5782075154220678996e+03
451,3.6476183414951342456e+03
452,3.7183756896321920067e+03
453,3.7905056858036537051e+03
454,3.8640349630390974198e+03
455,3.9389906712729639366e+03
456,4.0154004873815397332e+03
457,4.0932926254150429486e+03
458,4.1726958470282561393e+03
459,4.2536394721143178685e+03
460,4.3361533896447808729e+03
461,4.4202680687203210255e+03
462,4.5060145698365358840e+03
463,4.5934245563683307410e+03
464,4.6825303062776192746e+03
465,4.7733647240486534429e+03
466,4.8659613528549816692e+03
467,4.9603543869634831935e+03
468,5.0565786843789792329e+03
469,5.1546697797345732397e+03
470,5.2546638974328943732e+03
471,5.3565979650426797889e+03
472,5.4605096269554978790e+03
473,5.5664372583080548793e+03
474,5.6744199791754117541e+03
475,5.7844976690398270875e+03
476,5.8967109815408521172e+03
477,6.0111013595120921309e+03
478,6.1277110503106623582e+03
479,6.2465831214444615398e+03
480,6.3677614765029211412e+03
481,6.4912908713981278197e+03
482,6.6172169309213686574e+03
483,6.7455861656212573507e+03
484,6.8764459890107600586e+03
485,7.0098447351081995293e+03
486,7.1458316763197699402e+03
487,7.2844570416690376078e+03
488,7.4257720353822578545e+03
489,7.5698288558334361369e+03
490,7.7166807148591660734e+03
491,7.8663818574487031583e+03
492,8.0189875818162936412e+03
493,8.1745542598651200024e+03
494,8.3331393580477251817e+03
495,8.4948014586340177630e+03
496,8.6596002813910345139e+03
497,8.8275967056857953139e+03
498,8.9988527930174077483e+03
499,9.1734318099876527413e+03
500,9.3513982517181793810e+03
501,9.5328178657239004679e+03
502,9.7177576762495991716e+03
503,9.9062860090816993761e+03
504,1.0098472516840922253e+04
505,1.0294388204768467403e+04
506,1.0494105457013007253e+04
507,1.0697698063429314061e+04
508,1.0905241246898709505e+04
509,1.1116811691180828348e+04
510,1.1332487569307866579e+04
511,1.1552348572529415833e+04
512,1.1776475939823467343e+04
513,1.2004952487979631769e+04
514,1.2237862642268857599e+04
515,1.2475292467709250559e+04
516,1.2717329700940748808e+04
517,1.2964063782720875679e+04
518,1.3215585891051723593e+04
519,1.3471988974952786521e+04
520,1.3733367788890856900e+04
521,1.3999818927880192859e+04
522,1.4271440863265142980e+04
523,1.4548333979201595866e+04
524,1.4830600609845991130e+04
525,1.5118345077269983449e+04
526,1.5411673730113334386e+04
527,1.5710694982988785341e+04
528,1.6015519356654107469e+04
529,1.6326259518967757685e+04
530,1.6643030326639429404e+04
531,1.6965948867797447747e+04
532,1.7295134505381622148e+04
533,1.7630708921382487461e+04
534,1.7972796161942751496e+04
535,1.8321522683337509079e+04
536,1.8677017398847936420e+04
537,1.9039411726550031744e+04
538,1.9408839638033907249e+04
539,1.9785437708071833185e+04
540,2.0169345165254031599e+04
541,2.0560703943610940769e+04
542,2.0959658735240442184e+04
543,2.1366357043963347678e+04
544,2.1780949240020880097e+04
545,2.2203588615839282284e+04
546,2.2634431442883134878e+04
547,2.3073637029612629703e+04
548,2.3521367780574601056e+04
549,2.3977789256641648535e+04
550,2.4443070236428186035e+04
551,2.4917382778901486745e+04
552,2.5400902287215307297e+04
553,2.5893807573785517889e+04
554,2.6396280926636678487e+04
555,2.6908508177040173905e+04
556,2.7430678768471814692e+04
557,2.7962985826914991776e+04
558,2.8505626232533697475e+04
559,2.9058800692741973762e+04
560,2.9622713816701230826e+04
561,3.0197574191267965944e+04
562,3.0783594458424129698e+04
563,3.1380991394215645414e+04
564,3.1989985989234857698e+04
565,3.2610803530668163148e+04
566,3.3243673685946028854e+04
567,3.3888830588027682097e+04
568,3.4546512922345063998e+04
569,3.5216964015445744735e+04
570,3.5900431925366021460e+04
571,3.6597169533766165841e+04
572,3.7307434639863211487e+04
573,3.8031490056200309482e+04
574,3.8769603706279413018e+04
575,3.9522048724105537985e+04
576,4.0289103555671405047e+04
577,4.1071052062422757444e+04
578,4.1868183626743251807e+04
579,4.2680793259501115244e+04
580,4.3509181709693926678e+04
581,4.4353655576233359170e+04
582,4.5214527421916864114e+04
583,4.6092115889620159578e+04
584,4.6986745820759613707e+04
585,4.7898748376071780513e+04
586,4.8828461158753249038e+04
587,4.9776228339996690920e+04
588,5.0742400786988087930e+04
589,5.1727336193406903476e+04
590,5.2731399212460739363e+04
591,5.3754961592540712445e+04
592,5.4798402315510626067e+04
593,5.5862107737706894113e+04
594,5.6946471733691781992e+04
595,5.8051895842819874815e+04
596,5.9178789418660948286e+04
597,6.0327569781354926818e+04
598,6.1498662372938248154e+04
599,6.2692500915707532840e+04
600,6.3909527573684827075e+04
601,6.5150193117232804070e+04
602,6.6414957090896888985e+04
603,6.7704287984524387866e+04
604,6.9018663407731131883e+04
605,7.0358570267788032652e+04
606,7.1724504950977803674e+04
607,7.3116973507504866575e+04
608,7.4536491840025177225e+04
609,7.5983585895859781886e+04
610,7.7458791862976242555e+04
611,7.8962656369798962260e+04
612,8.0495736688939010492e+04
613,8.2058600944904115750e+04
614,8.3651828325876878807e+04
615,8.5276009299645258579e+04
616,8.6931745833749795565e+04
617,8.8619651619956508512e+04
618,9.0340352303113410017e+04
619,9.2094485714493479463e+04
620,9.3882702109709600336e+04
621,9.5705664411294492311e+04
622,9.7564048456018761499e+04
623,9.9458543247077861452e+04
624,1.0138985121119556425e+05
625,1.0335868846078490606e+05
626,1.0536578506123977422e+05
627,1.0741188530346630432e+05
628,1.0949774798176111653e+05
629,1.1162414667712491064e+05
630,1.1379187004615798651e+05
631,1.1600172211558499839e+05
632,1.1825452258258681104e+05
633,1.2055110712101138779e+05
634,1.2289232769358858059e+05
635,1.2527905287027060695e+05
636,1.2771216815282317111e+05
637,1.3019257630579861871e+05
638,1.3272119769396382617e+05
639,1.3529897062640494551e+05
640,1.3792685170733992709e+05
641,1.4060581619385065278e+05
642,1.4333685836062385351e+05
643,1.4612099187186028576e+05
644,1.4895925016047540703e+05
645,1.5185268681477120845e+05
646,1.5480237597269078833e+05
647,1.5780941272381099407e+05
648,1.6087491351924961782e+05
649,1.6400001658961811336e+05
650,1.6718588237120167469e+05
651,1.7043369394048835966e+05
652,1.7374465745727808098e+05
653,1.7712000261648141895e+05
654,1.8056098310880459030e+05
655,1.8406887709049740806e+05
656,1.8764498766235276707e+05
657,1.9129064335810369812e+05
658,1.9500719864245504141e+05
659,1.9879603441890829708e+05
660,2.0265855854757802445e+05
661,2.0659620637319210800e+05
662,2.1061044126351238810e+05
663,2.1470275515832836390e+05
664,2.1887466912928340025e+05
665,2.2312773395071888808e+05
666,2.2746353068175696535e+05
667,2.3188367125986891915e+05
668,2.3638979910611122614e+05
669,2.4098358974232780747e+05
670,2.4566675142048424459e+05
671,2.5044102576441958081e+05
672,2.5530818842426856281e+05
673,2.6027004974376288010e+05
674,2.6532845544069883181e+05
675,2.7048528730085457209e+05
676,2.7574246388556028251e+05
677,2.8110194125327473739e+05
678,2.8656571369534177938e+05
679,2.9213581448634510161e+05
680,2.9781431664921448100e+05
681,3.0360333373548497912e+05
682,3.0950502062092453707e+05
683,3.1552157431692001410e+05
684,3.2165523479788866825e+05
685,3.2790828584498382406e+05
686,3.3428305590656149434e+05
687,3.4078191897558601340e+05
688,3.4740729548443120439e+05
689,3.5416165321735187899e+05
690,3.6104750824100471800e+05
691,3.6806742585338372737e+05
692,3.7522402155154297361e+05
693,3.8251996201842895243e+05
694,3.8995796612930903211e+05
695,3.9754080597808019957e+05
696,4.0527130792391282739e+05
697,4.1315235365863586776e+05
698,4.2118688129523373209e+05
699,4.2937788647797424346e+05
700,4.3772842351446213434e+05
701,4.4624160653020092286e+05
702,4.5492061064599384554e+05
703,4.6376867317873291904e+05
704,4.7278909486596967326e+05
705,4.8198524111482751323e+05
706,4.9136054327565082349e+05
707,5.0091849994096223963e+05
708,5.1066267827021080302e+05
709,5.2059671534079464618e+05
710,5.3072431952597387135e+05
711,5.4104927190010109916e+05
712,5.5157542767178977374e+05
713,5.6230671764561452437e+05
714,5.7324714971280179452e+05
715,5.8440081037160637788e+05
716,5.9577186627794569358e+05
717,6.0736456582681299187e+05
718,6.1918324076523538679e+05
719,6.3123230783730198164e+05
720,6.4351627046195534058e+05
721,6.5603972044417145662e+05
722,6.6880733972029993311e+05
723,6.8182390213806356769e+05
724,6.9509427527213771828e+05
725,7.0862342227588349488e+05
726,7.2241640377001627348e+05
727,7.3647837976891046856e+05
728,7.5081461164541670587e+05
729,7.6543046413477649912e+05
730,7.8033140737866668496e+05
731,7.9552301900997711346e+05
732,8.1101098627926351037e+05
733,8.2680110822364198975e+05
734,8.4289929787912080064e+05
735,8.5931158453705988359e+05
736,8.7604411604580900166e+05
737,8.9310316115837905090e+05
738,9.1049511192706949078e+05
739,9.2822648614606901538e+05
740,9.4630392984287592117e+05
741,9.6473421981967275497e+05
742,9.8352426624568423722e+05
743,1.0026811153013495496e+06
744,1.0222119518755085301e+06
745,1.0421241023168185493e+06
746,1.0624250372401941568e+06
747,1.0831223743897089735e+06
748,1.1042238815587891731e+06
749,1.1257374795691757463e+06
750,1.1476712453097212128e+06
751,1.1700334148361624684e+06
752,1.1928323865332023706e+06
753,1.2160767243402164895e+06
754,1.2397751610418402124e+06
755,1.2639366016247735824e+06
756,1.2885701267020227388e+06
757,1.3136849960062052123e+06
758,1.3392906519532580860e+06
759,1.3653967232778207399e+06
760,1.3920130287419224624e+06
761,1.4191495809185269754e+06
762,1.4468165900513145607e+06
763,1.4750244679924643133e+06
764,1.5037838322196986992e+06
765,1.5331055099346837960e+06
766,1.5630005422441232949e+06
767,1.5934801884253572207e+06
768,1.6245559302781959996e+06
769,1.6562394765647910535e+06
770,1.6885427675393493846e+06
771,1.7214779795694816858e+06
772,1.7550575298511877190e+06
773,1.7892940812193816528e+06
774,1.8242005470559152309e+06
775,1.8597900962969730608e+06
776,1.8960761585422498174e+06
777,1.9330724292676886544e+06
778,1.9707928751441140193e+06
779,2.0092517394636787940e+06
780,2.0484635476770249661e+06
781,2.0884431130424854346e+06
782,2.1292055423906217329e+06
783,2.1707662420056653209e+06
784,2.2131409236271469854e+06
785,2.2563456105731306598e+06
786,2.3003966439890512265e+06
787,2.3453106892230147496e+06
788,2.3911047423318321817e+06
789,2.4377961367195388302e+06
790,2.4854025499113141559e+06
791,2.5339420104659581557e+06
792,2.5834329050297718495e+06
793,2.6338939855340002105e+06
794,2.6853443765404815786e+06
795,2.7378035827366700396e+06
796,2.7912914965847320855e+06
797,2.8458284061272148974e+06
798,2.9014350029526618309e+06
799,2.9581323903246051632e+06
800,3.0159420914771901444e+06
801,3.0748860580816757865e+06
802,3.1349866788861504756e+06
803,3.1962667885332629085e+06
804,3.2587496765591739677e+06
805,3.3224590965775470249e+06
806,3.3874192756530400366e+06
807,3.4536549238671278581e+06
808,3.5211912440819037147e+06
809,3.5900539419047031552e+06
810,3.6602692358585596085e+06
811,3.7318638677625739947e+06
812,3.8048651133269672282e+06
813,3.8793007929666694254e+06
814,3.9551992828391673975e+06
815,4.0325895261104125530e+06
816,4.1115010444540521130e+06
817,4.1919639497893662192e+06
818,4.2740089562621051446e+06
819,4.3576673924740673974e+06
820,4.4429712139667756855e+06
821,4.5299530159648945555e+06
822,4.6186460463829254732e+06
823,4.7090842191047919914e+06
824,4.8013021275380877778e+06
825,4.8953350584519691765e+06
826,4.9912190061018923298e+06
827,5.0889906866512773558e+06
828,5.1886875528916399926e+06
829,5.2903478092724056914e+06
830,5.3940104272434338927e+06
831,5.4997151609195647761e+06
832,5.6075025630722017959e+06
833,5.7174140014562103897e+06
834,5.8294916754796179011e+06
835,5.9437786332220481709e+06
836,6.0603187888112394139e+06
837,6.1791569401645371690e+06
838,6.3003387871032180265e+06
839,6.4239109498477401212e+06
840,6.5499209879040103406e+06
841,6.6784174193450240418e+06
842,6.8094497405017018318e+06
843,6.9430684460682561621e+06
844,7.0793250496324822307e+06
845,7.2182721046399874613e+06
846,7.3599632258020723239e+06
847,7.5044531109576001763e+06
848,7.6517975633974391967e+06
849,7.8020535146626075730e+06
850,7.9552790478269802406e+06
851,8.1115334212741516531e+06
852,8.2708770929804528132e+06
853,8.4333717453148066998e+06
854,8.5990803103664815426e+06
855,8.7680669958136156201e+06
856,8.9403973113433402032e+06
857,9.1161380956369675696e+06
858,9.2953575439309813082e+06
859,9.4781252361694220454e+06
860,9.6645121657581571490e+06
861,9.8545907689364366233e+06
862,1.0048434954778037965e+07
863,1.0246120135838244110e+07
864,1.0447723259458143264e+07
865,1.0653322839744562283e+07
866,1.0862998990237057209e+07
867,1.1076833457281552255e+07
868,1.1294909654122566804e+07
869,1.1517312695733362809e+07
870,1.1744129434399567544e+07
871,1.1975448496072823182e+07
872,1.2211360317511942238e+07
873,1.2451957184231610969e+07
874,1.2697333269275093451e+07
875,1.2947584672828715295e+07
876,1.3202809462699538097e+07
877,1.3463107715675730258e+07
878,1.3728581559789385647e+07
879,1.3999335217500573024e+07
880,1.4275475049828236923e+07
881,1.4557109601445533335e+07
882,1.4844349646762939170e+07
883,1.5137308237024197355e+07
884,1.5436100748435728252e+07
885,1.5740844931354437023e+07
886,1.6051660960558602586e+07
887,1.6368671486627072096e+07
888,1.6692001688452905044e+07
889,1.7021779326915066689e+07
890,1.7358134799741555005e+07
891,1.7701201197584632784e+07
892,1.8051114361339349300e+07
893,1.8408012940739527345e+07
894,1.8772038454249877483e+07
895,1.9143335350296467543e+07
896,1.9522051069861356169e+07
897,1.9908336110472310334e+07
898,2.0302344091625168920e+07
899,2.0704231821669142693e+07
900,2.1114159366191510111e+07
901,2.1532290117935266346e+07
902,2.1958790868290405720e+07
903,2.2393831880393058062e+07
904,2.2837586963870421052e+07
905,2.3290233551274124533e+07
906,2.3751952776239696890e+07
907,2.4222929553414363414e+07
908,2.4703352660197265446e+07
909,2.5193414820335257798e+07
910,2.5693312789415340871e+07
911,2.6203247442307014018e+07
912,2.6723423862593717873e+07
913,2.7254051434052061290e+07
914,2.7795343934216443449e+07
915,2.8347519630089066923e+07
916,2.8910801376045253128e+07
917,2.9485416713985379785e+07
918,3.0071597975795257837e+07
919,3.0669582388164915144e+07
920,3.1279612179824080318e+07
921,3.1901934691262520850e+07
922,3.2536802486984837800e+07
923,3.3184473470375191420e+07
924,3.3845211001224018633e+07
925,3.4519284015995696187e+07
926,3.5206967150894328952e+07
927,3.5908540867806084454e+07
928,3.6624291583191715181e+07
929,3.7354511799986585975e+07
930,3.8099500242610387504e+07
931,3.8859561995143525302e+07
932,3.9635008642761297524e+07
933,4.0426158416502863169e+07
934,4.1233336341466799378e+07
935,4.2056874388513579965e+07
936,4.2897111629568137228e+07
937,4.3754394396614752710e+07
938,4.4629076444480016828e+07
939,4.5521519117496557534e+07
940,4.6432091520155437291e+07
941,4.7361170691845029593e+07
942,4.8309141785781905055e+07
943,4.9276398252246439457e+07
944,5.0263342026239261031e+07
945,5.1270383719653971493e+07
946,5.2297942818114310503e+07
947,5.3346447882578007877e+07
948,5.4416336755831554532e+07
949,5.5508056774024441838e+07
950,5.6622064983352668583e+07
951,5.7758828362043745816e+07
952,5.8918824047780871391e+07
953,6.0102539570708043873e+07
954,6.1310473092168904841e+07
955,6.2543133649334304035e+07
956,6.3801041405872978270e+07
957,6.5084727908830992877e+07
958,6.6394736351887486875e+07
959,6.7731621845161870122e+07
960,6.9095951691749289632e+07
961,7.0488305671166330576e+07
962,7.1909276329893395305e+07
963,7.3359469279227301478e+07
964,7.4839503500612646341e+07
965,7.6350011658692121506e+07
966,7.7891640422264918685e+07
967,7.9465050793388918042e+07
968,8.1070918444844782352e+07
969,8.2709934066196992993e+07
970,8.4382803718699976802e+07
971,8.6090249199283435941e+07
972,8.7833008413889840245e+07
973,8.9611835760419562459e+07
974,9.1427502521557465196e+07
975,9.3280797267758339643e+07
976,9.5172526270703136921e+07
977,9.7103513927480250597e+07
978,9.9074603195858910680e+07
979,1.0108665604092912376e+08
980,1.0314055389345842600e+08
981,1.0523719812029594183e+08
982,1.0737751050719362497e+08
983,1.0956243375437396765e+08
984,1.1179293198525698483e+08
985,1.1406999126870378852e+08
986,1.1639462015519557893e+08
987,1.1876785022734768689e+08
988,1.2119073666520076990e+08
989,1.2366435882670386136e+08
990,1.2618982084388121963e+08
991,1.2876825223512293398e+08
992,1.3140080853410327435e+08
993,1.3408867193582494557e+08
994,1.3683305196031197906e+08
995,1.3963518613448080420e+08
996,1.4249634069276991487e+08
997,1.4541781129708459973e+08
998,1.4840092377663618326e+08
999,1.5144703488834553957e+08
1000,1.5455753309840923548e+08
1001,1.5773383938568890095e+08
1002,1.6097740806762129068e+08
1003,1.6428972764937594533e+08
1004,1.6767232169693586230e+08
1005,1.7112674973493057489e+08
1006,1.7465460816995838284e+08
1007,1.7825753124025276303e+08
1008,1.8193719199248984456e+08
1009,1.8569530328666955233e+08
1010,1.8953361882993030548e+08
1011,1.9345393424025702477e+08
1012,1.9745808814108318090e+08
1013,2.0154796328776386380e+08
1014,2.0572548772696405649e+08
1015,2.0999263599009257555e+08
1016,2.1435143032188978791e+08
1017,2.1880394194533064961e+08
1018,2.2335229236406061053e+08
1019,2.2799865470366713405e+08
1020,2.3274525509305250645e+08
1021,2.3759437408728033304e+08
1022,2.4254834813334393501e+08
1023,2.4760957108027824759e+08
1024,2.5278049573517802358e+08
1025,2.5806363546669110656e+08
1026,2.6346156585767656565e+08
1027,2.6897692640866601467e+08
1028,2.7461242229398524761e+08
1029,2.8037082617236477137e+08
1030,2.8625498005396956205e+08
1031,2.9226779722585606575e+08
1032,2.9841226423794198036e+08
1033,3.0469144295169848204e+08
1034,3.1110847265376412868e+08
1035,3.1766657223691701889e+08
1036,3.2436904245080292225e+08
1037,3.3121926822500801086e+08
1038,3.3822072106715422869e+08
1039,3.4537696153875821829e+08
1040,3.5269164181177198887e+08
1041,3.6016850830888932943e+08
1042,3.6781140443062955141e+08
1043,3.7562427337264984846e+08
1044,3.8361116103660988808e+08
1045,3.9177621903816527128e+08
1046,4.0012370781596475840e+08
1047,4.0865799984535664320e+08
1048,4.1738358296105784178e+08
1049,4.2630506379293721914e+08
1050,4.3542717131945079565e+08
1051,4.4475476054325860739e+08
1052,4.5429281629411613941e+08
1053,4.6404645716383773088e+08
1054,4.7402093957891774178e+08
1055,4.8422166201626348495e+08
1056,4.9465416936782425642e+08
1057,5.0532415746039104462e+08
1058,5.1623747773680949211e+08
1059,5.2740014210539001226e+08
1060,5.3881832796450364590e+08
1061,5.5049838340978419781e+08
1062,5.6244683263157498837e+08
1063,5.7467038151077461243e+08
1064,5.8717592342165660858e+08
1065,5.9997054525035476685e+08
1066,6.1306153363865053654e+08
1067,6.2645638146272802353e+08
1068,6.4016279455730462074e+08
1069,6.5418869869592165947e+08
1070,6.6854224683893442154e+08
1071,6.8323182666114461422e+08
1072,6.9826606837161290646e+08
1073,7.1365385283914709091e+08
1074,7.2940432003736948967e+08
1075,7.4552687782401692867e+08
1076,7.6203121107016825676e+08
1077,7.7892729115563845634e+08
1078,7.9622538584792292118e+08
1079,8.1393606958280372620e+08
1080,8.3207023416588628292e+08
1081,8.5063909991524636745e+08
1082,8.6965422726690471172e+08
1083,8.8912752886528944969e+08
1084,9.0907128216309452057e+08
1085,9.2949814255551707745e+08
1086,9.5042115707570588589e+08
1087,9.7185377867983829975e+08
1088,9.9380988115172767639e+08
1089,1.0163037746587195396e+09
1090,1.0393502219926079512e+09
1091,1.0629644555312240124e+09
1092,1.0871621949586822987e+09
1093,1.1119596657842733860e+09
1094,1.1373736187028827667e+09
1095,1.1634213498423538208e+09
1096,1.1901207219455180168e+09
1097,1.2174901865390520096e+09
1098,1.2455488071428210735e+09
1099,1.2743162835784034729e+09
1100,1.3038129774383814335e+09
1101,1.3340599387826557159e+09
1102,1.3650789341320073605e+09
1103,1.3968924758337817192e+09
1104,1.4295238528803880215e+09
1105,1.4629971632660260201e+09
1106,1.4973373479731781483e+09
1107,1.5325702266870546341e+09
1108,1.5687225353429756165e+09
1109,1.6058219656190569401e+09
1110,1.6438972064945530891e+09
1111,1.6829779880035347939e+09
1112,1.7230951273224034309e+09
1113,1.7642805773405485153e+09
1114,1.8065674778743309975e+09
1115,1.8499902096969907284e+09
1116,1.8945844515704157352e+09
1117,1.9403872404785311222e+09
1118,1.9874370352784993649e+09
1119,2.0357737840028400421e+09
1120,2.0854389950638301373e+09
1121,2.1364758126330485344e+09
1122,2.1889290964898705482e+09
1123,2.2428455066585974693e+09
1124,2.2982735931799879074e+09
1125,2.3552638913928017616e+09
1126,2.4138690231329073906e+09
1127,2.4741438042939295769e+09
1128,2.5361453592319593430e+09
1129,2.5999332425403876305e+09
1130,2.6655695687690277100e+09
1131,2.7331191507139258385e+09
1132,2.8026496469631094933e+09
1133,2.8742317194486126900e+09
1134,2.9479392018259749413e+09
1135,3.0238492795839629173e+09
1136,3.1020426828744511604e+09
1137,3.1826038931530184746e+09
1138,3.2656213648303904533e+09
1139,3.3511877632596263885e+09
1140,3.4394002205215435028e+09
1141,3.5303606106265373230e+09
1142,3.6241758459265966415e+09
1143,3.7209581967262625694e+09
1144,3.8208256363040962219e+09
1145,3.9239022138061103821e+09
1146,4.0303184577560186386e+09
1147,4.1402118132498307228e+09
1148,4.2537271162645974159e+09
1149,4.3710171089308977127e+09
1150,4.4922430000909004211e+09
1151,4.6175750760079412460e+09
1152,4.7471933667165222168e+09
1153,4.8812883742169351578e+09
1154,5.0200618695446853638e+09
1155,5.1637277666972570419e+09
1156,5.3125130825047731400e+09
1157,5.4666589928142929077e+09
1158,5.6264219968512830734e+09
1159,5.7920752033688354492e+09
1160,5.9639097542412519455e+09
1161,6.1422364035671977997e+09
1162,6.3273872731889123917e+09
1163,6.5197178088989849091e+09
1164,6.7196089656067781448e+09
1165,6.9274696545104408264e+09
1166,7.1437394910415668488e+09
1167,7.3688918892320261002e+09
1168,7.6034375564727678299e+09
1169,7.8479284527380352020e+09
1170,8.1029622906770133972e+09
1171,8.3691876680976362228e+09
1172,8.6473099430207366943e+09
1173,8.9380979846145439148e+09
1174,9.2423919621958656311e+09
1175,9.5611123707426109314e+09
1176,9.8952705372207775116e+09
1177,1.0245980910441560745e+10
1178,1.0614475512135103226e+10
1179,1.1002121023974086761e+10
1180,1.1410439111981531143e+10
1181,1.1841130756784118652e+10
1182,1.2296105580593454361e+10
1183,1.2777517461306591034e+10
1184,1.3287808132267276764e+10
1185,1.3829761029790304184e+10
1186,1.4406568439906427383e+10
1187,1.5021916119007505417e+10
1188,1.5680091189546714783e+10
1189,1.6386121513461286545e+10
1190,1.7145958370148508072e+10
1191,1.7966719871743766785e+10
1192,1.8857021467048114777e+10
1193,1.9827434540295864105e+10
1194,2.0891139112411582947e+10
1195,2.2064881227818138123e+10
1196,2.3370429367245079041e+10
1197,2.4836891933671569824e+10
1198,2.6504621102207534790e+10
1199,2.8432297608605728149e+10
1200,3.0711161991628669739e+10
1201,3.3498086010283683777e+10
1202,3.7111714301008483887e+10
1203,4.2439083716679466248e+10
1204,5.3857256267575119019e+10
1205,9.7445103794362487793e+10
1206,3.4003721853041290283e+11
1207,4.4483575799314833984e+12
