11,-1.9875110764909207674e-03
12,2.4898063513069277827e-03
13,8.1411030913121698593e-03
14,1.4877446841758991403e-02
15,2.2653798644699591619e-02
16,3.1442748197453879166e-02
17,4.1225909530875876063e-02
18,5.1990161587506432406e-02
19,6.3725723945107615176e-02
20,7.6425065181124102187e-02
21,9.0082236619943467648e-02
22,1.0469244270254243756e-01
23,1.2025175174446306459e-01
24,1.3675689432445731208e-01
25,1.5420511867054573218e-01
26,1.7259408440597615031e-01
27,1.9192178286731662040e-01
28,2.1218647629088374651e-01
29,2.3338665068965833149e-01
30,2.5552097885508184838e-01
31,2.7858829097602921809e-01
32,3.0258755107830609399e-01
33,3.2751783797640809937e-01
34,3.5337832977128275092e-01
35,3.8016829117155326312e-01
36,4.0788706309227740210e-01
37,4.3653405411502654854e-01
38,4.6610873348990689014e-01
39,4.9661062543329453911e-01
40,5.2803930453107150722e-01
41,5.6039439210048791473e-01
42,5.9367555339802802195e-01
43,6.2788249558763398195e-01
44,6.6301496640550627859e-01
45,6.9907275347552522149e-01
46,7.3605568424396572436e-01
47,7.7396362651432770718e-01
48,8.1279648957348282767e-01
49,8.5255422590894569534e-01
50,8.9323683352439287031e-01
51,9.3484435886675076866e-01
52,9.7737690038340863108e-01
53,1.0208346127320822028e+00
54,1.0652177116690810799e+00
55,1.1105264796439422437e+00
56,1.1567612721292617195e+00
57,1.2039225247145171060e+00
58,1.2520107609912305424e+00
59,1.3010266012538067582e+00
60,1.3509707720361723293e+00
61,1.4018441164979615898e+00
62,1.4536476056660772027e+00
63,1.5063823505276960901e+00
64,1.5600496149587985695e+00
65,1.6146508294586154886e+00
66,1.6701876056448454744e+00
67,1.7266617514472817341e+00
68,1.7840752869191012220e+00
69,1.8424304605659318490e+00
70,1.9017297660732861431e+00
71,1.9619759592941028448e+00
72,2.0231720753405153523e+00
73,2.0853214456081854422e+00
74,2.1484277145485113358e+00
75,2.2124948559937083203e+00
76,2.2775271888326860115e+00
77,2.3435293918298221172e+00
78,2.4105065173740474194e+00
79,2.4784640039374581377e+00
80,2.5474076870080839541e+00
81,2.6173438082339912647e+00
82,2.6882790224685946256e+00
83,2.7602204023321550430e+00
84,2.8331754397929973521e+00
85,2.9071520441174372174e+00
86,2.9821585353329740364e+00
87,3.0582036320959566922e+00
88,3.1352964325576020421e+00
89,3.2134463864952103052e+00
90,3.2926632566453566398e+00
91,3.3729570668805242128e+00
92,3.4543380346590102370e+00
93,3.5368164851158740980e+00
94,3.6204027443209598758e+00
95,3.7051070097025418093e+00
96,3.7909391965275656133e+00
97,3.8779087607940763149e+00
98,3.9660245011467982756e+00
99,4.0552943458192869386e+00
100,4.1457251356841258172e+00
101,4.2373224221044427651e+00
102,4.3300903096583827079e+00
103,4.4240313905681141193e+00
104,4.5191468415465481101e+00
105,4.6154367857789226903e+00
106,4.7129010611232535766e+00
107,4.8115405719553860919e+00
108,4.9113594155233650795e+00
109,5.0123679251504320575e+00
110,5.1145866069231065154e+00
111,5.2180506167434295151e+00
112,5.3228139527137070530e+00
113,5.4289520934477586422e+00
114,5.5365617262186690439e+00
115,5.6457567969799828944e+00
116,5.7566613418109966460e+00
117,5.8694008493083318356e+00
118,5.9840944601070251707e+00
119,6.1008497830096954928e+00
120,6.2197609022201998386e+00
121,6.3409090303702404512e+00
122,6.4643647238796146937e+00
123,6.5901906218054531195e+00
124,6.7184440142399646234e+00
125,6.8491789173038339911e+00
126,6.9824475923573956493e+00
127,7.1183015774162372580e+00
128,7.2567923192407501887e+00
129,7.3979712440528402340e+00
130,7.5306459499020412807e+00
131,7.5419173387333309222e+00
132,7.6886125091009445143e+00
133,7.8381773281349031990e+00
134,7.9906473186610309511e+00
135,8.1460785125560590814e+00
136,8.3045283150861060051e+00
137,8.4660552893164382482e+00
138,8.6307191447167390663e+00
139,8.7985807519388696818e+00
140,8.9697021633189404355e+00
141,9.1441466351846791838e+00
142,9.3219786510089726050e+00
143,9.5032639451435461098e+00
144,9.6880695270564487487e+00
145,9.8764637060545883429e+00
146,1.0068516116490743073e+01
147,1.0264297743461352042e+01
148,1.0463880949003392828e+01
149,1.0667339498799607966e+01
150,1.0874748589401310284e+01
151,1.1086184875979876452e+01
152,1.1301726500615638216e+01
153,1.1521453121136287834e+01
154,1.1745445940513659977e+01
155,1.1973787736831210893e+01
156,1.2206562893832687777e+01
157,1.2443857432063003543e+01
158,1.2685759040612872184e+01
159,1.2932357109479783119e+01
160,1.3183742762556038386e+01
161,1.3440008891256161050e+01
162,1.3701250188797803986e+01
163,1.3967563185145875693e+01
164,1.4239046282635491991e+01
165,1.4515799792285683623e+01
166,1.4797925970816537600e+01
167,1.5085529058385239054e+01
168,1.5378715317053277545e+01
169,1.5677593070000096276e+01
170,1.5982272741497233426e+01
171,1.6292866897657081182e+01
172,1.6609490287972779043e+01
173,1.6932259887663459352e+01
174,1.7261294940839920997e+01
175,1.7596717004508974469e+01
176,1.7938649993430132668e+01
177,1.8287220225841856802e+01
178,1.8642556470076215192e+01
179,1.9004789992076112526e+01
180,1.9374054603834437671e+01
181,1.9750486712772879372e+01
182,2.0134225372078425664e+01
183,2.0525412332015765315e+01
184,2.0924192092235141871e+01
185,2.1330711955094585619e+01
186,2.1745122080015786281e+01
187,2.2167575538894848108e+01
188,2.2598228372587982449e+01
189,2.3037239648491230071e+01
190,2.3484771519238282877e+01
191,2.3940989282536218496e+01
192,2.4406061442161352204e+01
193,2.4880159770138714492e+01
194,2.5363459370127529269e+01
195,2.5856138742033870415e+01
196,2.6358379847880275548e+01
197,2.6870368178949945559e+01
198,2.7392292824233376081e+01
199,2.7924346540203046629e+01
200,2.8466725821942553409e+01
201,2.9019630975652901839e+01
202,2.9583266192565890407e+01
203,3.0157839624292265057e+01
204,3.0743563459629438483e+01
205,3.1340654002859679395e+01
206,3.1949331753567275172e+01
207,3.2569821488001856835e+01
208,3.3202352342022550147e+01
209,3.3847157895648948056e+01
210,3.4504476259251539716e+01
211,3.5174550161414700256e+01
212,3.5857627038504013228e+01
213,3.6553959125970401089e+01
214,3.7263803551423798410e+01
215,3.7987422429514495548e+01
216,3.8725082958651668719e+01
217,3.9477057519600570856e+01
218,4.0243623775990968738e+01
219,4.1025064776772985908e+01
220,4.1821669060663438700e+01
221,4.2633730762616046661e+01
222,4.3461549722355847791e+01
223,4.4305431595020735358e+01
224,4.5165687963946773209e+01
225,4.6042636455642501403e+01
226,4.6936600856992832576e+01
227,4.7847911234735803987e+01
228,4.8776904057256153635e+01
229,4.9723922318742289406e+01
230,5.0689315665750733331e+01
231,5.1673440526224993619e+01
232,5.2676660241016122654e+01
233,5.3699345197957832454e+01
234,5.4741872968536796407e+01
235,5.5804628447216778397e+01
236,5.6888003993464657526e+01
237,5.7992399576532733363e+01
238,5.9118222923043418859e+01
239,6.0265889667443353517e+01
240,6.1435823505372461284e+01
241,6.2628456350006679543e+01
242,6.3844228491435991657e+01
243,6.5083588759130392987e+01
244,6.6346994687558506598e+01
245,6.7634912685019486389e+01
246,6.8947818205750309062e+01
247,7.0286195925365916537e+01
248,7.1650539919708549519e+01
249,7.3041353847162540092e+01
250,7.4459151134506939229e+01
251,7.5904455166370311758e+01
252,7.7377799478364693186e+01
253,7.8879727953960355080e+01
254,8.0410795025183688267e+01
255,8.1971565877204128014e+01
256,8.3562616656894050493e+01
257,8.5184534685427962586e+01
258,8.6837918675010058678e+01
259,8.8523378949806215132e+01
260,9.0241537671154972600e+01
261,9.1993029067151809386e+01
262,9.3778499666689995706e+01
263,9.5598608538029026249e+01
264,9.7454027532005852663e+01
265,9.9345441529953106397e+01
266,1.0127354869642763902e+02
267,1.0323906073684294427e+02
268,1.0524270316010287729e+02
269,1.0728521554632092716e+02
270,1.0936735181973629949e+02
271,1.1148988052692838835e+02
272,1.1365358512042384120e+02
273,1.1585926424779803767e+02
274,1.1810773204640209144e+02
275,1.2039981844378368692e+02
276,1.2273636946396051428e+02
277,1.2511824753961302292e+02
278,1.2754633183034216870e+02
279,1.3002151854710319867e+02
280,1.3254472128292809430e+02
281,1.3511687135006530980e+02
282,1.3773891812365977216e+02
283,1.4041182939209539882e+02
284,1.4313659171413968352e+02
285,1.4591421078301237912e+02
286,1.4874571179751885097e+02
287,1.5163213984037921023e+02
288,1.5457456026389891690e+02
289,1.5757405908311969256e+02
290,1.6063174337660240099e+02
291,1.6374874169497221033e+02
292,1.6692620447740111445e+02
293,1.7016530447616392507e+02
294,1.7346723718943141535e+02
295,1.7683322130245869630e+02
296,1.8026449913733532071e+02
297,1.8376233711144840299e+02
298,1.8732802620485912826e+02
299,1.9096288243672663043e+02
300,1.9466824735098907695e+02
301,1.9844548851145512458e+02
302,2.0229600000650856373e+02
303,2.0622120296359705094e+02
304,2.1022254607370661006e+02
305,2.1430150612601065063e+02
306,2.1845958855288415634e+02
307,2.2269832798550368125e+02
308,2.2701928882021505274e+02
309,2.3142406579588765680e+02
310,2.3591428458247844446e+02
311,2.4049160238101714526e+02
312,2.4515770853520916717e+02
313,2.4991432515492999755e+02
314,2.5476320775179854650e+02
315,2.5970614588708866677e+02
316,2.6474496383220724738e+02
317,2.6988152124198762749e+02
318,2.7511771384105230709e+02
319,2.8045547412347815452e+02
320,2.8589677206603653303e+02
321,2.9144361585528912428e+02
322,2.9709805262877409859e+02
323,3.0286216923057691019e+02
324,3.0873809298155310898e+02
325,3.1472799246451319277e+02
326,3.2083407832462097531e+02
327,3.2705860408533425243e+02
328,3.3340386698016965283e+02
329,3.3987220880061437356e+02
330,3.4646601676046657303e+02
331,3.5318772437697725763e+02
332,3.6003981236907168295e+02
333,3.6702480957299104602e+02
334,3.7414529387571843699e+02
335,3.8140389316649770990e+02
336,3.8880328630682913627e+02
337,3.9634620411927693340e+02
338,4.0403543039547292892e+02
339,4.1187380292364855450e+02
340,4.1986421453616185318e+02
341,4.2800961417728876768e+02
342,4.3631300799176443661e+02
343,4.4477746043445227997e+02
344,4.5340609540152030377e+02
345,4.6220209738360193796e+02
346,4.7116871264128553776e+02
347,4.8030925040345050547e+02
348,4.8962708408886220468e+02
349,4.9912565255143056220e+02
350,5.0880846134966930094e+02
351,5.1867908404077093110e+02
352,5.2874116349979988172e+02
353,5.3899841326448893142e+02
354,5.4945461890611113631e+02
355,5.6011363942699460949e+02
356,5.7097940868509112988e+02
357,5.8205593684628058782e+02
358,5.9334731186475312370e+02
359,6.0485770099221372220e+02
360,6.1659135231632114937e+02
361,6.2855259632898673772e+02
362,6.4074584752512657815e+02
363,6.5317560603243498463e+02
364,6.6584645927276517341e+02
365,6.7876308365579689053e+02
366,6.9193024630549302856e+02
367,7.0535280682017457821e+02
368,7.1903571906667002622e+02
369,7.3298403300929248871e+02
370,7.4720289657433067987e+02
371,7.6169755755074345416e+02
372,7.7647336552773015228e+02
373,7.9153577386985375597e+02
374,8.0689034173059280874e+02
375,8.2254273610488189661e+02
376,8.3849873392157735452e+02
377,8.5476422417642856999e+02
378,8.7134521010657329043e+02
379,8.8824781140712684646e+02
380,9.0547826649087824080e+02
381,9.2304293479175987613e+02
382,9.4094829911310557691e+02
383,9.5920096802149646464e+02
384,9.7780767828696230026e+02
385,9.9677529737068755367e+02
386,1.0161108259608727167e+03
387,1.0358214005579452532e+03
388,1.0559142961098521027e+03
389,1.0763969286985370672e+03
390,1.0972768582786322895e+03
391,1.1185617914691990791e+03
392,1.1402595843997535212e+03
393,1.1623782456114297474e+03
394,1.1849259390146694386e+03
395,1.2079109869040528338e+03
396,1.2313418730318760481e+03
397,1.2552272457412875610e+03
398,1.2795759211602826326e+03
399,1.3043968864577007025e+03
400,1.3296993031624026571e+03
401,1.3554925105469405935e+03
402,1.3817860290768851428e+03
403,1.4085895639271418531e+03
404,1.4359130085664537546e+03
405,1.4637664484115973664e+03
406,1.4921601645525315689e+03
407,1.5211046375497703593e+03
408,1.5506105513055088068e+03
409,1.5806887970100058283e+03
410,1.6113504771645179972e+03
411,1.6426069096822920983e+03
412,1.6744696320692846712e+03
413,1.7069504056860337187e+03
414,1.7400612200921802923e+03
415,1.7738142974755355681e+03
416,1.8082220971669491973e+03
417,1.8432973202429582216e+03
418,1.8790529142178625079e+03
419,1.9155020778267717105e+03
420,1.9526582659016696653e+03
421,1.9905351943419502732e+03
422,2.0291468451818295762e+03
423,2.0685074717557790791e+03
424,2.1086316039645757883e+03
425,2.1495340536434318892e+03
426,2.1912299200344295969e+03
427,2.2337345953652475146e+03
428,2.2770637705362655652e+03
429,2.3212334409180261900e+03
430,2.3662599122613437430e+03
431,2.4121598067222148529e+03
432,2.4589500690036675223e+03
433,2.5066479726170623508e+03
434,2.5552711262648185766e+03
435,2.6048374803471738232e+03
436,2.6553653335954845716e+03
437,2.7068733398339372798e+03
438,2.7593805148732144517e+03
439,2.8129062435375462883e+03
440,2.8674702868285153272e+03
441,2.9230927892279546541e+03
442,2.9797942861426226955e+03
443,3.0375957114937746155e+03
444,3.0965184054537462544e+03
445,3.1565841223331012770e+03
446,3.2178150386211464138e+03
447,3.2802337611822126746e+03
448,3.3438633356115801689e+03
449,3.4087272547534817022e+03
450,3.4748494673846585101e+03
451,3.5422543870668150703e+03
452,3.6109669011707201207e+03
453,3.6810123800758069592e+03
454,3.7524166865487381983e+03
455,3.8252061853038021582e+03
456,3.8994077527492318040e+03
457,3.9750487869231128570e+03
458,4.0521572176220001893e+03
459,4.1307615167265530545e+03
460,4.2108907087278503241e+03
461,4.2925743814580400795e+03
462,4.3758426970297732623e+03
463,4.4607264029882107934e+03
464,4.5472568436793790170e+03
465,4.6354659718400471320e+03
466,4.7253863604120342643e+03
467,4.8170512145873508416e+03
468,4.9104943840861606077e+03
469,5.0057503756739379241e+03
470,5.1028543659222241331e+03
471,5.2018422142169165454e+03
472,5.3027504760192950926e+03
473,5.4056164163855228253e+03
474,5.5104780237482300436e+03
475,5.6173740239663620741e+03
476,5.7263438946477690479e+03
477,5.8374278797509778087e+03
478,5.9506670044698066704e+03
479,6.0661030904081317203e+03
480,6.1837787710493976192e+03
481,6.3037375075265790656e+03
482,6.4260236046994214121e+03
483,6.5506822275435442862e+03
484,6.6777594178587514762e+03
485,6.8073021113016220625e+03
486,6.9393581547499670705e+03
487,7.0739763240042411780e+03
488,7.2112063418340421777e+03
489,7.3510988963742811393e+03
490,7.4937056598801455038e+03
491,7.6390793078465248982e+03
492,7.7872735384987518046e+03
493,7.9383430926632045157e+03
494,8.0923437740237050093e+03
495,8.2493324697720945551e+03
496,8.4093671716604294488e+03
497,8.5725069974627294869e+03
498,8.7388122128541308484e+03
499,8.9083442537155005994e+03
500,9.0811657488717246451e+03
501,9.2573405432733088674e+03
502,9.4369337216272015212e+03
503,9.6200116324888767849e+03
504,9.8066419128225479653e+03
505,9.9968935130392019346e+03
506,1.0190836722520913099e+04
507,1.0388543195643520448e+04
508,1.0590085978304345190e+04
509,1.0795539534965959319e+04
510,1.1004979776227304683e+04
511,1.1218484086929602199e+04
512,1.1436131354810842822e+04
513,1.1658001999717491344e+04
514,1.1884178003382859970e+04
515,1.2114742939788111471e+04
516,1.2349782006111783630e+04
517,1.2589382054282124955e+04
518,1.2833631623144852711e+04
519,1.3082620971254284086e+04
520,1.3336442110306168615e+04
521,1.3595188839218442808e+04
522,1.3858956778877240140e+04
523,1.4127843407557786122e+04
524,1.4401948097036191029e+04
525,1.4681372149403574440e+04
526,1.4966218834597370005e+04
527,1.5256593428662275983e+04
528,1.5552603252757704468e+04
529,1.5854357712923363579e+04
530,1.6161968340620871459e+04
531,1.6475548834062388778e+04
532,1.6795215100346071267e+04
533,1.7121085298412042903e+04
534,1.7453279882832990552e+04
535,1.7791921648460629513e+04
536,1.8137135775938593724e+04
537,1.8489049878104386153e+04
538,1.8847794047294006305e+04
539,1.9213500903567299247e+04
540,1.9586305643875257374e+04
541,1.9966346092182076973e+04
542,2.0353762750565500028e+04
543,2.0748698851312812621e+04
544,2.1151300410031890351e+04
545,2.1561716279794996808e+04
546,2.1980098206341044715e+04
547,2.2406600884351249988e+04
548,2.2841382014822214842e+04
549,2.3284602363555903139e+04
550,2.3736425820792312152e+04
551,2.4197019462001942884e+04
552,2.4666553609863378369e+04
553,2.5145201897450500837e+04
554,2.5633141332649887772e+04
555,2.6130552363835999131e+04
556,2.6637618946821527061e+04
557,2.7154528613123118703e+04
558,2.7681472539546273765e+04
559,2.8218645619134491426e+04
560,2.8766246533500976511e+04
561,2.9324477826569029276e+04
562,2.9893545979750786501e+04
563,3.0473661488594512775e+04
564,3.1065038940923568589e+04
565,3.1667897096501095803e+04
566,3.2282458968249637110e+04
567,3.2908951905052374059e+04
568,3.3547607676173232903e+04
569,3.4198662557319388725e+04
570,3.4862357418389219674e+04
571,3.5538937812925156322e+04
572,3.6228654069318610709e+04
573,3.6931761383789293177e+04
574,3.7648519915182776458e+04
575,3.8379194881616822386e+04
576,3.9124056659014233446e+04
577,3.9883380881557866815e+04
578,4.0657448544108992792e+04
579,4.1446546106621754006e+04
580,4.2250965600600611651e+04
581,4.3071004737630282762e+04
582,4.3906967020031028369e+04
583,4.4759161853669364064e+04
584,4.5627904662975641259e+04
585,4.6513517008206355968e+04
586,4.7416326704996754415e+04
587,4.8336667946244488121e+04
588,4.9274881426385043596e+04
589,5.0231314468083379325e+04
590,5.1206321151404532429e+04
591,5.2200262445513493731e+04
592,5.3213506342935601424e+04
593,5.4246427996455677203e+04
594,5.5299409858679784520e+04
595,5.6372841824335679121e+04
596,5.7467121375341106614e+04
597,5.8582653728720899380e+04
598,5.9719851987409128924e+04
599,6.0879137293995787331e+04
600,6.2060938987490706495e+04
601,6.3265694763140221767e+04
602,6.4493850835374643793e+04
603,6.5745862103945182753e+04
604,6.7022192323306706385e+04
605,6.8323314275307260687e+04
606,6.9649709945269583841e+04
607,7.1001870701505569741e+04
608,7.2380297478348089498e+04
609,7.3785500962762336712e+04
610,7.5218001784606560250e+04
611,7.6678330710622787592e+04
612,7.8167028842214625911e+04
613,7.9684647817105724243e+04
614,8.1231750014937104424e+04
615,8.2808908766894819564e+04
616,8.4416708569440539577e+04
617,8.6055745302225928754e+04
618,8.7726626450273863156e+04
619,8.9429971330511762062e+04
620,9.1166411322740692412e+04
621,9.2936590105130700977e+04
622,9.4741163894327342859e+04
623,9.6580801690261141630e+04
624,9.8456185525757115101e+04
625,1.0036801072102943726e+05
626,1.0231698614317184547e+05
627,1.0430383447072441049e+05
628,1.0632929246343596606e+05
629,1.0839411123730697727e+05
630,1.1049905654502428661e+05
631,1.1264490906190103851e+05
632,1.1483246467742112873e+05
633,1.1706253479249154043e+05
634,1.1933594662254668947e+05
635,1.2165354350657472969e+05
636,1.2401618522221726016e+05
637,1.2642474830705518252e+05
638,1.2888012638619287463e+05
639,1.3138323050626745680e+05
640,1.3393498947602490080e+05
641,1.3653635021357506048e+05
642,1.3918827810045614024e+05
643,1.4189175734266705695e+05
644,1.4464779133877658751e+05
645,1.4745740305526508018e+05
646,1.5032163540924049448e+05
647,1.5324155165866829338e+05
648,1.5621823580027237767e+05
649,1.5925279297524559661e+05
650,1.6234634988294963841e+05
651,1.6550005520272097783e+05
652,1.6871508002399164252e+05
653,1.7199261828485145816e+05
654,1.7533388721923611593e+05
655,1.7874012781290378189e+05
656,1.8221260526840089005e+05
657,1.8575260947913583368e+05
658,1.8936145551281582448e+05
659,1.9304048410437017446e+05
660,1.9679106215857426287e+05
661,2.0061458326259223395e+05
662,2.0451246820857023704e+05
663,2.0848616552654645056e+05
664,2.1253715202782829874e+05
665,2.1666693335909672896e+05
666,2.2087704456740256865e+05
667,2.2516905067629474797e+05
668,2.2954454727330931928e+05
669,2.3400516110902521177e+05
670,2.3855255070791748585e+05
671,2.4318840699127499829e+05
672,2.4791445391236967407e+05
673,2.5273244910415567574e+05
674,2.5764418453975333250e+05
675,2.6265148720596433850e+05
676,2.6775621979001746513e+05
677,2.7296028137994604185e+05
678,2.7826560817871964537e+05
679,2.8367417423248762498e+05
680,2.8918799217322230106e+05
681,2.9480911397597537143e+05
682,3.0053963173113274388e+05
683,3.0638167843189567793e+05
684,3.1233742877731414046e+05
685,3.1840909999119519489e+05
686,3.2459895265718724113e+05
687,3.3090929157035617391e+05
688,3.3734246660563565092e+05
689,3.4390087360339431325e+05
690,3.5058695527253439650e+05
691,3.5740320211146533256e+05
692,3.6435215334727783920e+05
693,3.7143639789348479826e+05
694,3.7865857532678678399e+05
695,3.8602137688305258052e+05
696,3.9352754647313081659e+05
697,4.0117988171869405778e+05
698,4.0898123500864277594e+05
699,4.1693451457640924491e+05
700,4.2504268559864343842e+05
701,4.3330877131562336581e+05
702,4.4173585417388356291e+05
703,4.5032707699152035639e+05
704,4.5908564414658054011e+05
705,4.6801482278905657586e+05
706,4.7711794407685118495e+05
707,4.8639840443635091651e+05
708,4.9585966684794955654e+05
709,5.0550526215714134742e+05
710,5.1533879041159100598e+05
711,5.2536392222483386286e+05
712,5.3558440016698604450e+05
713,5.4600404018312692642e+05
714,5.5662673303987854160e+05
715,5.6745644580071012024e+05
716,5.7849722333059506491e+05
717,5.8975318983060424216e+05
718,6.0122855040296562947e+05
719,6.1292759264738741331e+05
720,6.2485468828898004722e+05
721,6.3701429483877460007e+05
722,6.4941095728711807169e+05
723,6.6204930983096885029e+05
724,6.7493407763548241928e+05
725,6.8807007863073877525e+05
726,7.0146222534432285465e+05
727,7.1511552677039988339e+05
728,7.2903509027605201118e+05
729,7.4322612354566832073e+05
730,7.5769393656418519095e+05
731,7.7244394363981951028e+05
732,7.8748166546722687781e+05
733,8.0281273123188165482e+05
734,8.1844288075647258665e+05
735,8.3437796669017511886e+05
736,8.5062395674175035674e+05
737,8.6718693595717544667e+05
738,8.8407310904297593515e+05
739,9.0128880273587850388e+05
740,9.1884046821996872313e+05
741,9.3673468359235487878e+05
742,9.5497815637789608445e+05
743,9.7357772609458921943e+05
744,9.9254036687020852696e+05
745,1.0118731901114868233e+06
746,1.0315834472266795347e+06
747,1.0516785324028248433e+06
748,1.0721659854387564119e+06
749,1.0930534946348257363e+06
750,1.1143488997408258729e+06
751,1.1360601949628910515e+06
752,1.1581955320310213137e+06
753,1.1807632233280956279e+06
754,1.2037717450818535872e+06
755,1.2272297406209988985e+06
756,1.2511460236970121041e+06
757,1.2755295818723801058e+06
758,1.3003895799775435589e+06
759,1.3257353636370522436e+06
760,1.3515764628670318052e+06
761,1.3779225957449027337e+06
762,1.4047836721533120144e+06
763,1.4321697975993761793e+06
764,1.4600912771110825706e+06
765,1.4885586192123361398e+06
766,1.5175825399781898595e+06
767,1.5471739671720135957e+06
768,1.5773440444662736263e+06
769,1.6081041357486268971e+06
770,1.6394658295150524937e+06
771,1.6714409433519279119e+06
772,1.7040415285086196382e+06
773,1.7372798745630402118e+06
774,1.7711685141812490765e+06
775,1.8057202279737163335e+06
776,1.8409480494501683861e+06
777,1.8768652700746390037e+06
778,1.9134854444231162779e+06
779,1.9508223954462325200e+06
780,1.9888902198382802308e+06
781,2.0277032935157481115e+06
782,2.0672762772069151979e+06
783,2.1076241221552663483e+06
784,2.1487620759388469160e+06
785,2.1907056884080264717e+06
786,2.2334708177443994209e+06
787,2.2770736366426637396e+06
788,2.3215306386188459583e+06
789,2.3668586444471590221e+06
790,2.4130748087278204039e+06
791,2.4601966265894290991e+06
792,2.5082419405276994221e+06
793,2.5572289473841995932e+06
794,2.6071762054676888511e+06
795,2.6581026418210542761e+06
796,2.7100275596369039267e+06
797,2.7629706458250107244e+06
798,2.8169519787347274832e+06
799,2.8719920360357011668e+06
800,2.9281117027600095607e+06
801,2.9853322795093199238e+06
802,3.0436754908308936283e+06
803,3.1031634937648386694e+06
804,3.1638188865676657297e+06
805,3.2256647176147866994e+06
806,3.2887244944862122647e+06
807,3.3530221932395827025e+06
808,3.4185822678735144436e+06
809,3.4854296599865029566e+06
810,3.5535898086347123608e+06
811,3.6230886603929237463e+06
812,3.6939526796238892712e+06
813,3.7662088589587807655e+06
814,3.8398847299947496504e+06
815,3.9150083742139698006e+06
816,3.9916084341280478984e+06
817,4.0697141246532001533e+06
818,4.1493552447215872817e+06
819,4.2305621891328422353e+06
820,4.3133659606517832726e+06
821,4.3977981823565065861e+06
822,4.4838911102443309501e+06
823,4.5716776460980372503e+06
824,4.6611913506207391620e+06
825,4.7524664568442320451e+06
826,4.8455378838155884296e+06
827,4.9404412505699265748e+06
828,5.0372128903938867152e+06
829,5.1358898653871500865e+06
830,5.2365099813279192895e+06
831,5.3391118028485346586e+06
832,5.4437346689295731485e+06
833,5.5504187087167631835e+06
834,5.6592048576701907441e+06
835,5.7701348740512300283e+06
836,5.8832513557557687163e+06
837,5.9985977575002694502e+06
838,6.1162184083691397682e+06
839,6.2361585297308387235e+06
840,6.3584642535299658775e+06
841,6.4831826409662663937e+06
842,6.6103617015655087307e+06
843,6.7400504126527775079e+06
844,6.8722987392372544855e+06
845,7.0071576543163079768e+06
846,7.1446791596092879772e+06
847,7.2849163067285874858e+06
848,7.4279232188008418307e+06
849,7.5737551125442255288e+06
850,7.7224683208153788000e+06
851,7.8741203156332941726e+06
852,8.0287697316942987964e+06
853,8.1864763903850084171e+06
854,8.3473013243069974706e+06
855,8.5113068023236282170e+06
856,8.6785563551407661289e+06
857,8.8491148014333937317e+06
858,9.0230482745295297354e+06
859,9.2004242496650218964e+06
860,9.3813115718207452446e+06
861,9.5657804841567967087e+06
862,9.7539026570547968149e+06
863,9.9457512177839148790e+06
864,1.0141400780804188922e+07
865,1.0340927478720474988e+07
866,1.0544408993902208284e+07
867,1.0751924590784572065e+07
868,1.0963555148866191506e+07
869,1.1179383196418128908e+07
870,1.1399492944920491427e+07
871,1.1623970324245272204e+07
872,1.1852903018599081784e+07
873,1.2086380503244949505e+07
874,1.2324494082021189854e+07
875,1.2567336925673814490e+07
876,1.2815004111022884026e+07
877,1.3067592660980155692e+07
878,1.3325201585439421237e+07
879,1.3587931923056896776e+07
880,1.3855886783945428208e+07
881,1.4129171393299996853e+07
882,1.4407893135978249833e+07
883,1.4692161602057525888e+07
884,1.4982088633391404524e+07
885,1.5277788371186347678e+07
886,1.5579377304625961930e+07
887,1.5886974320563755929e+07
888,1.6200700754311621189e+07
889,1.6520680441547349095e+07
890,1.6847039771369870752e+07
891,1.7179907740524966270e+07
892,1.7519416008834768087e+07
893,1.7865698955853980035e+07
894,1.8218893738780442625e+07
895,1.8579140351658772677e+07
896,1.8946581685895860195e+07
897,1.9321363592126011848e+07
898,1.9703634943456947803e+07
899,2.0093547700127240270e+07
900,2.0491256975609939545e+07
901,2.0896921104196801782e+07
902,2.1310701710097156465e+07
903,2.1732763778089560568e+07
904,2.2163275725760940462e+07
905,2.2602409477373044938e+07
906,2.3050340539392895997e+07
907,2.3507248077732030302e+07
908,2.3973314996726904064e+07
909,2.4448728019913103431e+07
910,2.4933677772627227008e+07
911,2.5428358866486765444e+07
912,2.5932969985790073872e+07
913,2.6447713975884981453e+07
914,2.6972797933552473783e+07
915,2.7508433299455884844e+07
916,2.8054835952704664320e+07
917,2.8612226307585522532e+07
918,2.9180829412512611598e+07
919,2.9760875051253885031e+07
920,3.0352597846486259252e+07
921,3.0956237365739479661e+07
922,3.1572038229788281024e+07
923,3.2200250223548691720e+07
924,3.2841128409547351301e+07
925,3.3494933244022928178e+07
926,3.4161930695726715028e+07
927,3.4842392367489859462e+07
928,3.5536595620630159974e+07
929,3.6244823702256172895e+07
930,3.6967365875563733280e+07
931,3.7704517553178466856e+07
932,3.8456580433635525405e+07
933,3.9223862641068652272e+07
934,4.0006678868191801012e+07
935,4.0805350522660553455e+07
936,4.1620205876895561814e+07
937,4.2451580221452221274e+07
938,4.3299816022039063275e+07
939,4.4165263080269895494e+07
940,4.5048278698247559369e+07
941,4.5949227847075261176e+07
942,4.6868483339406825602e+07
943,4.7806426006127238274e+07
944,4.8763444877279892564e+07
945,4.9739937367352262139e+07
946,5.0736309465023018420e+07
947,5.1752975927498303354e+07
948,5.2790360479559846222e+07
949,5.3848896017424985766e+07
950,5.4929024817589357495e+07
951,5.6031198750734247267e+07
952,5.7155879500869527459e+07
953,5.8303538789837881923e+07
954,5.9474658607320770621e+07
955,6.0669731446496367455e+07
956,6.1889260545504532754e+07
957,6.3133760134869836271e+07
958,6.4403755691043451428e+07
959,6.5699784196234464645e+07
960,6.7022394404690995812e+07
961,6.8372147115620866418e+07
962,6.9749615452919393778e+07
963,7.1155385151899114251e+07
964,7.2590054853206023574e+07
965,7.4054236404126048088e+07
966,7.5548555167487502098e+07
967,7.7073650338359221816e+07
968,7.8630175268768653274e+07
969,8.0218797800672620535e+07
970,8.1840200607376903296e+07
971,8.3495081543688476086e+07
972,8.5184154005005404353e+07
973,8.6908147295623302460e+07
974,8.8667807006496116519e+07
975,9.0463895402740418911e+07
976,9.2297191821147844195e+07
977,9.4168493077994450927e+07
978,9.6078613887436598539e+07
979,9.8028387290812879801e+07
980,1.0001866509714189172e+08
981,1.0205031833516201377e+08
982,1.0412423771723975241e+08
983,1.0624133411548464000e+08
984,1.0840253905043646693e+08
985,1.1060880519269225001e+08
986,1.1286110687784756720e+08
987,1.1516044063515289128e+08
988,1.1750782573028023541e+08
989,1.1990430472263330221e+08
990,1.2235094403761552274e+08
991,1.2484883455432899296e+08
992,1.2739909220914083719e+08
993,1.3000285861561238766e+08
994,1.3266130170128305256e+08
995,1.3537561636181026697e+08
996,1.3814702513301336765e+08
997,1.4097677888133972883e+08
998,1.4386615751336947083e+08
999,1.4681647070486837626e+08
1000,1.4982905865005952120e+08
1001,1.5290529283173227310e+08
1002,1.5604657681280535460e+08
1003,1.5925434705002582073e+08
1004,1.6253007373052462935e+08
1005,1.6587526163193970919e+08
1006,1.6929145100681379437e+08
1007,1.7278021849209854007e+08
1008,1.7634317804451930523e+08
1009,1.7998198190266022086e+08
1010,1.8369832157659599185e+08
1011,1.8749392886600798368e+08
1012,1.9137057690764912963e+08
1013,1.9533008125317388773e+08
1014,1.9937430097827163339e+08
1015,2.0350513982417920232e+08
1016,2.0772454737261253595e+08
1017,2.1203452025522193313e+08
1018,2.1643710339872744679e+08
1019,2.2093439130697339773e+08
1020,2.2552852938103100657e+08
1021,2.3022171527874150872e+08
1022,2.3501620031498590112e+08
1023,2.3991429090406295657e+08
1024,2.4491835004564127326e+08
1025,2.5003079885576808453e+08
1026,2.5525411814445379376e+08
1027,2.6059085004153913260e+08
1028,2.6604359967242541909e+08
1029,2.7161503688545173407e+08
1030,2.7730789803277808428e+08
1031,2.8312498780661869049e+08
1032,2.8906918113272893429e+08
1033,2.9514342512336570024e+08
1034,3.0135074109166562557e+08
1035,3.0769422662977182865e+08
1036,3.1417705775295454264e+08
1037,3.2080249111218166351e+08
1038,3.2757386627758383751e+08
1039,3.3449460809548878670e+08
1040,3.4156822912166100740e+08
1041,3.4879833213365787268e+08
1042,3.5618861272521603107e+08
1043,3.6374286198574036360e+08
1044,3.7146496926814794540e+08
1045,3.7935892504836249352e+08
1046,3.8742882388000899553e+08
1047,3.9567886744796973467e+08
1048,4.0411336772452151775e+08
1049,4.1273675023213791847e+08
1050,4.2155355741708171368e+08
1051,4.3056845213812619448e+08
1052,4.3978622127493739128e+08
1053,4.4921177946092367172e+08
1054,4.5885017294542098045e+08
1055,4.6870658359050577879e+08
1056,4.7878633300781250000e+08
1057,4.8909488684109717607e+08
1058,4.9963785920037949085e+08
1059,5.1042101725410985947e+08
1060,5.2145028598568832874e+08
1061,5.3273175312124699354e+08
1062,5.4427167423595094681e+08
1063,5.5607647804622507095e+08
1064,5.6815277189589500427e+08
1065,5.8050734744434082508e+08
1066,5.9314718656559503078e+08
1067,6.0607946746731293201e+08
1068,6.1931157103925275803e+08
1069,6.3285108744126856327e+08
1070,6.4670582294149494171e+08
1071,6.6088380701565730572e+08
1072,6.7539329971937060356e+08
1073,6.9024279934547722340e+08
1074,7.0544105037960970402e+08
1075,7.2099705176734995842e+08
1076,7.3692006550739800930e+08
1077,7.5321962558589100838e+08
1078,7.6990554726758980751e+08
1079,7.8698793676092422009e+08
1080,8.0447720127434897423e+08
1081,8.2238405948276293278e+08
1082,8.4071955242364573479e+08
1083,8.5949505484370017052e+08
1084,8.7872228701779425144e+08
1085,8.9841332706368219852e+08
1086,9.1858062377662670612e+08
1087,9.3923701001021623611e+08
1088,9.6039571663049960136e+08
1089,9.8207038707265329361e+08
1090,1.0042750925308064222e+09
1091,1.0270243478137112856e+09
1092,1.0503331279006351233e+09
1093,1.0742168852342481613e+09
1094,1.0986915677892456055e+09
1095,1.1237736379579610825e+09
1096,1.1494800922968571186e+09
1097,1.1758284821803007126e+09
1098,1.2028369354112420082e+09
1099,1.2305241788414113522e+09
1100,1.2589095620570094585e+09
1101,1.2880130821896522045e+09
1102,1.3178554099160892963e+09
1103,1.3484579167146070004e+09
1104,1.3798427034501664639e+09
1105,1.4120326303659031391e+09
1106,1.4450513485630309582e+09
1107,1.4789233330575211048e+09
1108,1.5136739175077285767e+09
1109,1.5493293307138376236e+09
1110,1.5859167349970622063e+09
1111,1.6234642665743248463e+09
1112,1.6620010780526201725e+09
1113,1.7015573831761815548e+09
1114,1.7421645039689834118e+09
1115,1.7838549204271521568e+09
1116,1.8266623229254565239e+09
1117,1.8706216675163884163e+09
1118,1.9157692343131201267e+09
1119,1.9621426891626341343e+09
1120,2.0097811488320252895e+09
1121,2.0587252499481120110e+09
1122,2.1090172219502124786e+09
1123,2.1607009643374199867e+09
1124,2.2138221285140099525e+09
1125,2.2684282045630898476e+09
1126,2.3245686133058533669e+09
1127,2.3822948040339312553e+09
1128,2.4416603583373374939e+09
1129,2.5027211004861388206e+09
1130,2.5655352148652076721e+09
1131,2.6301633710066337585e+09
1132,2.6966688568137445450e+09
1133,2.7651177206253848076e+09
1134,2.8355789228300838470e+09
1135,2.9081244978075742722e+09
1136,2.9828297270486340523e+09
1137,3.0597733243886632919e+09
1138,3.1390376343825988770e+09
1139,3.2207088449513525963e+09
1140,3.3048772155456304550e+09
1141,3.3916373222029771805e+09
1142,3.4810883210155873299e+09
1143,3.5733342316912026405e+09
1144,3.6684842430700554848e+09
1145,3.7666530426658744812e+09
1146,3.8679611725313038826e+09
1147,3.9725354140070018768e+09
1148,4.0805092042134246826e+09
1149,4.1920230874766354561e+09
1150,4.3072252052622890472e+09
1151,4.4262718286279754639e+09
1152,4.5493279376992559433e+09
1153,4.6765678532440347672e+09
1154,4.8081759260699310303e+09
1155,4.9443472907219505310e+09
1156,5.0852886908189220428e+09
1157,5.2312193843676509857e+09
1158,5.3823721385494108200e+09
1159,5.5389943248199243546e+09
1160,5.7013491267315206528e+09
1161,5.8697168747168664932e+09
1162,6.0443965242258625031e+09
1163,6.2257072961334905624e+09
1164,6.4139905013240747452e+09
1165,6.6096115748941993713e+09
1166,6.8129623496226921082e+09
1167,7.0244636033816633224e+09
1168,7.2445679211816225052e+09
1169,7.4737629197931718826e+09
1170,7.7125748916551103592e+09
1171,7.9615729354273633957e+09
1172,8.2213736535515327454e+09
1173,8.4926465131423215866e+09
1174,8.7761199862247486115e+09
1175,9.0725886097793025970e+09
1176,9.3829211365826644897e+09
1177,9.7080699861983947754e+09
1178,1.0049082254037858963e+10
1179,1.0407112598315601349e+10
1180,1.0783438404278862000e+10
1181,1.1179477728164869308e+10
1182,1.1596810658107704163e+10
1183,1.2037204907125019073e+10
1184,1.2502646690647417068e+10
1185,1.2995378261260040283e+10
1186,1.3517943910700508118e+10
1187,1.4073246854674795151e+10
1188,1.4664620266829366684e+10
1189,1.5295916943256164551e+10
1190,1.5971623845836376190e+10
1191,1.6697010394601329803e+10
1192,1.7478323358968593597e+10
1193,1.8323047395074356079e+10
1194,1.9240260212974723816e+10
1195,2.0241127831936004639e+10
1196,2.1339613776747135162e+10
1197,2.2553527281349285126e+10
1198,2.3906133035115558624e+10
1199,2.5428742854789470673e+10
1200,2.7165144025904464722e+10
1201,2.9179769930236129761e+10
1202,3.1574392991547767639e+10
1203,3.4527328426246940613e+10
1204,3.8405242586008262634e+10
1205,4.4172603132430465698e+10
1206,5.5078999664856575012e+10
1207,8.2489153979267196655e+10
1208,1.7203049373994097900e+11
1209,6.4517378008167187500e+11
1210,8.6765075456495019531e+12
