7,-1.0191355988066216551e-02
8,-7.3900904413689147074e-03
9,-3.9274449383988893972e-03
10,6.9217108333470707925e-04
11,6.4210559829566311862e-03
12,1.3207497608443278733e-02
13,2.1019062932198098043e-02
14,2.9834132434305347947e-02
15,3.9637418786522625458e-02
16,5.0417626178363705858e-02
17,6.2166124646927500841e-02
18,7.4876145788155282212e-02
19,8.8542267622025369600e-02
20,1.0316007011264877180e-01
21,1.1872589658993465411e-01
22,1.3523668364712129741e-01
23,1.5268983685825898711e-01
24,1.7108313805906857907e-01
25,1.9041467492037106313e-01
26,2.1068278661283429409e-01
27,2.3188602131240426685e-01
28,2.5402310256973936742e-01
29,2.7709290241964235069e-01
30,3.0109441968951661250e-01
31,3.2602676237250582947e-01
32,3.5188913321948644963e-01
33,3.7868081791217189647e-01
34,4.0640117533202108069e-01
35,4.3504962955266740510e-01
36,4.6462566326876880707e-01
37,4.9512881243894363292e-01
38,5.2655866197062084488e-01
39,5.5891484231355570422e-01
40,5.9219702685979336287e-01
41,6.2640493007254172131e-01
42,6.6153830628646892453e-01
43,6.9759694913834646712e-01
44,7.3458069160065275760e-01
45,7.7248940660206888431e-01
46,8.1132300822852154720e-01
47,8.5108145350659214490e-01
48,8.9176474477802358809e-01
49,9.3337293268000665059e-01
50,9.7590611975073981998e-01
51,1.0193644646837589640e+00
52,1.0637481872574325870e+00
53,1.1090575739680956779e+00
54,1.1552929843961166068e+00
55,1.2024548583339365049e+00
56,1.2505437237037422271e+00
57,1.2995602052891035427e+00
58,1.3495050343008569982e+00
59,1.4003790587908215848e+00
60,1.4521832549192097428e+00
61,1.5049187390714529045e+00
62,1.5585867808084741259e+00
63,1.6131888166202892343e+00
64,1.6687264644376378353e+00
65,1.7252015388387687000e+00
66,1.7826160668702650813e+00
67,1.8409723043816379473e+00
68,1.9002727527537164320e+00
69,1.9605201758824071234e+00
70,2.0217176172613382512e+00
71,2.0838684169915495659e+00
72,2.1469762285332070206e+00
73,2.2110450350042674117e+00
74,2.2760791648236260443e+00
75,2.3420833064909212240e+00
76,2.4090625222901085323e+00
77,2.4770222606956737721e+00
78,2.5459683672457171788e+00
79,2.6159070936180399691e+00
80,2.6868451045977663760e+00
81,2.7587894825495871132e+00
82,2.8317477288951726777e+00
83,2.9057277619410393221e+00
84,2.9807379101971109847e+00
85,3.0567869000715663930e+00
86,3.1338838365299008792e+00
87,3.2120381749792294990e+00
88,3.2912596823088571263e+00
89,3.3715583847242003301e+00
90,3.4529444998020837332e+00
91,3.5354283501362080422e+00
92,3.6190202561050028862e+00
93,3.7037304057721507355e+00
94,3.7895687008312655131e+00
95,3.8765445789813610666e+00
96,3.9646668153918893651e+00
97,4.0539433093331576075e+00
98,4.1443808671652107023e+00
99,4.2359850005512296178e+00
100,4.3287597702338986849e+00
101,4.4227077226086271011e+00
102,4.5178299903897825018e+00
103,4.6141266608726656528e+00
104,4.7115975538068548545e+00
105,4.8102435871475748286e+00
106,4.9100689217291435540e+00
107,5.0110840257006863396e+00
108,5.1133096308549594866e+00
109,5.2167812193636029505e+00
110,5.3215532049087439503e+00
111,5.4277015302182336498e+00
112,5.5353233266991495043e+00
113,5.6445328857859298211e+00
114,5.7554544302217616192e+00
115,5.8682134589361458765e+00
116,5.9829289759373311952e+00
117,6.0997083654068244840e+00
118,6.2186454615706958649e+00
119,6.3398212486276124267e+00
120,6.4633061007769336825e+00
121,6.5891625270412239601e+00
122,6.7174477343451926004e+00
123,6.8482156925978685535e+00
124,6.9815186436581919693e+00
125,7.1174081240646707158e+00
126,7.2559355897839665772e+00
127,7.3971524689714822642e+00
128,7.5274164599847743773e+00
129,7.5411336454747557312e+00
130,7.6878735163553182375e+00
131,7.8374802319360092895e+00
132,7.9899934579591000983e+00
133,8.1454692718400263374e+00
134,8.3039651128409204262e+00
135,8.4655395772812092048e+00
136,8.6302524082815050832e+00
137,8.7981645107701158537e+00
138,8.9693379720531059007e+00
139,9.1438360841516406197e+00
140,9.3217233669753003511e+00
141,9.5030655920720121799e+00
142,9.6879298068819057477e+00
143,9.8763843594752174226e+00
144,1.0068498923775212717e+01
145,1.0264344525272630193e+01
146,1.0463993567238745186e+01
147,1.0667519857447238962e+01
148,1.0874998635414755199e+01
149,1.1086506600169489190e+01
150,1.1302121938557945668e+01
151,1.1521924354101647836e+01
152,1.1745995096412460867e+01
153,1.1974416991179243297e+01
154,1.2207274470735210770e+01
155,1.2444653605219011538e+01
156,1.2686642134339363608e+01
157,1.2933329499756311520e+01
158,1.3184806878090125082e+01
159,1.3441167214570365118e+01
160,1.3702505257337966427e+01
161,1.3968917592411861150e+01
162,1.4240502679334397840e+01
163,1.4517360887507846812e+01
164,1.4799594533235088889e+01
165,1.5087307917479815700e+01
166,1.5380607364358152012e+01
167,1.5679601260376600180e+01
168,1.5984400094431931549e+01
169,1.6295116498585866083e+01
170,1.6611865289631239762e+01
171,1.6934763511464009156e+01
172,1.7263930478276606095e+01
173,1.7599487818589835797e+01
174,1.7941559520138230965e+01
175,1.8290271975625927325e+01
176,1.8645754029369605576e+01
177,1.9008137024847140850e+01
178,1.9377554853167357152e+01
179,1.9754144002479474551e+01
180,2.0138043608342442781e+01
181,2.0529395505070048955e+01
182,2.0928344278071108420e+01
183,2.1335037317206442253e+01
184,2.1749624871179200625e+01
185,2.2172260102981148577e+01
186,2.2603099146413423881e+01
187,2.3042301163704308919e+01
188,2.3490028404242750071e+01
189,2.3946446264454085195e+01
190,2.4411723348833298530e+01
191,2.4886031532165144853e+01
192,2.5369546022948693320e+01
193,2.5862445428053501217e+01
194,2.6364911818629018114e+01
195,2.6877130797291975739e+01
196,2.7399291566618039440e+01
197,2.7931586998960217016e+01
198,2.8474213707622606506e+01
199,2.9027372119414156515e+01
200,2.9591266548609578280e+01
201,3.0166105272343571642e+01
202,3.0752100607469500915e+01
203,3.1349468988907322142e+01
204,3.1958431049510995337e+01
205,3.2579211701485320418e+01
206,3.3212040219380945416e+01
207,3.3857150324700860722e+01
208,3.4514780272145998197e+01
209,3.5185172937534424875e+01
210,3.5868575907424627758e+01
211,3.6565241570479741995e+01
212,3.7275427210600177830e+01
213,3.7999395101865630409e+01
214,3.8737412605315228120e+01
215,3.9489752267608785985e+01
216,4.0256691921597841599e+01
217,4.1038514788850065429e+01
218,4.1835509584159431995e+01
219,4.2647970622085900061e+01
220,4.3476197925560505553e+01
221,4.4320497336596169191e+01
222,4.5181180629144925831e+01
223,4.6058565624148201323e+01
224,4.6952976306814569796e+01
225,4.7864742946172810889e+01
226,4.8794202216942835548e+01
227,4.9741697323775305506e+01
228,5.0707578127893867759e+01
229,5.1692201276198865401e+01
230,5.2695930332872094937e+01
231,5.3719135913537321869e+01
232,5.4762195822018362890e+01
233,5.5825495189752714964e+01
234,5.6909426617910611412e+01
235,5.8014390322265924738e+01
236,5.9140794280881131328e+01
237,6.0289054384654278351e+01
238,6.1459594590787240520e+01
239,6.2652847079230490124e+01
240,6.3869252412160399501e+01
241,6.5109259696553294816e+01
242,6.6373326749909239197e+01
243,6.7661920269190986232e+01
244,6.8975516003042827151e+01
245,7.0314598927345045354e+01
246,7.1679663424175274145e+01
247,7.3071213464244323177e+01
248,7.4489762792865292340e+01
249,7.5935835119531262194e+01
250,7.7409964311172387852e+01
251,7.8912694589160651049e+01
252,8.0444580730133722568e+01
253,8.2006188270714147848e+01
254,8.3598093716205227111e+01
255,8.5220884753324597227e+01
256,8.6875160467074110215e+01
257,8.8561531561810170388e+01
258,9.0280620586603717470e+01
259,9.2033062164970559138e+01
260,9.3819503229063272443e+01
261,9.5640603258394534691e+01
262,9.7497034523199999967e+01
263,9.9389482332523769514e+01
264,1.0131864528710437412e+02
265,1.0328523553717613481e+02
266,1.0528997904526961804e+02
267,1.0733361585410564487e+02
268,1.0941690035968716188e+02
269,1.1154060158969141980e+02
270,1.1370550348725993217e+02
271,1.1591240520029052163e+02
272,1.1816212137634815349e+02
273,1.2045548246328715436e+02
274,1.2279333501571255738e+02
275,1.2517654200738043357e+02
276,1.2760598314966381395e+02
277,1.3008255521618866624e+02
278,1.3260717237377440370e+02
279,1.3518076651978898894e+02
280,1.3780428762605376392e+02
281,1.4047870408940528364e+02
282,1.4320500308908350462e+02
283,1.4598419095102005372e+02
284,1.4881729351922132309e+02
285,1.5170535653433856282e+02
286,1.5464944601958652015e+02
287,1.5765064867415296135e+02
288,1.6071007227423439190e+02
289,1.6382884608184897957e+02
290,1.6700812126158862725e+02
291,1.7024907130544156075e+02
292,1.7355289246588236551e+02
293,1.7692080419732502605e+02
294,1.8035404960617205461e+02
295,1.8385389590958328654e+02
296,1.8742163490313845386e+02
297,1.9105858343758370665e+02
298,1.9476608390481047195e+02
299,1.9854550473328387739e+02
300,2.0239824089306176802e+02
301,2.0632571441061995188e+02
302,2.1032937489366949535e+02
303,2.1441070006614361887e+02
304,2.1857119631357585376e+02
305,2.2281239923904558964e+02
306,2.2713587422991844278e+02
307,2.3154321703557855017e+02
308,2.3603605435637291521e+02
309,2.4061604444397195834e+02
310,2.4528487771338146217e+02
311,2.5004427736683683747e+02
312,2.5489600002978767179e+02
313,2.5984183639922815701e+02
314,2.6488361190460017269e+02
315,2.7002318738153320510e+02
316,2.7526245975862923387e+02
317,2.8060336275760198532e+02
318,2.8604786760697407999e+02
319,2.9159798376964261024e+02
320,2.9725575968453540554e+02
321,3.0302328352268432354e+02
322,3.0890268395794464595e+02
323,3.1489613095267719700e+02
324,3.2100583655868280175e+02
325,3.2723405573365954524e+02
326,3.3358308717350479355e+02
327,3.4005527416078416536e+02
328,3.4665300542962341979e+02
329,3.5337871604743850185e+02
330,3.6023488831371520291e+02
331,3.6722405267625725855e+02
332,3.7434878866521097507e+02
333,3.8161172584521347062e+02
334,3.8901554478601127585e+02
335,3.9656297805189518613e+02
336,4.0425681121036467403e+02
337,4.1209988386034825680e+02
338,4.2009509068037681345e+02
339,4.2824538249707939030e+02
340,4.3655376737443532420e+02
341,4.4502331172416717209e+02
342,4.5365714143763341326e+02
343,4.6245844303973819933e+02
344,4.7143046486520381677e+02
345,4.8057651825767578657e+02
346,4.8989997879209420262e+02
347,4.9940428752076797991e+02
348,5.0909295224366621824e+02
349,5.1896954880332873472e+02
350,5.2903772240491798584e+02
351,5.3930118896187639166e+02
352,5.4976373646769582137e+02
353,5.6042922639432435972e+02
354,5.7130159511770398240e+02
355,5.8238485537095323252e+02
356,5.9368309772577583772e+02
357,6.0520049210257491268e+02
358,6.1694128930994497750e+02
359,6.2890982261398710307e+02
360,6.4111050933805904606e+02
361,6.5354785249364124411e+02
362,6.6622644244277296366e+02
363,6.7915095859283610480e+02
364,6.9232617112414720850e+02
365,7.0575694275114130960e+02
366,7.1944823051767912148e+02
367,7.3340508762725789893e+02
368,7.4763266530869293547e+02
369,7.6213621471804628982e+02
370,7.7692108887741881063e+02
371,7.9199274465140399570e+02
372,8.0735674476193139526e+02
373,8.2301875984217315363e+02
374,8.3898457053027027541e+02
375,8.5526006960381960198e+02
376,8.7185126415568390712e+02
377,8.8876427781207121370e+02
378,9.0600535299365321862e+02
379,9.2358085322059264399e+02
380,9.4149726546231977409e+02
381,9.5976120253284557293e+02
382,9.7837940553264650134e+02
383,9.9735874633795094724e+02
384,1.0167062301382617306e+03
385,1.0364289980232090329e+03
386,1.0565343296196178926e+03
387,1.0770296457796853247e+03
388,1.0979225113214718021e+03
389,1.1192206378224057062e+03
390,1.1409318864672482050e+03
391,1.1630642709511073463e+03
392,1.1856259604389861124e+03
393,1.2086252825826879871e+03
394,1.2320707265962946622e+03
395,1.2559709463913786749e+03
396,1.2803347637731212671e+03
397,1.3051711716982872531e+03
398,1.3304893375967626525e+03
399,1.3562986067572562661e+03
400,1.3826085057789250641e+03
401,1.4094287460899811322e+03
402,1.4367692275345639246e+03
403,1.4646400420292907256e+03
404,1.4930514772907515635e+03
405,1.5220140206354440124e+03
406,1.5515383628533966203e+03
407,1.5816354021571528392e+03
408,1.6123162482072002604e+03
409,1.6435922262158076137e+03
410,1.6754748811302872582e+03
411,1.7079759818977677241e+03
412,1.7411075258125140408e+03
413,1.7748817429478219765e+03
414,1.8093111006738743072e+03
415,1.8444083082634674611e+03
416,1.8801863215869666419e+03
417,1.9166583478985023703e+03
418,1.9538378507153543069e+03
419,1.9917385547916103405e+03
420,2.0303744511888776287e+03
421,2.0697598024451258425e+03
422,2.1099091478440946048e+03
423,2.1508373087869554183e+03
424,2.1925593942683817659e+03
425,2.2350908064587997615e+03
426,2.2784472463952720318e+03
427,2.3226447197826637421e+03
428,2.3676995429076396249e+03
429,2.4136283486675397398e+03
430,2.4604480927161566797e+03
431,2.5081760597291977319e+03
432,2.5568298697910386181e+03
433,2.6064274849059333974e+03
434,2.6569872156353599166e+03
435,2.7085277278643934551e+03
436,2.7610680496997370028e+03
437,2.8146275785013667701e+03
438,2.8692260880510343668e+03
439,2.9248837358597520506e+03
440,2.9816210706177162137e+03
441,3.0394590397883866899e+03
442,3.0984189973504066984e+03
443,3.1585227116897585802e+03
444,3.2197923736455522885e+03
445,3.2822506047116462469e+03
446,3.3459204653980359581e+03
447,3.4108254637543809622e+03
448,3.4769895640593044845e+03
449,3.5444371956784707436e+03
450,3.6131932620947009127e+03
451,3.6832831501135465260e+03
452,3.7547327392479714945e+03
453,3.8275684112848684890e+03
454,3.9018170600379712596e+03
455,3.9775061012900250716e+03
456,4.0546634829280487793e+03
457,4.1333176952759158667e+03
458,4.2134977816271884876e+03
459,4.2952333489830734834e+03
460,4.3785545789988682372e+03
461,4.4634922391430709467e+03
462,4.5500776940736413962e+03
463,4.6383429172348087377e+03
464,4.7283205026797386381e+03
465,4.8200436771229215083e+03
466,4.9135463122265955462e+03
467,5.0088629371259758045e+03
468,5.1060287511981687203e+03
469,5.2050796370790203582e+03
470,5.3060521739329788034e+03
471,5.4089836509812248551e+03
472,5.5139120812923720223e+03
473,5.6208762158413419456e+03
474,5.7299155578416512071e+03
475,5.8410703773561963317e+03
476,5.9543817261918657096e+03
477,6.0698914530844176625e+03
478,6.1876422191777537591e+03
479,6.3076775138045359199e+03
480,6.4300416705733514391e+03
481,6.5547798837692953384e+03
482,6.6819382250724929690e+03
483,6.8115636606022881097e+03
484,6.9437040682927281523e+03
485,7.0784082556061030118e+03
486,7.2157259775901584362e+03
487,7.3557079552875529771e+03
488,7.4984058945022707121e+03
489,7.6438725049317363300e+03
490,7.7921615196705597555e+03
491,7.9433277150935600730e+03
492,8.0974269311259322421e+03
493,8.2545160919070840464e+03
494,8.4146532268567098072e+03
495,8.5778974921505268867e+03
496,8.7443091926137276459e+03
497,8.9139498040400048922e+03
498,9.0868819959453267074e+03
499,9.2631696547636511241e+03
500,9.4428779074944450258e+03
501,9.6260731458096452116e+03
502,9.8128230506300515117e+03
503,1.0003196617179894020e+04
504,1.0197264180528403813e+04
505,1.0395097441628257002e+04
506,1.0596769493861849696e+04
507,1.0802354850102248747e+04
508,1.1011929470302024129e+04
509,1.1225570789618328490e+04
510,1.1443357747085885421e+04
511,1.1665370814846610301e+04
512,1.1891692027950342890e+04
513,1.2122405014732470590e+04
514,1.2357595027785808270e+04
515,1.2597348975533019257e+04
516,1.2841755454414955238e+04
517,1.3090904781704539346e+04
518,1.3344889028959883944e+04
519,1.3603802056128854019e+04
520,1.3867739546316421183e+04
521,1.4136799041230226067e+04
522,1.4411079977315177530e+04
523,1.4690683722591935293e+04
524,1.4975713614211990716e+04
525,1.5266274996745441968e+04
526,1.5562475261212201076e+04
527,1.5864423884875499425e+04
528,1.6172232471807998081e+04
529,1.6486014794249109400e+04
530,1.6805886834767596156e+04
531,1.7131966829245408007e+04
532,1.7464375310697480018e+04
533,1.7803235153947258368e+04
534,1.8148671621169574792e+04
535,1.8500812408322763076e+04
536,1.8859787692484042054e+04
537,1.9225730180108490458e+04
538,1.9598775156224921375e+04
539,1.9979060534594907949e+04
540,2.0366726908843778801e+04
541,2.0761917604592395946e+04
542,2.1164778732601771480e+04
543,2.1575459242954049842e+04
544,2.1994110980289391591e+04
545,2.2420888740119793511e+04
546,2.2855950326238929847e+04
547,2.3299456609251636110e+04
548,2.3751571586244477658e+04
549,2.4212462441619089077e+04
550,2.4682299609110021265e+04
551,2.5161256835014006356e+04
552,2.5649511242649099586e+04
553,2.6147243398073598655e+04
554,2.6654637377080791339e+04
555,2.7171880833506358613e+04
556,2.7699165068863898341e+04
557,2.8236685103338222689e+04
558,2.8784639748163343029e+04
559,2.9343231679414333485e+04
560,2.9912667513233682257e+04
561,3.0493157882528888877e+04
562,3.1084917515163324424e+04
563,3.1688165313673685887e+04
564,3.2303124436542653712e+04
565,3.2930022381055438018e+04
566,3.3569091067773231771e+04
567,3.4220566926655395946e+04
568,3.4884690984862259938e+04
569,3.5561708956269532791e+04
570,3.6251871332731068833e+04
571,3.6955433477121143369e+04
572,3.7672655718195128429e+04
573,3.8403803447295169462e+04
574,3.9149147216952900635e+04
575,3.9908962841409047542e+04
576,4.0683531499097654887e+04
577,4.1473139837133210676e+04
578,4.2278080077832339157e+04
579,4.3098650127321416221e+04
580,4.3935153686260739050e+04
581,4.4787900362733489601e+04
582,4.5657205787334169145e+04
583,4.6543391730512594222e+04
584,4.7446786222201706551e+04
585,4.8367723673788284941e+04
586,4.9306545002461076365e+04
587,5.0263597757993207779e+04
588,5.1239236251996517240e+04
589,5.2233821689704702294e+04
590,5.3247722304328701284e+04
591,5.4281313494041998638e+04
592,5.5334977961634904204e+04
593,5.6409105856908870919e+04
594,5.7504094921844196506e+04
595,5.8620350638611402246e+04
596,5.9758286380470482982e+04
597,6.0918323565629681980e+04
598,6.2100891814099064504e+04
599,6.3306429107622883748e+04
600,6.4535381952734227525e+04
601,6.5788205546996847261e+04
602,6.7065363948501457344e+04
603,6.8367330248674959876e+04
604,6.9694586748472298495e+04
605,7.1047625138011426316e+04
606,7.2426946679729328025e+04
607,7.3833062395110187936e+04
608,7.5266493255082474207e+04
609,7.6727770374128172989e+04
610,7.8217435208196620806e+04
611,7.9736039756495039910e+04
612,8.1284146767226717202e+04
613,8.2862329947351565352e+04
614,8.4471174176459360751e+04
615,8.6111275724832376000e+04
616,8.7783242475770821329e+04
617,8.9487694152279844275e+04
618,9.1225262548187965876e+04
619,9.2996591763800286571e+04
620,9.4802338446165449568e+04
621,9.6643172034045608598e+04
622,9.8519775007694115629e+04
623,1.0043284314352138608e+05
624,1.0238308577375077584e+05
625,1.0437122605116666819e+05
626,1.0639800121905445121e+05
627,1.0846416288642695872e+05
628,1.1057047730864610639e+05
629,1.1271772567355132196e+05
630,1.1490670439320008154e+05
631,1.1713822540131959249e+05
632,1.1941311645660657086e+05
633,1.2173222145196309430e+05
634,1.2409640072981099365e+05
635,1.2650653140358322707e+05
636,1.2896350768553135276e+05
637,1.3146824122095940402e+05
638,1.3402166142902048887e+05
639,1.3662471585020842031e+05
640,1.3927837050065811491e+05
641,1.4198361023341646069e+05
642,1.4474143910680094268e+05
643,1.4755288075998629211e+05
644,1.5041897879597873543e+05
645,1.5334079717211239040e+05
646,1.5631942059820634313e+05
647,1.5935595494255254744e+05
648,1.6245152764588722493e+05
649,1.6560728814348881133e+05
650,1.6882440829557133839e+05
651,1.7210408282615357894e+05
652,1.7544752977053908398e+05
653,1.7885599093160621123e+05
654,1.8233073234506777953e+05
655,1.8587304475388259743e+05
656,1.8948424409199936781e+05
657,1.9316567197762409342e+05
658,1.9691869621618132805e+05
659,2.0074471131317704567e+05
660,2.0464513899717148161e+05
661,2.0862142875303258188e+05
662,2.1267505836568036466e+05
663,2.1680753447455717833e+05
664,2.2102039313901611604e+05
665,2.2531520041482590022e+05
666,2.2969355294205914834e+05
667,2.3415707854454591870e+05
668,2.3870743684115126962e+05
669,2.4334631986908509862e+05
670,2.4807545271952624898e+05
671,2.5289659418575023301e+05
672,2.5781153742404945660e+05
673,2.6282211062769923592e+05
674,2.6793017771419353085e+05
675,2.7313763902605260955e+05
676,2.7844643204546510242e+05
677,2.8385853212302556494e+05
678,2.8937595322086149827e+05
679,2.9500074867040780373e+05
680,3.0073501194519305136e+05
681,3.0658087744881660910e+05
682,3.1254052131857385393e+05
683,3.1861616224488778971e+05
684,3.2481006230695435079e+05
685,3.3112452782493794803e+05
686,3.3756191022893850459e+05
687,3.4412460694520949619e+05
688,3.5081506229985773098e+05
689,3.5763576844043144956e+05
690,3.6458926627573987935e+05
691,3.7167814643423998496e+05
692,3.7890505024145811331e+05
693,3.8627267071666393895e+05
694,3.9378375358934735414e+05
695,4.0144109833577991230e+05
696,4.0924755923614080530e+05
697,4.1720604645254928619e+05
698,4.2531952712849865202e+05
699,4.3359102650998655008e+05
700,4.4202362908900133334e+05
701,4.5062047976957354695e+05
702,4.5938478505696484353e+05
703,4.6831981427049729973e+05
704,4.7742890078039403306e+05
705,4.8671544326914771227e+05
706,4.9618290701798314694e+05
707,5.0583482521880324930e+05
708,5.1567480031219986267e+05
709,5.2570650535205972847e+05
710,5.3593368539725255687e+05
711,5.4636015893096441869e+05
712,5.5698981930828141049e+05
713,5.6782663623246154748e+05
714,5.7887465726067754440e+05
715,5.9013800933964876458e+05
716,6.0162090037176222540e+05
717,6.1332762081245274749e+05
718,6.2526254529934830498e+05
719,6.3743013431377906818e+05
720,6.4983493587548402138e+05
721,6.6248158727100002579e+05
722,6.7537481681648723315e+05
723,6.8851944565569667611e+05
724,7.0192038959379435983e+05
725,7.1558266096772439778e+05
726,7.2951137055388791487e+05
727,7.4371172951388219371e+05
728,7.5818905137903057039e+05
729,7.7294875407457072288e+05
730,7.8799636198427132331e+05
731,8.0333750805619440507e+05
732,8.1897793595057830680e+05
733,8.3492350223069672938e+05
734,8.5118017859746667091e+05
735,8.6775405416858929675e+05
736,8.8465133780357940122e+05
737,9.0187836047504015733e+05
738,9.1944157768751063850e+05
739,9.3734757194477727171e+05
740,9.5560305526638380252e+05
741,9.7421487175482546445e+05
742,9.9319000021405890584e+05
743,1.0125355568203465082e+06
744,1.0322587978469397640e+06
745,1.0523671224431721494e+06
746,1.0728680754693995696e+06
747,1.0937693503888605628e+06
748,1.1150787922175379936e+06
749,1.1368044005332335364e+06
750,1.1589543325452075806e+06
751,1.1815369062254102901e+06
752,1.2045606035026840400e+06
753,1.2280340735211579595e+06
754,1.2519661359642213210e+06
755,1.2763657844455400482e+06
756,1.3012421899679582566e+06
757,1.3266047044524962548e+06
758,1.3524628643380876165e+06
759,1.3788263942540588323e+06
760,1.4057052107665769290e+06
761,1.4331094262007018551e+06
762,1.4610493525394136086e+06
763,1.4895355054015850183e+06
764,1.5185786080999579281e+06
765,1.5481895957812855486e+06
766,1.5783796196501620580e+06
767,1.6091600512780607678e+06
768,1.6405424869996535126e+06
769,1.6725387523979456164e+06
770,1.7051609068804420531e+06
771,1.7384212483475049958e+06
772,1.7723323179557595868e+06
773,1.8069069049776727334e+06
774,1.8421580517598625738e+06
775,1.8780990587817823980e+06
776,1.9147434898172467947e+06
777,1.9521051772005176172e+06
778,1.9901982271994678304e+06
779,2.0290370254978751764e+06
780,2.0686362427890428808e+06
781,2.1090108404833530076e+06
782,2.1501760765316914767e+06
783,2.1921475113676874898e+06
784,2.2349410139706982300e+06
785,2.2785727680521584116e+06
786,2.3230592783687096089e+06
787,2.3684173771632448770e+06
788,2.4146642307377811521e+06
789,2.4618173461603471078e+06
790,2.5098945781090073287e+06
791,2.5589141358555071056e+06
792,2.6088945903917001560e+06
793,2.6598548817018605769e+06
794,2.7118143261835207231e+06
795,2.7647926242206138559e+06
796,2.8188098679112289101e+06
797,2.8738865489544100128e+06
798,2.9300435666977665387e+06
799,2.9873022363511300646e+06
800,3.0456842973679066636e+06
801,3.1052119219993753359e+06
802,3.1659077240241607651e+06
803,3.2277947676573940553e+06
804,3.2908965766431172378e+06
805,3.3552371435337909497e+06
806,3.4208409391612624750e+06
807,3.4877329223020896316e+06
808,3.5559385495429355651e+06
809,3.6254837853491660208e+06
810,3.6963951123410104774e+06
811,3.7686995417825612240e+06
812,3.8424246242870218121e+06
813,3.9175984607435679063e+06
814,3.9942497134702475742e+06
815,4.0724076175977415405e+06
816,4.1521019926891522482e+06
817,4.2333632546002557501e+06
818,4.3162224275863794610e+06
819,4.4007111566600371152e+06
820,4.4868617202055165544e+06
821,4.5747070428554685786e+06
822,4.6642807086352957413e+06
823,4.7556169743816843256e+06
824,4.8487507834393661469e+06
825,4.9437177796444166452e+06
826,5.0405543215988231823e+06
827,5.1392974972423873842e+06
828,5.2399851387299038470e+06
829,5.3426558376182997599e+06
830,5.4473489603717820719e+06
831,5.5541046641921065748e+06
832,5.6629639131781747565e+06
833,5.7739684948274716735e+06
834,5.8871610368807585910e+06
835,6.0025850245219860226e+06
836,6.1202848179387347773e+06
837,6.2403056702518453822e+06
838,6.3626937458221195266e+06
839,6.4874961389432810247e+06
840,6.6147608929275888950e+06
841,6.7445370195939131081e+06
842,6.8768745191687243059e+06
843,7.0118244006048263982e+06
844,7.1494387023313548416e+06
845,7.2897705134423775598e+06
846,7.4328739953331267461e+06
847,7.5788044037957172841e+06
848,7.7276181115833623335e+06
849,7.8793726314524468035e+06
850,8.0341266396953770891e+06
851,8.1919400001724325120e+06
852,8.3528737888556821272e+06
853,8.5169903188962079585e+06
854,8.6843531662242282182e+06
855,8.8550271956962905824e+06
856,9.0290785878007635474e+06
857,9.2065748659335207194e+06
858,9.3875849242580048740e+06
859,9.5721790561612267047e+06
860,9.7604289833201151341e+06
861,9.9524078853903301060e+06
862,1.0148190430333863944e+07
863,1.0347852805398486555e+07
864,1.0551472748762058094e+07
865,1.0759129581860594451e+07
866,1.0970904242411335930e+07
867,1.1186879318148910999e+07
868,1.1407139081291977316e+07
869,1.1631769523751733825e+07
870,1.1860858393105627969e+07
871,1.2094495229348035529e+07
872,1.2332771402440845966e+07
873,1.2575780150675356388e+07
874,1.2823616619872462004e+07
875,1.3076377903432520106e+07
876,1.3334163083258803934e+07
877,1.3597073271572258323e+07
878,1.3865211653642699122e+07
879,1.4138683531447792426e+07
880,1.4417596368292164057e+07
881,1.4702059834402322769e+07
882,1.4992185853521024808e+07
883,1.5288088650524163619e+07
884,1.5589884800085706636e+07
885,1.5897693276412887499e+07
886,1.6211635504075495526e+07
887,1.6531835409958388656e+07
888,1.6858419476361580193e+07
889,1.7191516795272178948e+07
890,1.7531259123839419335e+07
891,1.7877780941079590470e+07
892,1.8231219505837589502e+07
893,1.8591714916038785130e+07
894,1.8959410169258248061e+07
895,1.9334451224638115615e+07
896,1.9716987066187974066e+07
897,2.0107169767498292029e+07
898,2.0505154557901397347e+07
899,2.0911099890113942325e+07
900,2.1325167509396959096e+07
901,2.1747522524267587811e+07
902,2.2178333478802092373e+07
903,2.2617772426568083465e+07
904,2.3066015006220214069e+07
905,2.3523240518806427717e+07
906,2.3989632006822202355e+07
907,2.4465376335051223636e+07
908,2.4950664273245017976e+07
909,2.5445690580675322562e+07
910,2.5950654092612661421e+07
911,2.6465757808775175363e+07
912,2.6991208983789589256e+07
913,2.7527219219730403274e+07
914,2.8074004560762114823e+07
915,2.8631785589962668717e+07
916,2.9200787528363406658e+07
917,2.9781240336265567690e+07
918,3.0373378816892147064e+07
919,3.0977442722429860383e+07
920,3.1593676862517047673e+07
921,3.2222331215248845518e+07
922,3.2863661040746033192e+07
923,3.3517926997366834432e+07
924,3.4185395260618999600e+07
925,3.4866337644841723144e+07
926,3.5561031727722756565e+07
927,3.6269760977733090520e+07
928,3.6992814884537324309e+07
929,3.7730489092468865216e+07
930,3.8483085537135973573e+07
931,3.9250912585246279836e+07
932,4.0034285177723921835e+07
933,4.0833524976214535534e+07
934,4.1648960513048194349e+07
935,4.2480927344763368368e+07
936,4.3329768209276229143e+07
937,4.4195833186786815524e+07
938,4.5079479864527650177e+07
939,4.5981073505438834429e+07
940,4.6900987220888234675e+07
941,4.7839602147529087961e+07
942,4.8797307628406062722e+07
943,4.9774501398422621191e+07
944,5.0771589774284876883e+07
945,5.1788987849027864635e+07
946,5.2827119691263236105e+07
947,5.3886418549254424870e+07
948,5.4967327059963501990e+07
949,5.6070297463179618120e+07
950,5.7195791820888489485e+07
951,5.8344282242003619671e+07
952,5.9516251112613372505e+07
953,6.0712191331884585321e+07
954,6.1932606553778715432e+07
955,6.3178011434727452695e+07
956,6.4448931887453503907e+07
957,6.5745905341064311564e+07
958,6.7069481007621996105e+07
959,6.8420220155355989933e+07
960,6.9798696388685137033e+07
961,7.1205495935255825520e+07
962,7.2641217940180182457e+07
963,7.4106474767666921020e+07
964,7.5601892310258552432e+07
965,7.7128110305878713727e+07
966,7.8685782662905767560e+07
967,8.0275577793505907059e+07
968,8.1898178955445781350e+07
969,8.3554284602619498968e+07
970,8.5244608744551137090e+07
971,8.6969881315106645226e+07
972,8.8730848550692513585e+07
973,9.0528273378192767501e+07
974,9.2362935812938511372e+07
975,9.4235633366981372237e+07
976,9.6147181467979028821e+07
977,9.8098413888987556100e+07
978,1.0009018318947692215e+08
979,1.0212336116789914668e+08
980,1.0419883932614105940e+08
981,1.0631752934620560706e+08
982,1.0848036357947541773e+08
983,1.1068829554895131290e+08
984,1.1294230046479837596e+08
985,1.1524337575364628434e+08
986,1.1759254160202240944e+08
987,1.1999084151433542371e+08
988,1.2243934288584859669e+08
989,1.2493913759110456705e+08
990,1.2749134258824622631e+08
991,1.3009710053971630335e+08
992,1.3275758044983832538e+08
993,1.3547397831979674101e+08
994,1.3824751782052001357e+08
995,1.4107945098404401541e+08
996,1.4397105891391086578e+08
997,1.4692365251518523693e+08
998,1.4993857324470013380e+08
999,1.5301719388216152787e+08
1000,1.5616091932275927067e+08
1001,1.5937118739195358753e+08
1002,1.6264946968314918876e+08
1003,1.6599727241895493865e+08
1004,1.6941613733679822087e+08
1005,1.7290764259965273738e+08
1006,1.7647340373268744349e+08
1007,1.8011507458668667078e+08
1008,1.8383434832904550433e+08
1009,1.8763295846330353618e+08
1010,1.9151267987809249759e+08
1011,1.9547532992648634315e+08
1012,1.9952276953672087193e+08
1013,2.0365690435533595085e+08
1014,2.0787968592380511761e+08
1015,2.1219311288975617290e+08
1016,2.1659923225393208861e+08
1017,2.2110014065413221717e+08
1018,2.2569798568727606535e+08
1019,2.3039496727097830176e+08
1020,2.3519333904593899846e+08
1021,2.4009540982051646709e+08
1022,2.4510354505893439054e+08
1023,2.5022016841465583444e+08
1024,2.5544776331044459343e+08
1025,2.6078887456673145294e+08
1026,2.6624611008002620935e+08
1027,2.7182214255302369595e+08
1028,2.7751971127834737301e+08
1029,2.8334162397771680355e+08
1030,2.8929075869857656956e+08
1031,2.9537006577019459009e+08
1032,3.0158256982141810656e+08
1033,3.0793137186224901676e+08
1034,3.1441965143155324459e+08
1035,3.2105066881341582537e+08
1036,3.2782776732448983192e+08
1037,3.3475437567506879568e+08
1038,3.4183401040660548210e+08
1039,3.4907027840844964981e+08
1040,3.5646687951680791378e+08
1041,3.6402760919904977083e+08
1042,3.7175636132650887966e+08
1043,3.7965713103916984797e+08
1044,3.8773401770579636097e+08
1045,3.9599122798312258720e+08
1046,4.0443307897787749767e+08
1047,4.1306400151573854685e+08
1048,4.2188854352136915922e+08
1049,4.3091137351375883818e+08
1050,4.4013728422171783447e+08
1051,4.4957119632389682531e+08
1052,4.5921816231870108843e+08
1053,4.6908337052904915810e+08
1054,4.7917214924751871824e+08
1055,4.8948997102761274576e+08
1056,5.0004245712707102299e+08
1057,5.1083538210951071978e+08
1058,5.2187467861094832420e+08
1059,5.3316644227807295322e+08
1060,5.4471693688542211056e+08
1061,5.5653259963912057877e+08
1062,5.6862004667497396469e+08
1063,5.8098607875925230980e+08
1064,5.9363768720097708702e+08
1065,6.0658205998471021652e+08
1066,6.1982658813355493546e+08
1067,6.3337887231239628792e+08
1068,6.4724672968204975128e+08
1069,6.6143820101540911198e+08
1070,6.7596155808732831478e+08
1071,6.9082531135058927536e+08
1072,7.0603821791083562374e+08
1073,7.2160928981435143948e+08
1074,7.3754780266273498535e+08
1075,7.5386330456989467144e+08
1076,7.7056562547719287872e+08
1077,7.8766488684359383583e+08
1078,8.0517151172860765457e+08
1079,8.2309623528658962250e+08
1080,8.4145011569241678715e+08
1081,8.6024454551915705204e+08
1082,8.7949126358999276161e+08
1083,8.9920236732735872269e+08
1084,9.1939032562436592579e+08
1085,9.4006799226424360275e+08
1086,9.6124861991533184052e+08
1087,9.8294587473108756542e+08
1088,1.0051738515856412649e+09
1089,1.0279470899779890776e+09
1090,1.0512805906392141581e+09
1091,1.0751898328798124790e+09
1092,1.0996907927159936428e+09
1093,1.1247999618165585995e+09
1094,1.1505343673143749237e+09
1095,1.1769115925291235447e+09
1096,1.2039497986513795853e+09
1097,1.2316677474407465458e+09
1098,1.2600848249945363998e+09
1099,1.2892210666470007896e+09
1100,1.3190971830630640984e+09
1101,1.3497345875948762894e+09
1102,1.3811554249740989208e+09
1103,1.4133826014170656204e+09
1104,1.4464398162267003059e+09
1105,1.4803515949792468548e+09
1106,1.5151433243908526897e+09
1107,1.5508412889659204483e+09
1108,1.5874727095355112553e+09
1109,1.6250657838028254509e+09
1110,1.6636497290204184055e+09
1111,1.7032548269336431026e+09
1112,1.7439124711341760159e+09
1113,1.7856552169787774086e+09
1114,1.8285168342393600941e+09
1115,1.8725323626644713879e+09
1116,1.9177381706445367336e+09
1117,1.9641720171896617413e+09
1118,2.0118731174443764687e+09
1119,2.0608822119823267460e+09
1120,2.1112416401426401138e+09
1121,2.1629954176923837662e+09
1122,2.2161893191215925217e+09
1123,2.2708709649044418335e+09
1124,2.3270899140874385834e+09
1125,2.3848977625965380669e+09
1126,2.4443482476901931763e+09
1127,2.5054973590212306976e+09
1128,2.5684034568133773804e+09
1129,2.6331273977029266357e+09
1130,2.6997326688464937210e+09
1131,2.7682855309523358345e+09
1132,2.8388551709533543587e+09
1133,2.9115138651091499329e+09
1134,2.9863371534010205269e+09
1135,3.0634040261665310860e+09
1136,3.1427971240168128014e+09
1137,3.2246029521840844154e+09
1138,3.3089121105630798340e+09
1139,3.3958195408439326286e+09
1140,3.4854247922792196274e+09
1141,3.5778323077952990532e+09
1142,3.6731517323418531418e+09
1143,3.7714982455861039162e+09
1144,3.8729929212925257683e+09
1145,3.9777631159974164963e+09
1146,4.0859428898916139603e+09
1147,4.1976734631689162254e+09
1148,4.3131037114884214401e+09
1149,4.4323907046484861374e+09
1150,4.5557002930794334412e+09
1151,4.6832077473467092514e+09
1152,4.8150984565303726196e+09
1153,4.9515686921189336777e+09
1154,5.0928264449483766556e+09
1155,5.2390923437521371841e+09
1156,5.3906006650842428207e+09
1157,5.5476004457759885788e+09
1158,5.7103567107128381729e+09
1159,5.8791518306267738342e+09
1160,6.0542870268376350403e+09
1161,6.2360840425192499161e+09
1162,6.4248870031854848862e+09
1163,6.6210644928010015488e+09
1164,6.8250118763341264725e+09
1165,7.0371539048571519852e+09
1166,7.2579476456442975998e+09
1167,7.4878857873765535355e+09
1168,7.7275003798511695862e+09
1169,7.9773670788976211548e+09
1170,8.2381099810512685776e+09
1171,8.5104071495733203888e+09
1172,8.7949969544982318878e+09
1173,9.0926853756500549316e+09
1174,9.4043544504705810547e+09
1175,9.7309720900025100708e+09
1176,1.0073603539088424683e+10
1177,1.0433424824312381744e+10
1178,1.0811738620258522034e+10
1179,1.1209993077931262970e+10
1180,1.1629804307946619034e+10
1181,1.2072983408418354034e+10
1182,1.2541569192000967026e+10
1183,1.3037868125328256607e+10
1184,1.3564503486855516434e+10
1185,1.4124476435285118103e+10
1186,1.4721242650804851532e+10
1187,1.5358809605779850006e+10
1188,1.6041861563517951965e+10
1189,1.6775922456574190140e+10
1190,1.7567571468134838104e+10
1191,1.8424733482418563843e+10
1192,1.9357078465480178833e+10
1193,2.0376583800963558197e+10
1194,2.1498348519820430756e+10
1195,2.2741812490664031982e+10
1196,2.4132658565159679413e+10
1197,2.5705937204294773102e+10
1198,2.7511551988093963623e+10
1199,2.9624782831101749420e+10
1200,3.2169134361289630890e+10
1201,3.5376050552101631165e+10
1202,3.9798016305826835632e+10
1203,4.7696813132808189392e+10
1204,7.8571768417922180176e+10
1205,2.6104048044306140137e+11
1206,3.3521868725962875977e+12
