10,-3.8110666120037793581e-03
11,3.9653545333908470701e-05
12,5.1287475599245966121e-03
13,1.1333742109577328930e-02
14,1.8596494028841052681e-02
15,2.6883289512790901205e-02
16,3.6172235434398465614e-02
17,4.6448063324363929316e-02
18,5.7699586312810913213e-02
19,6.9918304586975441040e-02
20,8.3097576394856001447e-02
21,9.7232094575827113236e-02
22,1.1231754012208813864e-01
23,1.2835034410705123409e-01
24,1.4532751895355572325e-01
25,1.6324653572207184493e-01
26,1.8210523289558636084e-01
27,2.0190174729540402709e-01
28,2.2263446090572960867e-01
29,2.4430195936590029526e-01
30,2.6690299917419685327e-01
31,2.9043648150208195569e-01
32,3.1490143109965423873e-01
33,3.4029697917714712974e-01
34,3.6662234943304267132e-01
35,3.9387684660491562028e-01
36,4.2205984706922683447e-01
37,4.5117079112738633917e-01
38,4.8120917669909168968e-01
39,5.1217455420741486716e-01
40,5.4406652248911335779e-01
41,5.7688472560198855721e-01
42,6.1062885043122339113e-01
43,6.4529862502093549015e-01
44,6.8089381757671818551e-01
45,7.1741423610106458408e-01
46,7.5485972863684713818e-01
47,7.9323018410518419952e-01
48,8.3252553373350213217e-01
49,8.7274575307743817998e-01
50,9.1389086464704949453e-01
51,9.5596094115338658970e-01
52,9.9895610939614898349e-01
53,1.0428765548166993860e+00
54,1.0877225267433925371e+00
55,1.1334943443577718547e+00
56,1.1801924034105431005e+00
57,1.2278171837155416046e+00
58,1.2763692574476377395e+00
59,1.3258492982669285443e+00
60,1.3762580912862620863e+00
61,1.4275965438920497075e+00
62,1.4798656974193200586e+00
63,1.5330667396712560624e+00
64,1.5872010182604734396e+00
65,1.6422700547346535949e+00
66,1.6982755594328771132e+00
67,1.7552194470008808391e+00
68,1.8131038524748528395e+00
69,1.8719311478239673008e+00
70,1.9317039588223621216e+00
71,1.9924251821033747145e+00
72,2.0540980022316190912e+00
73,2.1167259086144007973e+00
74,2.1803127120622156632e+00
75,2.2448625607994010522e+00
76,2.3103799557197906012e+00
77,2.3768697646772620757e+00
78,2.4443372355949906094e+00
79,2.5127880081663431788e+00
80,2.5822281239001876330e+00
81,2.6526640342262659544e+00
82,2.7241026063165594273e+00
83,2.7965511261855837688e+00
84,2.8700172985001430881e+00
85,2.9445092423495866640e+00
86,3.0200354819979340348e+00
87,3.0966049313625916284e+00
88,3.1742268706492247077e+00
89,3.2529109132401536897e+00
90,3.3326669606161885007e+00
91,3.4135051428320419831e+00
92,3.4954357419213808456e+00
93,3.5784690956481881585e+00
94,3.6626154793270235821e+00
95,3.7478849641048888053e+00
96,3.8342872512597065970e+00
97,3.9218314839027934582e+00
98,4.0105260402529614439e+00
99,4.1003783168157799111e+00
100,4.1913945160414991520e+00
101,4.2835794623859015928e+00
102,4.3769364846005665015e+00
103,4.4714674222684234195e+00
104,4.5671728426104252208e+00
105,4.6640525893647479805e+00
106,4.7621068245672475427e+00
107,4.8613377524020631171e+00
108,4.9617522022857309949e+00
109,5.0633651474325693798e+00
110,5.1662039891761546428e+00
111,5.2703130246518332669e+00
112,5.3757570247321710966e+00
113,5.4826225396948435886e+00
114,5.5910157815464369691e+00
115,5.7010568852880627588e+00
116,5.8128717113468653110e+00
117,5.9265833543216039914e+00
118,6.0423055221746659882e+00
119,6.1601389881364232437e+00
120,6.2801710651263960017e+00
121,6.4024771994340046177e+00
122,6.5271235649198988682e+00
123,6.6541697770134522472e+00
124,6.7836712304892383685e+00
125,6.9156808879490787589e+00
126,7.0502505380712507943e+00
127,7.1874316157714872588e+00
128,7.3272756225522250872e+00
129,7.4698326307223084086e+00
130,7.5297186988522479822e+00
131,7.6151684158512162881e+00
132,7.7633174592592446572e+00
133,7.9143452578866426705e+00
134,8.0683064765861232104e+00
135,8.2252579114340562683e+00
136,8.3852575623019305340e+00
137,8.5483645746460581449e+00
138,8.7146392466090674134e+00
139,8.8841430476141098893e+00
140,9.0569386399955948974e+00
141,9.2330899017940595286e+00
142,9.4126619502218726865e+00
143,9.5957211656581478110e+00
144,9.7823352161339585109e+00
145,9.9725730823018334803e+00
146,1.0166505082891461598e+01
147,1.0364202900661071638e+01
148,1.0565739608852210196e+01
149,1.0771189698157485282e+01
150,1.0980629104211704572e+01
151,1.1194135235615746637e+01
152,1.1411787002504777178e+01
153,1.1633664845669425603e+01
154,1.1859850766242244546e+01
155,1.2090428355960437301e+01
156,1.2325482828014433068e+01
157,1.2565101048495307623e+01
158,1.2809371568452355916e+01
159,1.3058384656571677240e+01
160,1.3312232332489239539e+01
161,1.3571008400749327905e+01
162,1.3834808485422287916e+01
163,1.4103730065393101256e+01
164,1.4377872510334317013e+01
165,1.4657337117377108981e+01
166,1.4942227148492976951e+01
167,1.5232647868601008057e+01
168,1.5528706584413667358e+01
169,1.5830512684036101234e+01
170,1.6138177677333619187e+01
171,1.6451815237081572008e+01
172,1.6771541240914217497e+01
173,1.7097473814085834221e+01
174,1.7429733373062511248e+01
175,1.7768442669958201208e+01
176,1.8113726837832992089e+01
177,1.8465713436870593966e+01
178,1.8824532501450189415e+01
179,1.9190316588131516085e+01
180,1.9563200824571513436e+01
181,1.9943322959388499527e+01
182,2.0330823412993652255e+01
183,2.0725845329409185780e+01
184,2.1128534629090051311e+01
185,2.1539040062771412920e+01
186,2.1957513266359455884e+01
187,2.2384108816887692939e+01
188,2.2818984289557477041e+01
189,2.3262300315885120483e+01
190,2.3714220642977490883e+01
191,2.4174912193956302531e+01
192,2.4644545129554185081e+01
193,2.5123292910906002362e+01
194,2.5611332363558069858e+01
195,2.6108843742717624536e+01
196,2.6616010799769103556e+01
197,2.7133020850079944353e+01
198,2.7660064842120821282e+01
199,2.8197337427927688935e+01
200,2.8745037034928813569e+01
201,2.9303365939166461374e+01
202,2.9872530339937711119e+01
203,3.0452740435883008274e+01
204,3.1044210502550594555e+01
205,3.1647158971464879329e+01
206,3.2261808510729103716e+01
207,3.2888386107190136443e+01
208,3.3527123150198107737e+01
209,3.4178255516989032969e+01
210,3.4842023659725100515e+01
211,3.5518672694221145036e+01
212,3.6208452490393618461e+01
213,3.6911617764463422020e+01
214,3.7628428172946179586e+01
215,3.8359148408465820523e+01
216,3.9104048297427297598e+01
217,3.9863402899581899419e+01
218,4.0637492609525345699e+01
219,4.1426603260164263531e+01
220,4.2231026228187204197e+01
221,4.3051058541584687589e+01
222,4.3887002989251023166e+01
223,4.4739168232715378792e+01
224,4.5607868920037603289e+01
225,4.6493425801912302120e+01
226,4.7396165850027173860e+01
227,4.8316422377716868652e+01
228,4.9254535162953885674e+01
229,5.0210850573727888957e+01
230,5.1185721695855804114e+01
231,5.2179508463270316554e+01
232,5.3192577790836509166e+01
233,5.4225303709743016611e+01
234,5.5278067505522145098e+01
235,5.6351257858741597317e+01
236,5.7445270988430436887e+01
237,5.8560510798284177270e+01
238,5.9697389025705163590e+01
239,6.0856325393736632634e+01
240,6.2037747765939194267e+01
241,6.3242092304275026038e+01
242,6.4469803630051472965e+01
243,6.5721334987990246645e+01
244,6.6997148413474818085e+01
245,6.8297714903042390233e+01
246,6.9623514588185102525e+01
247,7.0975036912519684051e+01
248,7.2352780812395891985e+01
249,7.3757254901005310899e+01
250,7.5188977656062959909e+01
251,7.6648477611129067100e+01
252,7.8136293550641639172e+01
253,7.9652974708730567954e+01
254,8.1199080971889642910e+01
255,8.2775183085581161890e+01
256,8.4381862864842844374e+01
257,8.6019713408984316061e+01
258,8.7689339320446663351e+01
259,8.9391356927906230112e+01
260,9.1126394513708021350e+01
261,9.2895092545707839804e+01
262,9.4698103913611305416e+01
263,9.6536094169901872419e+01
264,9.8409741775434966371e+01
265,1.0031973834980324511e+02
266,1.0226678892655152708e+02
267,1.0425161221334489881e+02
268,1.0627494085718669226e+02
269,1.0833752171477456727e+02
270,1.1044011612810517420e+02
271,1.1258350020542100367e+02
272,1.1476846510761635045e+02
273,1.1699581734018107682e+02
274,1.1926637905082678515e+02
275,1.2158098833287590423e+02
276,1.2394049953453298940e+02
277,1.2634578357416208405e+02
278,1.2879772826167857147e+02
279,1.3129723862616896213e+02
280,1.3384523724988082449e+02
281,1.3644266460866575130e+02
282,1.3909047941905720336e+02
283,1.4178965899205223877e+02
284,1.4454119959377786131e+02
285,1.4734611681314228804e+02
286,1.5020544593661949762e+02
287,1.5312024233030635401e+02
288,1.5609158182938870141e+02
289,1.5912056113516362643e+02
290,1.6220829821976124663e+02
291,1.6535593273872390796e+02
292,1.6856462645158325131e+02
293,1.7183556365058950632e+02
294,1.7516995159777636104e+02
295,1.7856902097048745759e+02
296,1.8203402631555317726e+02
297,1.8556624651227232903e+02
298,1.8916698524438163531e+02
299,1.9283757148118328928e+02
300,1.9657935996799270129e+02
301,2.0039373172611283280e+02
302,2.0428209456251013876e+02
303,2.0824588358936193799e+02
304,2.1228656175370156234e+02
305,2.1640562037732203748e+02
306,2.2060457970717035892e+02
307,2.2488498947639936887e+02
308,2.2924842947632717483e+02
309,2.3369651013947395768e+02
310,2.3823087313391576458e+02
311,2.4285319196917384943e+02
312,2.4756517261384945527e+02
313,2.5236855412525142128e+02
314,2.5726510929122707694e+02
315,2.6225664528445690848e+02
316,2.6734500432943275428e+02
317,2.7253206438238549936e+02
318,2.7781973982439330939e+02
319,2.8320998216794538394e+02
320,2.8870478077721844556e+02
321,2.9430616360230385453e+02
322,3.0001619792770912909e+02
323,3.0583699113536420100e+02
324,3.1177069148243583641e+02
325,3.1781948889423159699e+02
326,3.2398561577249040511e+02
327,3.3027134781935131969e+02
328,3.3667900487731014891e+02
329,3.4321095178547727755e+02
330,3.4986959925244508440e+02
331,3.5665740474608907107e+02
332,3.6357687340063256443e+02
333,3.7063055894132048707e+02
334,3.7782106462702734007e+02
335,3.8515104421115307787e+02
336,3.9262320292115100528e+02
337,4.0024029845710447262e+02
338,4.0800514200963107214e+02
339,4.1592059929754640279e+02
340,4.2398959162569883574e+02
341,4.3221509696328303107e+02
342,4.4060015104309326262e+02
343,4.4914784848213423629e+02
344,4.5786134392392983727e+02
345,4.6674385320302275204e+02
346,4.7579865453208202553e+02
347,4.8502908971200071164e+02
348,4.9443856536553988690e+02
349,5.0403055419485406219e+02
350,5.1380859626342760293e+02
351,5.2377630030293960317e+02
352,5.3393734504541032493e+02
353,5.4429548058125612897e+02
354,5.5485452974367206025e+02
355,5.6561838951988136159e+02
356,5.7659103248977919520e+02
357,5.8777650829249387243e+02
358,5.9917894512139253038e+02
359,6.1080255124811003498e+02
360,6.2265161657617261426e+02
361,6.3473051422472485683e+02
362,6.4704370214306243270e+02
363,6.5959572475638663036e+02
364,6.7239121464362392544e+02
365,6.8543489424772144503e+02
366,6.9873157761917775588e+02
367,7.1228617219337445476e+02
368,7.2610368060242421961e+02
369,7.4018920252219254508e+02
370,7.5454793655515936734e+02
371,7.6918518214976995750e+02
372,7.8410634155713626114e+02
373,7.9931692182564268023e+02
374,8.1482253683426642965e+02
375,8.3062890936541668907e+02
376,8.4674187321791964678e+02
377,8.6316737536110315432e+02
378,8.7991147813062605110e+02
379,8.9698036146694778381e+02
380,9.1438032519725516067e+02
381,9.3211779136170139282e+02
382,9.5019930658470786966e+02
383,9.6863154449240937538e+02
384,9.8742130817694987854e+02
385,1.0065755327086105808e+03
386,1.0261012876967622560e+03
387,1.0460057799004384833e+03
388,1.0662963558896622089e+03
389,1.0869805047583824944e+03
390,1.1080658608901035223e+03
391,1.1295602067771826569e+03
392,1.1514714758948468898e+03
393,1.1738077556310358887e+03
394,1.1965772902730695932e+03
395,1.2197884840523495313e+03
396,1.2434499042481156721e+03
397,1.2675702843514970937e+03
398,1.2921585272910110689e+03
399,1.3172237087205082844e+03
400,1.3427750803712465313e+03
401,1.3688220734687174627e+03
402,1.3953743022161359022e+03
403,1.4224415673452165265e+03
404,1.4500338597361708253e+03
405,1.4781613641078224646e+03
406,1.5068344627794658663e+03
407,1.5360637395056714922e+03
408,1.5658599833856246732e+03
409,1.5962341928482464937e+03
410,1.6271975797149159462e+03
411,1.6587615733408135839e+03
412,1.6909378248368507229e+03
413,1.7237382113735061466e+03
414,1.7571748405683013061e+03
415,1.7912600549582903113e+03
416,1.8260064365596213065e+03
417,1.8614268115155271062e+03
418,1.8975342548344849547e+03
419,1.9343420952205685808e+03
420,1.9718639199975102656e+03
421,2.0101135801282632656e+03
422,2.0491051953323153612e+03
423,2.0888531593020543369e+03
424,2.1293721450206689951e+03
425,2.1706771101833151079e+03
426,2.2127833027233818939e+03
427,2.2557062664463201145e+03
428,2.2994618467726372728e+03
429,2.3440661965926110497e+03
430,2.3895357822347227739e+03
431,2.4358873895497913509e+03
432,2.4831381301136129878e+03
433,2.5313054475496878695e+03
434,2.5804071239750687710e+03
435,2.6304612865712761050e+03
436,2.6814864142827714204e+03
437,2.7335013446456882775e+03
438,2.7865252807492133797e+03
439,2.8405777983318998849e+03
440,2.8956788530162571078e+03
441,2.9518487876834751660e+03
442,3.0091083399917797578e+03
443,3.0674786500403683931e+03
444,3.1269812681827820597e+03
445,3.1876381629916027123e+03
446,3.2494717293781168337e+03
447,3.3125047968696549106e+03
448,3.3767606380476777304e+03
449,3.4422629771499791786e+03
450,3.5090359988399600297e+03
451,3.5771043571459085797e+03
452,3.6464931845744818020e+03
453,3.7172281014010577564e+03
454,3.7893352251406536197e+03
455,3.8628411802025862016e+03
456,3.9377731077329276559e+03
457,4.0141586756484816760e+03
458,4.0920260888652564972e+03
459,4.1714040997258844072e+03
460,4.2523220186298494809e+03
461,4.3348097248699259580e+03
462,4.4188976776795816477e+03
463,4.5046169274947624217e+03
464,4.5919991274346875798e+03
465,4.6810765450058388524e+03
466,4.7718820740330875196e+03
467,4.8644492468231574094e+03
468,4.9588122465641181407e+03
469,5.0550059199660017839e+03
470,5.1530657901473032325e+03
471,5.2530280697715134011e+03
472,5.3549296744394541747e+03
473,5.4588082363414341671e+03
474,5.5647021181754935242e+03
475,5.6726504273353530152e+03
476,5.7826930303749504674e+03
477,5.8948705677533280323e+03
478,6.0092244688670516553e+03
479,6.1257969673743309613e+03
480,6.2446311168170213932e+03
481,6.3657708065465330947e+03
482,6.4892607779593936357e+03
483,6.6151466410484945300e+03
484,6.7434748912758077495e+03
485,6.8742929267734734822e+03
486,7.0076490658794082265e+03
487,7.1435925650137050980e+03
488,7.2821736369026284592e+03
489,7.4234434691571896110e+03
490,7.5674542432125344931e+03
491,7.7142591536364043350e+03
492,7.8639124278125400451e+03
493,8.0164693460068483546e+03
494,8.1719862618238785217e+03
495,8.3305206230616913672e+03
496,8.4921309929715571343e+03
497,8.6568770719315634778e+03
498,8.8248197195420707430e+03
499,8.9960209771499157796e+03
500,9.1705440908122582186e+03
501,9.3484535347055698367e+03
502,9.5298150349914121762e+03
503,9.7146955941454689309e+03
504,9.9031635157601667743e+03
505,1.0095288429830217865e+04
506,1.0291141318529518685e+04
507,1.0490794542490182721e+04
508,1.0694321867591850605e+04
509,1.0901798492273772354e+04
510,1.1113301075377325105e+04
511,1.1328907764529529231e+04
512,1.1548698225081072451e+04
513,1.1772753669605750474e+04
514,1.2001156887974471829e+04
515,1.2233992278014608019e+04
516,1.2471345876765830326e+04
517,1.2713305392344505890e+04
518,1.2959960236428214557e+04
519,1.3211401557372872048e+04
520,1.3467722273973393385e+04
521,1.3729017109883066951e+04
522,1.3995382628701830981e+04
523,1.4266917269747942555e+04
524,1.4543721384525942995e+04
525,1.4825897273905191469e+04
526,1.5113549226021106733e+04
527,1.5406783554915506102e+04
528,1.5705708639928490811e+04
529,1.6010434965858383293e+04
530,1.6321075163902285567e+04
531,1.6637744053394195362e+04
532,1.6960558684357885795e+04
533,1.7289638380885466177e+04
534,1.7625104785362535040e+04
535,1.7967081903554942983e+04
536,1.8315696150573185150e+04
537,1.8671076397731281759e+04
538,1.9033354020319555275e+04
539,1.9402662946308635583e+04
540,1.9779139706000383740e+04
541,2.0162923482646885532e+04
542,2.0554156164056854323e+04
543,2.0952982395205381181e+04
544,2.1359549631871035672e+04
545,2.1774008195314912882e+04
546,2.2196511328029286233e+04
547,2.2627215250569875934e+04
548,2.3066279219495510915e+04
549,2.3513865586438845639e+04
550,2.3970139858325928799e+04
551,2.4435270758773156558e+04
552,2.4909430290676937148e+04
553,2.5392793800024908705e+04
554,2.5885540040953183052e+04
555,2.6387851242068227293e+04
556,2.6899913174064680788e+04
557,2.7421915218659756647e+04
558,2.7954050438872975064e+04
559,2.8496515650675624784e+04
560,2.9049511496037401230e+04
561,2.9613242517397055053e+04
562,3.0187917233586995280e+04
563,3.0773748217237687641e+04
564,3.1370952173689762276e+04
565,3.1979750021449981432e+04
566,3.2600366974212225614e+04
567,3.3233032624481274979e+04
568,3.3877981028826055990e+04
569,3.4535450794798482093e+04
570,3.5205685169546130055e+04
571,3.5888932130152927130e+04
572,3.6585444475748154218e+04
573,3.7295479921407073562e+04
574,3.8019301193887033151e+04
575,3.8757176129229199432e+04
576,3.9509377772269806883e+04
577,4.0276184478092160134e+04
578,4.1057880015456903493e+04
579,4.1854753672251870739e+04
580,4.2667100363005520194e+04
581,4.3495220738492804230e+04
582,4.4339421297484565002e+04
583,4.5200014500680765195e+04
584,4.6077318886863431544e+04
585,4.6971659191326478322e+04
586,4.7883366466607731127e+04
587,4.8812778205589944264e+04
588,4.9760238466999449884e+04
589,5.0726098003356215486e+04
590,5.1710714391431327385e+04
591,5.2714452165244270873e+04
592,5.3737682951664544817e+04
593,5.4780785608660793514e+04
594,5.5844146366251436120e+04
595,5.6928158970214732108e+04
596,5.8033224828598664317e+04
597,5.9159753161103326420e+04
598,6.0308161151381464151e+04
599,6.1478874102310801391e+04
600,6.2672325594313362672e+04
601,6.3888957646757437033e+04
602,6.5129220882524823537e+04
603,6.6393574695795585285e+04
604,6.7682487423110404052e+04
605,6.8996436517783513409e+04
606,7.0335908727720569004e+04
607,7.1701400276725151343e+04
608,7.3093417049344003317e+04
609,7.4512474779332027538e+04
610,7.5959099241806252394e+04
611,7.7433826449162064819e+04
612,7.8937202850811765529e+04
613,8.0469785536852228688e+04
614,8.2032142445705772843e+04
615,8.3624852575826502289e+04
616,8.5248506201560609043e+04
617,8.6903705093220414710e+04
618,8.8591062741478279349e+04
619,9.0311204586152307456e+04
620,9.2064768249476095662e+04
621,9.3852403773925238056e+04
622,9.5674773864715753007e+04
623,9.7532554137056737090e+04
624,9.9426433368232072098e+04
625,1.0135711375463118020e+05
626,1.0332531117382162483e+05
627,1.0533175545175149455e+05
628,1.0737719063518295297e+05
629,1.0946237526949049789e+05
630,1.1158808268187312933e+05
631,1.1375510127014895261e+05
632,1.1596423479719625902e+05
633,1.1821630269117362332e+05
634,1.2051214035162687651e+05
635,1.2285259946161178232e+05
636,1.2523854830591802602e+05
637,1.2767087209556526795e+05
638,1.3015047329864252242e+05
639,1.3267827197765020537e+05
640,1.3525520613346996834e+05
641,1.3788223205607297132e+05
642,1.4056032468213146785e+05
643,1.4329047795962583041e+05
644,1.4607370521964057116e+05
645,1.4891103955544484779e+05
646,1.5180353420902369544e+05
647,1.5475226296519453172e+05
648,1.5775832055348658469e+05
649,1.6082282305789942620e+05
650,1.6394690833470900543e+05
651,1.6713173643851297675e+05
652,1.7037849005662318086e+05
653,1.7368837495201363345e+05
654,1.7706262041496933671e+05
655,1.8050247972362261498e+05
656,1.8400923061354074161e+05
657,1.8758417575655921246e+05
658,1.9122864324903828674e+05
659,1.9494398710969666718e+05
660,1.9873158778728649486e+05
661,2.0259285267822197056e+05
662,2.0652921665442301310e+05
663,2.1054214260154290241e+05
664,2.1463312196776951896e+05
665,2.1880367532347733504e+05
666,2.2305535293187320349e+05
667,2.2738973533089316334e+05
668,2.3180843392655032221e+05
669,2.3631309159799647750e+05
670,2.4090538331449200632e+05
671,2.4558701676454237895e+05
672,2.5035973299742839299e+05
673,2.5522530707740719663e+05
674,2.6018554875079230987e+05
675,2.6524230312620400218e+05
676,2.7039745136821974302e+05
677,2.7565291140474728309e+05
678,2.8101063864831824321e+05
679,2.8647262673163024010e+05
680,2.9204090825762983877e+05
681,2.9771755556436744519e+05
682,3.0350468150497169700e+05
683,3.0940444024306954816e+05
684,3.1541902806382090785e+05
685,3.2155068420109420549e+05
686,3.2780169168088270817e+05
687,3.3417437818147899816e+05
688,3.4067111691058450378e+05
689,3.4729432749978499487e+05
690,3.5404647691675851820e+05
691,3.6093008039544161875e+05
692,3.6794770238466252340e+05
693,3.7510195751552109141e+05
694,3.8239551158792182105e+05
695,3.8983108257660805248e+05
696,3.9741144165716337739e+05
697,4.0513941425229905872e+05
698,4.1301788109882920980e+05
699,4.2104977933588542510e+05
700,4.2923810361456469400e+05
701,4.3758590722968522459e+05
702,4.4609630327389982995e+05
703,4.5477246581473643892e+05
704,4.6361763109493453521e+05
705,4.7263509875663992716e+05
706,4.8182823308985633776e+05
707,4.9120046430570416851e+05
708,5.0075528983489738312e+05
709,5.1049627565203938866e+05
710,5.2042705762621876784e+05
711,5.3055134289840341080e+05
712,5.4087291128624277189e+05
713,5.5139561671670549549e+05
714,5.6212338868730154354e+05
715,5.7306023375624360051e+05
716,5.8421023706234747078e+05
717,5.9557756387508322950e+05
718,6.0716646117543184664e+05
719,6.1898125926840188913e+05
720,6.3102637342736276332e+05
721,6.4330630557131895330e+05
722,6.5582564597552409396e+05
723,6.6858907501617516391e+05
724,6.8160136494983441662e+05
725,6.9486738172836729791e+05
726,7.0839208685002441052e+05
727,7.2218053924751922023e+05
728,7.3623789721358462702e+05
729,7.5056942036516033113e+05
730,7.6518047164665709715e+05
731,7.8007651937320688739e+05
732,7.9526313931479339954e+05
733,8.1074601682193099987e+05
734,8.2653094899381068535e+05
735,8.4262384688989643473e+05
736,8.5903073778559605125e+05
737,8.7575776747304433957e+05
738,8.9281120260805776343e+05
739,9.1019743310386559460e+05
740,9.2792297457287623547e+05
741,9.4599447081722458825e+05
742,9.6441869636932434514e+05
743,9.8320255908322916366e+05
744,1.0023531027779488359e+06
745,1.0218775099336931016e+06
746,1.0417831044422910782e+06
747,1.0620773544127789792e+06
748,1.0827678750330409966e+06
749,1.1038624314892848488e+06
750,1.1253689419437942561e+06
751,1.1472954805726902559e+06
752,1.1696502806645983364e+06
753,1.1924417377817227971e+06
754,1.2156784129843306728e+06
755,1.2393690361202014610e+06
756,1.2635225091802459210e+06
757,1.2881479097216147929e+06
758,1.3132544943597507663e+06
759,1.3388517023306968622e+06
760,1.3649491591254866216e+06
761,1.3915566801972589456e+06
762,1.4186842747436643112e+06
763,1.4463421495651341975e+06
764,1.4745407130013764836e+06
765,1.5032905789469336160e+06
766,1.5326025709482363891e+06
767,1.5624877263831286691e+06
768,1.5929573007250090595e+06
769,1.6240227718930186238e+06
770,1.6556958446905119345e+06
771,1.6879884553329851478e+06
772,1.7209127760679500643e+06
773,1.7544812198881870136e+06
774,1.7887064453404136002e+06
775,1.8236013614318689797e+06
776,1.8591791326356106438e+06
777,1.8954531839980718214e+06
778,1.9324372063498224597e+06
779,1.9701451616224022582e+06
780,2.0085912882727719843e+06
781,2.0477901068185425829e+06
782,2.0877564254850426223e+06
783,2.1285053459679353982e+06
784,2.1700522693124678917e+06
785,2.2124129019129355438e+06
786,2.2556032616338059306e+06
787,2.2996396840561414137e+06
788,2.3445388288507992402e+06
789,2.3903176862820652314e+06
790,2.4369935838435073383e+06
791,2.4845841930300057866e+06
792,2.5331075362472636625e+06
793,2.5825819938632557169e+06
794,2.6330263114031874575e+06
795,2.6844596068923352286e+06
796,2.7369013783483700827e+06
797,2.7903715114277675748e+06
798,2.8448902872286145575e+06
799,2.9004783902532383800e+06
800,2.9571569165342277847e+06
801,3.0149473819273654372e+06
802,3.0738717305744555779e+06
803,3.1339523435403150506e+06
804,3.1952120476272678934e+06
805,3.2576741243704725057e+06
806,3.3213623192190676928e+06
807,3.3863008509055441245e+06
808,3.4525144210087419488e+06
809,3.5200282237136149779e+06
810,3.5888679557722178288e+06
811,3.6590598266707672738e+06
812,3.7306305690056877211e+06
813,3.8036074490750893019e+06
814,3.8780182776881735772e+06
815,3.9538914211990893818e+06
816,4.0312558127686292864e+06
817,4.1101409638591627590e+06
818,4.1905769759682090953e+06
819,4.2725945526049872860e+06
820,4.3562250115151377395e+06
821,4.4415002971600536257e+06
822,4.5284529934547981247e+06
823,4.6171163367712665349e+06
824,4.7075242292115073651e+06
825,4.7997112521578622982e+06
826,4.8937126801045192406e+06
827,4.9895644947781460360e+06
828,5.0873033995532821864e+06
829,5.1869668341673938558e+06
830,5.2885929897445598617e+06
831,5.3922208241329379380e+06
832,5.4978900775624793023e+06
833,5.6056412886309260502e+06
834,5.7155158106244988739e+06
835,5.8275558281809706241e+06
836,5.9418043743019746616e+06
837,6.0583053477229485288e+06
838,6.1771035306473681703e+06
839,6.2982446068544015288e+06
840,6.4217751801872784272e+06
841,6.5477427934314301237e+06
842,6.6761959475902067497e+06
843,6.8071841215669894591e+06
844,6.9407577922628708184e+06
845,7.0769684550994411111e+06
846,7.2158686449742168188e+06
847,7.3575119576618783176e+06
848,7.5019530716654136777e+06
849,7.6492477705328594893e+06
850,7.7994529656472923234e+06
851,7.9526267194991614670e+06
852,8.1088282694550491869e+06
853,8.2681180520303025842e+06
854,8.4305577276792284101e+06
855,8.5962102061136513948e+06
856,8.7651396721601411700e+06
857,8.9374116121706925333e+06
858,9.1130928409966342151e+06
859,9.2922515295389387757e+06
860,9.4749572328898143023e+06
861,9.6612809190741255879e+06
862,9.8512949984111823142e+06
863,1.0045073353503162041e+07
864,1.0242691369869142771e+07
865,1.0444225967237766832e+07
866,1.0649755631513385102e+07
867,1.0859360447431614622e+07
868,1.1073122131917364895e+07
869,1.1291124068165276200e+07
870,1.1513451340454414487e+07
871,1.1740190769718226045e+07
872,1.1971430949882680550e+07
873,1.2207262284993683919e+07
874,1.2447777027149049565e+07
875,1.2693069315255347639e+07
876,1.2943235214627025649e+07
877,1.3198372757447212934e+07
878,1.3458581984110618010e+07
879,1.3723964985469266772e+07
880,1.3994625945998905227e+07
881,1.4270671187910897657e+07
882,1.4552209216230308637e+07
883,1.4839350764858137816e+07
884,1.5132208843649286777e+07
885,1.5430898786520043388e+07
886,1.5735538300616994500e+07
887,1.6046247516565958038e+07
888,1.6363149039830008522e+07
889,1.6686368003200082108e+07
890,1.7016032120446093380e+07
891,1.7352271741153951734e+07
892,1.7695219906779065728e+07
893,1.8045012407940324396e+07
894,1.8401787842989295721e+07
895,1.8765687677879337221e+07
896,1.9136856307368729264e+07
897,1.9515441117586530745e+07
898,1.9901592549998939037e+07
899,2.0295464166798770428e+07
900,2.0697212717765122652e+07
901,2.1106998208616252989e+07
902,2.1524983970899090171e+07
903,2.1951336733447190374e+07
904,2.2386226695447850972e+07
905,2.2829827601156190038e+07
906,2.3282316816293910146e+07
907,2.3743875406172532588e+07
908,2.4214688215589698404e+07
909,2.4694943950528796762e+07
910,2.5184835261719565839e+07
911,2.5684558830094452947e+07
912,2.6194315454187288880e+07
913,2.6714310139529515058e+07
914,2.7244752190083634108e+07
915,2.7785855301769427955e+07
916,2.8337837658127337694e+07
917,2.8900922028180558234e+07
918,2.9475335866545930505e+07
919,3.0061311415839217603e+07
920,3.0659085811450835317e+07
921,3.1268901188731390983e+07
922,3.1891004792660571635e+07
923,3.2525649090052500367e+07
924,3.3173091884362522513e+07
925,3.3833596433164440095e+07
926,3.4507431568357303739e+07
927,3.5194871819177135825e+07
928,3.5896197538080960512e+07
929,3.6611695029569044709e+07
930,3.7341656682036228478e+07
931,3.8086381102709136903e+07
932,3.8846173255757339299e+07
933,3.9621344603660687804e+07
934,4.0412213251912370324e+07
935,4.1219104097136795521e+07
936,4.2042348978723086417e+07
937,4.2882286834050431848e+07
938,4.3739263857407018542e+07
939,4.4613633662691041827e+07
940,4.5505757449998080730e+07
941,4.6416004176182039082e+07
942,4.7344750729511685669e+07
943,4.8292382108516067266e+07
944,4.9259291605123698711e+07
945,5.0245880992224596441e+07
946,5.1252560715752474964e+07
947,5.2279750091418184340e+07
948,5.3327877506212875247e+07
949,5.4397380624798655510e+07
950,5.5488706600934632123e+07
951,5.6602312294047936797e+07
952,5.7738664491106465459e+07
953,5.8898240133928917348e+07
954,6.0081526552062682807e+07
955,6.1289021701403379440e+07
956,6.2521234408692397177e+07
957,6.3778684622056946158e+07
958,6.5061903667755141854e+07
959,6.6371434513291746378e+07
960,6.7707832037080928683e+07
961,6.9071663304836928844e+07
962,7.0463507852864220738e+07
963,7.1883957978448972106e+07
964,7.3333619037543624640e+07
965,7.4813109749939888716e+07
966,7.6323062512142971158e+07
967,7.7864123718155115843e+07
968,7.9436954088399335742e+07
969,8.1042229006993040442e+07
970,8.2680638867621049285e+07
971,8.4352889428239688277e+07
972,8.6059702174859181046e+07
973,8.7801814694673508406e+07
974,8.9579981058785229921e+07
975,9.1394972214806690812e+07
976,9.3247576389624431729e+07
977,9.5138599502601817250e+07
978,9.7068865589534953237e+07
979,9.9039217237654834986e+07
980,1.0105051603202037513e+08
981,1.0310364301359653473e+08
982,1.0519949914938962460e+08
983,1.0733900581497302651e+08
984,1.0952310528976877034e+08
985,1.1175276126546104252e+08
986,1.1402895936793303490e+08
987,1.1635270769312165678e+08
988,1.1872503735718400776e+08
989,1.2114700306145456433e+08
990,1.2361968367256966233e+08
991,1.2614418281826019287e+08
992,1.2872162949926333129e+08
993,1.3135317871784894168e+08
994,1.3404001212345437706e+08
995,1.3678333867595854402e+08
996,1.3958439532712012529e+08
997,1.4244444772075387836e+08
998,1.4536479091220301390e+08
999,1.4834675010772684216e+08
1000,1.5139168142438289523e+08
1001,1.5450097267108035088e+08
1002,1.5767604415145304799e+08
1003,1.6091834948921120167e+08
1004,1.6422937647672945261e+08
1005,1.6761064794754844904e+08
1006,1.7106372267358657718e+08
1007,1.7459019628784751892e+08
1008,1.7819170223342385888e+08
1009,1.8186991273964098096e+08
1010,1.8562653982621797919e+08
1011,1.8946333633637744188e+08
1012,1.9338209699981868267e+08
1013,1.9738465952650445700e+08
1014,2.0147290573234942555e+08
1015,2.0564876269778382778e+08
1016,2.0991420396031156182e+08
1017,2.1427125074220496416e+08
1018,2.1872197321447351575e+08
1019,2.2326849179834094644e+08
1020,2.2791297850552195311e+08
1021,2.3265765831856074929e+08
1022,2.3750481061258861423e+08
1023,2.4245677061997708678e+08
1024,2.4751593093930742145e+08
1025,2.5268474309017333388e+08
1026,2.5796571911543920636e+08
1027,2.6336143323257312179e+08
1028,2.6887452353578531742e+08
1029,2.7450769375074934959e+08
1030,2.8026371504375416040e+08
1031,2.8614542788721406460e+08
1032,2.9215574398356717825e+08
1033,2.9829764824960553646e+08
1034,3.0457420086346608400e+08
1035,3.1098853937648874521e+08
1036,3.1754388089233261347e+08
1037,3.2424352431580042839e+08
1038,3.3109085267393535376e+08
1039,3.3808933551201015711e+08
1040,3.4524253136723673344e+08
1041,3.5255409032309716940e+08
1042,3.6002775664724856615e+08
1043,3.6766737151620495319e+08
1044,3.7547687583009916544e+08
1045,3.8346031312086296082e+08
1046,3.9162183255753254890e+08
1047,3.9996569205226391554e+08
1048,4.0849626147110182047e+08
1049,4.1721802595346689224e+08
1050,4.2613558934470748901e+08
1051,4.3525367774603700638e+08
1052,4.4457714318667751551e+08
1053,4.5411096742289829254e+08
1054,4.6386026586921149492e+08
1055,4.7383029166680258512e+08
1056,4.8402643989504379034e+08
1057,4.9445425193168407679e+08
1058,5.0511941996797627211e+08
1059,5.1602779168496888876e+08
1060,5.2718537509787452221e+08
1061,5.3859834357527589798e+08
1062,5.5027304104074418545e+08
1063,5.6221598736440920830e+08
1064,5.7443388395267355442e+08
1065,5.8693361954456496239e+08
1066,5.9972227622348868847e+08
1067,6.1280713565393161774e+08
1068,6.2619568555273830891e+08
1069,6.3989562640548038483e+08
1070,6.5391487843853676319e+08
1071,6.6826158885847234726e+08
1072,6.8294413937061309814e+08
1073,6.9797115398936617374e+08
1074,7.1335150715373158455e+08
1075,7.2909433216181278229e+08
1076,7.4520902993907189369e+08
1077,7.6170527815590667725e+08
1078,7.7859304071080446243e+08
1079,7.9588257759632372856e+08
1080,8.1358445516610157490e+08
1081,8.3170955682202959061e+08
1082,8.5026909414179408550e+08
1083,8.6927461846830511093e+08
1084,8.8873803298336398602e+08
1085,9.0867160528964185715e+08
1086,9.2908798052617204189e+08
1087,9.5000019504380357265e+08
1088,9.7142169066930401325e+08
1089,9.9336632958769035339e+08
1090,1.0158484098746036291e+09
1091,1.0388826817121903896e+09
1092,1.0624843643242999315e+09
1093,1.0866691636686999798e+09
1094,1.1114532909262096882e+09
1095,1.1368534818296329975e+09
1096,1.1628870168774726391e+09
1097,1.1895717424806334972e+09
1098,1.2169260930931804180e+09
1099,1.2449691143816137314e+09
1100,1.2737204874905250072e+09
1101,1.3032005544663958549e+09
1102,1.3334303449052653313e+09
1103,1.3644316038944811821e+09
1104,1.3962268213233153820e+09
1105,1.4288392626424469948e+09
1106,1.4622930011576690674e+09
1107,1.4966129519491789341e+09
1108,1.5318249075140843391e+09
1109,1.5679555752367820740e+09
1110,1.6050326167989852428e+09
1111,1.6430846896499667168e+09
1112,1.6821414906651744843e+09
1113,1.7222338021321339607e+09
1114,1.7633935402116725445e+09
1115,1.8056538060344665051e+09
1116,1.8490489396045291424e+09
1117,1.8936145766947653294e+09
1118,1.9393877089336464405e+09
1119,1.9864067472981648445e+09
1120,2.0347115892451395988e+09
1121,2.0843436897310466766e+09
1122,2.1353461363916397095e+09
1123,2.1877637291745576859e+09
1124,2.2416430647421393394e+09
1125,2.2970326259888677597e+09
1126,2.3539828770469212532e+09
1127,2.4125463641856694221e+09
1128,2.4727778230458431244e+09
1129,2.5347342926887631416e+09
1130,2.5984752369837784767e+09
1131,2.6640626739040455818e+09
1132,2.7315613133537364006e+09
1133,2.8010387042076301575e+09
1134,2.8725653913080968857e+09
1135,2.9462150832362437248e+09
1136,3.0220648317526860237e+09
1137,3.1001952238914370537e+09
1138,3.1806905877904047966e+09
1139,3.2636392134482145309e+09
1140,3.3491335897233214378e+09
1141,3.4372706590260028839e+09
1142,3.5281520913084526062e+09
1143,3.6218845791314277649e+09
1144,3.7185801557792096138e+09
1145,3.8183565386153240204e+09
1146,3.9213375001163091660e+09
1147,4.0276532693046369553e+09
1148,4.1374409666152448654e+09
1149,4.2508450755934510231e+09
1150,4.3680179552317476273e+09
1151,4.4891203972200212479e+09
1152,4.6143222329212789536e+09
1153,4.7438029954967660904e+09
1154,4.8777526433098382950e+09
1155,5.0163723515497264862e+09
1156,5.1598753799540710449e+09
1157,5.3084880255926141739e+09
1158,5.4624506709364118576e+09
1159,5.6220189389008235931e+09
1160,5.7874649682657718658e+09
1161,5.9590788248812389374e+09
1162,6.1371700664228363037e+09
1163,6.3220694812445306778e+09
1164,6.5141310251615247726e+09
1165,6.7137339839060134888e+09
1166,6.9212853936528854370e+09
1167,7.1372227575874404907e+09
1168,7.3620171031891155243e+09
1169,7.5961764329918518066e+09
1170,7.8402496313920402527e+09
1171,8.0948309020348548889e+09
1172,8.3605648249508457184e+09
1173,8.6381521406544284821e+09
1174,8.9283563907528457642e+09
1175,9.2320115724480171204e+09
1176,9.5500309992104854584e+09
1177,9.8834176039578781128e+09
1178,1.0233275977078199387e+10
1179,1.0600826503387413025e+10
1180,1.0987422054784523010e+10
1181,1.1394567816104822159e+10
1182,1.1823944980467489243e+10
1183,1.2277439261367950439e+10
1184,1.2757175452117252350e+10
1185,1.3265559648332258224e+10
1186,1.3805331279447940826e+10
1187,1.4379627835747646332e+10
1188,1.4992066227895288467e+10
1189,1.5646846232081052780e+10
1190,1.6348883704615291595e+10
1191,1.7103984603444595337e+10
1192,1.7919076019988777161e+10
1193,1.8802518605301696777e+10
1194,1.9764538146006229401e+10
1195,2.0817836716906864166e+10
1196,2.1978483957642517090e+10
1197,2.3267263703521854401e+10
1198,2.4711798906186088562e+10
1199,2.6350092284765106201e+10
1200,2.8236854100005191803e+10
1201,3.0455912873762226105e+10
1202,3.3147878238704975128e+10
1203,3.6584172965292060852e+10
1204,4.1425400266445419312e+10
1205,4.9935762435715461731e+10
1206,7.1448771156708450317e+10
1207,1.4425861100389019775e+11
1208,5.3212258710700189209e+11
1209,7.1105206028213437500e+12
