4,-3.1250000000008000545e-02
5,-1.9999998585837244769e-02
6,-1.3885786571882632184e-02
7,-9.9884762342853962436e-03
8,-6.0961168037505335249e-03
9,-1.0673618285036384854e-03
10,5.1151159818984279562e-03
11,1.2375091181448511987e-02
12,2.0668215612908342332e-02
13,2.9967543650628702956e-02
14,4.0255330864162358617e-02
15,5.1519147978010368383e-02
16,6.3749872514359401388e-02
17,7.6940562565336226286e-02
18,9.1085782232067147302e-02
19,1.0618117547334644801e-01
20,1.2222318481793149891e-01
21,1.3920885877069691383e-01
22,1.5713571580201643463e-01
23,1.7600164572889095971e-01
24,1.9580483657098959882e-01
25,2.1654371923194379312e-01
26,2.3821692495073554241e-01
27,2.6082325209586715298e-01
28,2.8436163992560359315e-01
29,3.0883114763286745319e-01
30,3.3423093746410770244e-01
31,3.6056026102681693057e-01
32,3.8781844812964610947e-01
33,4.1600489766332937602e-01
34,4.4511907015034690716e-01
35,4.7516048167997110285e-01
36,5.0612869901176904541e-01
37,5.3802333568143256848e-01
38,5.7084404898190921340e-01
39,6.0459053772354853784e-01
40,6.3926254070130483775e-01
41,6.7485983581663888664e-01
42,7.1138223981780490668e-01
43,7.4882960863531167206e-01
44,7.8720183830045487028e-01
45,8.2649886644398540270e-01
46,8.6672067437984812166e-01
47,9.0786728978549458002e-01
48,9.4993878999581382594e-01
49,9.9293530593222745217e-01
50,1.0368570266920396072e+00
51,1.0817042048256937381e+00
52,1.1274771623311152791e+00
53,1.1741762973946756610e+00
54,1.2218020919075365249e+00
55,1.2703551197838813813e+00
56,1.3198360561038451344e+00
57,1.3702456870987460569e+00
58,1.4215849209890007998e+00
59,1.4738547996761579562e+00
60,1.5270565112797660490e+00
61,1.5811914034967695653e+00
62,1.6362609977463795641e+00
63,1.6922670040471623487e+00
64,1.7492113365549315507e+00
65,1.8070961296711969268e+00
66,1.8659237546125306828e+00
67,1.9256968363116486742e+00
68,1.9864182705028798903e+00
69,2.0480912408273588277e+00
70,2.1107192357791291215e+00
71,2.1743060653013852601e+00
72,2.2388558768332877946e+00
73,2.3043731706016190586e+00
74,2.3708628139464513751e+00
75,2.4383300544642487750e+00
76,2.5067805317410121191e+00
77,2.5762202874284056975e+00
78,2.6466557733794129348e+00
79,2.7180938575008584124e+00
80,2.7905418268882424826e+00
81,2.8640073876769909234e+00
82,2.9384986608654575235e+00
83,3.0140241731365988720e+00
84,3.0905928414283549976e+00
85,3.1682139496883388041e+00
86,3.2468971159145096905e+00
87,3.3266522472642150454e+00
88,3.4074894807504763072e+00
89,3.4894191068957138846e+00
90,3.5724514737464616587e+00
91,3.6565968689505488065e+00
92,3.7418653782576063449e+00
93,3.8282667199529738511e+00
94,3.9158100565506246404e+00
95,4.0045037878284883703e+00
96,4.0943553334229099150e+00
97,4.1853709193948605005e+00
98,4.2775553924680931317e+00
99,4.3709120994610675126e+00
100,4.4654428895337323624e+00
101,4.5611483248110937794e+00
102,4.6580282207500980363e+00
103,4.7560826769164696870e+00
104,4.8553137879296626167e+00
105,4.9557282138227334300e+00
106,5.0573406904706219578e+00
107,5.1601783173429156548e+00
108,5.2642850482192349304e+00
109,5.3697253164523299773e+00
110,5.4765854072489643656e+00
111,5.5849714074834979627e+00
112,5.6950035087536949874e+00
113,5.8068078058565628652e+00
114,5.9205077563212906711e+00
115,6.0362174865761373255e+00
116,6.1540381752975577001e+00
117,6.2740574828541602059e+00
118,6.3963511274917346228e+00
119,6.5209854826085713597e+00
120,6.6480203043494059401e+00
121,6.7775110855094293782e+00
122,6.9095108582614574999e+00
123,7.0440714632997636357e+00
124,7.1812443780420700534e+00
125,7.3210811464275220573e+00
126,7.4636320251167767026e+00
127,7.5260090437153879250e+00
128,7.6089623550502221150e+00
129,7.7571070176661400808e+00
130,7.9081315358869090915e+00
131,8.0620905493284258370e+00
132,8.2190408828873255942e+00
133,8.3790405684083317794e+00
134,8.5421487843964811759e+00
135,8.7084258628636135313e+00
136,8.8779333078855984240e+00
137,9.0507338172361802009e+00
138,9.2268913051948899806e+00
139,9.4064709260281578196e+00
140,9.5895390980007029214e+00
141,9.7761635278782179626e+00
142,9.9664132359139951944e+00
143,1.0160358581322759264e+01
144,1.0358071288250407349e+01
145,1.0559624472247069349e+01
146,1.0765092667254187120e+01
147,1.0974551853114727251e+01
148,1.1188079483617578092e+01
149,1.1405754515084456813e+01
150,1.1627657435513283346e+01
151,1.1853870294284627462e+01
152,1.2084476732446127301e+01
153,1.2319562013582618931e+01
154,1.2559213055286406302e+01
155,1.2803518461237073822e+01
156,1.3052568553903174831e+01
157,1.3306455407879107966e+01
158,1.3565272883867798726e+01
159,1.3829116663322491121e+01
160,1.4098084283760831781e+01
161,1.4372275174763377237e+01
162,1.4651790694670371096e+01
163,1.4936734167990383781e+01
164,1.5227210923534254761e+01
165,1.5523328333288906933e+01
166,1.5825195852044823042e+01
167,1.6132925057791716483e+01
168,1.6446629692898859787e+01
169,1.6766425706092647374e+01
170,1.7092431295249024714e+01
171,1.7424766951016046335e+01
172,1.7763555501281754090e+01
173,1.8108922156504725365e+01
174,1.8460994555924809646e+01
175,1.8819902814667816671e+01
176,1.9185779571766246931e+01
177,1.9558760039109834850e+01
178,1.9938982051345846003e+01
179,2.0326586116746987898e+01
180,2.0721715469066531057e+01
181,2.1124516120398272534e+01
182,2.1535136915061766416e+01
183,2.1953729584533498098e+01
184,2.2380448803442764216e+01
185,2.2815452246653137536e+01
186,2.3258900647451614674e+01
187,2.3710957856866457405e+01
188,2.4171790904135423972e+01
189,2.4641570058345095617e+01
190,2.5120468891268998846e+01
191,2.5608664341420936950e+01
192,2.6106336779353252808e+01
193,2.6613670074219484718e+01
194,2.7130851661630181582e+01
195,2.7658072612821854364e+01
196,2.8195527705170501775e+01
197,2.8743415494070816862e+01
198,2.9301938386209542386e+01
199,2.9871302714261069866e+01
200,3.0451718813030300481e+01
201,3.1043401097073378025e+01
202,3.1646568139823862964e+01
203,3.2261442754251461906e+01
204,3.2888252075089056348e+01
205,3.3527227642650444750e+01
206,3.4178605488276410540e+01
207,3.4842626221436603373e+01
208,3.5519535118521531558e+01
209,3.6209582213356441116e+01
210,3.6913022389470242501e+01
211,3.7630115474154472111e+01
212,3.8361126334346749900e+01
213,3.9106324974373244174e+01
214,3.9865986635587120190e+01
215,4.0640391897939458943e+01
216,4.1429826783520844913e+01
217,4.2234582862109910195e+01
218,4.3054957358770778342e+01
219,4.3891253263533613449e+01
220,4.4743779443207735369e+01
221,4.5612850755359531263e+01
222,4.6498788164502059317e+01
223,4.7401918860539545619e+01
224,4.8322576379505640887e+01
225,4.9261100726647676140e+01
226,5.0217838501895499803e+01
227,5.1193143027764733688e+01
228,5.2187374479739951028e+01
229,5.3200900019188289036e+01
230,5.4234093928848643884e+01
231,5.5287337750952538329e+01
232,5.6361020428018989037e+01
233,5.7455538446383215501e+01
234,5.8571295982510470424e+01
235,5.9708705052144516401e+01
236,6.0868185662350128950e+01
237,6.2050165966505652193e+01
238,6.3255082422301178724e+01
239,6.4483379952799921853e+01
240,6.5735512110625123228e+01
241,6.7011941245330518768e+01
242,6.8313138674020393637e+01
243,6.9639584855273739095e+01
244,7.0991769566442442851e+01
245,7.2370192084394858512e+01
246,7.3775361369757348484e+01
247,7.5207796254733480623e+01
248,7.6668025634566859594e+01
249,7.8156588662713531335e+01
250,7.9674034949803655081e+01
251,8.1220924766462175626e+01
252,8.2797829250061440121e+01
253,8.4405330615486619195e+01
254,8.6044022369986009835e+01
255,8.7714509532193460473e+01
256,8.9417408855391485645e+01
257,9.1153349055115938881e+01
258,9.2922971041164558414e+01
259,9.4726928154112371772e+01
260,9.6565886406411067355e+01
261,9.8440524728169862101e+01
262,1.0035153521769899498e+02
263,1.0229962339691368811e+02
264,1.0428550847169402971e+02
265,1.0630992359729482644e+02
266,1.0837361614890430417e+02
267,1.1047734799744463885e+02
268,1.1262189579073265122e+02
269,1.1480805124008790585e+02
270,1.1703662141249995443e+02
271,1.1930842902846492848e+02
272,1.2162431276560057825e+02
273,1.2398512756814407965e+02
274,1.2639174496246597812e+02
275,1.2884505337868768038e+02
276,1.3134595847855516126e+02
277,1.3389538348965788828e+02
278,1.3649426954614409624e+02
279,1.3914357603603096436e+02
280,1.4184428095526163816e+02
281,1.4459738126863092589e+02
282,1.4740389327770807881e+02
283,1.5026485299589847955e+02
284,1.5318131653078006593e+02
285,1.5615436047385350093e+02
286,1.5918508229786294805e+02
287,1.6227460076181583304e+02
288,1.6542405632385597869e+02
289,1.6863461156215842607e+02
290,1.7190745160397821678e+02
291,1.7524378456302639506e+02
292,1.7864484198533466497e+02
293,1.8211187930375527344e+02
294,1.8564617630129970394e+02
295,1.8924903758344206040e+02
296,1.9292179305960982560e+02
297,1.9666579843398881167e+02
298,2.0048243570586575402e+02
299,2.0437311367968584364e+02
300,2.0833926848497395667e+02
301,2.1238236410637722429e+02
302,2.1650389292396835117e+02
303,2.2070537626403870490e+02
304,2.2498836496057259637e+02
305,2.2935443992762387211e+02
306,2.3380521274277950283e+02
307,2.3834232624196087613e+02
308,2.4296745512575927251e+02
309,2.4768230657751718127e+02
310,2.5248862089342600257e+02
311,2.5738817212484030961e+02
312,2.6238276873304687342e+02
313,2.6747425425672690835e+02
314,2.7266450799239726166e+02
315,2.7795544568804308483e+02
316,2.8334902025017953520e+02
317,2.8884722246466481010e+02
318,2.9445208173148569131e+02
319,3.0016566681380243153e+02
320,3.0599008660151798722e+02
321,3.1192749088966479576e+02
322,3.1798007117190417148e+02
323,3.2415006144940969079e+02
324,3.3043973905544260106e+02
325,3.3685142549593388139e+02
326,3.4338748730637746576e+02
327,3.5005033692533913836e+02
328,3.5684243358491517029e+02
329,3.6376628421847431127e+02
330,3.7082444438600754211e+02
331,3.7801951921743687990e+02
332,3.8535416437423532443e+02
333,3.9283108702966677583e+02
334,4.0045304686809640771e+02
335,4.0822285710364911893e+02
336,4.1614338551867501792e+02
337,4.2421755552232133368e+02
338,4.3244834722966766094e+02
339,4.4083879856180112711e+02
340,4.4939200636724228843e+02
341,4.5811112756510630106e+02
342,4.6699938031045627440e+02
343,4.7606004518230673739e+02
344,4.8529646639462771418e+02
345,4.9471205303084684601e+02
346,5.0431028030237507664e+02
347,5.1409469083146120738e+02
348,5.2406889595902828205e+02
349,5.3423657707780500914e+02
350,5.4460148699139642758e+02
351,5.5516745129967932826e+02
352,5.6593836981112099238e+02
353,5.7691821798247053721e+02
354,5.8811104838641017523e+02
355,5.9952099220768161558e+02
356,6.1115226076824171741e+02
357,6.2300914708202947168e+02
358,6.3509602743987875328e+02
359,6.4741736302522951974e+02
360,6.5997770156113574558e+02
361,6.7278167898932576918e+02
362,6.8583402118174421958e+02
363,6.9913954568536667011e+02
364,7.1270316350091366076e+02
365,7.2652988089598750321e+02
366,7.4062480125347553894e+02
367,7.5499312695581056687e+02
368,7.6964016130578283992e+02
369,7.8457131048465566892e+02
370,7.9979208554824185740e+02
371,8.1530810446178816164e+02
372,8.3112509417427577318e+02
373,8.4724889273308258453e+02
374,8.6368545143957430810e+02
375,8.8044083704658658007e+02
376,8.9752123399860056452e+02
377,9.1493294671533442397e+02
378,9.3268240191968266117e+02
379,9.5077615101086610139e+02
380,9.6922087248355171596e+02
381,9.8802337439411371633e+02
382,1.0071905968745352311e+03
383,1.0267296146952833169e+03
384,1.0466476398778656858e+03
385,1.0669520243580898295e+03
386,1.0876502627010336255e+03
387,1.1087499948687334381e+03
388,1.1302590090415890245e+03
389,1.1521852444944984200e+03
390,1.1745367945288965075e+03
391,1.1973219094616256371e+03
392,1.2205489996719074952e+03
393,1.2442266387074696468e+03
394,1.2683635664508699392e+03
395,1.2929686923473723255e+03
396,1.3180510986955084718e+03
397,1.3436200440014058586e+03
398,1.3696849663984160088e+03
399,1.3962554871329182333e+03
400,1.4233414141180228398e+03
401,1.4509527455560430553e+03
402,1.4790996736314798454e+03
403,1.5077925882756553619e+03
404,1.5370420810043208348e+03
405,1.5668589488299653567e+03
406,1.5972541982499644746e+03
407,1.6282390493121442887e+03
408,1.6598249397593926915e+03
409,1.6920235292546487926e+03
410,1.7248467036879840180e+03
411,1.7583065795672430340e+03
412,1.7924155084940318829e+03
413,1.8271860817265785499e+03
414,1.8626311348311980964e+03
415,1.8987637524239737559e+03
416,1.9355972730047237746e+03
417,1.9731452938847523910e+03
418,2.0114216762101552831e+03
419,2.0504405500828788718e+03
420,2.0902163197810491511e+03
421,2.1307636690808508320e+03
422,2.1720975666816784724e+03
423,2.2142332717365306962e+03
424,2.2571863394900424282e+03
425,2.3009726270258333898e+03
426,2.3456082991255470915e+03
427,2.3911098342416262312e+03
428,2.4374940305861996421e+03
429,2.4847780123380957775e+03
430,2.5329792359705411400e+03
431,2.5821154967016714181e+03
432,2.6322049350703809978e+03
433,2.6832660436398014099e+03
434,2.7353176738311126428e+03
435,2.7883790428900611005e+03
436,2.8424697409888522088e+03
437,2.8976097384656568465e+03
438,2.9538193932053163735e+03
439,3.0111194581629774802e+03
440,3.0695310890339715115e+03
441,3.1290758520728677468e+03
442,3.1897757320642699597e+03
443,3.2516531404482911967e+03
444,3.3147309236044247882e+03
445,3.3790323712956633244e+03
446,3.4445812252772107058e+03
447,3.5114016880722056158e+03
448,3.5795184319179807062e+03
449,3.6489566078860507332e+03
450,3.7197418551795435633e+03
451,3.7919003106110781118e+03
452,3.8654586182647863097e+03
453,3.9404439393460570500e+03
454,4.0168839622230316309e+03
455,4.0948069126626214711e+03
456,4.1742415642659370860e+03
457,4.2552172491062328845e+03
458,4.3377638685736119442e+03
459,4.4219119044305725765e+03
460,4.5076924300822411169e+03
461,4.5951371220658547827e+03
462,4.6842782717632780987e+03
463,4.7751487973414650696e+03
464,4.8677822559245450975e+03
465,4.9622128560027085769e+03
466,5.0584754700825660620e+03
467,5.1566056475830837371e+03
468,5.2566396279817690811e+03
469,5.3586143542173094829e+03
470,5.4625674863519634528e+03
471,5.5685374154998735321e+03
472,5.6765632780261248627e+03
473,5.7866849700215007033e+03
474,5.8989431620590221428e+03
475,6.0133793142372815055e+03
476,6.1300356915159691198e+03
477,6.2489553793497052538e+03
478,6.3701822996261571461e+03
479,6.4937612269130495406e+03
480,6.6197378050225206607e+03
481,6.7481585638959077187e+03
482,6.8790709368183242987e+03
483,7.0125232779667985596e+03
484,7.1485648803002532077e+03
485,7.2872459937973981141e+03
486,7.4286178440489511559e+03
487,7.5727326512115669175e+03
488,7.7196436493300534494e+03
489,7.8694051060362535281e+03
490,8.0220723426299246057e+03
491,8.1777017545505214002e+03
492,8.3363508322479810886e+03
493,8.4980781824579989916e+03
494,8.6629435498919774545e+03
495,8.8310078393491003226e+03
496,9.0023331382574324380e+03
497,9.1769827396550645062e+03
498,9.3550211656164628948e+03
499,9.5365141911363480176e+03
500,9.7215288684766583174e+03
501,9.9101335519881486107e+03
502,1.0102397923414631805e+04
503,1.0298393017689459157e+04
504,1.0498191249233983399e+04
505,1.0701866438767083309e+04
506,1.0909493840638095207e+04
507,1.1121150170688913931e+04
508,1.1336913634661343167e+04
509,1.1556863957154177115e+04
510,1.1781082411145989681e+04
511,1.2009651848092060391e+04
512,1.2242656728605787066e+04
513,1.2480183153738556939e+04
514,1.2722318896868371667e+04
515,1.2969153436208345738e+04
516,1.3220777987948502414e+04
517,1.3477285540042326829e+04
518,1.3738770886651294859e+04
519,1.4005330663260281653e+04
520,1.4277063382475382241e+04
521,1.4554069470520098548e+04
522,1.4836451304441054162e+04
523,1.5124313250038401748e+04
524,1.5417761700534114425e+04
525,1.5716905115994884909e+04
526,1.6021854063521317585e+04
527,1.6332721258219058655e+04
528,1.6649621604969590408e+04
529,1.6972672241013380699e+04
530,1.7301992579362151446e+04
531,1.7637704353057801200e+04
532,1.7979931660291877051e+04
533,1.8328801010404316912e+04
534,1.8684441370778753480e+04
535,1.9046984214652013179e+04
536,1.9416563569851849024e+04
537,1.9793316068487285520e+04
538,2.0177380997605829180e+04
539,2.0568900350837768201e+04
540,2.0968018881046322349e+04
541,2.1374884154003979347e+04
542,2.1789646603114873869e+04
543,2.2212459585202668677e+04
544,2.2643479437387581129e+04
545,2.3082865535069951875e+04
546,2.3530780351042816619e+04
547,2.3987389515760809445e+04
548,2.4452861878779247490e+04
549,2.4927369571393570368e+04
550,2.5411088070498302841e+04
551,2.5904196263693214860e+04
552,2.6406876515653882961e+04
553,2.6919314735803214717e+04
554,2.7441700447295097547e+04
555,2.7974226857348508929e+04
556,2.8517090928950849047e+04
557,2.9070493453959345061e+04
558,2.9634639127628521237e+04
559,3.0209736624591008876e+04
560,3.0795998676321814855e+04
561,3.1393642150108567876e+04
562,3.2002888129568851582e+04
563,3.2623961996733709384e+04
564,3.3257093515733533422e+04
565,3.3902516918115565204e+04
566,3.4560470989829620521e+04
567,3.5231199159905561828e+04
568,3.5914949590865675418e+04
569,3.6611975270899696625e+04
570,3.7322534107838058844e+04
571,3.8046889024959833478e+04
572,3.8785308058669041202e+04
573,3.9538064458081069461e+04
574,4.0305436786549864337e+04
575,4.1087709025177551666e+04
576,4.1885170678344846237e+04
577,4.2698116881303132686e+04
578,4.3526848509865878441e+04
579,4.4371672292242525145e+04
580,4.5232900923055087333e+04
581,4.6110853179583195015e+04
582,4.7005854040278813045e+04
583,4.7918234805593252531e+04
584,4.8848333221170345496e+04
585,4.9796493603439797880e+04
586,5.0763066967665297852e+04
587,5.1748411158497430733e+04
588,5.2752890983076315024e+04
589,5.3776878346732817590e+04
590,5.4820752391343557974e+04
591,5.5884899636389425723e+04
592,5.6969714122769277310e+04
593,5.8075597559429479588e+04
594,5.9202959472853413899e+04
595,6.0352217359477661375e+04
596,6.1523796841086419590e+04
597,6.2718131823244453699e+04
598,6.3935664656828652369e+04
599,6.5176846302713645855e+04
600,6.6442136499690444907e+04
601,6.7732003935652348446e+04
602,6.9046926422141914372e+04
603,7.0387391072309663286e+04
604,7.1753894482349598547e+04
605,7.3146942916489701020e+04
606,7.4567052495600015391e+04
607,7.6014749389493154013e+04
608,7.7490570012982308981e+04
609,7.8995061225786543218e+04
610,8.0528780536339676473e+04
611,8.2092296309593555634e+04
612,8.3686187978885951452e+04
613,8.5311046261964249425e+04
614,8.6967473381229807273e+04
615,8.8656083288298468688e+04
616,9.0377501892966451123e+04
617,9.2132367296643773443e+04
618,9.3921330030382508994e+04
619,9.5745053297540755011e+04
620,9.7604213221242476720e+04
621,9.9499499096629340784e+04
622,1.0143161364810666419e+05
623,1.0340127329160226509e+05
624,1.0540920840198401129e+05
625,1.0745616358569658769e+05
626,1.0954289795876320568e+05
627,1.1167018543022591621e+05
628,1.1383881499115865154e+05
629,1.1604959100932627916e+05
630,1.1830333352964094956e+05
631,1.2060087858049826173e+05
632,1.2294307848614112299e+05
633,1.2533080218512933061e+05
634,1.2776493555507267592e+05
635,1.3024638174373454240e+05
636,1.3277606150663111475e+05
637,1.3535491355126150302e+05
638,1.3798389488807943417e+05
639,1.4066398118838411756e+05
640,1.4339616714921160019e+05
641,1.4618146686540375231e+05
642,1.4902091420898525394e+05
643,1.5191556321599081275e+05
644,1.5486648848088699742e+05
645,1.5787478555874916492e+05
646,1.6094157137534284266e+05
647,1.6406798464525339659e+05
648,1.6725518629824800882e+05
649,1.7050435991400913917e+05
650,1.7381671216541324975e+05
651,1.7719347327053890331e+05
652,1.8063589745354733896e+05
653,1.8414526341463907738e+05
654,1.8772287480924659758e+05
655,1.9137006073665924487e+05
656,1.9508817623827297939e+05
657,1.9887860280560419778e+05
658,2.0274274889836949296e+05
659,2.0668205047270416981e+05
660,2.1069797151979443152e+05
661,2.1479200461514279596e+05
662,2.1896567147860760451e+05
663,2.2322052354551368626e+05
664,2.2755814254898991203e+05
665,2.3198014111377531663e+05
666,2.3648816336174242315e+05
667,2.4108388552934964537e+05
668,2.4576901659726613434e+05
669,2.5054529893238918157e+05
670,2.5541450894254504237e+05
671,2.6037845774410848389e+05
672,2.6543899184274498839e+05
673,2.7059799382762878668e+05
674,2.7585738307934097247e+05
675,2.8121911649172985926e+05
676,2.8668518920802773209e+05
677,2.9225763537149981130e+05
678,2.9793852889089682139e+05
679,3.0372998422105389182e+05
680,3.0963415715888136765e+05
681,3.1565324565508007072e+05
682,3.2178949064191244543e+05
683,3.2804517687731585465e+05
684,3.3442263380570436129e+05
685,3.4092423643578524934e+05
686,3.4755240623572957702e+05
687,3.5430961204606149113e+05
688,3.6119837101057957625e+05
689,3.6822124952571344329e+05
690,3.7538086420865316177e+05
691,3.8267988288464379730e+05
692,3.9012102559383719927e+05
693,3.9770706561804772355e+05
694,4.0544083052786666667e+05
695,4.1332520325049501844e+05
696,4.2136312315878533991e+05
697,4.2955758718174748356e+05
698,4.3791165093720040750e+05
699,4.4642842988679936389e+05
700,4.5511110051394772017e+05
701,4.6396290152513084468e+05
702,4.7298713507502642460e+05
703,4.8218716801597044105e+05
704,4.9156643317215051502e+05
705,5.0112843063913553488e+05
706,5.1087672910925734323e+05
707,5.2081496722316934029e+05
708,5.3094685494839295279e+05
709,5.4127617498517548665e+05
710,5.5180678420030267444e+05
711,5.6254261508939450141e+05
712,5.7348767726831312757e+05
713,5.8464605899421439972e+05
714,5.9602192871679831296e+05
715,6.0761953666050336324e+05
716,6.1944321643815899733e+05
717,6.3149738669670827221e+05
718,6.4378655279577639885e+05
719,6.5631530851962626912e+05
720,6.6908833782324241474e+05
721,6.8211041661311592907e+05
722,6.9538641456367762294e+05
723,7.0892129696983098984e+05
724,7.2272012663642002735e+05
725,7.3678806580548663624e+05
726,7.5113037812184344511e+05
727,7.6575243063805194106e+05
728,7.8065969585918344092e+05
729,7.9585775382866617292e+05
730,8.1135229425564303529e+05
731,8.2714911868481966667e+05
732,8.4325414270985312760e+05
733,8.5967339823071286082e+05
734,8.7641303575647587422e+05
735,8.9347932675393787213e+05
736,9.1087866604340588674e+05
737,9.2861757424229523167e+05
738,9.4670270025779725984e+05
739,9.6514082382933050394e+05
740,9.8393885812197334599e+05
741,1.0031038523719782243e+06
742,1.0226429945851671509e+06
743,1.0425636142894212389e+06
744,1.0628731853425956797e+06
745,1.0835793287965343334e+06
746,1.1046898158186981454e+06
747,1.1262125706724580377e+06
748,1.1481556737572229467e+06
749,1.1705273647096040659e+06
750,1.1933360455670319498e+06
751,1.2165902839948283508e+06
752,1.2402988165782992728e+06
753,1.2644705521810674109e+06
754,1.2891145753709033597e+06
755,1.3142401499146285933e+06
756,1.3398567223433509935e+06
757,1.3659739255895456299e+06
758,1.3926015826975021046e+06
759,1.4197497106084851548e+06
760,1.4474285240224124864e+06
761,1.4756484393372244667e+06
762,1.5044200786680013407e+06
763,1.5337542739471131936e+06
764,1.5636620711071877740e+06
765,1.5941547343487597536e+06
766,1.6252437504940631334e+06
767,1.6569408334288529586e+06
768,1.6892579286343823187e+06
769,1.7222072178106822539e+06
770,1.7558011235938847531e+06
771,1.7900523143687960692e+06
772,1.8249737091793150175e+06
773,1.8605784827380527277e+06
774,1.8968800705379291903e+06
775,1.9338921740672932938e+06
776,1.9716287661309177056e+06
777,2.0101040962791200727e+06
778,2.0493326963474671356e+06
779,2.0893293861084925011e+06
780,2.1301092790388818830e+06
781,2.1716877882038848475e+06
782,2.2140806322613488883e+06
783,2.2573038415882419795e+06
784,2.3013737645320259035e+06
785,2.3463070737891327590e+06
786,2.3921207729139826261e+06
787,2.4388322029605880380e+06
788,2.4864590492597213015e+06
789,2.5350193483344591223e+06
790,2.5845314949574819766e+06
791,2.6350142493520118296e+06
792,2.6864867445405037142e+06
793,2.7389684938436085358e+06
794,2.7924793985328003764e+06
795,2.8470397556394450366e+06
796,2.9026702659244891256e+06
797,2.9593920420110686682e+06
798,3.0172266166842617095e+06
799,3.0761959513612538576e+06
800,3.1363224447356062010e+06
801,3.1976289415986784734e+06
802,3.2601387418432524428e+06
803,3.3238756096516414545e+06
804,3.3888637828736216761e+06
805,3.4551279825970167294e+06
806,3.5226934229159690440e+06
807,3.5915858209004690871e+06
808,3.6618314067714526318e+06
809,3.7334569342864104547e+06
810,3.8064896913391188718e+06
811,3.8809575107788615860e+06
812,3.9568887814531684853e+06
813,4.0343124594796230085e+06
814,4.1132580797502007335e+06
815,4.1937557676748172380e+06
816,4.2758362511682882905e+06
817,4.3595308728856500238e+06
818,4.4448716027119923383e+06
819,4.5318910505114328116e+06
820,4.6206224791411552578e+06
821,4.7110998177365772426e+06
822,4.8033576752727208659e+06
823,4.8974313544083070010e+06
824,4.9933568656181730330e+06
825,5.0911709416208192706e+06
826,5.1909110521070640534e+06
827,5.2926154187761154026e+06
828,5.3963230306862583384e+06
829,5.5020736599269146100e+06
830,5.6099078776177475229e+06
831,5.7198670702444761992e+06
832,5.8319934563357299194e+06
833,5.9463301034904224798e+06
834,6.0629209457630803809e+06
835,6.1818108014137446880e+06
836,6.3030453910312922671e+06
837,6.4266713560380563140e+06
838,6.5527362775853266940e+06
839,6.6812886958445869386e+06
840,6.8123781297087064013e+06
841,6.9460550969064170495e+06
842,7.0823711345435185358e+06
843,7.2213788200774677098e+06
844,7.3631317927363412455e+06
845,7.5076847753908485174e+06
846,7.6550935968906721100e+06
847,7.8054152148742573336e+06
848,7.9587077390624787658e+06
849,8.1150304550490034744e+06
850,8.2744438485941644758e+06
851,8.4370096304377596825e+06
852,8.6027907616401501000e+06
853,8.7718514794638063759e+06
854,8.9442573238067775965e+06
855,9.1200751642015427351e+06
856,9.2993732273909449577e+06
857,9.4822211254937518388e+06
858,9.6686898847747277468e+06
859,9.8588519750311840326e+06
860,1.0052781339609168470e+07
861,1.0250553426066739485e+07
862,1.0452245217494476587e+07
863,1.0657935264511525631e+07
864,1.0867703717950187624e+07
865,1.1081632362246409059e+07
866,1.1299804649550849572e+07
867,1.1522305734576266259e+07
868,1.1749222510199841112e+07
869,1.1980643643835676834e+07
870,1.2216659614597640932e+07
871,1.2457362751265224069e+07
872,1.2702847271078465506e+07
873,1.2953209319372680038e+07
874,1.3208547010078396648e+07
875,1.3468960467103224248e+07
876,1.3734551866616522893e+07
877,1.4005425480258801952e+07
878,1.4281687719293449074e+07
879,1.4563447179727869108e+07
880,1.4850814688421787694e+07
881,1.5143903350207425654e+07
882,1.5442828596045782790e+07
883,1.5747708232240244746e+07
884,1.6058662490735171363e+07
885,1.6375814080524398014e+07
886,1.6699288240191256627e+07
887,1.7029212791611641645e+07
888,1.7365718194845348597e+07
889,1.7708937604243021458e+07
890,1.8059006925797417760e+07
891,1.8416064875769492239e+07
892,1.8780253040615003556e+07
893,1.9151715938249770552e+07
894,1.9530601080677039921e+07
895,1.9917059038014724851e+07
896,2.0311243503953363746e+07
897,2.0713311362679578364e+07
898,2.1123422757298439741e+07
899,2.1541741159790873528e+07
900,2.1968433442546047270e+07
901,2.2403669951501049101e+07
902,2.2847624580929193646e+07
903,2.3300474849915400147e+07
904,2.3762401980561126024e+07
905,2.4233590977959945798e+07
906,2.4714230711981311440e+07
907,2.5204514000916227698e+07
908,2.5704637697019685060e+07
909,2.6214802774001911283e+07
910,2.6735214416514817625e+07
911,2.7266082111681394279e+07
912,2.7807619742715831846e+07
913,2.8360045684690464288e+07
914,2.8923582902499508113e+07
915,2.9498459051067505032e+07
916,3.0084906577872663736e+07
917,3.0683162827826149762e+07
918,3.1293470150573093444e+07
919,3.1916076010275550187e+07
920,3.2551233097941108048e+07
921,3.3199199446347333491e+07
922,3.3860238547646977007e+07
923,3.4534619473703734577e+07
924,3.5222616999236881733e+07
925,3.5924511727837994695e+07
926,3.6640590220939405262e+07
927,3.7371145129800848663e+07
928,3.8116475330598659813e+07
929,3.8876886062687814236e+07
930,3.9652689070124238729e+07
931,4.0444202746524430811e+07
932,4.1251752283351376653e+07
933,4.2075669821714505553e+07
934,4.2916294607768811285e+07
935,4.3773973151807159185e+07
936,4.4649059391152285039e+07
937,4.5541914856919609010e+07
938,4.6452908844785287976e+07
939,4.7382418589830614626e+07
940,4.8330829445590972900e+07
941,4.9298535067412488163e+07
942,5.0285937600220955908e+07
943,5.1293447870828047395e+07
944,5.2321485584894619882e+07
945,5.3370479528662778437e+07
946,5.4440867775593534112e+07
947,5.5533097898033171892e+07
948,5.6647627184043094516e+07
949,5.7784922859535865486e+07
950,5.8945462315844997764e+07
951,6.0129733342892289162e+07
952,6.1338234368085056543e+07
953,6.2571474701107092202e+07
954,6.3829974784759506583e+07
955,6.5114266452024720609e+07
956,6.6424893189486868680e+07
957,6.7762410407338023186e+07
958,6.9127385716097697616e+07
959,7.0520399210255667567e+07
960,7.1942043759022831917e+07
961,7.3392925304382920265e+07
962,7.4873663166644752026e+07
963,7.6384890357714861631e+07
964,7.7927253902280628681e+07
965,7.9501415167145609856e+07
966,8.1108050198940634727e+07
967,8.2747850070429071784e+07
968,8.4421521235672771931e+07
969,8.6129785894280418754e+07
970,8.7873382365015789866e+07
971,8.9653065469031244516e+07
972,9.1469606922974690795e+07
973,9.3323795742283359170e+07
974,9.5216438654930308461e+07
975,9.7148360525947585702e+07
976,9.9120404793011084199e+07
977,1.0113343391342115402e+08
978,1.0318832982280738652e+08
979,1.0528599440589402616e+08
980,1.0742734997969610989e+08
981,1.0961333978945806623e+08
982,1.1184492851778575778e+08
983,1.1412310280729573965e+08
984,1.1644887179721312225e+08
985,1.1882326767432254553e+08
986,1.2124734623869855702e+08
987,1.2372218748466838896e+08
988,1.2624889619744533300e+08
989,1.2882860256591117382e+08
990,1.3146246281206154823e+08
991,1.3415165983755369484e+08
992,1.3689740388796111941e+08
993,1.3970093323520764709e+08
994,1.4256351487876954675e+08
995,1.4548644526622030139e+08
996,1.4847105103371027112e+08
997,1.5151868976700016856e+08
998,1.5463075078368857503e+08
999,1.5780865593729335070e+08
1000,1.6105386044388338923e+08
1001,1.6436785373195225000e+08
1002,1.6775216031627616286e+08
1003,1.7120834069653332233e+08
1004,1.7473799228143924475e+08
1005,1.7834275033925554156e+08
1006,1.8202428897547706962e+08
1007,1.8578432213861533999e+08
1008,1.8962460465494683385e+08
1009,1.9354693329321572185e+08
1010,1.9755314786020439863e+08
1011,2.0164513232828801870e+08
1012,2.0582481599587067962e+08
1013,2.1009417468196636438e+08
1014,2.1445523195592918992e+08
1015,2.1891006040357062221e+08
1016,2.2346078293084463477e+08
1017,2.2810957410641372204e+08
1018,2.3285866154435417056e+08
1019,2.3771032732841822505e+08
1020,2.4266690947923204303e+08
1021,2.4773080346591603756e+08
1022,2.5290446376366186142e+08
1023,2.5819040545886754990e+08
1024,2.6359120590341916680e+08
1025,2.6910950641995120049e+08
1026,2.7474801405977123976e+08
1027,2.8050950341535323858e+08
1028,2.8639681848932993412e+08
1029,2.9241287462196695805e+08
1030,2.9856066047928553820e+08
1031,3.0484324010393333435e+08
1032,3.1126375503110563755e+08
1033,3.1782542647189003229e+08
1034,3.2453155756648784876e+08
1035,3.3138553570986497402e+08
1036,3.3839083495253592730e+08
1037,3.4555101847922027111e+08
1038,3.5286974116831260920e+08
1039,3.6035075223520553112e+08
1040,3.6799789796258473396e+08
1041,3.7581512452099049091e+08
1042,3.8380648088313645124e+08
1043,3.9197612183555245399e+08
1044,4.0032831109121376276e+08
1045,4.0886742450726348162e+08
1046,4.1759795341167658567e+08
1047,4.2652450804335922003e+08
1048,4.3565182110996448994e+08
1049,4.4498475146822673082e+08
1050,4.5452828793162721395e+08
1051,4.6428755321044290066e+08
1052,4.7426780798970395327e+08
1053,4.8447445515038222075e+08
1054,4.9491304413989228010e+08
1055,5.0558927549788105488e+08
1056,5.1650900554386043549e+08
1057,5.2767825123313105106e+08
1058,5.3910319518843030930e+08
1059,5.5079019091433441639e+08
1060,5.6274576820239043236e+08
1061,5.7497663873490953445e+08
1062,5.8748970189616012573e+08
1063,6.0029205079963636398e+08
1064,6.1339097854108440876e+08
1065,6.2679398468689966202e+08
1066,6.4050878200838387012e+08
1067,6.5454330347275316715e+08
1068,6.6890570950226318836e+08
1069,6.8360439551361942291e+08
1070,6.9864799975015401840e+08
1071,7.1404541142036700249e+08
1072,7.2980577915658986568e+08
1073,7.4593851980873787403e+08
1074,7.6245332758866465092e+08
1075,7.7936018358155238628e+08
1076,7.9666936564163839817e+08
1077,8.1439145869058609009e+08
1078,8.3253736543763232231e+08
1079,8.5111831754209744930e+08
1080,8.7014588723953056335e+08
1081,8.8963199945425784588e+08
1082,9.0958894442237889767e+08
1083,9.3002939085054504871e+08
1084,9.5096639963742291927e+08
1085,9.7241343818607437611e+08
1086,9.9438439533768570423e+08
1087,1.0168935969581942558e+09
1088,1.0399558222117769718e+09
1089,1.0635863205569145679e+09
1090,1.0878008295032374859e+09
1091,1.1126155931692516804e+09
1092,1.1380473816840100288e+09
1093,1.1641135114781279564e+09
1094,1.1908318665125741959e+09
1095,1.2182209204967103004e+09
1096,1.2462997601503622532e+09
1097,1.2750881095683953762e+09
1098,1.3046063557496891022e+09
1099,1.3348755753569657803e+09
1100,1.3659175627781615257e+09
1101,1.3977548595645370483e+09
1102,1.4304107853264760971e+09
1103,1.4639094701727390289e+09
1104,1.4982758887852871418e+09
1105,1.5335358962282605171e+09
1106,1.5697162655965366364e+09
1107,1.6068447276166315079e+09
1108,1.6449500123217751980e+09
1109,1.6840618929299714565e+09
1110,1.7242112320656883717e+09
1111,1.7654300304746634960e+09
1112,1.8077514783927652836e+09
1113,1.8512100097429270744e+09
1114,1.8958413593466036320e+09
1115,1.9416826233511235714e+09
1116,1.9887723230904436111e+09
1117,2.0371504726133749485e+09
1118,2.0868586501328959465e+09
1119,2.1379400736701810360e+09
1120,2.1904396811905455589e+09
1121,2.2444042155519485474e+09
1122,2.2998823146145224571e+09
1123,2.3569246068898611069e+09
1124,2.4155838131401386261e+09
1125,2.4759148543746399879e+09
1126,2.5379749667297024727e+09
1127,2.6018238237630939484e+09
1128,2.6675236667403478622e+09
1129,2.7351394435462527275e+09
1130,2.8047389569118022919e+09
1131,2.8763930227136378288e+09
1132,2.9501756391758208275e+09
1133,3.0261641678836264610e+09
1134,3.1044395276105713844e+09
1135,3.1850864020596766472e+09
1136,3.2681934627314815521e+09
1137,3.3538536082587099075e+09
1138,3.4421642216855993271e+09
1139,3.5332274473303217888e+09
1140,3.6271504890439023972e+09
1141,3.7240459318809909821e+09
1142,3.8240320894212350845e+09
1143,3.9272333792366762161e+09
1144,4.0337807292875847816e+09
1145,4.1438120183581304550e+09
1146,4.2574725540145468712e+09
1147,4.3749155919935598373e+09
1148,4.4963029014141254425e+09
1149,4.6218053807605190277e+09
1150,4.7516037302214040756e+09
1151,4.8858891867041139603e+09
1152,5.0248643286875877380e+09
1153,5.1687439590561180115e+09
1154,5.3177560751914062500e+09
1155,5.4721429369167490005e+09
1156,5.6321622444299793243e+09
1157,5.7980884401596832275e+09
1158,5.9702141505942754745e+09
1159,6.1488517866242589951e+09
1160,6.3343353238806924820e+09
1161,6.5270222880458087921e+09
1162,6.7272959742684030533e+09
1163,6.9355679347921562195e+09
1164,7.1522807748717737198e+09
1165,7.3779113042545738220e+09
1166,7.6129741002233037949e+09
1167,7.8580255488180723190e+09
1168,8.1136684438423404694e+09
1169,8.3805572392383174896e+09
1170,8.6594040701817073822e+09
1171,8.9509856828428497314e+09
1172,9.2561514435540485382e+09
1173,9.5758326369441204071e+09
1174,9.9110533118748931885e+09
1175,1.0262942997037990570e+10
1176,1.0632751689313133240e+10
1177,1.1021867623626108170e+10
1178,1.1431838471649747849e+10
1179,1.1864396800343324661e+10
1180,1.2321490867238878250e+10
1181,1.2805322162432567596e+10
1182,1.3318391563882110596e+10
1183,1.3863556607153995514e+10
1184,1.4444103265513286591e+10
1185,1.5063836918281206131e+10
1186,1.5727199055160087585e+10
1187,1.6439419045125391006e+10
1188,1.7206714526012626648e+10
1189,1.8036560557314796448e+10
1190,1.8938058229268222809e+10
1191,1.9922450866367931366e+10
1192,2.1003865882931251526e+10
1193,2.2200413904094345093e+10
1194,2.3535877636147823334e+10
1195,2.5042425122372722626e+10
1196,2.6765220076222354889e+10
1197,2.8770853535613792419e+10
1198,3.1164426112109329224e+10
1199,3.4129958645111457825e+10
1200,3.8055221658437004089e+10
1201,4.4232528917577102661e+10
1202,9.3168372989304794312e+10
1203,1.0034497766380187988e+12
