1,-5.0000000000458466598e-01
2,-1.2500000000065725203e-01
3,-5.5555555555731543638e-02
4,-3.1249999999986906307e-02
5,-1.9999989904187547018e-02
6,-1.3878260529058600650e-02
7,-9.7801820182883674598e-03
8,-5.2779511989459165083e-03
9,5.1033184753596213742e-04
10,7.5189661492814623828e-03
11,1.5662152620410804693e-02
12,2.4888202591220182081e-02
13,3.5163573850364046591e-02
14,4.6464883390802576291e-02
15,5.8774965204956938769e-02
16,7.2080727557013904438e-02
17,8.6371890299828432691e-02
18,1.0164019253445050195e-01
19,1.1787887029070867606e-01
20,1.3508229837487456537e-01
21,1.5324573678451255954e-01
22,1.7236514633080865511e-01
23,1.9243705155309889787e-01
24,2.1345843683296353288e-01
25,2.3542666635765657768e-01
26,2.5833942156127948087e-01
27,2.8219465160151008254e-01
28,3.0699053371338869134e-01
29,3.3272544115607743942e-01
30,3.5939791707622981143e-01
31,3.8700665304207182427e-01
32,4.1555047131176031661e-01
33,4.4502831012544491474e-01
34,4.7543921147765777491e-01
35,5.0678231095161918596e-01
36,5.3905682929182829888e-01
37,5.7226206546391344965e-01
38,6.0639739100682921169e-01
39,6.4146224552664310448e-01
40,6.7745613321589459588e-01
41,7.1437862031047094646e-01
42,7.5222933341849751443e-01
43,7.9100795867414452900e-01
44,8.3071424168449703451e-01
45,8.7134798825009263101e-01
46,9.1290906585025743958e-01
47,9.5539740589294763762e-01
48,9.9881300673578443661e-01
49,1.0431559374906316240e+00
50,1.0884263426281628462e+00
51,1.1346244474017095349e+00
52,1.1817505641110723769e+00
53,1.2298050992268871884e+00
54,1.2787885613944769414e+00
55,1.3287015703327140770e+00
56,1.3795448666382907899e+00
57,1.4313193224986713314e+00
58,1.4840259533078550280e+00
59,1.5376659301679922454e+00
60,1.5922405932466165979e+00
61,1.6477514659441834244e+00
62,1.7042002698096705426e+00
63,1.7615889401238518097e+00
64,1.8199196420504082372e+00
65,1.8791947872356620231e+00
66,1.9394170507181771601e+00
67,2.0005893879914298239e+00
68,2.0627150520462760319e+00
69,2.1257976102061393320e+00
70,2.1898409605570252623e+00
71,2.2548493477665236817e+00
72,2.3208273780806094599e+00
73,2.3877800332822189944e+00
74,2.4557126833892231055e+00
75,2.5246310978568922145e+00
76,2.5945414550262788644e+00
77,2.6654503495176964378e+00
78,2.7373647972001307060e+00
79,2.8102922372635577020e+00
80,2.8842405307747913668e+00
81,2.9592179549015544815e+00
82,3.0352331917423507335e+00
83,3.1122953104062638374e+00
84,3.1904137406587520509e+00
85,3.2695982361105793146e+00
86,3.3498588246153198078e+00
87,3.4312057433011475815e+00
88,3.5136493555609078498e+00
89,3.5972000474305780848e+00
90,3.6818681011908780398e+00
91,3.7676635448340700663e+00
92,3.8545959773913724966e+00
93,3.9426743722204387055e+00
94,4.0319068635276265056e+00
95,4.1223005261582335024e+00
96,4.2138611658240661129e+00
97,4.3065931476310526094e+00
98,4.4004993066025468451e+00
99,4.4955810066700525596e+00
100,4.5918384456133436444e+00
101,4.6892713416765197110e+00
102,4.7878801762095699601e+00
103,4.8876681872819274233e+00
104,4.9886442755673687799e+00
105,5.0908268415019994890e+00
106,5.1942482686881117360e+00
107,5.2989593061013735564e+00
108,5.4050321225454522889e+00
109,5.5125606258995452080e+00
110,5.6216571068717460236e+00
111,5.7324454333007954787e+00
112,5.8450523848949043071e+00
113,5.9595994572342325668e+00
114,6.0761971014022950754e+00
115,6.1949421983164052463e+00
116,6.3159183633204287744e+00
117,6.4391980205131469361e+00
118,6.5648451535954484015e+00
119,6.6929179652674255507e+00
120,6.8234710644148117709e+00
121,6.9565570866878649881e+00
122,7.0922278056479024499e+00
123,7.2305348295912033052e+00
124,7.3715298188203508545e+00
125,7.5152434911015655317e+00
126,7.5254616681459998162e+00
127,7.6618018410005808150e+00
128,7.8111814971353892290e+00
129,7.9634662711979418148e+00
130,8.1187120959243959106e+00
131,8.2769763912038936127e+00
132,8.4383177466400862698e+00
133,8.6027959011967070069e+00
134,8.7704717564342278280e+00
135,8.9414073966670333249e+00
136,9.1156661111913415141e+00
137,9.2933124174300854037e+00
138,9.4744120846787751589e+00
139,9.6590321583622742452e+00
140,9.8472409847791340098e+00
141,1.0039108236331475865e+01
142,1.0234704937247004253e+01
143,1.0434103489799737119e+01
144,1.0637377701040218625e+01
145,1.0844602810043850738e+01
146,1.1055855515688131518e+01
147,1.1271214004968102884e+01
148,1.1490757981861694503e+01
149,1.1714568696753902444e+01
150,1.1942728976432771759e+01
151,1.2175323254666384543e+01
152,1.2412437603373041028e+01
153,1.2654159764396155197e+01
154,1.2900579181894965330e+01
155,1.3151787035364341349e+01
156,1.3407876273293879876e+01
157,1.3668941647480771451e+01
158,1.3935079748007515477e+01
159,1.4206389038898276311e+01
160,1.4482969894466789285e+01
161,1.4764924636369400446e+01
162,1.5052357571376214551e+01
163,1.5345375029875203410e+01
164,1.5644085405123037802e+01
165,1.5948599193257503970e+01
166,1.6259029034085106247e+01
167,1.6575489752660171661e+01
168,1.6898098401671038715e+01
169,1.7226974304647175273e+01
170,1.7562239100004784831e+01
171,1.7904016785947355572e+01
172,1.8252433766235615309e+01
173,1.8607618896846457091e+01
174,1.8969703533535746232e+01
175,1.9338821580325195271e+01
176,1.9715109538927489297e+01
177,2.0098706559131830574e+01
178,2.0489754490165577039e+01
179,2.0888397933052502253e+01
180,2.1294784293986818824e+01
181,2.1709063838741851526e+01
182,2.2131389748133702966e+01
183,2.2561918174561615302e+01
184,2.3000808299644553756e+01
185,2.3448222392974603423e+01
186,2.3904325872011650489e+01
187,2.4369287363138216307e+01
188,2.4843278763899597550e+01
189,2.5326475306450053182e+01
190,2.5819055622230301594e+01
191,2.6321201807899416991e+01
192,2.6833099492544722153e+01
193,2.7354937906196738595e+01
194,2.7886909949670801723e+01
195,2.8429212265765464451e+01
196,2.8982045311840167301e+01
197,2.9545613433801420911e+01
198,3.0120124941524029083e+01
199,3.0705792185734271271e+01
200,3.1302831636385253233e+01
201,3.1911463962551628981e+01
202,3.2531914113873767747e+01
203,3.3164411403583116567e+01
204,3.3809189593135712926e+01
205,3.4466486978488148907e+01
206,3.5136546478047783637e+01
207,3.5819615722325593765e+01
208,3.6515947145333761625e+01
209,3.7225798077749615800e+01
210,3.7949430841889395083e+01
211,3.8687112848525458730e+01
212,3.9439116695577752125e+01
213,4.0205720268723169397e+01
214,4.0987206843953785551e+01
215,4.1783865192124466148e+01
216,4.2595989685530305735e+01
217,4.3423880406547588962e+01
218,4.4267843258386015748e+01
219,4.5128190077985848916e+01
220,4.6005238751106404038e+01
221,4.6899313329644890302e+01
222,4.7810744151233912191e+01
223,4.8739867961156782883e+01
224,4.9687028036626472272e+01
225,5.0652574313475604129e+01
226,5.1636863515306146155e+01
227,5.2640259285140409418e+01
228,5.3663132319628246591e+01
229,5.4705860505856229281e+01
230,5.5768829060809508746e+01
231,5.6852430673540737871e+01
232,5.7957065650094286013e+01
233,5.9083142061243556498e+01
234,6.0231075893092466345e+01
235,6.1401291200598137721e+01
236,6.2594220264071047666e+01
237,6.3810303748711945104e+01
238,6.5049990867240936154e+01
239,6.6313739545686189558e+01
240,6.7602016592378390669e+01
241,6.8915297870236827293e+01
242,7.0254068472380595267e+01
243,7.1618822901162729977e+01
244,7.3010065250666769998e+01
245,7.4428309392744452566e+01
246,7.5874079166663790375e+01
247,7.7347908572434846519e+01
248,7.8850341967885839267e+01
249,8.0381934269562023587e+01
250,8.1943251157518432137e+01
251,8.3534869284089850794e+01
252,8.5157376486709310370e+01
253,8.6811372004846347750e+01
254,8.8497466701166871417e+01
255,9.0216283286973066424e+01
256,9.1968456552017158856e+01
257,9.3754633598780017678e+01
258,9.5575474081281910799e+01
259,9.7431650448536615272e+01
260,9.9323848192726160278e+01
261,1.0125276610217922268e+02
262,1.0321911651926978948e+02
263,1.0522362560331458781e+02
264,1.0726703359856122688e+02
265,1.0935009510739133987e+02
266,1.1147357936880425200e+02
267,1.1363827054231653335e+02
268,1.1584496799736734829e+02
269,1.1809448660832991607e+02
270,1.2038765705524633631e+02
271,1.2272532613040797855e+02
272,1.2510835705086772407e+02
273,1.2753762977702793080e+02
274,1.3001404133739228541e+02
275,1.3253850615963281712e+02
276,1.3511195640807073914e+02
277,1.3773534232771169172e+02
278,1.4040963259493599935e+02
279,1.4313581467501359157e+02
280,1.4591489518654296376e+02
281,1.4874790027296464245e+02
282,1.5163587598127222122e+02
283,1.5457988864808055496e+02
284,1.5758102529317696394e+02
285,1.6064039402071128393e+02
286,1.6375912442816616021e+02
287,1.6693836802325586177e+02
288,1.7017929864891766556e+02
289,1.7348311291655704736e+02
290,1.7685103064767554315e+02
291,1.8028429532408594582e+02
292,1.8378417454684833388e+02
293,1.8735196050412221780e+02
294,1.9098897044807503676e+02
295,1.9469654718106835389e+02
296,1.9847605955124595312e+02
297,2.0232890295776778089e+02
298,2.0625649986581518647e+02
299,2.1026030033161489996e+02
300,2.1434178253762692634e+02
301,2.1850245333812597437e+02
302,2.2274384881536144576e+02
303,2.2706753484651162012e+02
304,2.3147510768164050887e+02
305,2.3596819453286036605e+02
306,2.4054845417491193871e+02
307,2.4521757755743590224e+02
308,2.4997728842907395119e+02
309,2.5482934397371636237e+02
310,2.5977553545907534271e+02
311,2.6481768889783347731e+02
312,2.6995766572164183117e+02
313,2.7519736346817819594e+02
314,2.8053871648154262175e+02
315,2.8598369662623127851e+02
316,2.9153431401497601883e+02
317,2.9719261775069639953e+02
318,3.0296069668284320642e+02
319,3.0884068017843094367e+02
320,3.1483473890801246853e+02
321,3.2094508564692353048e+02
322,3.2717397609204590481e+02
323,3.3352370969444405091e+02
324,3.3999663050813944665e+02
325,3.4659512805535842972e+02
326,3.5332163820857346082e+02
327,3.6017864408965300527e+02
328,3.6716867698644671236e+02
329,3.7429431728718486738e+02
330,3.8155819543296627216e+02
331,3.8896299288877952449e+02
332,3.9651144313330081559e+02
333,4.0420633266797250371e+02
334,4.1205050204556954441e+02
335,4.2004684691882721381e+02
336,4.2819831910933220342e+02
337,4.3650792769719481612e+02
338,4.4497874013185116837e+02
339,4.5361388336443150138e+02
340,4.6241654500208960599e+02
341,4.7138997448474526664e+02
342,4.8053748428463427445e+02
343,4.8986245112915850086e+02
344,4.9936831724747162298e+02
345,5.0905859164122392713e+02
346,5.1893685137998613754e+02
347,5.2900674292182316094e+02
348,5.3927198345946521840e+02
349,5.4973636229260546315e+02
350,5.6040374222688114969e+02
351,5.7127806099989516042e+02
352,5.8236333273504669705e+02
353,5.9366364942344125666e+02
354,6.0518318243466899276e+02
355,6.1692618405681309923e+02
356,6.2889698906642638576e+02
357,6.4110001632890805467e+02
358,6.5353977042995882130e+02
359,6.6622084333872783191e+02
360,6.7914791610319764459e+02
361,6.9232576057847961692e+02
362,7.0575924118869386348e+02
363,7.1945331672295105818e+02
364,7.3341304216628145696e+02
365,7.4764357056606513652e+02
366,7.6215015493466569296e+02
367,7.7693815018901489111e+02
368,7.9201301512783925318e+02
369,8.0738031444727550934e+02
370,8.2304572079553940966e+02
371,8.3901501686757478637e+02
372,8.5529409754025243728e+02
373,8.7188897204912882444e+02
374,8.8880576620733597792e+02
375,9.0605072466763135708e+02
376,9.2363021322827285076e+02
377,9.4155072118373527701e+02
378,9.5981886372101371308e+02
379,9.7844138436237574297e+02
380,9.9742515745568675811e+02
381,1.0167771907129098281e+03
382,1.0365046277979715796e+03
383,1.0566147509648669711e+03
384,1.0771149837468915393e+03
385,1.0980128936981482184e+03
386,1.1193161951883437268e+03
387,1.1410327522515801775e+03
388,1.1631705814907431886e+03
389,1.1857378550381447440e+03
390,1.2087429035735451635e+03
391,1.2321942194009407103e+03
392,1.2561004595849735779e+03
393,1.2804704491482477806e+03
394,1.3053131843307078270e+03
395,1.3306378359123129940e+03
396,1.3564537526002714003e+03
397,1.3827704644818882116e+03
398,1.4095976865445729800e+03
399,1.4369453222641370758e+03
400,1.4648234672628245789e+03
401,1.4932424130382619296e+03
402,1.5222126507648060851e+03
403,1.5517448751688295943e+03
404,1.5818499884791324348e+03
405,1.6125391044540972416e+03
406,1.6438235524869671735e+03
407,1.6757148817909608169e+03
408,1.7082248656655544892e+03
409,1.7413655058456417919e+03
410,1.7751490369351085974e+03
411,1.8095879309265208121e+03
412,1.8446949018085638272e+03
413,1.8804829102630169473e+03
414,1.9169651684527741509e+03
415,1.9541551449030096137e+03
416,1.9920665694770652863e+03
417,2.0307134384489970671e+03
418,2.0701100196744960158e+03
419,2.1102708578623651192e+03
420,2.1512107799483492272e+03
421,2.1929449005733563354e+03
422,2.2354886276679512775e+03
423,2.2788576681453782840e+03
424,2.3230680337051226161e+03
425,2.3681360467492636417e+03
426,2.4140783464136939074e+03
427,2.4609118947164120073e+03
428,2.5086539828252198276e+03
429,2.5573222374473466516e+03
430,2.6069346273430232941e+03
431,2.6575094699655023760e+03
432,2.7090654382302577687e+03
433,2.7616215674155105262e+03
434,2.8151972621967415762e+03
435,2.8698123038181242919e+03
436,2.9254868574030015225e+03
437,2.9822414794065080059e+03
438,3.0400971252127333173e+03
439,3.0990751568798200424e+03
440,3.1591973510353595884e+03
441,3.2204859069250132961e+03
442,3.2829634546176375807e+03
443,3.3466530633701609077e+03
444,3.4115782501541248166e+03
445,3.4777629883486056315e+03
446,3.5452317166019352044e+03
447,3.6140093478651856458e+03
448,3.6841212786016303653e+03
449,3.7555933981750408748e+03
450,3.8284520984199507438e+03
451,3.9027242833985465040e+03
452,3.9784373793467966607e+03
453,4.0556193448137314590e+03
454,4.1342986809980247926e+03
455,4.2145044422853106880e+03
456,4.2962662469900951692e+03
457,4.3796142883067877847e+03
458,4.4645793454731547172e+03
459,4.5511927951510924686e+03
460,4.6394866230281340904e+03
461,4.7294934356448684412e+03
462,4.8212464724519995798e+03
463,4.9147796181016838091e+03
464,5.0101274149779173968e+03
465,5.1073250759703578296e+03
466,5.2064084974965089714e+03
467,5.3074142727767584802e+03
468,5.4103797053681164471e+03
469,5.5153428229600576742e+03
470,5.6223423914393224550e+03
471,5.7314179292279104629e+03
472,5.8426097218995073490e+03
473,5.9559588370803185171e+03
474,6.0715071396396679120e+03
475,6.1892973071757478465e+03
476,6.3093728458023360872e+03
477,6.4317781062428093719e+03
478,6.5565583002366583969e+03
479,6.6837595172650781024e+03
480,6.8134287416020597448e+03
481,6.9456138696965444979e+03
482,7.0803637278930673347e+03
483,7.2177280904966310118e+03
484,7.3577576981888578302e+03
485,7.5005042768025823534e+03
486,7.6460205564609495923e+03
487,7.7943602910896315734e+03
488,7.9455782783074155304e+03
489,8.0997303797044487510e+03
490,8.2568735415148148604e+03
491,8.4170658156902409246e+03
492,8.5803663813852654130e+03
493,8.7468355668589410925e+03
494,8.9165348718032255420e+03
495,9.0895269901052961359e+03
496,9.2658758330530054081e+03
497,9.4456465529918168613e+03
498,9.6289055674413630186e+03
499,9.8157205836820248805e+03
500,1.0006160623818595923e+04
501,1.0200296050333065068e+04
502,1.0398198592133745478e+04
503,1.0599941371110662658e+04
504,1.0805598929208876143e+04
505,1.1015247256028042102e+04
506,1.1228963816958252210e+04
507,1.1446827581864936292e+04
508,1.1668919054330701329e+04
509,1.1895320301466554156e+04
510,1.2126114984303643723e+04
511,1.2361388388776082138e+04
512,1.2601227457306635188e+04
513,1.2845720821007993436e+04
514,1.3094958832510243155e+04
515,1.3349033599426633373e+04
516,1.3608039018471739837e+04
517,1.3872070810244245877e+04
518,1.4141226554685259543e+04
519,1.4415605727227868556e+04
520,1.4695309735650640505e+04
521,1.4980441957648508833e+04
522,1.5271107779133968506e+04
523,1.5567414633286243770e+04
524,1.5869472040359154562e+04
525,1.6177391648264265314e+04
526,1.6491287273944966728e+04
527,1.6811274945555731392e+04
528,1.7137472945463752694e+04
529,1.7470001854085589002e+04
530,1.7808984594581335841e+04
531,1.8154546478415250021e+04
532,1.8506815251807864115e+04
533,1.8865921143089395628e+04
534,1.9231996910977057269e+04
535,1.9605177893794487318e+04
536,1.9985602059646240377e+04
537,2.0373410057573306403e+04
538,2.0768745269703103986e+04
539,2.1171753864418271405e+04
540,2.1582584850557246682e+04
541,2.2001390132673848711e+04
542,2.2428324567374893377e+04
543,2.2863546020752266486e+04
544,2.3307215426936174481e+04
545,2.3759496847790927859e+04
546,2.4220557533769682777e+04
547,2.4690567985962232342e+04
548,2.5169702019345455483e+04
549,2.5658136827270420326e+04
550,2.6156053047207413329e+04
551,2.6663634827768673858e+04
552,2.7181069897042660159e+04
553,2.7708549632256606856e+04
554,2.8246269130800883431e+04
555,2.8794427282635228039e+04
556,2.9353226844109147351e+04
557,2.9922874513220402150e+04
558,3.0503581006343451008e+04
559,3.1095561136451742641e+04
560,3.1699033892866376846e+04
561,3.2314222522563493840e+04
562,3.2941354613061907003e+04
563,3.3580662176934820309e+04
564,3.4232381737962554325e+04
565,3.4896754418973883730e+04
566,3.5574026031393681478e+04
567,3.6264447166547819506e+04
568,3.6968273288736672839e+04
569,3.7685764830138490652e+04
570,3.8417187287554756040e+04
571,3.9162811321050401602e+04
572,3.9922912854514564970e+04
573,4.0697773178187322628e+04
574,4.1487679053188505350e+04
575,4.2292922818086248299e+04
576,4.3113802497541531920e+04
577,4.3950621913083188701e+04
578,4.4803690796039038105e+04
579,4.5673324902675696649e+04
580,4.6559846131583675742e+04
581,4.7463582643360590737e+04
582,4.8384868982627522200e+04
583,4.9324046202427532990e+04
584,5.0281461991060474247e+04
585,5.1257470801391304121e+04
586,5.2252433982683171052e+04
587,5.3266719915011926787e+04
588,5.4300704146303178277e+04
589,5.5354769532046702807e+04
590,5.6429306377746710496e+04
591,5.7524712584147338930e+04
592,5.8641393795307500113e+04
593,5.9779763549561699620e+04
594,6.0940243433435134648e+04
595,6.2123263238570361864e+04
596,6.3329261121718911454e+04
597,6.4558683767861977685e+04
598,6.5811986556523595937e+04
599,6.7089633731334251934e+04
600,6.8392098572910021176e+04
601,6.9719863575117313303e+04
602,7.1073420624780061189e+04
603,7.2453271184908109717e+04
604,7.3859926481510527083e+04
605,7.5293907694061053917e+04
606,7.6755746149689381127e+04
607,7.8245983521175570786e+04
608,7.9765172028827611939e+04
609,8.1313874646293523256e+04
610,8.2892665310418116860e+04
611,8.4502129135199487791e+04
612,8.6142862629938768805e+04
613,8.7815473921659882762e+04
614,8.9520582981884494075e+04
615,9.1258821857851915411e+04
616,9.3030834908265256672e+04
617,9.4837279043652873952e+04
618,9.6678823971441379399e+04
619,9.8556152445844141766e+04
620,1.0046996052261300792e+05
621,1.0242095781881727453e+05
622,1.0440986777769621403e+05
623,1.0643742793870173045e+05
624,1.0850439021284776391e+05
625,1.1061152116343805392e+05
626,1.1275960229232301936e+05
627,1.1494943033174639277e+05
628,1.1718181754193097004e+05
629,1.1945759201449542888e+05
630,1.2177759798182197846e+05
631,1.2414269613249211397e+05
632,1.2655376393292397552e+05
633,1.2901169595530007791e+05
634,1.3151740421194321243e+05
635,1.3407181849626146141e+05
636,1.3667588673036647378e+05
637,1.3933057531954019214e+05
638,1.4203686951363412663e+05
639,1.4479577377558843000e+05
640,1.4760831215717832674e+05
641,1.5047552868213778129e+05
642,1.5339848773681800230e+05
643,1.5637827446851081913e+05
644,1.5941599519160826458e+05
645,1.6251277780172970961e+05
646,1.6566977219801035244e+05
647,1.6888815071366442135e+05
648,1.7216910855503578205e+05
649,1.7551386424926170730e+05
650,1.7892366010075533995e+05
651,1.8239976265664625680e+05
652,1.8594346318140949006e+05
653,1.8955607814079005038e+05
654,1.9323894969527100329e+05
655,1.9699344620326237055e+05
656,2.0082096273416918120e+05
657,2.0472292159156134585e+05
658,2.0870077284667341155e+05
659,2.1275599488236365141e+05
660,2.1689009494781578542e+05
661,2.2110460972414884600e+05
662,2.2540110590118195978e+05
663,2.2978118076555023436e+05
664,2.3424646280041913269e+05
665,2.3879861229699585238e+05
666,2.4343932197813002858e+05
667,2.4817031763416054309e+05
668,2.5299335877134499606e+05
669,2.5791023927305793040e+05
670,2.6292278807398414938e+05
671,2.6803286984770745039e+05
672,2.7324238570777524728e+05
673,2.7855327392264199443e+05
674,2.8396751064470928395e+05
675,2.8948711065374873579e+05
676,2.9511412811503687408e+05
677,3.0085065735239931382e+05
678,3.0669883363657654263e+05
679,3.1266083398914348800e+05
680,3.1873887800228933338e+05
681,3.2493522867483959999e+05
682,3.3125219326475914568e+05
683,3.3769212415853294078e+05
684,3.4425741975770815043e+05
685,3.5095052538300643209e+05
686,3.5777393419627752155e+05
687,3.6473018814072199166e+05
688,3.7182187889967870433e+05
689,3.7905164887443016050e+05
690,3.8642219218132668175e+05
691,3.9393625566868204623e+05
692,4.0159663995376887033e+05
693,4.0940620048035500804e+05
694,4.1736784859724435955e+05
695,4.2548455265810940182e+05
696,4.3375933914317283779e+05
697,4.4219529380308376858e+05
698,4.5079556282550696051e+05
699,4.5956335402484110091e+05
700,4.6850193805547978263e+05
701,4.7761464964922500076e+05
702,4.8690488887719478225e+05
703,4.9637612243678735103e+05
704,5.0603188496421615127e+05
705,5.1587578037307388149e+05
706,5.2591148321947793011e+05
707,5.3614274009440268856e+05
708,5.4657337104357336648e+05
709,5.5720727101567166392e+05
710,5.6804841133926052134e+05
711,5.7910084122910536826e+05
712,5.9036868932247755583e+05
713,6.0185616524595546070e+05
714,6.1356756121350813191e+05
715,6.2550725365621200763e+05
716,6.3767970488460268825e+05
717,6.5008946478402637877e+05
718,6.6274117254378029611e+05
719,6.7563955842065939214e+05
720,6.8878944553774769884e+05
721,7.0219575171894114465e+05
722,7.1586349136019218713e+05
723,7.2979777733792341314e+05
724,7.4400382295564236119e+05
725,7.5848694392927025910e+05
726,7.7325256041225232184e+05
727,7.8830619906104449183e+05
728,8.0365349514168093447e+05
729,8.1930019467872974928e+05
730,8.3525215664696146268e+05
731,8.5151535520690749399e+05
732,8.6809588198513665702e+05
733,8.8499994840005680453e+05
734,9.0223388803435070440e+05
735,9.1980415905485523399e+05
736,9.3771734668080159463e+05
737,9.5598016570159723051e+05
738,9.7459946304497495294e+05
739,9.9358222039664338809e+05
740,1.0129355568723718170e+06
741,1.0326667317437434103e+06
742,1.0527831472184713930e+06
743,1.0732923512766044587e+06
744,1.0942020405635528732e+06
745,1.1155200633412927855e+06
746,1.1372544224987237249e+06
747,1.1594132786225953605e+06
748,1.1820049531301639508e+06
749,1.2050379314646269195e+06
750,1.2285208663550987840e+06
751,1.2524625811420043465e+06
752,1.2768720731693904381e+06
753,1.3017585172455229331e+06
754,1.3271312691733250394e+06
755,1.3529998693516915664e+06
756,1.3793740464495522901e+06
757,1.4062637211539917625e+06
758,1.4336790099938670173e+06
759,1.4616302292407001369e+06
760,1.4901278988881474361e+06
761,1.5191827467119777575e+06
762,1.5488057124118902721e+06
763,1.5790079518372653984e+06
764,1.6098008412979799323e+06
765,1.6411959819627092220e+06
766,1.6732052043461170979e+06
767,1.7058405728868059814e+06
768,1.7391143906179345213e+06
769,1.7730392039326222148e+06
770,1.8076278074456539471e+06
771,1.8428932489540514071e+06
772,1.8788488344978864770e+06
773,1.9155081335240316112e+06
774,1.9528849841547510587e+06
775,1.9909934985630917363e+06
776,2.0298480684576716740e+06
777,2.0694633706787091214e+06
778,2.1098543729081102647e+06
779,2.1510363394955866970e+06
780,2.1930248374033118598e+06
781,2.2358357422717749141e+06
782,2.2794852446089009754e+06
783,2.3239898561057844199e+06
784,2.3693664160808185115e+06
785,2.4156320980552453548e+06
786,2.4628044164633811451e+06
787,2.5109012334993858822e+06
788,2.5599407661042367108e+06
789,2.6099415930950329639e+06
790,2.6609226624409472570e+06
791,2.7129032986872475594e+06
792,2.7659032105316091329e+06
793,2.8199424985558409244e+06
794,2.8750416631155270152e+06
795,2.9312216123919859529e+06
796,2.9885036706090425141e+06
797,3.0469095864187125117e+06
798,3.1064615414587478153e+06
799,3.1671821590865608305e+06
800,3.2290945132920541801e+06
801,3.2922221377944182605e+06
802,3.3565890353258256800e+06
803,3.4222196871062861755e+06
804,3.4891390625140317716e+06
805,3.5573726289548445493e+06
806,3.6269463619354590774e+06
807,3.6978867553444476798e+06
808,3.7702208319459287450e+06
809,3.8439761540897558443e+06
810,3.9191808346433942206e+06
811,3.9958635481497547589e+06
812,4.0740535422164723277e+06
813,4.1537806491407034919e+06
814,4.2350752977752583101e+06
815,4.3179685256405221298e+06
816,4.4024919912882251665e+06
817,4.4886779869216941297e+06
818,4.5765594512782422826e+06
819,4.6661699827801790088e+06
820,4.7575438529588356614e+06
821,4.8507160201579518616e+06
822,4.9457221435238653794e+06
823,5.0425985972862131894e+06
824,5.1413824853369854391e+06
825,5.2421116561141200364e+06
826,5.3448247177965035662e+06
827,5.4495610538159981370e+06
828,5.5563608386944960803e+06
829,5.6652650542126288638e+06
830,5.7763155059172715992e+06
831,5.8895548399753654376e+06
832,6.0050265603812523186e+06
833,6.1227750465259701014e+06
834,6.2428455711344508454e+06
835,6.3652843185824789107e+06
836,6.4901384035968463868e+06
837,6.6174558903506584466e+06
838,6.7472858119613584131e+06
839,6.8796781904000248760e+06
840,7.0146840568202910945e+06
841,7.1523554723190320656e+06
842,7.2927455491336071864e+06
843,7.4359084722899263725e+06
844,7.5818995217078588903e+06
845,7.7307750947765717283e+06
846,7.8825927294079940766e+06
847,8.0374111275802319869e+06
848,8.1952901793818892911e+06
849,8.3562909875679351389e+06
850,8.5204758926381617785e+06
851,8.6879084984506722540e+06
852,8.8586536983810011297e+06
853,9.0327777020416017622e+06
854,9.2103480625701993704e+06
855,9.3914337045035921037e+06
856,9.5761049522478263825e+06
857,9.7644335591582655907e+06
858,9.9564927372438441962e+06
859,1.0152357187509404495e+07
860,1.0352103130949547514e+07
861,1.0555808340210059658e+07
862,1.0763552171930752695e+07
863,1.0975415599785957485e+07
864,1.1191481248237198219e+07
865,1.1411833427016153932e+07
866,1.1636558166352104396e+07
867,1.1865743252962846309e+07
868,1.2099478266824219376e+07
869,1.2337854618739437312e+07
870,1.2580965588719706982e+07
871,1.2828906365206008777e+07
872,1.3081774085137108341e+07
873,1.3339667874895375222e+07
874,1.3602688892141932622e+07
875,1.3870940368569314480e+07
876,1.4144527653584161773e+07
877,1.4423558258947897702e+07
878,1.4708141904395667836e+07
879,1.4998390564254296944e+07
880,1.5294418515084566548e+07
881,1.5596342384369935840e+07
882,1.5904281200277579948e+07
883,1.6218356442515891045e+07
884,1.6538692094312526286e+07
885,1.6865414695542335510e+07
886,1.7198653397027153522e+07
887,1.7538540016041226685e+07
888,1.7885209093045175076e+07
889,1.8238797949677824974e+07
890,1.8599446748040158302e+07
891,1.8967298551295228302e+07
892,1.9342499385619986802e+07
893,1.9725198303538095206e+07
894,2.0115547448668733239e+07
895,2.0513702121922373772e+07
896,2.0919820849179171026e+07
897,2.1334065450487505645e+07
898,2.1756601110812209547e+07
899,2.2187596452378984541e+07
900,2.2627223608641989529e+07
901,2.3075658299927249551e+07
902,2.3533079910775851458e+07
903,2.3999671569041822106e+07
904,2.4475620226780917495e+07
905,2.4961116742970515043e+07
906,2.5456355968113161623e+07
907,2.5961536830759536475e+07
908,2.6476862426007024944e+07
909,2.7002540106014247984e+07
910,2.7538781572584826499e+07
911,2.8085802971870422363e+07
912,2.8643824991243578494e+07
913,2.9213072958393491805e+07
914,2.9793776942702218890e+07
915,3.0386171858953040093e+07
916,3.0990497573433276266e+07
917,3.1606999012484509498e+07
918,3.2235926273569148034e+07
919,3.2877534738907203078e+07
920,3.3532085191753204912e+07
921,3.4199843935375869274e+07
922,3.4881082914813116193e+07
923,3.5576079841458961368e+07
924,3.6285118320573873818e+07
925,3.7008487981771722436e+07
926,3.7746484612569950521e+07
927,3.8499410295079365373e+07
928,3.9267573545911900699e+07
929,4.0051289459380552173e+07
930,4.0850879854088187218e+07
931,4.1666673422987289727e+07
932,4.2499005886990927160e+07
933,4.3348220152235530317e+07
934,4.4214666471090354025e+07
935,4.5098702606997035444e+07
936,4.6000694003253422678e+07
937,4.6921013955838002264e+07
938,4.7860043790373563766e+07
939,4.8818173043347395957e+07
940,4.9795799647688694298e+07
941,5.0793330122835829854e+07
942,5.1811179769378744066e+07
943,5.2849772868433535099e+07
944,5.3909542885843269527e+07
945,5.4990932681356713176e+07
946,5.6094394722893163562e+07
947,5.7220391306050978601e+07
948,5.8369394778982050717e+07
949,5.9541887772783890367e+07
950,6.0738363437555670738e+07
951,6.1959325684269346297e+07
952,6.3205289432609319687e+07
953,6.4476780864950709045e+07
954,6.5774337686630696058e+07
955,6.7098509392690680921e+07
956,6.8449857541263118386e+07
957,6.9828956033784091473e+07
958,7.1236391402226984501e+07
959,7.2672763103524759412e+07
960,7.4138683821413487196e+07
961,7.5634779775869354606e+07
962,7.7161691040373861790e+07
963,7.8720071867217138410e+07
964,8.0310591021042749286e+07
965,8.1933932120900854468e+07
966,8.3590793991021350026e+07
967,8.5281891020561829209e+07
968,8.7007953532573714852e+07
969,8.8769728162468761206e+07
970,9.0567978246225193143e+07
971,9.2403484218641415238e+07
972,9.4277044021895840764e+07
973,9.6189473524732485414e+07
974,9.8141606952562749386e+07
975,1.0013429732879279554e+08
976,1.0216841692773276567e+08
977,1.0424485773936791718e+08
978,1.0636453194640494883e+08
979,1.0852837241388811171e+08
980,1.1073733319180300832e+08
981,1.1299239003102080524e+08
982,1.1529454091298584640e+08
983,1.1764480659355232120e+08
984,1.2004423116139277816e+08
985,1.2249388261141438782e+08
986,1.2499485343362598121e+08
987,1.2754826121791808307e+08
988,1.3015524927525016665e+08
989,1.3281698727572923899e+08
990,1.3553467190408837795e+08
991,1.3830952753311461210e+08
992,1.4114280691554805636e+08
993,1.4403579189505666494e+08
994,1.4698979413681834936e+08
995,1.5000615587839239836e+08
996,1.5308625070143401623e+08
997,1.5623148432495236397e+08
998,1.5944329542077943683e+08
999,1.6272315645190963149e+08
1000,1.6607257453449663520e+08
1001,1.6949309232420378923e+08
1002,1.7298628892769172788e+08
1003,1.7655378084006646276e+08
1004,1.8019722290910583735e+08
1005,1.8391830932712623477e+08
1006,1.8771877465138387680e+08
1007,1.9160039485394161940e+08
1008,1.9556498840194532275e+08
1009,1.9961441736934438348e+08
1010,2.0375058858105033636e+08
1011,2.0797545479058378935e+08
1012,2.1229101589242127538e+08
1013,2.1669932017007285357e+08
1014,2.2120246558117872477e+08
1015,2.2580260108081474900e+08
1016,2.3050192798431760073e+08
1017,2.3530270137097960711e+08
1018,2.4020723152996876836e+08
1019,2.4521788544997027516e+08
1020,2.5033708835399460793e+08
1021,2.5556732528097677231e+08
1022,2.6091114271570831537e+08
1023,2.6637115026888597012e+08
1024,2.7195002240893882513e+08
1025,2.7765050024749588966e+08
1026,2.8347539338044309616e+08
1027,2.8942758178641867638e+08
1028,2.9551001778492587805e+08
1029,3.0172572805613416433e+08
1030,3.0807781572460252047e+08
1031,3.1456946250924509764e+08
1032,3.2120393094197511673e+08
1033,3.2798456665749883652e+08
1034,3.3491480075691282749e+08
1035,3.4199815224782270193e+08
1036,3.4923823056381809711e+08
1037,3.5663873816628837585e+08
1038,3.6420347323168414831e+08
1039,3.7193633242739981413e+08
1040,3.7984131377971112728e+08
1041,3.8792251963724422455e+08
1042,3.9618415973363584280e+08
1043,4.0463055435329288244e+08
1044,4.1326613760407733917e+08
1045,4.2209546080135798454e+08
1046,4.3112319596754592657e+08
1047,4.4035413945182389021e+08
1048,4.4979321567481702566e+08
1049,4.5944548100317442417e+08
1050,4.6931612775927799940e+08
1051,4.7941048837159425020e+08
1052,4.8973403967134213448e+08
1053,5.0029240734144043922e+08
1054,5.1109137052411454916e+08
1055,5.2213686659356659651e+08
1056,5.3343499610078227520e+08
1057,5.4499202789746963978e+08
1058,5.5681440444697058201e+08
1059,5.6890874732974135876e+08
1060,5.8128186295203638077e+08
1061,5.9394074846632218361e+08
1062,6.0689259791274273396e+08
1063,6.2014480859107351303e+08
1064,6.3370498767349588871e+08
1065,6.4758095906867671013e+08
1066,6.6178077054835915565e+08
1067,6.7631270114821302891e+08
1068,6.9118526885539793968e+08
1069,7.0640723859558594227e+08
1070,7.2198763053348481655e+08
1071,7.3793572870099639893e+08
1072,7.5426108996835422516e+08
1073,7.7097355337413406372e+08
1074,7.8808324983111143112e+08
1075,8.0560061222568976879e+08
1076,8.2353638592976284027e+08
1077,8.4190163974465322495e+08
1078,8.6070777729825687408e+08
1079,8.7996654891742730141e+08
1080,8.9969006399883186817e+08
1081,9.1989080390315699577e+08
1082,9.4058163539879488945e+08
1083,9.6177582468239367008e+08
1084,9.8348705200596380234e+08
1085,1.0057294269410680532e+09
1086,1.0285175043133127689e+09
1087,1.0518663008418534994e+09
1088,1.0757913125207500458e+09
1089,1.1003085327815179825e+09
1090,1.1254344714783675671e+09
1091,1.1511861747404594421e+09
1092,1.1775812457381334305e+09
1093,1.2046378664129464626e+09
1094,1.2323748202249903679e+09
1095,1.2608115159736332893e+09
1096,1.2899680127524476051e+09
1097,1.3198650461022305489e+09
1098,1.3505240554308192730e+09
1099,1.3819672127726187706e+09
1100,1.4142174529661619663e+09
1101,1.4472985053327353001e+09
1102,1.4812349269455385208e+09
1103,1.5160521375844824314e+09
1104,1.5517764564787409306e+09
1105,1.5884351409464504719e+09
1106,1.6260564270485937595e+09
1107,1.6646695723825638294e+09
1108,1.7043049011507973671e+09
1109,1.7449938516487963200e+09
1110,1.7867690263284039497e+09
1111,1.8296642446039118767e+09
1112,1.8737145985813326836e+09
1113,1.9189565119049470425e+09
1114,1.9654278019306931496e+09
1115,2.0131677454524686337e+09
1116,2.0622171482255461216e+09
1117,2.1126184185508999825e+09
1118,2.1644156452060008049e+09
1119,2.2176546800316791534e+09
1120,2.2723832255098085403e+09
1121,2.3286509276959834099e+09
1122,2.3865094749017777443e+09
1123,2.4460127025563526154e+09
1124,2.5072167047147111893e+09
1125,2.5701799527218070030e+09
1126,2.6349634215871925354e+09
1127,2.7016307246777386665e+09
1128,2.7702482573893194199e+09
1129,2.8408853505243463516e+09
1130,2.9136144341683230400e+09
1131,2.9885112129376816750e+09
1132,3.0656548535559992790e+09
1133,3.1451281858114066124e+09
1134,3.2270179180547318459e+09
1135,3.3114148685172090530e+09
1136,3.3984142138595190048e+09
1137,3.4881157565148620605e+09
1138,3.5806242125552353859e+09
1139,3.6760495220012674332e+09
1140,3.7745071837072196007e+09
1141,3.8761186171965012550e+09
1142,3.9810115540932340622e+09
1143,4.0893204621065945625e+09
1144,4.2011870048761520386e+09
1145,4.3167605413858013153e+09
1146,4.4361986691125946045e+09
1147,4.5596678155989236832e+09
1148,4.6873438837355270386e+09
1149,4.8194129567342576981e+09
1150,4.9560720695617170334e+09
1151,5.0975300545245199203e+09
1152,5.2440084697601528168e+09
1153,5.3957426206234788895e+09
1154,5.5529826853995523453e+09
1155,5.7159949584577331543e+09
1156,5.8850632259366140366e+09
1157,6.0604902913736667633e+09
1158,6.2425996714370098114e+09
1159,6.4317374851690015793e+09
1160,6.6282745640204057693e+09
1161,6.8326088145697584152e+09
1162,7.0451678713683347702e+09
1163,7.2664120840174827576e+09
1164,7.4968378906608123779e+09
1165,7.7369816398853712082e+09
1166,7.9874239350157308578e+09
1167,8.2487945895079641342e+09
1168,8.5217783003353500366e+09
1169,8.8071211688444347382e+09
1170,9.1056382267920303345e+09
1171,9.4182221607883930206e+09
1172,9.7458534733565864563e+09
1173,1.0089612376220129013e+10
1174,1.0450692785238496780e+10
1175,1.0830418882107536316e+10
1176,1.1230264833109355927e+10
1177,1.1651878420449558258e+10
1178,1.2097109562120655060e+10
1179,1.2568044993338756561e+10
1180,1.3067050787827884674e+10
1181,1.3596824956872787476e+10
1182,1.4160463147571382523e+10
1183,1.4761541575021451950e+10
1184,1.5404222930926797867e+10
1185,1.6093393374783954620e+10
1186,1.6834842258325683594e+10
1187,1.7635501668397617340e+10
1188,1.8503771417505859375e+10
1189,1.9449968936571426392e+10
1190,2.0486966659094322205e+10
1191,2.1631119772890861511e+10
1192,2.2903660844408905029e+10
1193,2.4332880673252479553e+10
1194,2.5957713586336975098e+10
1195,2.7834034022737407684e+10
1196,3.0046771758461196899e+10
1197,3.2736538579807529449e+10
1198,3.6171724608935241699e+10
1199,4.1035322591647613525e+10
1200,7.1710350995294387817e+10
