-1.0000000000000000000e+00,0.0000000000000000000e+00
-9.8798798798798803666e-01,0.0000000000000000000e+00
-9.7597597597597596231e-01,0.0000000000000000000e+00
-9.6396396396396399897e-01,0.0000000000000000000e+00
-9.5195195195195192461e-01,0.0000000000000000000e+00
-9.3993993993993996128e-01,0.0000000000000000000e+00
-9.2792792792792788692e-01,0.0000000000000000000e+00
-9.1591591591591592358e-01,0.0000000000000000000e+00
-9.0390390390390384923e-01,0.0000000000000000000e+00
-8.9189189189189188589e-01,0.0000000000000000000e+00
-8.7987987987987992256e-01,0.0000000000000000000e+00
-8.6786786786786784820e-01,0.0000000000000000000e+00
-8.5585585585585588486e-01,0.0000000000000000000e+00
-8.4384384384384381050e-01,0.0000000000000000000e+00
-8.3183183183183184717e-01,0.0000000000000000000e+00
-8.1981981981981988383e-01,0.0000000000000000000e+00
-8.0780780780780780947e-01,0.0000000000000000000e+00
-7.9579579579579573512e-01,0.0000000000000000000e+00
-7.8378378378378377178e-01,0.0000000000000000000e+00
-7.7177177177177180845e-01,0.0000000000000000000e+00
-7.5975975975975973409e-01,0.0000000000000000000e+00
-7.4774774774774777075e-01,0.0000000000000000000e+00
-7.3573573573573569639e-01,0.0000000000000000000e+00
-7.2372372372372373306e-01,0.0000000000000000000e+00
-7.1171171171171176972e-01,0.0000000000000000000e+00
-6.9969969969969969537e-01,0.0000000000000000000e+00
-6.8768768768768762101e-01,0.0000000000000000000e+00
-6.7567567567567565767e-01,0.0000000000000000000e+00
-6.6366366366366369434e-01,0.0000000000000000000e+00
-6.5165165165165173100e-01,0.0000000000000000000e+00
-6.3963963963963965664e-01,0.0000000000000000000e+00
-6.2762762762762758229e-01,0.0000000000000000000e+00
-6.1561561561561561895e-01,0.0000000000000000000e+00
-6.0360360360360365561e-01,0.0000000000000000000e+00
-5.9159159159159158126e-01,0.0000000000000000000e+00
-5.7957957957957950690e-01,0.0000000000000000000e+00
-5.6756756756756754356e-01,0.0000000000000000000e+00
-5.5555555555555558023e-01,0.0000000000000000000e+00
-5.4354354354354361689e-01,0.0000000000000000000e+00
-5.3153153153153154253e-01,0.0000000000000000000e+00
-5.1951951951951946818e-01,0.0000000000000000000e+00
-5.0750750750750750484e-01,0.0000000000000000000e+00
-4.9549549549549554150e-01,0.0000000000000000000e+00
-4.8348348348348346715e-01,0.0000000000000000000e+00
-4.7147147147147150381e-01,0.0000000000000000000e+00
-4.5945945945945942945e-01,0.0000000000000000000e+00
-4.4744744744744746612e-01,0.0000000000000000000e+00
-4.3543543543543539176e-01,0.0000000000000000000e+00
-4.2342342342342342842e-01,0.0000000000000000000e+00
-4.1141141141141146509e-01,0.0000000000000000000e+00
-3.9939939939939939073e-01,0.0000000000000000000e+00
-3.8738738738738742740e-01,0.0000000000000000000e+00
-3.7537537537537535304e-01,0.0000000000000000000e+00
-3.6336336336336338970e-01,0.0000000000000000000e+00
-3.5135135135135131534e-01,0.0000000000000000000e+00
-3.3933933933933935201e-01,0.0000000000000000000e+00
-3.2732732732732738867e-01,0.0000000000000000000e+00
-3.1531531531531531432e-01,0.0000000000000000000e+00
-3.0330330330330335098e-01,0.0000000000000000000e+00
-2.9129129129129127662e-01,0.0000000000000000000e+00
-2.7927927927927931329e-01,0.0000000000000000000e+00
-2.6726726726726723893e-01,0.0000000000000000000e+00
-2.5525525525525527559e-01,0.0000000000000000000e+00
-2.4324324324324320123e-01,0.0000000000000000000e+00
-2.3123123123123123790e-01,0.0000000000000000000e+00
-2.1921921921921927456e-01,0.0000000000000000000e+00
-2.0720720720720720021e-01,0.0000000000000000000e+00
-1.9519519519519523687e-01,0.0000000000000000000e+00
-1.8318318318318316251e-01,0.0000000000000000000e+00
-1.7117117117117119918e-01,0.0000000000000000000e+00
-1.5915915915915912482e-01,0.0000000000000000000e+00
-1.4714714714714716148e-01,0.0000000000000000000e+00
-1.3513513513513508713e-01,0.0000000000000000000e+00
-1.2312312312312312379e-01,0.0000000000000000000e+00
-1.1111111111111116045e-01,0.0000000000000000000e+00
-9.9099099099099086096e-02,0.0000000000000000000e+00
-8.7087087087087122761e-02,0.0000000000000000000e+00
-7.5075075075075048403e-02,0.0000000000000000000e+00
-6.3063063063063085067e-02,0.0000000000000000000e+00
-5.1051051051051010710e-02,0.0000000000000000000e+00
-3.9039039039039047374e-02,0.0000000000000000000e+00
-2.7027027027027084038e-02,0.0000000000000000000e+00
-1.5015015015015009681e-02,0.0000000000000000000e+00
-3.0030030030030463450e-03,0.0000000000000000000e+00
9.0090090090089169905e-03,0.0000000000000000000e+00
2.1021021021021102371e-02,0.0000000000000000000e+00
3.3033033033033065706e-02,0.0000000000000000000e+00
4.5045045045045029042e-02,0.0000000000000000000e+00
5.7057057057056992377e-02,0.0000000000000000000e+00
6.9069069069068955713e-02,0.0000000000000000000e+00
8.1081081081081141093e-02,0.0000000000000000000e+00
9.3093093093093104429e-02,0.0000000000000000000e+00
1.0510510510510506776e-01,0.0000000000000000000e+00
1.1711711711711703110e-01,0.0000000000000000000e+00
1.2912912912912921648e-01,0.0000000000000000000e+00
1.4114114114114117982e-01,0.0000000000000000000e+00
1.5315315315315314315e-01,0.0000000000000000000e+00
1.6516516516516510649e-01,0.0000000000000000000e+00
1.7717717717717706982e-01,0.0000000000000000000e+00
1.8918918918918925520e-01,0.0000000000000000000e+00
2.0120120120120121854e-01,0.0000000000000000000e+00
2.1321321321321318187e-01,0.0000000000000000000e+00
2.2522522522522514521e-01,0.0000000000000000000e+00
2.3723723723723733059e-01,0.0000000000000000000e+00
2.4924924924924929392e-01,0.0000000000000000000e+00
2.6126126126126125726e-01,0.0000000000000000000e+00
2.7327327327327322060e-01,0.0000000000000000000e+00
2.8528528528528518393e-01,0.0000000000000000000e+00
2.9729729729729736931e-01,0.0000000000000000000e+00
3.0930930930930933265e-01,0.0000000000000000000e+00
3.2132132132132129598e-01,0.0000000000000000000e+00
3.3333333333333325932e-01,0.0000000000000000000e+00
3.4534534534534522265e-01,0.0000000000000000000e+00
3.5735735735735740803e-01,0.0000000000000000000e+00
3.6936936936936937137e-01,0.0000000000000000000e+00
3.8138138138138133471e-01,0.0000000000000000000e+00
3.9339339339339329804e-01,0.0000000000000000000e+00
4.0540540540540548342e-01,0.0000000000000000000e+00
4.1741741741741744676e-01,0.0000000000000000000e+00
4.2942942942942941009e-01,0.0000000000000000000e+00
4.4144144144144137343e-01,0.0000000000000000000e+00
4.5345345345345333676e-01,0.0000000000000000000e+00
4.6546546546546552214e-01,0.0000000000000000000e+00
4.7747747747747748548e-01,0.0000000000000000000e+00
4.8948948948948944881e-01,0.0000000000000000000e+00
5.0150150150150141215e-01,0.0000000000000000000e+00
5.1351351351351359753e-01,0.0000000000000000000e+00
5.2552552552552556087e-01,0.0000000000000000000e+00
5.3753753753753752420e-01,0.0000000000000000000e+00
5.4954954954954948754e-01,0.0000000000000000000e+00
5.6156156156156145087e-01,0.0000000000000000000e+00
5.7357357357357363625e-01,0.0000000000000000000e+00
5.8558558558558559959e-01,0.0000000000000000000e+00
5.9759759759759756292e-01,0.0000000000000000000e+00
6.0960960960960952626e-01,0.0000000000000000000e+00
6.2162162162162171164e-01,0.0000000000000000000e+00
6.3363363363363367498e-01,0.0000000000000000000e+00
6.4564564564564563831e-01,0.0000000000000000000e+00
6.5765765765765760165e-01,0.0000000000000000000e+00
6.6966966966966956498e-01,0.0000000000000000000e+00
6.8168168168168175036e-01,0.0000000000000000000e+00
6.9369369369369371370e-01,0.0000000000000000000e+00
7.0570570570570567703e-01,0.0000000000000000000e+00
7.1771771771771764037e-01,0.0000000000000000000e+00
7.2972972972972982575e-01,0.0000000000000000000e+00
7.4174174174174178908e-01,0.0000000000000000000e+00
7.5375375375375375242e-01,0.0000000000000000000e+00
7.6576576576576571576e-01,0.0000000000000000000e+00
7.7777777777777767909e-01,0.0000000000000000000e+00
7.8978978978978986447e-01,0.0000000000000000000e+00
8.0180180180180182781e-01,0.0000000000000000000e+00
8.1381381381381379114e-01,0.0000000000000000000e+00
8.2582582582582575448e-01,0.0000000000000000000e+00
8.3783783783783771781e-01,0.0000000000000000000e+00
8.4984984984984990319e-01,0.0000000000000000000e+00
8.6186186186186186653e-01,0.0000000000000000000e+00
8.7387387387387382987e-01,0.0000000000000000000e+00
8.8588588588588579320e-01,0.0000000000000000000e+00
8.9789789789789797858e-01,0.0000000000000000000e+00
9.0990990990990994192e-01,0.0000000000000000000e+00
9.2192192192192190525e-01,0.0000000000000000000e+00
9.3393393393393386859e-01,0.0000000000000000000e+00
9.4594594594594583192e-01,0.0000000000000000000e+00
9.5795795795795801730e-01,0.0000000000000000000e+00
9.6996996996996998064e-01,0.0000000000000000000e+00
9.8198198198198194397e-01,0.0000000000000000000e+00
9.9399399399399390731e-01,0.0000000000000000000e+00
1.0060060060060060927e+00,0.0000000000000000000e+00
1.0180180180180178340e+00,0.0000000000000000000e+00
1.0300300300300300194e+00,0.0000000000000000000e+00
1.0420420420420422047e+00,0.0000000000000000000e+00
1.0540540540540539460e+00,0.0000000000000000000e+00
1.0660660660660661314e+00,0.0000000000000000000e+00
1.0780780780780778727e+00,0.0000000000000000000e+00
1.0900900900900900581e+00,0.0000000000000000000e+00
1.1021021021021022435e+00,0.0000000000000000000e+00
1.1141141141141139848e+00,0.0000000000000000000e+00
1.1261261261261261701e+00,0.0000000000000000000e+00
1.1381381381381379114e+00,0.0000000000000000000e+00
1.1501501501501500968e+00,0.0000000000000000000e+00
1.1621621621621622822e+00,0.0000000000000000000e+00
1.1741741741741740235e+00,0.0000000000000000000e+00
1.1861861861861862089e+00,0.0000000000000000000e+00
1.1981981981981983942e+00,0.0000000000000000000e+00
1.2102102102102101355e+00,0.0000000000000000000e+00
1.2222222222222223209e+00,0.0000000000000000000e+00
1.2342342342342340622e+00,0.0000000000000000000e+00
1.2462462462462462476e+00,0.0000000000000000000e+00
1.2582582582582584330e+00,0.0000000000000000000e+00
1.2702702702702701743e+00,0.0000000000000000000e+00
1.2822822822822823596e+00,0.0000000000000000000e+00
1.2942942942942941009e+00,0.0000000000000000000e+00
1.3063063063063062863e+00,0.0000000000000000000e+00
1.3183183183183184717e+00,0.0000000000000000000e+00
1.3303303303303302130e+00,0.0000000000000000000e+00
1.3423423423423423984e+00,0.0000000000000000000e+00
1.3543543543543541396e+00,0.0000000000000000000e+00
1.3663663663663663250e+00,0.0000000000000000000e+00
1.3783783783783785104e+00,0.0000000000000000000e+00
1.3903903903903902517e+00,0.0000000000000000000e+00
1.4024024024024024371e+00,0.0000000000000000000e+00
1.4144144144144141784e+00,0.0000000000000000000e+00
1.4264264264264263637e+00,0.0000000000000000000e+00
1.4384384384384385491e+00,0.0000000000000000000e+00
1.4504504504504502904e+00,0.0000000000000000000e+00
1.4624624624624624758e+00,0.0000000000000000000e+00
1.4744744744744746612e+00,0.0000000000000000000e+00
1.4864864864864864025e+00,0.0000000000000000000e+00
1.4984984984984985878e+00,0.0000000000000000000e+00
1.5105105105105103291e+00,0.0000000000000000000e+00
1.5225225225225225145e+00,0.0000000000000000000e+00
1.5345345345345346999e+00,0.0000000000000000000e+00
1.5465465465465464412e+00,0.0000000000000000000e+00
1.5585585585585586266e+00,0.0000000000000000000e+00
1.5705705705705703679e+00,0.0000000000000000000e+00
1.5825825825825825532e+00,0.0000000000000000000e+00
1.5945945945945947386e+00,0.0000000000000000000e+00
1.6066066066066064799e+00,0.0000000000000000000e+00
1.6186186186186186653e+00,0.0000000000000000000e+00
1.6306306306306304066e+00,0.0000000000000000000e+00
1.6426426426426425920e+00,0.0000000000000000000e+00
1.6546546546546547773e+00,0.0000000000000000000e+00
1.6666666666666665186e+00,0.0000000000000000000e+00
1.6786786786786787040e+00,0.0000000000000000000e+00
1.6906906906906904453e+00,0.0000000000000000000e+00
1.7027027027027026307e+00,0.0000000000000000000e+00
1.7147147147147148161e+00,0.0000000000000000000e+00
1.7267267267267265574e+00,0.0000000000000000000e+00
1.7387387387387387427e+00,0.0000000000000000000e+00
1.7507507507507509281e+00,0.0000000000000000000e+00
1.7627627627627626694e+00,0.0000000000000000000e+00
1.7747747747747748548e+00,0.0000000000000000000e+00
1.7867867867867865961e+00,0.0000000000000000000e+00
1.7987987987987987815e+00,0.0000000000000000000e+00
1.8108108108108109668e+00,0.0000000000000000000e+00
1.8228228228228227081e+00,0.0000000000000000000e+00
1.8348348348348348935e+00,0.0000000000000000000e+00
1.8468468468468466348e+00,0.0000000000000000000e+00
1.8588588588588588202e+00,0.0000000000000000000e+00
1.8708708708708710056e+00,0.0000000000000000000e+00
1.8828828828828827469e+00,0.0000000000000000000e+00
1.8948948948948949322e+00,0.0000000000000000000e+00
1.9069069069069066735e+00,0.0000000000000000000e+00
1.9189189189189188589e+00,0.0000000000000000000e+00
1.9309309309309310443e+00,0.0000000000000000000e+00
1.9429429429429427856e+00,0.0000000000000000000e+00
1.9549549549549549710e+00,0.0000000000000000000e+00
1.9669669669669671563e+00,0.0000000000000000000e+00
1.9789789789789788976e+00,0.0000000000000000000e+00
1.9909909909909910830e+00,0.0000000000000000000e+00
2.0030030030030028243e+00,0.0000000000000000000e+00
2.0150150150150150097e+00,0.0000000000000000000e+00
2.0270270270270271951e+00,0.0000000000000000000e+00
2.0390390390390389364e+00,0.0000000000000000000e+00
2.0510510510510511217e+00,0.0000000000000000000e+00
2.0630630630630628630e+00,0.0000000000000000000e+00
2.0750750750750750484e+00,0.0000000000000000000e+00
2.0870870870870872338e+00,0.0000000000000000000e+00
2.0990990990990989751e+00,0.0000000000000000000e+00
2.1111111111111111605e+00,0.0000000000000000000e+00
2.1231231231231229017e+00,0.0000000000000000000e+00
2.1351351351351350871e+00,0.0000000000000000000e+00
2.1471471471471472725e+00,0.0000000000000000000e+00
2.1591591591591590138e+00,0.0000000000000000000e+00
2.1711711711711711992e+00,0.0000000000000000000e+00
2.1831831831831829405e+00,0.0000000000000000000e+00
2.1951951951951951258e+00,0.0000000000000000000e+00
2.2072072072072073112e+00,0.0000000000000000000e+00
2.2192192192192190525e+00,0.0000000000000000000e+00
2.2312312312312312379e+00,0.0000000000000000000e+00
2.2432432432432434233e+00,0.0000000000000000000e+00
2.2552552552552551646e+00,0.0000000000000000000e+00
2.2672672672672673500e+00,0.0000000000000000000e+00
2.2792792792792790912e+00,0.0000000000000000000e+00
2.2912912912912912766e+00,0.0000000000000000000e+00
2.3033033033033034620e+00,0.0000000000000000000e+00
2.3153153153153152033e+00,0.0000000000000000000e+00
2.3273273273273273887e+00,0.0000000000000000000e+00
2.3393393393393391300e+00,0.0000000000000000000e+00
2.3513513513513513153e+00,0.0000000000000000000e+00
2.3633633633633635007e+00,0.0000000000000000000e+00
2.3753753753753752420e+00,0.0000000000000000000e+00
2.3873873873873874274e+00,0.0000000000000000000e+00
2.3993993993993991687e+00,0.0000000000000000000e+00
2.4114114114114113541e+00,0.0000000000000000000e+00
2.4234234234234235394e+00,0.0000000000000000000e+00
2.4354354354354352807e+00,0.0000000000000000000e+00
2.4474474474474474661e+00,0.0000000000000000000e+00
2.4594594594594596515e+00,0.0000000000000000000e+00
2.4714714714714713928e+00,0.0000000000000000000e+00
2.4834834834834835782e+00,0.0000000000000000000e+00
2.4954954954954953195e+00,0.0000000000000000000e+00
2.5075075075075075048e+00,0.0000000000000000000e+00
2.5195195195195196902e+00,0.0000000000000000000e+00
2.5315315315315314315e+00,0.0000000000000000000e+00
2.5435435435435436169e+00,0.0000000000000000000e+00
2.5555555555555553582e+00,0.0000000000000000000e+00
2.5675675675675675436e+00,0.0000000000000000000e+00
2.5795795795795797289e+00,0.0000000000000000000e+00
2.5915915915915914702e+00,0.0000000000000000000e+00
2.6036036036036036556e+00,0.0000000000000000000e+00
2.6156156156156153969e+00,0.0000000000000000000e+00
2.6276276276276275823e+00,0.0000000000000000000e+00
2.6396396396396397677e+00,0.0000000000000000000e+00
2.6516516516516515090e+00,0.0000000000000000000e+00
2.6636636636636636943e+00,0.0000000000000000000e+00
2.6756756756756754356e+00,0.0000000000000000000e+00
2.6876876876876876210e+00,0.0000000000000000000e+00
2.6996996996996998064e+00,0.0000000000000000000e+00
2.7117117117117115477e+00,0.0000000000000000000e+00
2.7237237237237237331e+00,0.0000000000000000000e+00
2.7357357357357359184e+00,0.0000000000000000000e+00
2.7477477477477476597e+00,0.0000000000000000000e+00
2.7597597597597598451e+00,0.0000000000000000000e+00
2.7717717717717715864e+00,0.0000000000000000000e+00
2.7837837837837837718e+00,0.0000000000000000000e+00
2.7957957957957959572e+00,0.0000000000000000000e+00
2.8078078078078076985e+00,0.0000000000000000000e+00
2.8198198198198198838e+00,0.0000000000000000000e+00
2.8318318318318316251e+00,0.0000000000000000000e+00
2.8438438438438438105e+00,0.0000000000000000000e+00
2.8558558558558559959e+00,0.0000000000000000000e+00
2.8678678678678677372e+00,0.0000000000000000000e+00
2.8798798798798799226e+00,0.0000000000000000000e+00
2.8918918918918916638e+00,0.0000000000000000000e+00
2.9039039039039038492e+00,0.0000000000000000000e+00
2.9159159159159160346e+00,0.0000000000000000000e+00
2.9279279279279277759e+00,0.0000000000000000000e+00
2.9399399399399399613e+00,0.0000000000000000000e+00
2.9519519519519517026e+00,0.0000000000000000000e+00
2.9639639639639638879e+00,0.0000000000000000000e+00
2.9759759759759760733e+00,0.0000000000000000000e+00
2.9879879879879878146e+00,0.0000000000000000000e+00
3.0000000000000000000e+00,0.0000000000000000000e+00
3.0120120120120121854e+00,0.0000000000000000000e+00
3.0240240240240243708e+00,0.0000000000000000000e+00
3.0360360360360356680e+00,0.0000000000000000000e+00
3.0480480480480478533e+00,0.0000000000000000000e+00
3.0600600600600600387e+00,0.0000000000000000000e+00
3.0720720720720722241e+00,0.0000000000000000000e+00
3.0840840840840844095e+00,0.0000000000000000000e+00
3.0960960960960957067e+00,0.0000000000000000000e+00
3.1081081081081078921e+00,0.0000000000000000000e+00
3.1201201201201200774e+00,0.0000000000000000000e+00
3.1321321321321322628e+00,0.0000000000000000000e+00
3.1441441441441444482e+00,0.0000000000000000000e+00
3.1561561561561557454e+00,0.0000000000000000000e+00
3.1681681681681679308e+00,0.0000000000000000000e+00
3.1801801801801801162e+00,0.0000000000000000000e+00
3.1921921921921923015e+00,0.0000000000000000000e+00
3.2042042042042044869e+00,0.0000000000000000000e+00
3.2162162162162157841e+00,0.0000000000000000000e+00
3.2282282282282279695e+00,0.0000000000000000000e+00
3.2402402402402401549e+00,0.0000000000000000000e+00
3.2522522522522523403e+00,0.0000000000000000000e+00
3.2642642642642645257e+00,0.0000000000000000000e+00
3.2762762762762758229e+00,0.0000000000000000000e+00
3.2882882882882880082e+00,0.0000000000000000000e+00
3.3003003003003001936e+00,0.0000000000000000000e+00
3.3123123123123123790e+00,0.0000000000000000000e+00
3.3243243243243245644e+00,0.0000000000000000000e+00
3.3363363363363358616e+00,0.0000000000000000000e+00
3.3483483483483480470e+00,0.0000000000000000000e+00
3.3603603603603602323e+00,0.0000000000000000000e+00
3.3723723723723724177e+00,0.0000000000000000000e+00
3.3843843843843846031e+00,0.0000000000000000000e+00
3.3963963963963967885e+00,0.0000000000000000000e+00
3.4084084084084080857e+00,0.0000000000000000000e+00
3.4204204204204202711e+00,0.0000000000000000000e+00
3.4324324324324324564e+00,0.0000000000000000000e+00
3.4444444444444446418e+00,0.0000000000000000000e+00
3.4564564564564568272e+00,0.0000000000000000000e+00
3.4684684684684681244e+00,0.0000000000000000000e+00
3.4804804804804803098e+00,0.0000000000000000000e+00
3.4924924924924924952e+00,0.0000000000000000000e+00
3.5045045045045046805e+00,0.0000000000000000000e+00
3.5165165165165168659e+00,0.0000000000000000000e+00
3.5285285285285281631e+00,0.0000000000000000000e+00
3.5405405405405403485e+00,0.0000000000000000000e+00
3.5525525525525525339e+00,0.0000000000000000000e+00
3.5645645645645647193e+00,0.0000000000000000000e+00
3.5765765765765769046e+00,0.0000000000000000000e+00
3.5885885885885882018e+00,0.0000000000000000000e+00
3.6006006006006003872e+00,0.0000000000000000000e+00
3.6126126126126125726e+00,0.0000000000000000000e+00
3.6246246246246247580e+00,0.0000000000000000000e+00
3.6366366366366369434e+00,0.0000000000000000000e+00
3.6486486486486482406e+00,0.0000000000000000000e+00
3.6606606606606604259e+00,0.0000000000000000000e+00
3.6726726726726726113e+00,0.0000000000000000000e+00
3.6846846846846847967e+00,0.0000000000000000000e+00
3.6966966966966969821e+00,0.0000000000000000000e+00
3.7087087087087082793e+00,0.0000000000000000000e+00
3.7207207207207204647e+00,0.0000000000000000000e+00
3.7327327327327326500e+00,0.0000000000000000000e+00
3.7447447447447448354e+00,0.0000000000000000000e+00
3.7567567567567570208e+00,0.0000000000000000000e+00
3.7687687687687683180e+00,0.0000000000000000000e+00
3.7807807807807805034e+00,0.0000000000000000000e+00
3.7927927927927926888e+00,0.0000000000000000000e+00
3.8048048048048048742e+00,0.0000000000000000000e+00
3.8168168168168170595e+00,0.0000000000000000000e+00
3.8288288288288283567e+00,0.0000000000000000000e+00
3.8408408408408405421e+00,0.0000000000000000000e+00
3.8528528528528527275e+00,0.0000000000000000000e+00
3.8648648648648649129e+00,0.0000000000000000000e+00
3.8768768768768770983e+00,0.0000000000000000000e+00
3.8888888888888892836e+00,0.0000000000000000000e+00
3.9009009009009005808e+00,0.0000000000000000000e+00
3.9129129129129127662e+00,0.0000000000000000000e+00
3.9249249249249249516e+00,0.0000000000000000000e+00
3.9369369369369371370e+00,0.0000000000000000000e+00
3.9489489489489493224e+00,0.0000000000000000000e+00
3.9609609609609606196e+00,0.0000000000000000000e+00
3.9729729729729728049e+00,0.0000000000000000000e+00
3.9849849849849849903e+00,0.0000000000000000000e+00
3.9969969969969971757e+00,0.0000000000000000000e+00
4.0090090090090093611e+00,0.0000000000000000000e+00
4.0210210210210206583e+00,0.0000000000000000000e+00
4.0330330330330328437e+00,0.0000000000000000000e+00
4.0450450450450450290e+00,0.0000000000000000000e+00
4.0570570570570572144e+00,0.0000000000000000000e+00
4.0690690690690693998e+00,0.0000000000000000000e+00
4.0810810810810806970e+00,0.0000000000000000000e+00
4.0930930930930928824e+00,0.0000000000000000000e+00
4.1051051051051050678e+00,0.0000000000000000000e+00
4.1171171171171172531e+00,0.0000000000000000000e+00
4.1291291291291294385e+00,0.0000000000000000000e+00
4.1411411411411407357e+00,0.0000000000000000000e+00
4.1531531531531529211e+00,0.0000000000000000000e+00
4.1651651651651651065e+00,0.0000000000000000000e+00
4.1771771771771772919e+00,0.0000000000000000000e+00
4.1891891891891894772e+00,0.0000000000000000000e+00
4.2012012012012007744e+00,0.0000000000000000000e+00
4.2132132132132129598e+00,0.0000000000000000000e+00
4.2252252252252251452e+00,0.0000000000000000000e+00
4.2372372372372373306e+00,0.0000000000000000000e+00
4.2492492492492495160e+00,0.0000000000000000000e+00
4.2612612612612608132e+00,0.0000000000000000000e+00
4.2732732732732729986e+00,0.0000000000000000000e+00
4.2852852852852851839e+00,0.0000000000000000000e+00
4.2972972972972973693e+00,0.0000000000000000000e+00
4.3093093093093095547e+00,0.0000000000000000000e+00
4.3213213213213208519e+00,0.0000000000000000000e+00
4.3333333333333330373e+00,0.0000000000000000000e+00
4.3453453453453452227e+00,0.0000000000000000000e+00
4.3573573573573574080e+00,0.0000000000000000000e+00
4.3693693693693695934e+00,0.0000000000000000000e+00
4.3813813813813808906e+00,0.0000000000000000000e+00
4.3933933933933930760e+00,0.0000000000000000000e+00
4.4054054054054052614e+00,0.0000000000000000000e+00
4.4174174174174174468e+00,0.0000000000000000000e+00
4.4294294294294296321e+00,0.0000000000000000000e+00
4.4414414414414418175e+00,0.0000000000000000000e+00
4.4534534534534531147e+00,0.0000000000000000000e+00
4.4654654654654653001e+00,0.0000000000000000000e+00
4.4774774774774774855e+00,0.0000000000000000000e+00
4.4894894894894896709e+00,0.0000000000000000000e+00
4.5015015015015018562e+00,0.0000000000000000000e+00
4.5135135135135131534e+00,0.0000000000000000000e+00
4.5255255255255253388e+00,0.0000000000000000000e+00
4.5375375375375375242e+00,0.0000000000000000000e+00
4.5495495495495497096e+00,0.0000000000000000000e+00
4.5615615615615618950e+00,0.0000000000000000000e+00
4.5735735735735731922e+00,0.0000000000000000000e+00
4.5855855855855853775e+00,0.0000000000000000000e+00
4.5975975975975975629e+00,0.0000000000000000000e+00
4.6096096096096097483e+00,0.0000000000000000000e+00
4.6216216216216219337e+00,0.0000000000000000000e+00
4.6336336336336332309e+00,0.0000000000000000000e+00
4.6456456456456454163e+00,0.0000000000000000000e+00
4.6576576576576576016e+00,0.0000000000000000000e+00
4.6696696696696697870e+00,0.0000000000000000000e+00
4.6816816816816819724e+00,0.0000000000000000000e+00
4.6936936936936932696e+00,0.0000000000000000000e+00
4.7057057057057054550e+00,0.0000000000000000000e+00
4.7177177177177176404e+00,0.0000000000000000000e+00
4.7297297297297298257e+00,0.0000000000000000000e+00
4.7417417417417420111e+00,0.0000000000000000000e+00
4.7537537537537533083e+00,0.0000000000000000000e+00
4.7657657657657654937e+00,0.0000000000000000000e+00
4.7777777777777776791e+00,0.0000000000000000000e+00
4.7897897897897898645e+00,0.0000000000000000000e+00
4.8018018018018020499e+00,0.0000000000000000000e+00
4.8138138138138133471e+00,0.0000000000000000000e+00
4.8258258258258255324e+00,0.0000000000000000000e+00
4.8378378378378377178e+00,0.0000000000000000000e+00
4.8498498498498499032e+00,0.0000000000000000000e+00
4.8618618618618620886e+00,0.0000000000000000000e+00
4.8738738738738733858e+00,0.0000000000000000000e+00
4.8858858858858855712e+00,0.0000000000000000000e+00
4.8978978978978977565e+00,0.0000000000000000000e+00
4.9099099099099099419e+00,0.0000000000000000000e+00
4.9219219219219221273e+00,0.0000000000000000000e+00
4.9339339339339343127e+00,0.0000000000000000000e+00
4.9459459459459456099e+00,0.0000000000000000000e+00
4.9579579579579577953e+00,0.0000000000000000000e+00
4.9699699699699699806e+00,0.0000000000000000000e+00
4.9819819819819821660e+00,0.0000000000000000000e+00
4.9939939939939943514e+00,0.0000000000000000000e+00
5.0060060060060056486e+00,3.6108216360534310648e-08
5.0180180180180178340e+00,9.7492184173457058825e-07
5.0300300300300300194e+00,4.5135270450675896544e-06
5.0420420420420422047e+00,1.2385118211665622530e-05
5.0540540540540543901e+00,2.6322889726834701208e-05
5.0660660660660656873e+00,4.8060035975878923271e-05
5.0780780780780778727e+00,7.9329751344107412594e-05
5.0900900900900900581e+00,1.2186523021682491897e-04
5.1021021021021022435e+00,1.7739966697933744243e-04
5.1141141141141144288e+00,2.4766625601695113883e-04
5.1261261261261257260e+00,3.3439819171496472372e-04
5.1381381381381379114e+00,4.3932866845869720076e-04
5.1501501501501500968e+00,5.6419088063344876270e-04
5.1621621621621622822e+00,7.1071802262452524017e-04
5.1741741741741744676e+00,8.8064328881723300587e-04
5.1861861861861857648e+00,1.0756998735968624405e-03
5.1981981981981979501e+00,1.2976209713487481603e-03
5.2102102102102101355e+00,1.5481397764581833650e-03
5.2222222222222223209e+00,1.8289894833104735055e-03
5.2342342342342345063e+00,2.1419032862909246837e-03
5.2462462462462458035e+00,2.4886143797848161129e-03
5.2582582582582579889e+00,2.8708559581775050691e-03
5.2702702702702701743e+00,3.2903612158542731511e-03
5.2822822822822823596e+00,3.7488633472004262437e-03
5.2942942942942945450e+00,4.2480955466012697980e-03
5.3063063063063058422e+00,4.7897910084420706675e-03
5.3183183183183180276e+00,5.3756829271082119323e-03
5.3303303303303302130e+00,6.0075044969849621807e-03
5.3423423423423423984e+00,6.6869889124576272973e-03
5.3543543543543545837e+00,7.4158693679115140346e-03
5.3663663663663658809e+00,8.1958790577318692966e-03
5.3783783783783780663e+00,9.0287511763041117252e-03
5.3903903903903902517e+00,9.9162189180134942962e-03
5.4024024024024024371e+00,1.0860015477245322027e-02
5.4144144144144146225e+00,1.1861874048384903405e-02
5.4264264264264268078e+00,1.2923527825817536507e-02
5.4384384384384381050e+00,1.4046710003928451760e-02
5.4504504504504502904e+00,1.5233153777103115509e-02
5.4624624624624624758e+00,1.6484592339726752974e-02
5.4744744744744746612e+00,1.7802758886184676113e-02
5.4864864864864868466e+00,1.9189386610862183002e-02
5.4984984984984981438e+00,2.0646208708144472843e-02
5.5105105105105103291e+00,2.2174958372417067493e-02
5.5225225225225225145e+00,2.3777368798065169619e-02
5.5345345345345346999e+00,2.5455173179474079037e-02
5.5465465465465468853e+00,2.7210104711029109437e-02
5.5585585585585581825e+00,2.9043896587115425323e-02
5.5705705705705703679e+00,3.0958282002118600595e-02
5.5825825825825825532e+00,3.2954994150423806698e-02
5.5945945945945947386e+00,3.5035766226416360791e-02
5.6066066066066069240e+00,3.7202331424481559219e-02
5.6186186186186182212e+00,3.9456422939004545669e-02
5.6306306306306304066e+00,4.1799773964370949553e-02
5.6426426426426425920e+00,4.4234117694965921497e-02
5.6546546546546547773e+00,4.6761187325174764784e-02
5.6666666666666669627e+00,4.9382716049382782697e-02
5.6786786786786782599e+00,5.2100437061975077291e-02
5.6906906906906904453e+00,5.4916083557337368182e-02
5.7027027027027026307e+00,5.7831388729854743547e-02
5.7147147147147148161e+00,6.0848085773912527485e-02
5.7267267267267270014e+00,6.3967907883896016341e-02
5.7387387387387382987e+00,6.7192588254190277475e-02
5.7507507507507504840e+00,7.0523860079181086014e-02
5.7627627627627626694e+00,7.3963456553253537074e-02
5.7747747747747748548e+00,7.7513110870792892304e-02
5.7867867867867870402e+00,8.1174556226184510499e-02
5.7987987987987983374e+00,8.4949525813813361874e-02
5.8108108108108105228e+00,8.8839752828065360335e-02
5.8228228228228227081e+00,9.2846970463325531608e-02
5.8348348348348348935e+00,9.6972911913979123466e-02
5.8468468468468470789e+00,1.0121931037441149470e-01
5.8588588588588583761e+00,1.0558789903900761553e-01
5.8708708708708705615e+00,1.1008041110215345537e-01
5.8828828828828827469e+00,1.1469857975823395668e-01
5.8948948948948949322e+00,1.1944413820163443662e-01
5.9069069069069071176e+00,1.2431881962674024011e-01
5.9189189189189193030e+00,1.2932435722793667043e-01
5.9309309309309306002e+00,1.3446248419960857290e-01
5.9429429429429427856e+00,1.3973493373614209734e-01
5.9549549549549549710e+00,1.4514343903192211682e-01
5.9669669669669671563e+00,1.5068973328133397627e-01
5.9789789789789793417e+00,1.5637554967876299283e-01
5.9909909909909906389e+00,1.6220262141859398408e-01
6.0030030030030028243e+00,1.6817266364110500243e-01
6.0150150150150150097e+00,1.7428520693948285070e-01
6.0270270270270271951e+00,1.8053553919149256668e-01
6.0390390390390393804e+00,1.8691846081397814339e-01
6.0510510510510506776e+00,1.9342877222378324076e-01
6.0630630630630628630e+00,2.0006127383775287876e-01
6.0750750750750750484e+00,2.0681076607273071732e-01
6.0870870870870872338e+00,2.1367204934556077722e-01
6.0990990990990994192e+00,2.2063992407308716248e-01
6.1111111111111107164e+00,2.2770919067215339426e-01
6.1231231231231229017e+00,2.3487464955960468682e-01
6.1351351351351350871e+00,2.4213110115228445030e-01
6.1471471471471472725e+00,2.4947334586703689974e-01
6.1591591591591594579e+00,2.5689618412070613918e-01
6.1711711711711707551e+00,2.6439441633013555100e-01
6.1831831831831829405e+00,2.7196284291217048823e-01
6.1951951951951951258e+00,2.7959626428365430550e-01
6.2072072072072073112e+00,2.8728948086143124563e-01
6.2192192192192194966e+00,2.9503729306234532936e-01
6.2312312312312307938e+00,3.0283450130324002236e-01
6.2432432432432429792e+00,3.1067590600096062214e-01
6.2552552552552551646e+00,3.1855630757235053885e-01
6.2672672672672673500e+00,3.2647050643425401528e-01
6.2792792792792795353e+00,3.3441330300351501670e-01
6.2912912912912908325e+00,3.4237949769697706426e-01
6.3033033033033030179e+00,3.5036389093148539997e-01
6.3153153153153152033e+00,3.5836128312388348949e-01
6.3273273273273273887e+00,3.6636647469101552010e-01
6.3393393393393395741e+00,3.7437426604972545707e-01
6.3513513513513508713e+00,3.8237945761685682156e-01
6.3633633633633630566e+00,3.9037684980925496658e-01
6.3753753753753752420e+00,3.9836124304376330230e-01
6.3873873873873874274e+00,4.0632743773722596048e-01
6.3993993993993996128e+00,4.1427023430648690638e-01
6.4114114114114109100e+00,4.2218443316838971668e-01
6.4234234234234230954e+00,4.3006483473977979992e-01
6.4354354354354352807e+00,4.3790623943750028868e-01
6.4474474474474474661e+00,4.4570344767839564781e-01
6.4594594594594596515e+00,4.5345125987930967604e-01
6.4714714714714718369e+00,4.6114447645708661616e-01
6.4834834834834831341e+00,4.6877789782856987832e-01
6.4954954954954953195e+00,4.7634632441060476005e-01
6.5075075075075075048e+00,4.8384455662003483800e-01
6.5195195195195196902e+00,4.9126739487370396642e-01
6.5315315315315318756e+00,4.9860963958845644362e-01
6.5435435435435431728e+00,5.0586609118113567973e-01
6.5555555555555553582e+00,5.1303155006858702780e-01
6.5675675675675675436e+00,5.2010081666765373143e-01
6.5795795795795797289e+00,5.2706869139518008893e-01
6.5915915915915919143e+00,5.3392997466801028761e-01
6.6036036036036032115e+00,5.4067946690298751555e-01
6.6156156156156153969e+00,5.4731196851695718131e-01
6.6276276276276275823e+00,5.5382227992676269501e-01
6.6396396396396397677e+00,5.6020520154924824396e-01
6.6516516516516519530e+00,5.6645553380125801546e-01
6.6636636636636632502e+00,5.7256807709963541964e-01
6.6756756756756754356e+00,5.7853763186122564299e-01
6.6876876876876876210e+00,5.8435899850287209567e-01
6.6996996996996998064e+00,5.9002697744141885394e-01
6.7117117117117119918e+00,5.9553636909371032715e-01
6.7237237237237232890e+00,6.0088197387658992543e-01
6.7357357357357354743e+00,6.0605859220690261324e-01
6.7477477477477476597e+00,6.1106102450149202276e-01
6.7597597597597598451e+00,6.1588407117720211925e-01
6.7717717717717720305e+00,6.2052253265087731204e-01
6.7837837837837833277e+00,6.2497120933936112230e-01
6.7957957957957955131e+00,6.2922490165949829244e-01
6.8078078078078076985e+00,6.3327841002813267668e-01
6.8198198198198198838e+00,6.3712653486210824028e-01
6.8318318318318320692e+00,6.4076407657826917053e-01
6.8438438438438433664e+00,6.4418583559345932166e-01
6.8558558558558555518e+00,6.4738661232452310301e-01
6.8678678678678677372e+00,6.5036120718830459086e-01
6.8798798798798799226e+00,6.5310442060164741740e-01
6.8918918918918921079e+00,6.5561105298139632502e-01
6.9039039039039034051e+00,6.5787590474439472388e-01
6.9159159159159155905e+00,6.5989377630748724535e-01
6.9279279279279277759e+00,6.6165946808751774366e-01
6.9399399399399399613e+00,6.6316778050133029510e-01
6.9519519519519521467e+00,6.6441351396576897592e-01
6.9639639639639643320e+00,6.6539146889767786242e-01
6.9759759759759756292e+00,6.6609644571390103085e-01
6.9879879879879878146e+00,6.6652324483128255750e-01
7.0000000000000000000e+00,6.6666666666666662966e-01
7.0120120120120112972e+00,6.6652324483128255750e-01
7.0240240240240243708e+00,6.6609644571390103085e-01
7.0360360360360356680e+00,6.6539146889767786242e-01
7.0480480480480487415e+00,6.6441351396576886490e-01
7.0600600600600600387e+00,6.6316778050133029510e-01
7.0720720720720713359e+00,6.6165946808751785468e-01
7.0840840840840844095e+00,6.5989377630748724535e-01
7.0960960960960957067e+00,6.5787590474439494592e-01
7.1081081081081087802e+00,6.5561105298139610298e-01
7.1201201201201200774e+00,6.5310442060164741740e-01
7.1321321321321313746e+00,6.5036120718830470189e-01
7.1441441441441444482e+00,6.4738661232452310301e-01
7.1561561561561557454e+00,6.4418583559345954370e-01
7.1681681681681688190e+00,6.4076407657826894848e-01
7.1801801801801801162e+00,6.3712653486210824028e-01
7.1921921921921914134e+00,6.3327841002813300975e-01
7.2042042042042044869e+00,6.2922490165949829244e-01
7.2162162162162157841e+00,6.2497120933936145537e-01
7.2282282282282288577e+00,6.2052253265087697898e-01
7.2402402402402401549e+00,6.1588407117720211925e-01
7.2522522522522514521e+00,6.1106102450149235583e-01
7.2642642642642645257e+00,6.0605859220690261324e-01
7.2762762762762758229e+00,6.0088197387659036952e-01
7.2882882882882888964e+00,5.9553636909370988306e-01
7.3003003003003001936e+00,5.9002697744141885394e-01
7.3123123123123114908e+00,5.8435899850287253976e-01
7.3243243243243245644e+00,5.7853763186122564299e-01
7.3363363363363358616e+00,5.7256807709963597475e-01
7.3483483483483489351e+00,5.6645553380125757137e-01
7.3603603603603602323e+00,5.6020520154924824396e-01
7.3723723723723715295e+00,5.5382227992676325012e-01
7.3843843843843846031e+00,5.4731196851695718131e-01
7.3963963963963959003e+00,5.4067946690298795964e-01
7.4084084084084089739e+00,5.3392997466800973250e-01
7.4204204204204202711e+00,5.2706869139518008893e-01
7.4324324324324315683e+00,5.2010081666765428654e-01
7.4444444444444446418e+00,5.1303155006858702780e-01
7.4564564564564559390e+00,5.0586609118113634587e-01
7.4684684684684690126e+00,4.9860963958845594401e-01
7.4804804804804803098e+00,4.9126739487370396642e-01
7.4924924924924916070e+00,4.8384455662003544862e-01
7.5045045045045046805e+00,4.7634632441060476005e-01
7.5165165165165159777e+00,4.6877789782857048895e-01
7.5285285285285290513e+00,4.6114447645708600554e-01
7.5405405405405403485e+00,4.5345125987930967604e-01
7.5525525525525516457e+00,4.4570344767839620292e-01
7.5645645645645647193e+00,4.3790623943750028868e-01
7.5765765765765760165e+00,4.3006483473978029952e-01
7.5885885885885890900e+00,4.2218443316838971668e-01
7.6006006006006003872e+00,4.1427023430648690638e-01
7.6126126126126116844e+00,4.0632743773722651559e-01
7.6246246246246247580e+00,3.9836124304376330230e-01
7.6366366366366360552e+00,3.9037684980925563272e-01
7.6486486486486491287e+00,3.8237945761685682156e-01
7.6606606606606604259e+00,3.7437426604972545707e-01
7.6726726726726717231e+00,3.6636647469101601970e-01
7.6846846846846847967e+00,3.5836128312388348949e-01
7.6966966966966960939e+00,3.5036389093148595508e-01
7.7087087087087091675e+00,3.4237949769697706426e-01
7.7207207207207204647e+00,3.3441330300351501670e-01
7.7327327327327335382e+00,3.2647050643425346017e-01
7.7447447447447448354e+00,3.1855630757235053885e-01
7.7567567567567561326e+00,3.1067590600096117726e-01
7.7687687687687692062e+00,3.0283450130324002236e-01
7.7807807807807805034e+00,2.9503729306234532936e-01
7.7927927927927935770e+00,2.8728948086143074603e-01
7.8048048048048048742e+00,2.7959626428365430550e-01
7.8168168168168161714e+00,2.7196284291217098783e-01
7.8288288288288292449e+00,2.6439441633013555100e-01
7.8408408408408405421e+00,2.5689618412070613918e-01
7.8528528528528536157e+00,2.4947334586703640014e-01
7.8648648648648649129e+00,2.4213110115228445030e-01
7.8768768768768762101e+00,2.3487464955960521418e-01
7.8888888888888892836e+00,2.2770919067215339426e-01
7.9009009009009005808e+00,2.2063992407308716248e-01
7.9129129129129136544e+00,2.1367204934556027762e-01
7.9249249249249249516e+00,2.0681076607273071732e-01
7.9369369369369362488e+00,2.0006127383775337836e-01
7.9489489489489493224e+00,1.9342877222378324076e-01
7.9609609609609606196e+00,1.8691846081397814339e-01
7.9729729729729736931e+00,1.8053553919149206708e-01
7.9849849849849849903e+00,1.7428520693948285070e-01
7.9969969969969962875e+00,1.6817266364110541876e-01
8.0090090090090093611e+00,1.6220262141859398408e-01
8.0210210210210206583e+00,1.5637554967876299283e-01
8.0330330330330337318e+00,1.5068973328133358769e-01
8.0450450450450450290e+00,1.4514343903192211682e-01
8.0570570570570563262e+00,1.3973493373614248592e-01
8.0690690690690693998e+00,1.3446248419960857290e-01
8.0810810810810806970e+00,1.2932435722793667043e-01
8.0930930930930937706e+00,1.2431881962673989317e-01
8.1051051051051050678e+00,1.1944413820163443662e-01
8.1171171171171163650e+00,1.1469857975823428975e-01
8.1291291291291294385e+00,1.1008041110215345537e-01
8.1411411411411407357e+00,1.0558789903900796248e-01
8.1531531531531538093e+00,1.0121931037441118939e-01
8.1651651651651651065e+00,9.6972911913979123466e-02
8.1771771771771764037e+00,9.2846970463325823042e-02
8.1891891891891894772e+00,8.8839752828065360335e-02
8.2012012012012007744e+00,8.4949525813813667185e-02
8.2132132132132138480e+00,8.1174556226184232943e-02
8.2252252252252251452e+00,7.7513110870792892304e-02
8.2372372372372364424e+00,7.3963456553253786874e-02
8.2492492492492495160e+00,7.0523860079181086014e-02
8.2612612612612608132e+00,6.7192588254190513397e-02
8.2732732732732738867e+00,6.3967907883895780419e-02
8.2852852852852851839e+00,6.0848085773912527485e-02
8.2972972972972964811e+00,5.7831388729854965591e-02
8.3093093093093095547e+00,5.4916083557337368182e-02
8.3213213213213208519e+00,5.2100437061975285458e-02
8.3333333333333339255e+00,4.9382716049382581469e-02
8.3453453453453452227e+00,4.6761187325174764784e-02
8.3573573573573565199e+00,4.4234117694966101908e-02
8.3693693693693695934e+00,4.1799773964370949553e-02
8.3813813813813808906e+00,3.9456422939004712203e-02
8.3933933933933939642e+00,3.7202331424481399624e-02
8.4054054054054052614e+00,3.5035766226416360791e-02
8.4174174174174165586e+00,3.2954994150423959354e-02
8.4294294294294296321e+00,3.0958282002118600595e-02
8.4414414414414409293e+00,2.9043896587115560631e-02
8.4534534534534540029e+00,2.7210104711028977598e-02
8.4654654654654653001e+00,2.5455173179474079037e-02
8.4774774774774765973e+00,2.3777368798065287581e-02
8.4894894894894896709e+00,2.2174958372417067493e-02
8.5015015015015009681e+00,2.0646208708144583865e-02
8.5135135135135140416e+00,1.9189386610862078919e-02
8.5255255255255253388e+00,1.7802758886184676113e-02
8.5375375375375366360e+00,1.6484592339726850119e-02
8.5495495495495497096e+00,1.5233153777103115509e-02
8.5615615615615610068e+00,1.4046710003928535027e-02
8.5735735735735740803e+00,1.2923527825817456710e-02
8.5855855855855853775e+00,1.1861874048384903405e-02
8.5975975975975966747e+00,1.0860015477245393151e-02
8.6096096096096097483e+00,9.9162189180134942962e-03
8.6216216216216210455e+00,9.0287511763041759100e-03
8.6336336336336341191e+00,8.1958790577318692966e-03
8.6456456456456454163e+00,7.4158693679115140346e-03
8.6576576576576567135e+00,6.6869889124576793391e-03
8.6696696696696697870e+00,6.0075044969849621807e-03
8.6816816816816810842e+00,5.3756829271082561678e-03
8.6936936936936941578e+00,4.7897910084420706675e-03
8.7057057057057054550e+00,4.2480955466012697980e-03
8.7177177177177167522e+00,3.7488633472004613718e-03
8.7297297297297298257e+00,3.2903612158542731511e-03
8.7417417417417411230e+00,2.8708559581775349931e-03
8.7537537537537541965e+00,2.4886143797848161129e-03
8.7657657657657654937e+00,2.1419032862909246837e-03
8.7777777777777785673e+00,1.8289894833104513878e-03
8.7897897897897898645e+00,1.5481397764581833650e-03
8.8018018018018011617e+00,1.2976209713487659413e-03
8.8138138138138142352e+00,1.0756998735968624405e-03
8.8258258258258255324e+00,8.8064328881723300587e-04
8.8378378378378386060e+00,7.1071802262451363921e-04
8.8498498498498499032e+00,5.6419088063344876270e-04
8.8618618618618612004e+00,4.3932866845870565753e-04
8.8738738738738742740e+00,3.3439819171496472372e-04
8.8858858858858855712e+00,2.4766625601695113883e-04
8.8978978978978986447e+00,1.7739966697933286168e-04
8.9099099099099099419e+00,1.2186523021682491897e-04
8.9219219219219212391e+00,7.9329751344110123099e-05
8.9339339339339343127e+00,4.8060035975878923271e-05
8.9459459459459456099e+00,2.6322889726834701208e-05
8.9579579579579586834e+00,1.2385118211664839871e-05
8.9699699699699699806e+00,4.5135270450675896544e-06
8.9819819819819812778e+00,9.7492184173471479561e-07
8.9939939939939943514e+00,3.6108216360534310648e-08
9.0060060060060056486e+00,0.0000000000000000000e+00
9.0180180180180187222e+00,0.0000000000000000000e+00
9.0300300300300300194e+00,0.0000000000000000000e+00
9.0420420420420413166e+00,0.0000000000000000000e+00
9.0540540540540543901e+00,0.0000000000000000000e+00
9.0660660660660656873e+00,0.0000000000000000000e+00
9.0780780780780787609e+00,0.0000000000000000000e+00
9.0900900900900900581e+00,0.0000000000000000000e+00
9.1021021021021013553e+00,0.0000000000000000000e+00
9.1141141141141144288e+00,0.0000000000000000000e+00
9.1261261261261257260e+00,0.0000000000000000000e+00
9.1381381381381387996e+00,0.0000000000000000000e+00
9.1501501501501500968e+00,0.0000000000000000000e+00
9.1621621621621613940e+00,0.0000000000000000000e+00
9.1741741741741744676e+00,0.0000000000000000000e+00
9.1861861861861857648e+00,0.0000000000000000000e+00
9.1981981981981988383e+00,0.0000000000000000000e+00
9.2102102102102101355e+00,0.0000000000000000000e+00
9.2222222222222214327e+00,0.0000000000000000000e+00
9.2342342342342345063e+00,0.0000000000000000000e+00
9.2462462462462458035e+00,0.0000000000000000000e+00
9.2582582582582588770e+00,0.0000000000000000000e+00
9.2702702702702701743e+00,0.0000000000000000000e+00
9.2822822822822814715e+00,0.0000000000000000000e+00
9.2942942942942945450e+00,0.0000000000000000000e+00
9.3063063063063058422e+00,0.0000000000000000000e+00
9.3183183183183189158e+00,0.0000000000000000000e+00
9.3303303303303302130e+00,0.0000000000000000000e+00
9.3423423423423415102e+00,0.0000000000000000000e+00
9.3543543543543545837e+00,0.0000000000000000000e+00
9.3663663663663658809e+00,0.0000000000000000000e+00
9.3783783783783789545e+00,0.0000000000000000000e+00
9.3903903903903902517e+00,0.0000000000000000000e+00
9.4024024024024015489e+00,0.0000000000000000000e+00
9.4144144144144146225e+00,0.0000000000000000000e+00
9.4264264264264259197e+00,0.0000000000000000000e+00
9.4384384384384389932e+00,0.0000000000000000000e+00
9.4504504504504502904e+00,0.0000000000000000000e+00
9.4624624624624615876e+00,0.0000000000000000000e+00
9.4744744744744746612e+00,0.0000000000000000000e+00
9.4864864864864859584e+00,0.0000000000000000000e+00
9.4984984984984990319e+00,0.0000000000000000000e+00
9.5105105105105103291e+00,0.0000000000000000000e+00
9.5225225225225216263e+00,0.0000000000000000000e+00
9.5345345345345346999e+00,0.0000000000000000000e+00
9.5465465465465459971e+00,0.0000000000000000000e+00
9.5585585585585590707e+00,0.0000000000000000000e+00
9.5705705705705703679e+00,0.0000000000000000000e+00
9.5825825825825816651e+00,0.0000000000000000000e+00
9.5945945945945947386e+00,0.0000000000000000000e+00
9.6066066066066060358e+00,0.0000000000000000000e+00
9.6186186186186191094e+00,0.0000000000000000000e+00
9.6306306306306304066e+00,0.0000000000000000000e+00
9.6426426426426417038e+00,0.0000000000000000000e+00
9.6546546546546547773e+00,0.0000000000000000000e+00
9.6666666666666660745e+00,0.0000000000000000000e+00
9.6786786786786791481e+00,0.0000000000000000000e+00
9.6906906906906904453e+00,0.0000000000000000000e+00
9.7027027027027017425e+00,0.0000000000000000000e+00
9.7147147147147148161e+00,0.0000000000000000000e+00
9.7267267267267261133e+00,0.0000000000000000000e+00
9.7387387387387391868e+00,0.0000000000000000000e+00
9.7507507507507504840e+00,0.0000000000000000000e+00
9.7627627627627617812e+00,0.0000000000000000000e+00
9.7747747747747748548e+00,0.0000000000000000000e+00
9.7867867867867861520e+00,0.0000000000000000000e+00
9.7987987987987992256e+00,0.0000000000000000000e+00
9.8108108108108105228e+00,0.0000000000000000000e+00
9.8228228228228235963e+00,0.0000000000000000000e+00
9.8348348348348348935e+00,0.0000000000000000000e+00
9.8468468468468461907e+00,0.0000000000000000000e+00
9.8588588588588592643e+00,0.0000000000000000000e+00
9.8708708708708705615e+00,0.0000000000000000000e+00
9.8828828828828836350e+00,0.0000000000000000000e+00
9.8948948948948949322e+00,0.0000000000000000000e+00
9.9069069069069062294e+00,0.0000000000000000000e+00
9.9189189189189193030e+00,0.0000000000000000000e+00
9.9309309309309306002e+00,0.0000000000000000000e+00
9.9429429429429436738e+00,0.0000000000000000000e+00
9.9549549549549549710e+00,0.0000000000000000000e+00
9.9669669669669662682e+00,0.0000000000000000000e+00
9.9789789789789793417e+00,0.0000000000000000000e+00
9.9909909909909906389e+00,0.0000000000000000000e+00
1.0003003003003003712e+01,0.0000000000000000000e+00
1.0015015015015015010e+01,0.0000000000000000000e+00
1.0027027027027026307e+01,0.0000000000000000000e+00
1.0039039039039039380e+01,0.0000000000000000000e+00
1.0051051051051050678e+01,0.0000000000000000000e+00
1.0063063063063063751e+01,0.0000000000000000000e+00
1.0075075075075075048e+01,0.0000000000000000000e+00
1.0087087087087086346e+01,0.0000000000000000000e+00
1.0099099099099099419e+01,0.0000000000000000000e+00
1.0111111111111110716e+01,0.0000000000000000000e+00
1.0123123123123123790e+01,0.0000000000000000000e+00
1.0135135135135135087e+01,0.0000000000000000000e+00
1.0147147147147146384e+01,0.0000000000000000000e+00
1.0159159159159159458e+01,0.0000000000000000000e+00
1.0171171171171170755e+01,0.0000000000000000000e+00
1.0183183183183183829e+01,0.0000000000000000000e+00
1.0195195195195195126e+01,0.0000000000000000000e+00
1.0207207207207206423e+01,0.0000000000000000000e+00
1.0219219219219219497e+01,0.0000000000000000000e+00
1.0231231231231230794e+01,0.0000000000000000000e+00
1.0243243243243243867e+01,0.0000000000000000000e+00
1.0255255255255255165e+01,0.0000000000000000000e+00
1.0267267267267266462e+01,0.0000000000000000000e+00
1.0279279279279279535e+01,0.0000000000000000000e+00
1.0291291291291290833e+01,0.0000000000000000000e+00
1.0303303303303303906e+01,0.0000000000000000000e+00
1.0315315315315315203e+01,0.0000000000000000000e+00
1.0327327327327326500e+01,0.0000000000000000000e+00
1.0339339339339339574e+01,0.0000000000000000000e+00
1.0351351351351350871e+01,0.0000000000000000000e+00
1.0363363363363363945e+01,0.0000000000000000000e+00
1.0375375375375375242e+01,0.0000000000000000000e+00
1.0387387387387386539e+01,0.0000000000000000000e+00
1.0399399399399399613e+01,0.0000000000000000000e+00
1.0411411411411410910e+01,0.0000000000000000000e+00
1.0423423423423423984e+01,0.0000000000000000000e+00
1.0435435435435435281e+01,0.0000000000000000000e+00
1.0447447447447446578e+01,0.0000000000000000000e+00
1.0459459459459459651e+01,0.0000000000000000000e+00
1.0471471471471470949e+01,0.0000000000000000000e+00
1.0483483483483484022e+01,0.0000000000000000000e+00
1.0495495495495495319e+01,0.0000000000000000000e+00
1.0507507507507506617e+01,0.0000000000000000000e+00
1.0519519519519519690e+01,0.0000000000000000000e+00
1.0531531531531530987e+01,0.0000000000000000000e+00
1.0543543543543544061e+01,0.0000000000000000000e+00
1.0555555555555555358e+01,0.0000000000000000000e+00
1.0567567567567566655e+01,0.0000000000000000000e+00
1.0579579579579579729e+01,0.0000000000000000000e+00
1.0591591591591591026e+01,0.0000000000000000000e+00
1.0603603603603604100e+01,0.0000000000000000000e+00
1.0615615615615615397e+01,0.0000000000000000000e+00
1.0627627627627626694e+01,0.0000000000000000000e+00
1.0639639639639639768e+01,0.0000000000000000000e+00
1.0651651651651651065e+01,0.0000000000000000000e+00
1.0663663663663664138e+01,0.0000000000000000000e+00
1.0675675675675675436e+01,0.0000000000000000000e+00
1.0687687687687686733e+01,0.0000000000000000000e+00
1.0699699699699699806e+01,0.0000000000000000000e+00
1.0711711711711711104e+01,0.0000000000000000000e+00
1.0723723723723724177e+01,0.0000000000000000000e+00
1.0735735735735735474e+01,0.0000000000000000000e+00
1.0747747747747746772e+01,0.0000000000000000000e+00
1.0759759759759759845e+01,0.0000000000000000000e+00
1.0771771771771771142e+01,0.0000000000000000000e+00
1.0783783783783784216e+01,0.0000000000000000000e+00
1.0795795795795795513e+01,0.0000000000000000000e+00
1.0807807807807808587e+01,0.0000000000000000000e+00
1.0819819819819819884e+01,0.0000000000000000000e+00
1.0831831831831831181e+01,0.0000000000000000000e+00
1.0843843843843844255e+01,0.0000000000000000000e+00
1.0855855855855855552e+01,0.0000000000000000000e+00
1.0867867867867868625e+01,0.0000000000000000000e+00
1.0879879879879879923e+01,0.0000000000000000000e+00
1.0891891891891891220e+01,0.0000000000000000000e+00
1.0903903903903904293e+01,0.0000000000000000000e+00
1.0915915915915915591e+01,0.0000000000000000000e+00
1.0927927927927928664e+01,0.0000000000000000000e+00
1.0939939939939939961e+01,0.0000000000000000000e+00
1.0951951951951951258e+01,0.0000000000000000000e+00
1.0963963963963964332e+01,0.0000000000000000000e+00
1.0975975975975975629e+01,0.0000000000000000000e+00
1.0987987987987988703e+01,0.0000000000000000000e+00
1.1000000000000000000e+01,0.0000000000000000000e+00
