0.0000000000000000000e+00,-7.3285736985865421178e-02
3.0030030030030029770e-03,8.1852159527274290923e-03
6.0060060060060059539e-03,1.6341760643475401749e-02
9.0090090090090089309e-03,2.4396017013090159908e-02
1.2012012012012011908e-02,3.2358509455620902695e-02
1.5015015015015014885e-02,4.0244980627666432360e-02
1.8018018018018017862e-02,4.8065685311804641489e-02
2.1021021021021019104e-02,5.5818622957600733114e-02
2.4024024024024023816e-02,6.3502361781680879971e-02
2.7027027027027028527e-02,7.1117416757059320753e-02
3.0030030030030029770e-02,7.8664147905861042664e-02
3.3033033033033031012e-02,8.6142835773745582428e-02
3.6036036036036035723e-02,9.3553950643648561836e-02
3.9039039039039040435e-02,1.0089798070310550260e-01
4.2042042042042038208e-02,1.0817542768544607945e-01
4.5045045045045042920e-02,1.1538681681971499349e-01
4.8048048048048047631e-02,1.2253266702207515904e-01
5.1051051051051052343e-02,1.2961351974552726141e-01
5.4054054054054057055e-02,1.3662990443726041878e-01
5.7057057057057054827e-02,1.4358235622049397850e-01
6.0060060060060059539e-02,1.5047141467719493679e-01
6.3063063063063057312e-02,1.5729760643270193632e-01
6.6066066066066062024e-02,1.6406147016754846213e-01
6.9069069069069066735e-02,1.7076353229229912500e-01
7.2072072072072071447e-02,1.7740431996139796600e-01
7.5075075075075076159e-02,1.8398436153737024457e-01
7.8078078078078080870e-02,1.9050417340027062107e-01
8.1081081081081085582e-02,1.9696427932692275875e-01
8.4084084084084076416e-02,2.0336519219949206194e-01
8.7087087087087081128e-02,2.0970742384067850295e-01
9.0090090090090085839e-02,2.1599148588420297168e-01
9.3093093093093090551e-02,2.2221787920348815004e-01
9.6096096096096095263e-02,2.2838710936350334335e-01
9.9099099099099099974e-02,2.3449967226680840104e-01
1.0210210210210210469e-01,2.4055606177338995089e-01
1.0510510510510510940e-01,2.4655677073417375800e-01
1.0810810810810811411e-01,2.5250228227616605681e-01
1.1111111111111110494e-01,2.5839308239683000945e-01
1.1411411411411410965e-01,2.6422964841875790087e-01
1.1711711711711711437e-01,2.7001245501203646748e-01
1.2012012012012011908e-01,2.7574197529414540275e-01
1.2312312312312312379e-01,2.8141867351606492109e-01
1.2612612612612611462e-01,2.8704301549846583663e-01
1.2912912912912913321e-01,2.9261545918903042462e-01
1.3213213213213212405e-01,2.9813645949299671933e-01
1.3513513513513514264e-01,3.0360646939083796303e-01
1.3813813813813813347e-01,3.0902593372160758189e-01
1.4114114114114115206e-01,3.1439529794021631171e-01
1.4414414414414414289e-01,3.1971500029936061882e-01
1.4714714714714713373e-01,3.2498547576701819484e-01
1.5015015015015015232e-01,3.3020715713438258954e-01
1.5315315315315314315e-01,3.3538046968043128127e-01
1.5615615615615616174e-01,3.4050583859285971089e-01
1.5915915915915915257e-01,3.4558368243427228794e-01
1.6216216216216217116e-01,3.5061441634598911055e-01
1.6516516516516516200e-01,3.5559845312924653893e-01
1.6816816816816815283e-01,3.6053619863075764274e-01
1.7117117117117117142e-01,3.6542805808143802304e-01
1.7417417417417416226e-01,3.7027443059486470078e-01
1.7717717717717718084e-01,3.7507571180450999249e-01
1.8018018018018017168e-01,3.7983229490769815362e-01
1.8318318318318319027e-01,3.8454456664949854261e-01
1.8618618618618618110e-01,3.8921291277303327050e-01
1.8918918918918919969e-01,3.9383771335838008154e-01
1.9219219219219219053e-01,3.9841934500446185563e-01
1.9519519519519518136e-01,4.0295818182931181228e-01
1.9819819819819819995e-01,4.0745459195631367200e-01
2.0120120120120119078e-01,4.1190894222772278521e-01
2.0420420420420420937e-01,4.1632159423348280569e-01
2.0720720720720720021e-01,4.2069290612351817327e-01
2.1021021021021021880e-01,4.2502323356319710035e-01
2.1321321321321320963e-01,4.2931292664354780975e-01
2.1621621621621622822e-01,4.3356233397582344402e-01
2.1921921921921921905e-01,4.3777179929475051878e-01
2.2222222222222220989e-01,4.4194166296904463520e-01
2.2522522522522522848e-01,4.4607226290856955009e-01
2.2822822822822821931e-01,4.5016393183633052200e-01
2.3123123123123123790e-01,4.5421700086134408902e-01
2.3423423423423422873e-01,4.5823179656166529439e-01
2.3723723723723724732e-01,4.6220864224647228991e-01
2.4024024024024023816e-01,4.6614785881413373092e-01
2.4324324324324322899e-01,4.7004976233483058978e-01
2.4624624624624624758e-01,4.7391466718103070210e-01
2.4924924924924923841e-01,4.7774288351293420218e-01
2.5225225225225222925e-01,4.8153471833488958875e-01
2.5525525525525527559e-01,4.8529047630558325155e-01
2.5825825825825826643e-01,4.8901045758839412070e-01
2.6126126126126125726e-01,4.9269496060417589112e-01
2.6426426426426424809e-01,4.9634427985618817525e-01
2.6726726726726723893e-01,4.9995870681551846104e-01
2.7027027027027028527e-01,5.0353853068526133185e-01
2.7327327327327327611e-01,5.0708403648253452811e-01
2.7627627627627626694e-01,5.1059550746718496139e-01
2.7927927927927925777e-01,5.1407322325437798671e-01
2.8228228228228230412e-01,5.1751746055729974660e-01
2.8528528528528529495e-01,5.2092849390741646776e-01
2.8828828828828828579e-01,5.2430659393785961075e-01
2.9129129129129127662e-01,5.2765202953309886524e-01
2.9429429429429426746e-01,5.3096506618596950311e-01
2.9729729729729731380e-01,5.3424596662073720044e-01
3.0030030030030030463e-01,5.3749499147146739819e-01
3.0330330330330329547e-01,5.4071239774132018319e-01
3.0630630630630628630e-01,5.4389844071144088922e-01
3.0930930930930933265e-01,5.4705337250636609792e-01
3.1231231231231232348e-01,5.5017744261643319881e-01
3.1531531531531531432e-01,5.5327089853588573565e-01
3.1831831831831830515e-01,5.5633398437634196121e-01
3.2132132132132129598e-01,5.5936694256702623740e-01
3.2432432432432434233e-01,5.6237001259940644360e-01
3.2732732732732733316e-01,5.6534343146483645448e-01
3.3033033033033032400e-01,5.6828743425365479958e-01
3.3333333333333331483e-01,5.7120225290382709016e-01
3.3633633633633630566e-01,5.7408811771928236478e-01
3.3933933933933935201e-01,5.7694525626943149454e-01
3.4234234234234234284e-01,5.7977389375550036910e-01
3.4534534534534533368e-01,5.8257425357375480779e-01
3.4834834834834832451e-01,5.8534655618223607743e-01
3.5135135135135137086e-01,5.8809102045938865810e-01
3.5435435435435436169e-01,5.9080786273701768607e-01
3.5735735735735735252e-01,5.9349729710632148638e-01
3.6036036036036034336e-01,5.9615953594853521302e-01
3.6336336336336333419e-01,5.9879478890617787723e-01
3.6636636636636638054e-01,6.0140326410255329215e-01
3.6936936936936937137e-01,6.0398516728850160096e-01
3.7237237237237236220e-01,6.0654070209684263215e-01
3.7537537537537535304e-01,6.0907007054208561758e-01
3.7837837837837839938e-01,6.1157347208467538469e-01
3.8138138138138139022e-01,6.1405110472884616435e-01
3.8438438438438438105e-01,6.1650316426907658673e-01
3.8738738738738737188e-01,6.1892984450076482528e-01
3.9039039039039036272e-01,6.2133133768988213497e-01
3.9339339339339340906e-01,6.2370783371922233762e-01
3.9639639639639639990e-01,6.2605952107853102273e-01
3.9939939939939939073e-01,6.2838658619797482796e-01
4.0240240240240238156e-01,6.3068921362178298473e-01
4.0540540540540542791e-01,6.3296758645135398069e-01
4.0840840840840841874e-01,6.3522188556423031525e-01
4.1141141141141140958e-01,6.3745229050933771564e-01
4.1441441441441440041e-01,6.3965897891501632966e-01
4.1741741741741739125e-01,6.4184212663071826821e-01
4.2042042042042043759e-01,6.4400190814490132496e-01
4.2342342342342342842e-01,6.4613849586930527380e-01
4.2642642642642641926e-01,6.4825206095058229838e-01
4.2942942942942941009e-01,6.5034277274440954741e-01
4.3243243243243245644e-01,6.5241079893002607015e-01
4.3543543543543544727e-01,6.5445630590437819940e-01
4.3843843843843843811e-01,6.5647945812410912758e-01
4.4144144144144142894e-01,6.5848041884242691779e-01
4.4444444444444441977e-01,6.6045934964089614283e-01
4.4744744744744746612e-01,6.6241641052074773377e-01
4.5045045045045045695e-01,6.6435176027546660737e-01
4.5345345345345344779e-01,6.6626555588489544402e-01
4.5645645645645643862e-01,6.6815795318620918586e-01
4.5945945945945942945e-01,6.7002910645604574214e-01
4.6246246246246247580e-01,6.7187916848172379858e-01
4.6546546546546546663e-01,6.7370829091313633175e-01
4.6846846846846845747e-01,6.7551662370346665654e-01
4.7147147147147144830e-01,6.7730431572111637895e-01
4.7447447447447449465e-01,6.7907151437649515557e-01
4.7747747747747748548e-01,6.8081836567614661959e-01
4.8048048048048047631e-01,6.8254501455595828485e-01
4.8348348348348346715e-01,6.8425160436380783047e-01
4.8648648648648645798e-01,6.8593827741889201732e-01
4.8948948948948950433e-01,6.8760517467751136600e-01
4.9249249249249249516e-01,6.8925243577235495440e-01
4.9549549549549548599e-01,6.9088019932793631739e-01
4.9849849849849847683e-01,6.9248860248112686921e-01
5.0150150150150152317e-01,6.9407778139329834310e-01
5.0450450450450445850e-01,6.9564787095089120061e-01
5.0750750750750750484e-01,6.9719900479202701060e-01
5.1051051051051055119e-01,6.9873131560565371334e-01
5.1351351351351348651e-01,7.0024493468624193770e-01
5.1651651651651653285e-01,7.0173999240356177420e-01
5.1951951951951946818e-01,7.0321661793389955708e-01
5.2252252252252251452e-01,7.0467493927569180290e-01
5.2552552552552556087e-01,7.0611508353331919885e-01
5.2852852852852849619e-01,7.0753717650284853047e-01
5.3153153153153154253e-01,7.0894134310368950302e-01
5.3453453453453447786e-01,7.1032770713714443733e-01
5.3753753753753752420e-01,7.1169639129260720001e-01
5.4054054054054057055e-01,7.1304751741709904156e-01
5.4354354354354350587e-01,7.1438120612917366259e-01
5.4654654654654655221e-01,7.1569757721614002399e-01
5.4954954954954959856e-01,7.1699674941694979680e-01
5.5255255255255253388e-01,7.1827884042025957889e-01
5.5555555555555558023e-01,7.1954396712064472297e-01
5.5855855855855851555e-01,7.2079224525820717595e-01
5.6156156156156156189e-01,7.2202378978471581927e-01
5.6456456456456460824e-01,7.2323871466820199849e-01
5.6756756756756754356e-01,7.2443713288399180783e-01
5.7057057057057058991e-01,7.2561915665837772860e-01
5.7357357357357352523e-01,7.2678489713165872477e-01
5.7657657657657657158e-01,7.2793446469600653348e-01
5.7957957957957961792e-01,7.2906796881952506961e-01
5.8258258258258255324e-01,7.3018551803126863220e-01
5.8558558558558559959e-01,7.3128722015328395667e-01
5.8858858858858853491e-01,7.3237318198517797896e-01
5.9159159159159158126e-01,7.3344350961639026565e-01
5.9459459459459462760e-01,7.3449830826775575066e-01
5.9759759759759756292e-01,7.3553768227132898527e-01
6.0060060060060060927e-01,7.3656173529139401523e-01
6.0360360360360354459e-01,7.3757057002868120499e-01
6.0660660660660659094e-01,7.3856428850920119444e-01
6.0960960960960963728e-01,7.3954299194140360463e-01
6.1261261261261257260e-01,7.4050678069155506655e-01
6.1561561561561561895e-01,7.4145575449444611760e-01
6.1861861861861866529e-01,7.4239001217587619053e-01
6.2162162162162160062e-01,7.4330965192021769550e-01
6.2462462462462464696e-01,7.4421477114178813395e-01
6.2762762762762758229e-01,7.4510546645646158481e-01
6.3063063063063062863e-01,7.4598183388277583550e-01
6.3363363363363367498e-01,7.4684396858111767870e-01
6.3663663663663661030e-01,7.4769196510177360349e-01
6.3963963963963965664e-01,7.4852591726888650925e-01
6.4264264264264259197e-01,7.4934591814877626881e-01
6.4564564564564563831e-01,7.5015206024171043886e-01
6.4864864864864868466e-01,7.5094443523665366236e-01
6.5165165165165161998e-01,7.5172313424138803573e-01
6.5465465465465466632e-01,7.5248824767816357983e-01
6.5765765765765760165e-01,7.5323986524933006503e-01
6.6066066066066064799e-01,7.5397807612054590365e-01
6.6366366366366369434e-01,7.5470296868996711304e-01
6.6666666666666662966e-01,7.5541463080201931568e-01
6.6966966966966967600e-01,7.5611314965357079299e-01
6.7267267267267261133e-01,7.5679861175723783795e-01
6.7567567567567565767e-01,7.5747110311631826729e-01
6.7867867867867870402e-01,7.5813070900720924694e-01
6.8168168168168163934e-01,7.5877751417793637412e-01
6.8468468468468468568e-01,7.5941160276368258053e-01
6.8768768768768773203e-01,7.6003305824819666903e-01
6.9069069069069066735e-01,7.6064196363096359121e-01
6.9369369369369371370e-01,7.6123840122222041771e-01
6.9669669669669664902e-01,7.6182245282758032090e-01
6.9969969969969969537e-01,7.6239419967230348529e-01
7.0270270270270274171e-01,7.6295372236117398046e-01
7.0570570570570567703e-01,7.6350110103841661857e-01
7.0870870870870872338e-01,7.6403641519435938623e-01
7.1171171171171165870e-01,7.6455974383726887922e-01
7.1471471471471470505e-01,7.6507116542536679482e-01
7.1771771771771775139e-01,7.6557075782537720166e-01
7.2072072072072068671e-01,7.6605859846524959611e-01
7.2372372372372373306e-01,7.6653476415160504143e-01
7.2672672672672666838e-01,7.6699933122951102771e-01
7.2972972972972971473e-01,7.6745237552168543704e-01
7.3273273273273276107e-01,7.6789397228611211421e-01
7.3573573573573569639e-01,7.6832419636217241798e-01
7.3873873873873874274e-01,7.6874312199838101822e-01
7.4174174174174178908e-01,7.6915082300115911185e-01
7.4474474474474472441e-01,7.6954737268066886191e-01
7.4774774774774777075e-01,7.6993284380770765640e-01
7.5075075075075070608e-01,7.7030730875360109433e-01
7.5375375375375375242e-01,7.7067083932749291808e-01
7.5675675675675679877e-01,7.7102350691493670709e-01
7.5975975975975973409e-01,7.7136538242953045508e-01
7.6276276276276278043e-01,7.7169653626920309275e-01
7.6576576576576571576e-01,7.7201703844984770342e-01
7.6876876876876876210e-01,7.7232695845153875869e-01
7.7177177177177180845e-01,7.7262636534747730632e-01
7.7477477477477474377e-01,7.7291532776115567938e-01
7.7777777777777779011e-01,7.7319391382236657417e-01
7.8078078078078072544e-01,7.7346219129509596879e-01
7.8378378378378377178e-01,7.7372022743230450814e-01
7.8678678678678681813e-01,7.7396808909604775106e-01
7.8978978978978975345e-01,7.7420584271970838142e-01
7.9279279279279279979e-01,7.7443355426386739637e-01
7.9579579579579573512e-01,7.7465128933874727313e-01
7.9879879879879878146e-01,7.7485911306698096457e-01
8.0180180180180182781e-01,7.7505709019555391048e-01
8.0480480480480476313e-01,7.7524528506248957527e-01
8.0780780780780780947e-01,7.7542376155263115223e-01
8.1081081081081085582e-01,7.7559258321460533558e-01
8.1381381381381379114e-01,7.7575181313103191982e-01
8.1681681681681683749e-01,7.7590151402265683522e-01
8.1981981981981977281e-01,7.7604174821921367844e-01
8.2282282282282281916e-01,7.7617257761539237837e-01
8.2582582582582586550e-01,7.7629406378275234157e-01
8.2882882882882880082e-01,7.7640626784715360831e-01
8.3183183183183184717e-01,7.7650925058573239124e-01
8.3483483483483478249e-01,7.7660307240165715736e-01
8.3783783783783782884e-01,7.7668779328037707010e-01
8.4084084084084087518e-01,7.7676347289672109664e-01
8.4384384384384381050e-01,7.7683017049909075524e-01
8.4684684684684685685e-01,7.7688794499979274555e-01
8.4984984984984979217e-01,7.7693685495332498459e-01
8.5285285285285283852e-01,7.7697695851293180347e-01
8.5585585585585588486e-01,7.7700831353295585213e-01
8.5885885885885882018e-01,7.7703097745926152928e-01
8.6186186186186186653e-01,7.7704500741321935742e-01
8.6486486486486491287e-01,7.7705046017303236461e-01
8.6786786786786784820e-01,7.7704739213077600457e-01
8.7087087087087089454e-01,7.7703585939020014539e-01
8.7387387387387382987e-01,7.7701591766332323008e-01
8.7687687687687687621e-01,7.7698762234856788567e-01
8.7987987987987992256e-01,7.7695102851507313879e-01
8.8288288288288285788e-01,7.7690619086031731388e-01
8.8588588588588590422e-01,7.7685316380363722555e-01
8.8888888888888883955e-01,7.7679200138859749725e-01
8.9189189189189188589e-01,7.7672275735568763189e-01
8.9489489489489493224e-01,7.7664548512933961888e-01
8.9789789789789786756e-01,7.7656023777618232717e-01
9.0090090090090091390e-01,7.7646706809448584607e-01
9.0390390390390384923e-01,7.7636602852190395030e-01
9.0690690690690689557e-01,7.7625717120305159913e-01
9.0990990990990994192e-01,7.7614054797879106218e-01
9.1291291291291287724e-01,7.7601621034512069386e-01
9.1591591591591592358e-01,7.7588420953846448658e-01
9.1891891891891885891e-01,7.7574459644857762797e-01
9.2192192192192190525e-01,7.7559742168127754347e-01
9.2492492492492495160e-01,7.7544273555000631237e-01
9.2792792792792788692e-01,7.7528058803552157840e-01
9.3093093093093093326e-01,7.7511102886734895012e-01
9.3393393393393397961e-01,7.7493410744166058013e-01
9.3693693693693691493e-01,7.7474987287953100967e-01
9.3993993993993996128e-01,7.7455837402055593977e-01
9.4294294294294289660e-01,7.7435965938336681624e-01
9.4594594594594594295e-01,7.7415377724342770982e-01
9.4894894894894898929e-01,7.7394077555558105086e-01
9.5195195195195192461e-01,7.7372070200813769514e-01
9.5495495495495497096e-01,7.7349360401836053658e-01
9.5795795795795790628e-01,7.7325952869380820687e-01
9.6096096096096095263e-01,7.7301852290658434885e-01
9.6396396396396399897e-01,7.7277063322019046154e-01
9.6696696696696693429e-01,7.7251590593962793374e-01
9.6996996996996998064e-01,7.7225438710839966472e-01
9.7297297297297291596e-01,7.7198612247072972981e-01
9.7597597597597596231e-01,7.7171115754228392092e-01
9.7897897897897900865e-01,7.7142953754131149413e-01
9.8198198198198194397e-01,7.7114130743506326127e-01
9.8498498498498499032e-01,7.7084651193832864902e-01
9.8798798798798792564e-01,7.7054519547661681766e-01
9.9099099099099097199e-01,7.7023740225358694467e-01
9.9399399399399401833e-01,7.6992317618623173914e-01
9.9699699699699695365e-01,7.6960256094786061443e-01
1.0000000000000000000e+00,7.6927559996801830877e-01
1.0030030030030030463e+00,7.6894233639662568081e-01
1.0060060060060060927e+00,7.6860281316827150366e-01
1.0090090090090089170e+00,7.6825707294119816027e-01
1.0120120120120119633e+00,7.6790515813708748460e-01
1.0150150150150150097e+00,7.6754711094221528267e-01
1.0180180180180180560e+00,7.6718297327253703877e-01
1.0210210210210211024e+00,7.6681278683491693737e-01
1.0240240240240239267e+00,7.6643659306961531286e-01
1.0270270270270269730e+00,7.6605443318700794375e-01
1.0300300300300300194e+00,7.6566634816971379518e-01
1.0330330330330330657e+00,7.6527237873867060003e-01
1.0360360360360361121e+00,7.6487256541135706378e-01
1.0390390390390389364e+00,7.6446694844778351197e-01
1.0420420420420419827e+00,7.6405556788438566684e-01
1.0450450450450450290e+00,7.6363846353714803783e-01
1.0480480480480480754e+00,7.6321567496871378644e-01
1.0510510510510511217e+00,7.6278724154378729772e-01
1.0540540540540539460e+00,7.6235320237841575075e-01
1.0570570570570569924e+00,7.6191359637125288806e-01
1.0600600600600600387e+00,7.6146846220756436718e-01
1.0630630630630630851e+00,7.6101783832735936386e-01
1.0660660660660661314e+00,7.6056176297810385023e-01
1.0690690690690689557e+00,7.6010027416709935455e-01
1.0720720720720720021e+00,7.5963340969029702343e-01
1.0750750750750750484e+00,7.5916120713708323819e-01
1.0780780780780780947e+00,7.5868370385941796830e-01
1.0810810810810811411e+00,7.5820093702196511565e-01
1.0840840840840839654e+00,7.5771294355732510262e-01
1.0870870870870870117e+00,7.5721976019251480139e-01
1.0900900900900900581e+00,7.5672142345432080734e-01
1.0930930930930931044e+00,7.5621796963943410663e-01
1.0960960960960961508e+00,7.5570943486199237960e-01
1.0990990990990991971e+00,7.5519585501163466468e-01
1.1021021021021020214e+00,7.5467726577782501263e-01
1.1051051051051050678e+00,7.5415370265580794484e-01
1.1081081081081081141e+00,7.5362520091778995024e-01
1.1111111111111111605e+00,7.5309179565807415901e-01
1.1141141141141142068e+00,7.5255352175378964485e-01
1.1171171171171170311e+00,7.5201041388721101555e-01
1.1201201201201200774e+00,7.5146250655223434389e-01
1.1231231231231231238e+00,7.5090983402658151302e-01
1.1261261261261261701e+00,7.5035243041464494418e-01
1.1291291291291292165e+00,7.4979032961072711316e-01
1.1321321321321320408e+00,7.4922356531950240477e-01
1.1351351351351350871e+00,7.4865217106293446836e-01
1.1381381381381381335e+00,7.4807618015348531504e-01
1.1411411411411411798e+00,7.4749562573477590366e-01
1.1441441441441442262e+00,7.4691054074718610245e-01
1.1471471471471470505e+00,7.4632095794658437349e-01
1.1501501501501500968e+00,7.4572690991155965445e-01
1.1531531531531531432e+00,7.4512842901758402636e-01
1.1561561561561561895e+00,7.4452554747548993497e-01
1.1591591591591592358e+00,7.4391829729926728376e-01
1.1621621621621620601e+00,7.4330671032313933022e-01
1.1651651651651651065e+00,7.4269081820907290048e-01
1.1681681681681681528e+00,7.4207065242195868748e-01
1.1711711711711711992e+00,7.4144624426605165723e-01
1.1741741741741742455e+00,7.4081762485492286263e-01
1.1771771771771770698e+00,7.4018482512702976628e-01
1.1801801801801801162e+00,7.3954787585348069623e-01
1.1831831831831831625e+00,7.3890680761420313161e-01
1.1861861861861862089e+00,7.3826165083244510434e-01
1.1891891891891892552e+00,7.3761243574675072754e-01
1.1921921921921920795e+00,7.3695919242513541203e-01
1.1951951951951951258e+00,7.3630195077305293783e-01
1.1981981981981981722e+00,7.3564074051052275038e-01
1.2012012012012012185e+00,7.3497559120479005745e-01
1.2042042042042042649e+00,7.3430653224419595304e-01
1.2072072072072070892e+00,7.3363359285106677365e-01
1.2102102102102101355e+00,7.3295680208983193804e-01
1.2132132132132131819e+00,7.3227618884508449693e-01
1.2162162162162162282e+00,7.3159178185249096327e-01
1.2192192192192192746e+00,7.3090360967440670681e-01
1.2222222222222223209e+00,7.3021170071154650749e-01
1.2252252252252251452e+00,7.2951608321113137201e-01
1.2282282282282281916e+00,7.2881678524584880829e-01
1.2312312312312312379e+00,7.2811383474299717911e-01
1.2342342342342342842e+00,7.2740725946180007089e-01
1.2372372372372373306e+00,7.2669708700394997081e-01
1.2402402402402401549e+00,7.2598334482182380611e-01
1.2432432432432432012e+00,7.2526606019837036587e-01
1.2462462462462462476e+00,7.2454526027462529125e-01
1.2492492492492492939e+00,7.2382097202864159602e-01
1.2522522522522523403e+00,7.2309322228500649832e-01
1.2552552552552551646e+00,7.2236203772308449356e-01
1.2582582582582582109e+00,7.2162744485780239145e-01
1.2612612612612612573e+00,7.2088947006561876485e-01
1.2642642642642643036e+00,7.2014813956496692704e-01
1.2672672672672673500e+00,7.1940347942482507637e-01
1.2702702702702701743e+00,7.1865551557295814789e-01
1.2732732732732732206e+00,7.1790427377756504956e-01
1.2762762762762762669e+00,7.1714977967178650253e-01
1.2792792792792793133e+00,7.1639205873556199844e-01
1.2822822822822823596e+00,7.1563113630332764181e-01
1.2852852852852851839e+00,7.1486703757222791467e-01
1.2882882882882882303e+00,7.1409978758459868864e-01
1.2912912912912912766e+00,7.1332941125108517699e-01
1.2942942942942943230e+00,7.1255593333379196874e-01
1.2972972972972973693e+00,7.1177937845315486509e-01
1.3003003003003001936e+00,7.1099977109603007541e-01
1.3033033033033032400e+00,7.1021713559897170498e-01
1.3063063063063062863e+00,7.0943149616995604401e-01
1.3093093093093093326e+00,7.0864287687278781913e-01
1.3123123123123123790e+00,7.0785130163322151908e-01
1.3153153153153152033e+00,7.0705679424696321611e-01
1.3183183183183182496e+00,7.0625937836377072898e-01
1.3213213213213212960e+00,7.0545907750788816593e-01
1.3243243243243243423e+00,7.0465591506364944063e-01
1.3273273273273273887e+00,7.0384991428091903121e-01
1.3303303303303302130e+00,7.0304109828298522178e-01
1.3333333333333332593e+00,7.0222949005144696955e-01
1.3363363363363363057e+00,7.0141511244543452985e-01
1.3393393393393393520e+00,7.0059798818832497158e-01
1.3423423423423423984e+00,6.9977813987256232142e-01
1.3453453453453452227e+00,6.9895558996742679359e-01
1.3483483483483482690e+00,6.9813036080467361089e-01
1.3513513513513513153e+00,6.9730247459660876785e-01
1.3543543543543543617e+00,6.9647195342384171646e-01
1.3573573573573574080e+00,6.9563881923953474473e-01
1.3603603603603604544e+00,6.9480309387703753643e-01
1.3633633633633632787e+00,6.9396479903624574970e-01
1.3663663663663663250e+00,6.9312395630059564500e-01
1.3693693693693693714e+00,6.9228058712578144362e-01
1.3723723723723724177e+00,6.9143471284347846062e-01
1.3753753753753754641e+00,6.9058635466878792730e-01
1.3783783783783782884e+00,6.8973553368726892021e-01
1.3813813813813813347e+00,6.8888227087084807909e-01
1.3843843843843843811e+00,6.8802658706741348649e-01
1.3873873873873874274e+00,6.8716850300404630492e-01
1.3903903903903904737e+00,6.8630803929427175447e-01
1.3933933933933932980e+00,6.8544521642579725462e-01
1.3963963963963963444e+00,6.8458005477542283046e-01
1.3993993993993993907e+00,6.8371257459950063318e-01
1.4024024024024024371e+00,6.8284279603673825321e-01
1.4054054054054054834e+00,6.8197073911526517875e-01
1.4084084084084083077e+00,6.8109642374104295559e-01
1.4114114114114113541e+00,6.8021986971183223680e-01
1.4144144144144144004e+00,6.7934109670846132278e-01
1.4174174174174174468e+00,6.7846012429723490111e-01
1.4204204204204204931e+00,6.7757697193681420966e-01
1.4234234234234233174e+00,6.7669165896726646281e-01
1.4264264264264263637e+00,6.7580420462314627628e-01
1.4294294294294294101e+00,6.7491462802551049904e-01
1.4324324324324324564e+00,6.7402294818397456844e-01
1.4354354354354355028e+00,6.7312918400339816216e-01
1.4384384384384383271e+00,6.7223335427354624638e-01
1.4414414414414413734e+00,6.7133547768133594591e-01
1.4444444444444444198e+00,6.7043557280354237893e-01
1.4474474474474474661e+00,6.6953365810853970874e-01
1.4504504504504505125e+00,6.6862975196278762180e-01
1.4534534534534533368e+00,6.6772387262107268935e-01
1.4564564564564563831e+00,6.6681603823796775643e-01
1.4594594594594594295e+00,6.6590626686114395838e-01
1.4624624624624624758e+00,6.6499457643280701635e-01
1.4654654654654655221e+00,6.6408098479592336805e-01
1.4684684684684683464e+00,6.6316550968501275509e-01
1.4714714714714713928e+00,6.6224816873681369156e-01
1.4744744744744744391e+00,6.6132897948420243939e-01
1.4774774774774774855e+00,6.6040795935737350852e-01
1.4804804804804805318e+00,6.5948512568984729576e-01
1.4834834834834835782e+00,6.5856049570982744257e-01
1.4864864864864864025e+00,6.5763408655014232718e-01
1.4894894894894894488e+00,6.5670591524273691508e-01
1.4924924924924924952e+00,6.5577599871962388711e-01
1.4954954954954955415e+00,6.5484435381867689419e-01
1.4984984984984985878e+00,6.5391099727551893483e-01
1.5015015015015014122e+00,6.5297594573278772145e-01
1.5045045045045044585e+00,6.5203921573515577492e-01
1.5075075075075075048e+00,6.5110082373007915901e-01
1.5105105105105105512e+00,6.5016078607337324247e-01
1.5135135135135135975e+00,6.4921911902160811536e-01
1.5165165165165164218e+00,6.4827583874074135029e-01
1.5195195195195194682e+00,6.4733096130162159909e-01
1.5225225225225225145e+00,6.4638450268055847037e-01
1.5255255255255255609e+00,6.4543647876468634994e-01
1.5285285285285286072e+00,6.4448690534483754622e-01
1.5315315315315314315e+00,6.4353579812358241430e-01
1.5345345345345344779e+00,6.4258317271117870728e-01
1.5375375375375375242e+00,6.4162904462598480126e-01
1.5405405405405405705e+00,6.4067342929961423881e-01
1.5435435435435436169e+00,6.3971634207025618313e-01
1.5465465465465464412e+00,6.3875779819015965355e-01
1.5495495495495494875e+00,6.3779781282195635583e-01
1.5525525525525525339e+00,6.3683640103891914208e-01
1.5555555555555555802e+00,6.3587357782985132193e-01
1.5585585585585586266e+00,6.3490935809283588487e-01
1.5615615615615614509e+00,6.3394375664215085742e-01
1.5645645645645644972e+00,6.3297678820497993435e-01
1.5675675675675675436e+00,6.3200846742155469826e-01
1.5705705705705705899e+00,6.3103880884982388455e-01
1.5735735735735736363e+00,6.3006782695963836627e-01
1.5765765765765764606e+00,6.2909553613915725201e-01
1.5795795795795795069e+00,6.2812195069192211516e-01
1.5825825825825825532e+00,6.2714708483689851626e-01
1.5855855855855855996e+00,6.2617095271292888548e-01
1.5885885885885886459e+00,6.2519356837333150967e-01
1.5915915915915914702e+00,6.2421494579182934537e-01
1.5945945945945945166e+00,6.2323509885995709290e-01
1.5975975975975975629e+00,6.2225404138701778667e-01
1.6006006006006006093e+00,6.2127178710432473530e-01
1.6036036036036036556e+00,6.2028834966018908670e-01
1.6066066066066067020e+00,6.1930374262540621721e-01
1.6096096096096095263e+00,6.1831797949096545253e-01
1.6126126126126125726e+00,6.1733107366793504855e-01
1.6156156156156156189e+00,6.1634303849149962851e-01
1.6186186186186186653e+00,6.1535388721631234521e-01
1.6216216216216217116e+00,6.1436363302157248611e-01
1.6246246246246245359e+00,6.1337228900900675477e-01
1.6276276276276275823e+00,6.1237986820269663113e-01
1.6306306306306306286e+00,6.1138638355292029836e-01
1.6336336336336336750e+00,6.1039184793184264599e-01
1.6366366366366367213e+00,6.0939627413821562119e-01
1.6396396396396395456e+00,6.0839967489560475844e-01
1.6426426426426425920e+00,6.0740206285215803117e-01
1.6456456456456456383e+00,6.0640345058422151503e-01
1.6486486486486486847e+00,6.0540385059233137177e-01
1.6516516516516517310e+00,6.0440327530551951618e-01
1.6546546546546545553e+00,6.0340173707974020800e-01
1.6576576576576576016e+00,6.0239924819759671504e-01
1.6606606606606606480e+00,6.0139582087174592306e-01
1.6636636636636636943e+00,6.0039146724122460785e-01
1.6666666666666667407e+00,5.9938619937540094096e-01
1.6696696696696695650e+00,5.9838002927262246011e-01
1.6726726726726726113e+00,5.9737296885991930662e-01
1.6756756756756756577e+00,5.9636502999621054943e-01
1.6786786786786787040e+00,5.9535622446894354010e-01
1.6816816816816817504e+00,5.9434656399771845781e-01
1.6846846846846845747e+00,5.9333606023313434363e-01
1.6876876876876876210e+00,5.9232472475647712784e-01
1.6906906906906906674e+00,5.9131256908273743811e-01
1.6936936936936937137e+00,5.9029960465753972265e-01
1.6966966966966967600e+00,5.8928584286046714613e-01
1.6996996996996995843e+00,5.8827129500408381624e-01
1.7027027027027026307e+00,5.8725597233361537253e-01
1.7057057057057056770e+00,5.8623988602978649443e-01
1.7087087087087087234e+00,5.8522304720601980854e-01
1.7117117117117117697e+00,5.8420546691148400598e-01
1.7147147147147145940e+00,5.8318715613027560796e-01
1.7177177177177176404e+00,5.8216812578109544685e-01
1.7207207207207206867e+00,5.8114838671991631003e-01
1.7237237237237237331e+00,5.8012794973743131433e-01
1.7267267267267267794e+00,5.7910682556184844838e-01
1.7297297297297298257e+00,5.7808502485821311456e-01
1.7327327327327326500e+00,5.7706255822808805167e-01
1.7357357357357356964e+00,5.7603943621205699888e-01
1.7387387387387387427e+00,5.7501566928740566187e-01
1.7417417417417417891e+00,5.7399126787067999977e-01
1.7447447447447448354e+00,5.7296624231711223985e-01
1.7477477477477476597e+00,5.7194060292029103021e-01
1.7507507507507507061e+00,5.7091435991446337628e-01
1.7537537537537537524e+00,5.6988752347242455087e-01
1.7567567567567567988e+00,5.6886010370782125189e-01
1.7597597597597598451e+00,5.6783211067468553068e-01
1.7627627627627626694e+00,5.6680355436712559491e-01
1.7657657657657657158e+00,5.6577444472145888010e-01
1.7687687687687687621e+00,5.6474479161433055463e-01
1.7717717717717718084e+00,5.6371460486480007290e-01
1.7747747747747748548e+00,5.6268389423398335047e-01
1.7777777777777776791e+00,5.6165266942476677059e-01
1.7807807807807807254e+00,5.6062094008377982846e-01
1.7837837837837837718e+00,5.5958871579972624399e-01
1.7867867867867868181e+00,5.5855600610527122996e-01
1.7897897897897898645e+00,5.5752282047677914623e-01
1.7927927927927926888e+00,5.5648916833405337456e-01
1.7957957957957957351e+00,5.5545505904215675130e-01
1.7987987987987987815e+00,5.5442050190994007774e-01
1.8018018018018018278e+00,5.5338550619174509126e-01
1.8048048048048048742e+00,5.5235008108722905007e-01
1.8078078078078076985e+00,5.5131423574112858876e-01
1.8108108108108107448e+00,5.5027797924493948578e-01
1.8138138138138137911e+00,5.4924132063562447481e-01
1.8168168168168168375e+00,5.4820426889715145879e-01
1.8198198198198198838e+00,5.4716683296039048123e-01
1.8228228228228227081e+00,5.4612902170290444914e-01
1.8258258258258257545e+00,5.4509084395049767213e-01
1.8288288288288288008e+00,5.4405230847608698763e-01
1.8318318318318318472e+00,5.4301342400108953967e-01
1.8348348348348348935e+00,5.4197419919538403210e-01
1.8378378378378377178e+00,5.4093464267712898508e-01
1.8408408408408407642e+00,5.3989476301418637405e-01
1.8438438438438438105e+00,5.3885456872314319021e-01
1.8468468468468468568e+00,5.3781406827056610354e-01
1.8498498498498499032e+00,5.3677327007300290607e-01
1.8528528528528527275e+00,5.3573218249682152958e-01
1.8558558558558557738e+00,5.3469081385947847540e-01
1.8588588588588588202e+00,5.3364917242866349856e-01
1.8618618618618618665e+00,5.3260726642339806247e-01
1.8648648648648649129e+00,5.3156510401406442679e-01
1.8678678678678679592e+00,5.3052269332227941501e-01
1.8708708708708707835e+00,5.2948004242203094982e-01
1.8738738738738738299e+00,5.2843715933897605908e-01
1.8768768768768768762e+00,5.2739405205141143274e-01
1.8798798798798799226e+00,5.2635072849034536535e-01
1.8828828828828829689e+00,5.2530719653941349012e-01
1.8858858858858857932e+00,5.2426346403589141332e-01
1.8888888888888888395e+00,5.2321953877013338552e-01
1.8918918918918918859e+00,5.2217542848642617415e-01
1.8948948948948949322e+00,5.2113114088309731020e-01
1.8978978978978979786e+00,5.2008668361247234468e-01
1.9009009009009008029e+00,5.1904206428177135368e-01
1.9039039039039038492e+00,5.1799729045267561833e-01
1.9069069069069068956e+00,5.1695236964207680330e-01
1.9099099099099099419e+00,5.1590730932221551264e-01
1.9129129129129129883e+00,5.1486211692067707091e-01
1.9159159159159158126e+00,5.1381679982118189098e-01
1.9189189189189188589e+00,5.1277136536326761718e-01
1.9219219219219219053e+00,5.1172582084294404581e-01
1.9249249249249249516e+00,5.1068017351285677208e-01
1.9279279279279279979e+00,5.0963443058231916449e-01
1.9309309309309308222e+00,5.0858859921800669834e-01
1.9339339339339338686e+00,5.0754268654373924097e-01
1.9369369369369369149e+00,5.0649669964105670239e-01
1.9399399399399399613e+00,5.0545064554939811430e-01
1.9429429429429430076e+00,5.0440453126617179613e-01
1.9459459459459458319e+00,5.0335836374735765109e-01
1.9489489489489488783e+00,5.0231214990738326520e-01
1.9519519519519519246e+00,5.0126589661962495104e-01
1.9549549549549549710e+00,5.0021961071660181464e-01
1.9579579579579580173e+00,4.9917329899007839566e-01
1.9609609609609608416e+00,4.9812696819158747141e-01
1.9639639639639638879e+00,4.9708062503237643304e-01
1.9669669669669669343e+00,4.9603427618383411080e-01
1.9699699699699699806e+00,4.9498792827766158187e-01
1.9729729729729730270e+00,4.9394158790599801412e-01
1.9759759759759758513e+00,4.9289526162182495383e-01
1.9789789789789788976e+00,4.9184895593899186084e-01
1.9819819819819819440e+00,4.9080267733256571772e-01
1.9849849849849849903e+00,4.8975643223900938716e-01
1.9879879879879880367e+00,4.8871022705635397410e-01
1.9909909909909910830e+00,4.8766406814450979912e-01
1.9939939939939939073e+00,4.8661796182538225031e-01
1.9969969969969969537e+00,4.8557191438315738807e-01
2.0000000000000000000e+00,4.8452593206448513197e-01
2.0030030030030028243e+00,4.8348002107869358923e-01
2.0060060060060060927e+00,4.8243418759801687257e-01
2.0090090090090089170e+00,4.8138843775778905609e-01
2.0120120120120121854e+00,4.8034277765667582338e-01
2.0150150150150150097e+00,4.7929721335685782080e-01
2.0180180180180178340e+00,4.7825175088428389936e-01
2.0210210210210211024e+00,4.7720639622882465858e-01
2.0240240240240239267e+00,4.7616115534453473668e-01
2.0270270270270271951e+00,4.7511603414983705207e-01
2.0300300300300300194e+00,4.7407103852770382524e-01
2.0330330330330328437e+00,4.7302617432594751268e-01
2.0360360360360361121e+00,4.7198144735730490629e-01
2.0390390390390389364e+00,4.7093686339975981969e-01
2.0420420420420422047e+00,4.6989242819668725071e-01
2.0450450450450450290e+00,4.6884814745702962924e-01
2.0480480480480478533e+00,4.6780402685562172405e-01
2.0510510510510511217e+00,4.6676007203321251415e-01
2.0540540540540539460e+00,4.6571628859684077728e-01
2.0570570570570572144e+00,4.6467268211994500193e-01
2.0600600600600600387e+00,4.6362925814253214130e-01
2.0630630630630628630e+00,4.6258602217153371727e-01
2.0660660660660661314e+00,4.6154297968077390157e-01
2.0690690690690689557e+00,4.6050013611138773673e-01
2.0720720720720722241e+00,4.5945749687190373667e-01
2.0750750750750750484e+00,4.5841506733840320376e-01
2.0780780780780778727e+00,4.5737285285490536513e-01
2.0810810810810811411e+00,4.5633085873328743665e-01
2.0840840840840839654e+00,4.5528909025373393016e-01
2.0870870870870872338e+00,4.5424755266479027727e-01
2.0900900900900900581e+00,4.5320625118348328852e-01
2.0930930930930928824e+00,4.5216519099572466400e-01
2.0960960960960961508e+00,4.5112437725615261996e-01
2.0990990990990989751e+00,4.5008381508861061704e-01
2.1021021021021022435e+00,4.4904350958616567890e-01
2.1051051051051050678e+00,4.4800346581121486267e-01
2.1081081081081078921e+00,4.4696368879592862644e-01
2.1111111111111111605e+00,4.4592418354203194886e-01
2.1141141141141139848e+00,4.4488495502133040826e-01
2.1171171171171172531e+00,4.4384600817570341036e-01
2.1201201201201200774e+00,4.4280734791719739141e-01
2.1231231231231229017e+00,4.4176897912850360273e-01
2.1261261261261261701e+00,4.4073090666268799342e-01
2.1291291291291289944e+00,4.3969313534375542574e-01
2.1321321321321322628e+00,4.3865566996662402888e-01
2.1351351351351350871e+00,4.3761851529720202647e-01
2.1381381381381379114e+00,4.3658167607289993795e-01
2.1411411411411411798e+00,4.3554515700231222208e-01
2.1441441441441440041e+00,4.3450896276581496558e-01
2.1471471471471472725e+00,4.3347309801552480479e-01
2.1501501501501500968e+00,4.3243756737535932189e-01
2.1531531531531529211e+00,4.3140237544157966632e-01
2.1561561561561561895e+00,4.3036752678243078707e-01
2.1591591591591590138e+00,4.2933302593876543352e-01
2.1621621621621622822e+00,4.2829887742399197492e-01
2.1651651651651651065e+00,4.2726508572411880937e-01
2.1681681681681679308e+00,4.2623165529832190979e-01
2.1711711711711711992e+00,4.2519859057855186046e-01
2.1741741741741740235e+00,4.2416589597017673174e-01
2.1771771771771772919e+00,4.2313357585192329369e-01
2.1801801801801801162e+00,4.2210163457590393898e-01
2.1831831831831833846e+00,4.2107007646820793223e-01
2.1861861861861862089e+00,4.2003890582847869251e-01
2.1891891891891890332e+00,4.1900812693057087888e-01
2.1921921921921923015e+00,4.1797774402248832892e-01
2.1951951951951951258e+00,4.1694776132639338462e-01
2.1981981981981983942e+00,4.1591818303921912481e-01
2.2012012012012012185e+00,4.1488901333222094614e-01
2.2042042042042040428e+00,4.1386025635164386260e-01
2.2072072072072073112e+00,4.1283191621865950038e-01
2.2102102102102101355e+00,4.1180399702935860384e-01
2.2132132132132134039e+00,4.1077650285537675723e-01
2.2162162162162162282e+00,4.0974943774341371361e-01
2.2192192192192190525e+00,4.0872280571589009179e-01
2.2222222222222223209e+00,4.0769661077087243628e-01
2.2252252252252251452e+00,4.0667085688202037064e-01
2.2282282282282284136e+00,4.0564554799923474571e-01
2.2312312312312312379e+00,4.0462068804813328127e-01
2.2342342342342340622e+00,4.0359628093072635879e-01
2.2372372372372373306e+00,4.0257233052534041606e-01
2.2402402402402401549e+00,4.0154884068654383977e-01
2.2432432432432434233e+00,4.0052581524582198114e-01
2.2462462462462462476e+00,3.9950325801102304357e-01
2.2492492492492490719e+00,3.9848117276704836387e-01
2.2522522522522523403e+00,3.9745956327577480760e-01
2.2552552552552551646e+00,3.9643843327596067772e-01
2.2582582582582584330e+00,3.9541778648394532159e-01
2.2612612612612612573e+00,3.9439762659306870640e-01
2.2642642642642640816e+00,3.9337795727437163684e-01
2.2672672672672673500e+00,3.9235878217652153666e-01
2.2702702702702701743e+00,3.9134010492569576423e-01
2.2732732732732734426e+00,3.9032192912630558901e-01
2.2762762762762762669e+00,3.8930425836039150855e-01
2.2792792792792790912e+00,3.8828709618833173733e-01
2.2822822822822823596e+00,3.8727044614876998674e-01
2.2852852852852851839e+00,3.8625431175848151666e-01
2.2882882882882884523e+00,3.8523869651311376527e-01
2.2912912912912912766e+00,3.8422360388656506824e-01
2.2942942942942941009e+00,3.8320903733169559002e-01
2.2972972972972973693e+00,3.8219500028026071048e-01
2.3003003003003001936e+00,3.8118149614275742554e-01
2.3033033033033034620e+00,3.8016852830918229644e-01
2.3063063063063062863e+00,3.7915610014839568054e-01
2.3093093093093091106e+00,3.7814421500883110827e-01
2.3123123123123123790e+00,3.7713287621843694097e-01
2.3153153153153152033e+00,3.7612208708450450834e-01
2.3183183183183184717e+00,3.7511185089443843665e-01
2.3213213213213212960e+00,3.7410217091511149823e-01
2.3243243243243241203e+00,3.7309305039356960298e-01
2.3273273273273273887e+00,3.7208449255698233804e-01
2.3303303303303302130e+00,3.7107650061245300854e-01
2.3333333333333334814e+00,3.7006907774780078979e-01
2.3363363363363363057e+00,3.6906222713090758303e-01
2.3393393393393391300e+00,3.6805595191041662329e-01
2.3423423423423423984e+00,3.6705025521569273339e-01
2.3453453453453452227e+00,3.6604514015661659965e-01
2.3483483483483484910e+00,3.6504060982437258609e-01
2.3513513513513513153e+00,3.6403666729078754116e-01
2.3543543543543541396e+00,3.6303331560900509167e-01
2.3573573573573574080e+00,3.6203055781344845032e-01
2.3603603603603602323e+00,3.6102839691957544499e-01
2.3633633633633635007e+00,3.6002683592467499274e-01
2.3663663663663663250e+00,3.5902587780718114852e-01
2.3693693693693691493e+00,3.5802552552734773217e-01
2.3723723723723724177e+00,3.5702578202721962919e-01
2.3753753753753752420e+00,3.5602665023036711434e-01
2.3783783783783785104e+00,3.5502813304270081085e-01
2.3813813813813813347e+00,3.5403023335177158382e-01
2.3843843843843841590e+00,3.5303295402744405695e-01
2.3873873873873874274e+00,3.5203629792187812741e-01
2.3903903903903902517e+00,3.5104026786924225068e-01
2.3933933933933935201e+00,3.5004486668654494208e-01
2.3963963963963963444e+00,3.4905009717292417859e-01
2.3993993993993991687e+00,3.4805596211031653020e-01
2.4024024024024024371e+00,3.4706246426344961042e-01
2.4054054054054052614e+00,3.4606960637953632087e-01
2.4084084084084085298e+00,3.4507739118911956444e-01
2.4114114114114113541e+00,3.4408582140535443061e-01
2.4144144144144141784e+00,3.4309489972466988839e-01
2.4174174174174174468e+00,3.4210462882677417085e-01
2.4204204204204202711e+00,3.4111501137433036801e-01
2.4234234234234235394e+00,3.4012605001381168712e-01
2.4264264264264263637e+00,3.3913774737477953014e-01
2.4294294294294291880e+00,3.3815010607053591629e-01
2.4324324324324324564e+00,3.3716312869814174524e-01
2.4354354354354352807e+00,3.3617681783807512597e-01
2.4384384384384385491e+00,3.3519117605509501923e-01
2.4414414414414413734e+00,3.3420620589751687257e-01
2.4444444444444446418e+00,3.3322190989785582804e-01
2.4474474474474474661e+00,3.3223829057285675370e-01
2.4504504504504502904e+00,3.3125535042313564160e-01
2.4534534534534535588e+00,3.3027309193405163246e-01
2.4564564564564563831e+00,3.2929151757498220654e-01
2.4594594594594596515e+00,3.2831062979995301321e-01
2.4624624624624624758e+00,3.2733043104768216880e-01
2.4654654654654653001e+00,3.2635092374120711067e-01
2.4684684684684685685e+00,3.2537211028875906438e-01
2.4714714714714713928e+00,3.2439399308304289749e-01
2.4744744744744746612e+00,3.2341657450185157252e-01
2.4774774774774774855e+00,3.2243985690812493328e-01
2.4804804804804803098e+00,3.2146384264956118226e-01
2.4834834834834835782e+00,3.2048853405949562223e-01
2.4864864864864864025e+00,3.1951393345618356312e-01
2.4894894894894896709e+00,3.1854004314340012005e-01
2.4924924924924924952e+00,3.1756686541051259987e-01
2.4954954954954953195e+00,3.1659440253207482563e-01
2.4984984984984985878e+00,3.1562265676869960540e-01
2.5015015015015014122e+00,3.1465163036633564397e-01
2.5045045045045046805e+00,3.1368132555684069551e-01
2.5075075075075075048e+00,3.1271174455806149961e-01
2.5105105105105103291e+00,3.1174288957340051676e-01
2.5135135135135135975e+00,3.1077476279269805604e-01
2.5165165165165164218e+00,3.0980736639150574518e-01
2.5195195195195196902e+00,3.0884070253165019082e-01
2.5225225225225225145e+00,3.0787477336132712535e-01
2.5255255255255253388e+00,3.0690958101465026786e-01
2.5285285285285286072e+00,3.0594512761254283317e-01
2.5315315315315314315e+00,3.0498141526201055784e-01
2.5345345345345346999e+00,3.0401844605669259280e-01
2.5375375375375375242e+00,3.0305622207697147097e-01
2.5405405405405403485e+00,3.0209474538950520373e-01
2.5435435435435436169e+00,3.0113401804812522933e-01
2.5465465465465464412e+00,3.0017404209311115970e-01
2.5495495495495497096e+00,2.9921481955172940514e-01
2.5525525525525525339e+00,2.9825635243835618704e-01
2.5555555555555553582e+00,2.9729864275399559004e-01
2.5585585585585586266e+00,2.9634169248718295053e-01
2.5615615615615614509e+00,2.9538550361326115778e-01
2.5645645645645647193e+00,2.9443007809490678861e-01
2.5675675675675675436e+00,2.9347541788226688686e-01
2.5705705705705703679e+00,2.9252152491246308230e-01
2.5735735735735736363e+00,2.9156840111049814324e-01
2.5765765765765764606e+00,2.9061604838853771771e-01
2.5795795795795797289e+00,2.8966446864642014791e-01
2.5825825825825825532e+00,2.8871366377180929241e-01
2.5855855855855853775e+00,2.8776363563968421211e-01
2.5885885885885886459e+00,2.8681438611324872046e-01
2.5915915915915914702e+00,2.8586591704321762109e-01
2.5945945945945947386e+00,2.8491823026831308852e-01
2.5975975975975975629e+00,2.8397132761542953627e-01
2.6006006006006003872e+00,2.8302521089911242269e-01
2.6036036036036036556e+00,2.8207988192246785664e-01
2.6066066066066064799e+00,2.8113534247645660669e-01
2.6096096096096097483e+00,2.8019159434037310685e-01
2.6126126126126125726e+00,2.7924863928202542374e-01
2.6156156156156153969e+00,2.7830647905720268254e-01
2.6186186186186186653e+00,2.7736511541058261887e-01
2.6216216216216214896e+00,2.7642455007503624609e-01
2.6246246246246247580e+00,2.7548478477208776516e-01
2.6276276276276275823e+00,2.7454582121210979739e-01
2.6306306306306304066e+00,2.7360766109377948618e-01
2.6336336336336336750e+00,2.7267030610498521614e-01
2.6366366366366364993e+00,2.7173375792213899649e-01
2.6396396396396397677e+00,2.7079801821062093881e-01
2.6426426426426425920e+00,2.6986308862498598060e-01
2.6456456456456454163e+00,2.6892897080841310364e-01
2.6486486486486486847e+00,2.6799566639360417053e-01
2.6516516516516515090e+00,2.6706317700210424615e-01
2.6546546546546547773e+00,2.6613150424471787581e-01
2.6576576576576576016e+00,2.6520064972172507911e-01
2.6606606606606604259e+00,2.6427061502230875245e-01
2.6636636636636636943e+00,2.6334140172545067449e-01
2.6666666666666665186e+00,2.6241301139925438113e-01
2.6696696696696697870e+00,2.6148544560134656667e-01
2.6726726726726726113e+00,2.6055870587910923142e-01
2.6756756756756754356e+00,2.5963279376909154106e-01
2.6786786786786787040e+00,2.5870771079791204938e-01
2.6816816816816815283e+00,2.5778345848158384923e-01
2.6846846846846847967e+00,2.5686003832590381668e-01
2.6876876876876876210e+00,2.5593745182669741522e-01
2.6906906906906904453e+00,2.5501570046922017454e-01
2.6936936936936937137e+00,2.5409478572905902505e-01
2.6966966966966965380e+00,2.5317470907146755188e-01
2.6996996996996998064e+00,2.5225547195173664283e-01
2.7027027027027026307e+00,2.5133707581545522425e-01
2.7057057057057058991e+00,2.5041952209790080408e-01
2.7087087087087087234e+00,2.4950281222494058442e-01
2.7117117117117115477e+00,2.4858694761237343229e-01
2.7147147147147148161e+00,2.4767192966628723272e-01
2.7177177177177176404e+00,2.4675775978333139293e-01
2.7207207207207209088e+00,2.4584443935009755999e-01
2.7237237237237237331e+00,2.4493196974402095534e-01
2.7267267267267265574e+00,2.4402035233272997838e-01
2.7297297297297298257e+00,2.4310958847438726704e-01
2.7327327327327326500e+00,2.4219967951797671812e-01
2.7357357357357359184e+00,2.4129062680267451824e-01
2.7387387387387387427e+00,2.4038243165874748075e-01
2.7417417417417415670e+00,2.3947509540691380714e-01
2.7447447447447448354e+00,2.3856861935866632840e-01
2.7477477477477476597e+00,2.3766300481657404164e-01
2.7507507507507509281e+00,2.3675825307364287142e-01
2.7537537537537537524e+00,2.3585436541421314627e-01
2.7567567567567565767e+00,2.3495134311332863120e-01
2.7597597597597598451e+00,2.3404918743704475337e-01
2.7627627627627626694e+00,2.3314789964274129641e-01
2.7657657657657659378e+00,2.3224748097847733308e-01
2.7687687687687687621e+00,2.3134793268388284537e-01
2.7717717717717715864e+00,2.3044925598954033030e-01
2.7747747747747748548e+00,2.2955145211727523424e-01
2.7777777777777776791e+00,2.2865452228048099848e-01
2.7807807807807809475e+00,2.2775846768346802440e-01
2.7837837837837837718e+00,2.2686328952234907641e-01
2.7867867867867865961e+00,2.2596898898443396053e-01
2.7897897897897898645e+00,2.2507556724850150132e-01
2.7927927927927926888e+00,2.2418302548513788230e-01
2.7957957957957959572e+00,2.2329136485607803397e-01
2.7987987987987987815e+00,2.2240058651508701204e-01
2.8018018018018016058e+00,2.2151069160736530650e-01
2.8048048048048048742e+00,2.2062168126980505334e-01
2.8078078078078076985e+00,2.1973355663133803395e-01
2.8108108108108109668e+00,2.1884631881227437078e-01
2.8138138138138137911e+00,2.1795996892517122134e-01
2.8168168168168166154e+00,2.1707450807424907846e-01
2.8198198198198198838e+00,2.1618993735562236358e-01
2.8228228228228227081e+00,2.1530625785765733493e-01
2.8258258258258259765e+00,2.1442347066029537883e-01
2.8288288288288288008e+00,2.1354157683591915018e-01
2.8318318318318316251e+00,2.1266057744877581159e-01
2.8348348348348348935e+00,2.1178047355519305506e-01
2.8378378378378377178e+00,2.1090126620395036050e-01
2.8408408408408409862e+00,2.1002295643559304450e-01
2.8438438438438438105e+00,2.0914554528329731831e-01
2.8468468468468466348e+00,2.0826903377230251979e-01
2.8498498498498499032e+00,2.0739342292011186952e-01
2.8528528528528527275e+00,2.0651871373687588629e-01
2.8558558558558559959e+00,2.0564490722470032957e-01
2.8588588588588588202e+00,2.0477200437850615056e-01
2.8618618618618616445e+00,2.0390000618547413080e-01
2.8648648648648649129e+00,2.0302891362522795804e-01
2.8678678678678677372e+00,2.0215872767023193579e-01
2.8708708708708710056e+00,2.0128944928509001633e-01
2.8738738738738738299e+00,2.0042107942740397530e-01
2.8768768768768766542e+00,1.9955361904722712652e-01
2.8798798798798799226e+00,1.9868706908723321458e-01
2.8828828828828827469e+00,1.9782143048312400557e-01
2.8858858858858860152e+00,1.9695670416292468397e-01
2.8888888888888888395e+00,1.9609289104783536595e-01
2.8918918918918916638e+00,1.9522999205169719317e-01
2.8948948948948949322e+00,1.9436800808114496064e-01
2.8978978978978977565e+00,1.9350694003602633697e-01
2.9009009009009010249e+00,1.9264678880869209876e-01
2.9039039039039038492e+00,1.9178755528484148218e-01
2.9069069069069066735e+00,1.9092924034300148839e-01
2.9099099099099099419e+00,1.9007184485466194213e-01
2.9129129129129127662e+00,1.8921536968470745177e-01
2.9159159159159160346e+00,1.8835981569069987218e-01
2.9189189189189188589e+00,1.8750518372372296239e-01
2.9219219219219216832e+00,1.8665147462787315402e-01
2.9249249249249249516e+00,1.8579868924036196942e-01
2.9279279279279277759e+00,1.8494682839197731927e-01
2.9309309309309310443e+00,1.8409589290642322523e-01
2.9339339339339338686e+00,1.8324588360097646134e-01
2.9369369369369366929e+00,1.8239680128595053832e-01
2.9399399399399399613e+00,1.8154864676569876236e-01
2.9429429429429427856e+00,1.8070142083804391353e-01
2.9459459459459460540e+00,1.7985512429056074724e-01
2.9489489489489488783e+00,1.7900975791055903641e-01
2.9519519519519521467e+00,1.7816532248648786485e-01
2.9549549549549549710e+00,1.7732181876138938814e-01
2.9579579579579577953e+00,1.7647924748731383393e-01
2.9609609609609610636e+00,1.7563760957848484345e-01
2.9639639639639638879e+00,1.7479690563471786402e-01
2.9669669669669671563e+00,1.7395713585355207509e-01
2.9699699699699699806e+00,1.7311830244631201681e-01
2.9729729729729728049e+00,1.7228040679250036793e-01
2.9759759759759760733e+00,1.7144344153591362101e-01
2.9789789789789788976e+00,1.7060741546850069494e-01
2.9819819819819821660e+00,1.6977235751910585426e-01
2.9849849849849849903e+00,1.6893819159213468994e-01
2.9879879879879878146e+00,1.6810488665893941196e-01
2.9909909909909910830e+00,1.6727286254777173902e-01
2.9939939939939939073e+00,1.6644169310440387610e-01
2.9969969969969971757e+00,1.6560992753966055635e-01
3.0000000000000000000e+00,1.6478157410764879276e-01
