0.0000000000000000000e+00,7.5873306374898794036e-02
3.0030030030030029770e-03,7.9476941211261719337e-15
6.0060060060060059539e-03,4.9088698983426352349e-15
9.0090090090090089309e-03,2.4933942340787987055e-15
1.2012012012012011908e-02,9.2041310593924415584e-16
1.5015015015015014885e-02,-7.3400518528794680164e-16
1.8018018018018017862e-02,-5.0647070379725601786e-16
2.1021021021021019104e-02,1.1270364562521358067e-16
2.4024024024024023816e-02,4.6751141888977483123e-16
2.7027027027027028527e-02,5.7789605946097154312e-16
3.0030030030030029770e-02,4.3006147485459140081e-16
3.3033033033033031012e-02,1.4875363328311017133e-16
3.6036036036036035723e-02,4.7299006832988927295e-16
3.9039039039039040435e-02,8.9906042094187446306e-16
4.2042042042042038208e-02,1.5569799932668393704e-15
4.5045045045045042920e-02,2.1830855747727068372e-15
4.8048048048048047631e-02,2.9365560999013979553e-15
5.1051051051051052343e-02,3.7813423586672956228e-15
5.4054054054054057055e-02,5.7140284530972475428e-15
5.7057057057057054827e-02,9.6578016796966638148e-15
6.0060060060060059539e-02,1.4623576398141120204e-14
6.3063063063063057312e-02,2.1227244662447632380e-14
6.6066066066066062024e-02,3.0751825327042963819e-14
6.9069069069069066735e-02,4.3661501207618965124e-14
7.2072072072072071447e-02,6.1285390114774699033e-14
7.5075075075075076159e-02,8.4950916535899497198e-14
7.8078078078078080870e-02,1.1582595402994168254e-13
8.1081081081081085582e-02,1.5623511954727842528e-13
8.4084084084084076416e-02,2.0911117893484069568e-13
8.7087087087087081128e-02,2.7679900214956667192e-13
9.0090090090090085839e-02,3.6217184552384042137e-13
9.3093093093093090551e-02,4.7033156841662599113e-13
9.6096096096096095263e-02,6.0616804652197382902e-13
9.9099099099099099974e-02,7.7476559018921215124e-13
1.0210210210210210469e-01,9.8266087633083250568e-13
1.0510510510510510940e-01,1.2378594319428346602e-12
1.0810810810810811411e-01,1.5489172764950337080e-12
1.1111111111111110494e-01,1.9264528630504755428e-12
1.1411411411411410965e-01,2.3824874023905963915e-12
1.1711711711711711437e-01,2.9301233225895584760e-12
1.2012012012012011908e-01,3.5846455214088591052e-12
1.2312312312312312379e-01,4.3635463350015476375e-12
1.2612612612612611462e-01,5.2864445037250063565e-12
1.2912912912912913321e-01,6.3755401982684894689e-12
1.3213213213213212405e-01,7.6557996479015085737e-12
1.3513513513513514264e-01,9.1556039581204928016e-12
1.3813813813813813347e-01,1.0905613460212488557e-11
1.4114114114114115206e-01,1.2941128877504792527e-11
1.4414414414414414289e-01,1.5301385765089204231e-11
1.4714714714714713373e-01,1.8029063845449620201e-11
1.5015015015015015232e-01,2.1172766105593327682e-11
1.5315315315315314315e-01,2.4784852032614985251e-11
1.5615615615615616174e-01,2.8924395702890756895e-11
1.5915915915915915257e-01,3.3655776565127837530e-11
1.6216216216216217116e-01,3.9049494049482140268e-11
1.6516516516516516200e-01,4.5184063742226338531e-11
1.6816816816816815283e-01,5.2143977938471174404e-11
1.7117117117117117142e-01,6.0023090316752016763e-11
1.7417417417417416226e-01,6.8922854808741644350e-11
1.7717717717717718084e-01,7.8954219863369992374e-11
1.8018018018018017168e-01,9.0238748841993935256e-11
1.8318318318318319027e-01,1.0290677413682814124e-10
1.8618618618618618110e-01,1.1710174297187546448e-10
1.8918918918918919969e-01,1.3297809459514764980e-10
1.9219219219219219053e-01,1.5070267112241490259e-10
1.9519519519519518136e-01,1.7045784840854703494e-10
1.9819819819819819995e-01,1.9243710691145985426e-10
2.0120120120120119078e-01,2.1685298019224597105e-10
2.0420420420420420937e-01,2.4393216112805169944e-10
2.0720720720720720021e-01,2.7391857709207106530e-10
2.1021021021021021880e-01,3.0707634898349874853e-10
2.1321321321321320963e-01,3.4368583417086893186e-10
2.1621621621621622822e-01,3.8405165699599293157e-10
2.1921921921921921905e-01,4.2849734762131460968e-10
2.2222222222222220989e-01,4.7736968608258505464e-10
2.2522522522522522848e-01,5.3104264665753713740e-10
2.2822822822822821931e-01,5.8991009442775665089e-10
2.3123123123123123790e-01,6.5439849175669962681e-10
2.3423423423423422873e-01,7.2495945025292099531e-10
2.3723723723723724732e-01,8.0207374024669143407e-10
2.4024024024024023816e-01,8.8625791689674832146e-10
2.4324324324324322899e-01,9.7805423372174941820e-10
2.4624624624624624758e-01,1.0780469794915750945e-09
2.4924924924924923841e-01,1.1868520767999643802e-09
2.5225225225225222925e-01,1.3051231419203017207e-09
2.5525525525525527559e-01,1.4335592605157537005e-09
2.5825825825825826643e-01,1.5728923435533700244e-09
2.6126126126126125726e-01,1.7239071734974824842e-09
2.6426426426426424809e-01,1.8874291845234562386e-09
2.6726726726726723893e-01,2.0643301562697958722e-09
2.7027027027027028527e-01,2.2555400258765085531e-09
2.7327327327327327611e-01,2.4620290479663753613e-09
2.7627627627627626694e-01,2.6848339261521721539e-09
2.7927927927927925777e-01,2.9250419572187372366e-09
2.8228228228228230412e-01,3.1837979160361132253e-09
2.8528528528528529495e-01,3.4623187157719185954e-09
2.8828828828828828579e-01,3.7618711327081891452e-09
2.9129129129129127662e-01,4.0838037217084823373e-09
2.9429429429429426746e-01,4.4295277404379788671e-09
2.9729729729729731380e-01,4.8005247078624502937e-09
3.0030030030030030463e-01,5.1983645875024656610e-09
3.0330330330330329547e-01,5.6246784925927936527e-09
3.0630630630630628630e-01,6.0811971127635208835e-09
3.0930930930930933265e-01,6.5697274851237500270e-09
3.1231231231231232348e-01,7.0921618318373531457e-09
3.1531531531531531432e-01,7.6505003243005444485e-09
3.1831831831831830515e-01,8.2468163840369977671e-09
3.2132132132132129598e-01,8.8833042418620145668e-09
3.2432432432432434233e-01,9.5622499359011871791e-09
3.2732732732732733316e-01,1.0286042198788028674e-08
3.3033033033033032400e-01,1.1057199108821459323e-08
3.3333333333333331483e-01,1.1878327456527680793e-08
3.3633633633633630566e-01,1.2752177449336827919e-08
3.3933933933933935201e-01,1.3681609967541028551e-08
3.4234234234234234284e-01,1.4669607989015096838e-08
3.4534534534534533368e-01,1.5719309030291250702e-08
3.4834834834834832451e-01,1.6833955320370934963e-08
3.5135135135135137086e-01,1.8016960225402169698e-08
3.5435435435435436169e-01,1.9271868153894457921e-08
3.5735735735735735252e-01,2.0602367733472731566e-08
3.6036036036036034336e-01,2.2012330345282867655e-08
3.6336336336336333419e-01,2.3505751562310808184e-08
3.6636636636636638054e-01,2.5086827438521185191e-08
3.6936936936936937137e-01,2.6759909648642620989e-08
3.7237237237237236220e-01,2.8529518343229512650e-08
3.7537537537537535304e-01,3.0400388733265575298e-08
3.7837837837837839938e-01,3.2377401622201721181e-08
3.8138138138138139022e-01,3.4465672050284495108e-08
3.8438438438438438105e-01,3.6670497538957991567e-08
3.8738738738738737188e-01,3.8997371724572051349e-08
3.9039039039039036272e-01,4.1452039582077013380e-08
3.9339339339339340906e-01,4.4040415301003129531e-08
3.9639639639639639990e-01,4.6768685494261011752e-08
3.9939939939939939073e-01,4.9643249414545521078e-08
4.0240240240240238156e-01,5.2670732794495453630e-08
4.0540540540540542791e-01,5.5858053534355343812e-08
4.0840840840840841874e-01,5.9212325372278996156e-08
4.1141141141141140958e-01,6.2740976434454446401e-08
4.1441441441441440041e-01,6.6451681414832002934e-08
4.1741741741741739125e-01,7.0352375507393822568e-08
4.2042042042042043759e-01,7.4451331159259749232e-08
4.2342342342342342842e-01,7.8757046422009763988e-08
4.2642642642642641926e-01,8.3278379970874932606e-08
4.2942942942942941009e-01,8.8024475260110567146e-08
4.3243243243243245644e-01,9.3004773312788702162e-08
4.3543543543543544727e-01,9.8229102878640721268e-08
4.3843843843843843811e-01,1.0370755073678552123e-07
4.4144144144144142894e-01,1.0945061606423167489e-07
4.4444444444444441977e-01,1.1546912430950184167e-07
4.4744744744744746612e-01,1.2177423997151358001e-07
4.5045045045045045695e-01,1.2837757065528302006e-07
4.5345345345345344779e-01,1.3529101813960921714e-07
4.5645645645645643862e-01,1.4252695304431525958e-07
4.5945945945945942945e-01,1.5009811891472912040e-07
4.6246246246246247580e-01,1.5801764286426673676e-07
4.6546546546546546663e-01,1.6629915644840254894e-07
4.6846846846846845747e-01,1.7495662551118714891e-07
4.7147147147147144830e-01,1.8400454609377155646e-07
4.7447447447447449465e-01,1.9345783859838658994e-07
4.7747747747747748548e-01,2.0333185593504709588e-07
4.8048048048048047631e-01,2.1364252292630052965e-07
4.8348348348348346715e-01,2.2440614210065212122e-07
4.8648648648648645798e-01,2.3563961330152772504e-07
4.8948948948948950433e-01,2.4736031769723850366e-07
4.9249249249249249516e-01,2.5958612187108362200e-07
4.9549549549549548599e-01,2.7233553804446184717e-07
4.9849849849849847683e-01,2.8562750376273971454e-07
5.0150150150150152317e-01,2.9948162734195186425e-07
5.0450450450450445850e-01,3.1391806009213251305e-07
5.0750750750750750484e-01,3.2895749645288948324e-07
5.1051051051051055119e-01,3.4462135734423913693e-07
5.1351351351351348651e-01,3.6093154053247314517e-07
5.1651651651651653285e-01,3.7791069425262080359e-07
5.1951951951951946818e-01,3.9558207733794678619e-07
5.2252252252252251452e-01,4.1396955407537795553e-07
5.2552552552552556087e-01,4.3309780323523121862e-07
5.2852852852852849619e-01,4.5299203662218038407e-07
5.3153153153153154253e-01,4.7367830247748297935e-07
5.3453453453453447786e-01,4.9518333355214788772e-07
5.3753753753753752420e-01,5.1753453544301277893e-07
5.4054054054054057055e-01,5.4076022323510055358e-07
5.4354354354354350587e-01,5.6488930657135796990e-07
5.4654654654654655221e-01,5.8995162414287913238e-07
5.4954954954954959856e-01,6.1597777954924896324e-07
5.5255255255255253388e-01,6.4299912166244023656e-07
5.5555555555555558023e-01,6.7104801219437754938e-07
5.5855855855855851555e-01,7.0015747328347512283e-07
5.6156156156156156189e-01,7.3036155634989122139e-07
5.6456456456456460824e-01,7.6169516500617516992e-07
5.6756756756756754356e-01,7.9419402558209976447e-07
5.7057057057057058991e-01,8.2789498917910466933e-07
5.7357357357357352523e-01,8.6283563870943744272e-07
5.7657657657657657158e-01,8.9905469350387287222e-07
5.7957957957957961792e-01,9.3659181985538419436e-07
5.8258258258258255324e-01,9.7548759003068578156e-07
5.8558558558558559959e-01,1.0157838213955382850e-06
5.8858858858858853491e-01,1.0575231403279695866e-06
5.9159159159159158126e-01,1.1007494244048760660e-06
5.9459459459459462760e-01,1.1455076006178803803e-06
5.9759759759759756292e-01,1.1918435907308076489e-06
6.0060060060060060927e-01,1.2398046914974361331e-06
6.0360360360360354459e-01,1.2894390914033760639e-06
6.0660660660660659094e-01,1.3407963530833217253e-06
6.0960960960960963728e-01,1.3939271991500300681e-06
6.1261261261261257260e-01,1.4488834418197410985e-06
6.1561561561561561895e-01,1.5057184075941389831e-06
6.1861861861861866529e-01,1.5644864037578055737e-06
6.2162162162162160062e-01,1.6252432428037346028e-06
6.2462462462462464696e-01,1.6880460164842053572e-06
6.2762762762762758229e-01,1.7529530071369386379e-06
6.3063063063063062863e-01,1.8200241605418269822e-06
6.3363363363363367498e-01,1.8893204988414246226e-06
6.3663663663663661030e-01,1.9609046894147129478e-06
6.3963963963963965664e-01,2.0348408064907183610e-06
6.4264264264264259197e-01,2.1111942225330854890e-06
6.4564564564564563831e-01,2.1900321333926524844e-06
6.4864864864864868466e-01,2.2714229134061615879e-06
6.5165165165165161998e-01,2.3554367306834501035e-06
6.5465465465465466632e-01,2.4421452977205905958e-06
6.5765765765765760165e-01,2.5316217392203219673e-06
6.6066066066066064799e-01,2.6239411742557438635e-06
6.6366366366366369434e-01,2.7191800095127517720e-06
6.6666666666666662966e-01,2.8174166032810214953e-06
6.6966966966966967600e-01,2.9187310054845276515e-06
6.7267267267267261133e-01,3.0232047991962040223e-06
6.7567567567567565767e-01,3.1309217440360696874e-06
6.7867867867867870402e-01,3.2419670038078749247e-06
6.8168168168168163934e-01,3.3564278614495579878e-06
6.8468468468468468568e-01,3.4743934489068699871e-06
6.8768768768768773203e-01,3.5959545591022457475e-06
6.9069069069069066735e-01,3.7212043559710058188e-06
6.9369369369369371370e-01,3.8502375316601273808e-06
6.9669669669669664902e-01,3.9831510745498349343e-06
6.9969969969969969537e-01,4.1200439903961929449e-06
7.0270270270270274171e-01,4.2610170813423986372e-06
7.0570570570570567703e-01,4.4061737266468536882e-06
7.0870870870870872338e-01,4.5556189663500613866e-06
7.1171171171171165870e-01,4.7094603238454792104e-06
7.1471471471471470505e-01,4.8678075193818306644e-06
7.1771771771771775139e-01,5.0307722125517951328e-06
7.2072072072072068671e-01,5.1984688591995585060e-06
7.2372372372372373306e-01,5.3710137165633363117e-06
7.2672672672672666838e-01,5.5485257227048765001e-06
7.2972972972972971473e-01,5.7311262040831852422e-06
7.3273273273273276107e-01,5.9189385769181739242e-06
7.3573573573573569639e-01,6.1120892861780969261e-06
7.3873873873873874274e-01,6.3107067275149985065e-06
7.4174174174174178908e-01,6.5149221858412159346e-06
7.4474474474474472441e-01,6.7248695377869271845e-06
7.4774774774774777075e-01,6.9406849086403130602e-06
7.5075075075075070608e-01,7.1625076980600540063e-06
7.5375375375375375242e-01,7.3904794153226299622e-06
7.5675675675675679877e-01,7.6247446778836351408e-06
7.5975975975975973409e-01,7.8654509114492550859e-06
7.6276276276276278043e-01,8.1127479571264896101e-06
7.6576576576576571576e-01,8.3667891905754140973e-06
7.6876876876876876210e-01,8.6277302651628924699e-06
7.7177177177177180845e-01,8.8957301728331178751e-06
7.7477477477477474377e-01,9.1709509433746312125e-06
7.7777777777777779011e-01,9.4535571972865597751e-06
7.8078078078078072544e-01,9.7437173645122680316e-06
7.8378378378378377178e-01,1.0041602330580670210e-05
7.8678678678678681813e-01,1.0347386561281271775e-05
7.8978978978978975345e-01,1.0661247804044460621e-05
7.9279279279279279979e-01,1.0983366581095812509e-05
7.9579579579579573512e-01,1.1313927513671042757e-05
7.9879879879879878146e-01,1.1653117867032975824e-05
8.0180180180180182781e-01,1.2001128740366954822e-05
8.0480480480480476313e-01,1.2358154772258295444e-05
8.0780780780780780947e-01,1.2724393569292167451e-05
8.1081081081081085582e-01,1.3100047142412086666e-05
8.1381381381381379114e-01,1.3485320345482429186e-05
8.1681681681681683749e-01,1.3880422131944733155e-05
8.1981981981981977281e-01,1.4285565267538776873e-05
8.2282282282282281916e-01,1.4700965688470779628e-05
8.2582582582582586550e-01,1.5126844056391358333e-05
8.2882882882882880082e-01,1.5563424085967474206e-05
8.3183183183183184717e-01,1.6010933869585714206e-05
8.3483483483483478249e-01,1.6469605600418582320e-05
8.3783783783783782884e-01,1.6939674853629794343e-05
8.4084084084084087518e-01,1.7421382267756394408e-05
8.4384384384384381050e-01,1.7914971755957987201e-05
8.4684684684684685685e-01,1.8420691899986604525e-05
8.4984984984984979217e-01,1.8938795686505169248e-05
8.5285285285285283852e-01,1.9469539705883875529e-05
8.5585585585585588486e-01,2.0013185966621868932e-05
8.5885885885885882018e-01,2.0569999985425918489e-05
8.6186186186186186653e-01,2.1140252251142348510e-05
8.6486486486486491287e-01,2.1724217978691578773e-05
8.6786786786786784820e-01,2.2322176218259552329e-05
8.7087087087087089454e-01,2.2934411810106747776e-05
8.7387387387387382987e-01,2.3561213349098750354e-05
8.7687687687687687621e-01,2.4202874718609742547e-05
8.7987987987987992256e-01,2.4859694866674078123e-05
8.8288288288288285788e-01,2.5531976818447001370e-05
8.8588588588588590422e-01,2.6220029778902732056e-05
8.8888888888888883955e-01,2.6924166966839170248e-05
8.9189189189189188589e-01,2.7644707219773406964e-05
8.9489489489489493224e-01,2.8381974795940278204e-05
8.9789789789789786756e-01,2.9136298283050034077e-05
9.0090090090090091390e-01,2.9908012857046952030e-05
9.0390390390390384923e-01,3.0697457980278491777e-05
9.0690690690690689557e-01,3.1504979077393014102e-05
9.0990990990990994192e-01,3.2330927368502116977e-05
9.1291291291291287724e-01,3.3175658666460810110e-05
9.1591591591591592358e-01,3.4039535799426308188e-05
9.1891891891891885891e-01,3.4922926168272454804e-05
9.2192192192192190525e-01,3.5826203493885952413e-05
9.2492492492492495160e-01,3.6749747686473264660e-05
9.2792792792792788692e-01,3.7693943523278488836e-05
9.3093093093093093326e-01,3.8659183242943216013e-05
9.3393393393393397961e-01,3.9645863957954017209e-05
9.3693693693693691493e-01,4.0654389472504127599e-05
9.3993993993993996128e-01,4.1685170193556958941e-05
9.4294294294294289660e-01,4.2738621680991580910e-05
9.4594594594594594295e-01,4.3815167421908049483e-05
9.4894894894894898929e-01,4.4915236093147554216e-05
9.5195195195195192461e-01,4.6039263449591119408e-05
9.5495495495495497096e-01,4.7187692282519078167e-05
9.5795795795795790628e-01,4.8360970833762696773e-05
9.6096096096096095263e-01,4.9559555758388736070e-05
9.6396396396396399897e-01,5.0783909232621266179e-05
9.6696696696696693429e-01,5.2034500911405368842e-05
9.6996996996996998064e-01,5.3311807941150151800e-05
9.7297297297297291596e-01,5.4616313228183204908e-05
9.7597597597597596231e-01,5.5948508598581605654e-05
9.7897897897897900865e-01,5.7308891747024104130e-05
9.8198198198198194397e-01,5.8697968262824476156e-05
9.8498498498498499032e-01,6.0116251702843888989e-05
9.8798798798798792564e-01,6.1564261705980110858e-05
9.9099099099099097199e-01,6.3042527358240677904e-05
9.9399399399399401833e-01,6.4551583978484045143e-05
9.9699699699699695365e-01,6.6091975210854305334e-05
1.0000000000000000000e+00,6.7664253165867658743e-05
1.0030030030030030463e+00,6.9268976370608984481e-05
1.0060060060060060927e+00,7.0906713348105684805e-05
1.0090090090090089170e+00,7.2578039235526037591e-05
1.0120120120120119633e+00,7.4283537941607756137e-05
1.0150150150150150097e+00,7.6023802363089381284e-05
1.0180180180180180560e+00,7.7799432160807334858e-05
1.0210210210210211024e+00,7.9611037562193312685e-05
1.0240240240240239267e+00,8.1459235808088449301e-05
1.0270270270270269730e+00,8.3344653372520306040e-05
1.0300300300300300194e+00,8.5267926262706748570e-05
1.0330330330330330657e+00,8.7229697610930259644e-05
1.0360360360360361121e+00,8.9230621708864671913e-05
1.0390390390390389364e+00,9.1271360279134353382e-05
1.0420420420420419827e+00,9.3352584755137970988e-05
1.0450450450450450290e+00,9.5474976672837359747e-05
1.0480480480480480754e+00,9.7639225067869497734e-05
1.0510510510510511217e+00,9.9846030750731909259e-05
1.0540540540540539460e+00,1.0209610239942771583e-04
1.0570570570570569924e+00,1.0439015889630580305e-04
1.0600600600600600387e+00,1.0672892982066974467e-04
1.0630630630630630851e+00,1.0911315264014258795e-04
1.0660660660660661314e+00,1.1154357723567070624e-04
1.0690690690690689557e+00,1.1402096181201109421e-04
1.0720720720720720021e+00,1.1654607528794190172e-04
1.0750750750750750484e+00,1.1911969789936948923e-04
1.0780780780780780947e+00,1.2174261817341024800e-04
1.0810810810810811411e+00,1.2441563771250577501e-04
1.0840840840840839654e+00,1.2713956691951742431e-04
1.0870870870870870117e+00,1.2991522743745459022e-04
1.0900900900900900581e+00,1.3274345287284528960e-04
1.0930930930930931044e+00,1.3562508554100220922e-04
1.0960960960960961508e+00,1.3856098151844087937e-04
1.0990990990990991971e+00,1.4155200617959617124e-04
1.1021021021021020214e+00,1.4459903668169717876e-04
1.1051051051051050678e+00,1.4770296281895871912e-04
1.1081081081081081141e+00,1.5086468352711981705e-04
1.1111111111111111605e+00,1.5408511221302406908e-04
1.1141141141141142068e+00,1.5736517210071569945e-04
1.1171171171171170311e+00,1.6070579875651064120e-04
1.1201201201201200774e+00,1.6410794108486951659e-04
1.1231231231231231238e+00,1.6757255757987203149e-04
1.1261261261261261701e+00,1.7110062194151061973e-04
1.1291291291291292165e+00,1.7469311822828595578e-04
1.1321321321321320408e+00,1.7835104341762449023e-04
1.1351351351351350871e+00,1.8207540855469389477e-04
1.1381381381381381335e+00,1.8586723473828646765e-04
1.1411411411411411798e+00,1.8972755903271613649e-04
1.1441441441441442262e+00,1.9365742942538088076e-04
1.1471471471471470505e+00,1.9765790741628616253e-04
1.1501501501501500968e+00,2.0173006933201574988e-04
1.1531531531531531432e+00,2.0587500203294055098e-04
1.1561561561561561895e+00,2.1009380912994146998e-04
1.1591591591591592358e+00,2.1438760574516043094e-04
1.1621621621621620601e+00,2.1875752112443408470e-04
1.1651651651651651065e+00,2.2320470012878433370e-04
1.1681681681681681528e+00,2.2773029864969063360e-04
1.1711711711711711992e+00,2.3233549014000149280e-04
1.1741741741741742455e+00,2.3702146017616195287e-04
1.1771771771771770698e+00,2.4178940908724808403e-04
1.1801801801801801162e+00,2.4664055363642187375e-04
1.1831831831831831625e+00,2.5157612213126104208e-04
1.1861861861861862089e+00,2.5659736127740004168e-04
1.1891891891891892552e+00,2.6170553054189019419e-04
1.1921921921921920795e+00,2.6690190479080786682e-04
1.1951951951951951258e+00,2.7218777617477339431e-04
1.1981981981981981722e+00,2.7756444891990662014e-04
1.2012012012012012185e+00,2.8303324651393439986e-04
1.2042042042042042649e+00,2.8859550586935307738e-04
1.2072072072072070892e+00,2.9425257996219518573e-04
1.2102102102102101355e+00,3.0000583993546736791e-04
1.2132132132132131819e+00,3.0585666955681111139e-04
1.2162162162162162282e+00,3.1180647274548520340e-04
1.2192192192192192746e+00,3.1785666753578618307e-04
1.2222222222222223209e+00,3.2400868870814745603e-04
1.2252252252252251452e+00,3.3026399012501313907e-04
1.2282282282282281916e+00,3.3662403884071438482e-04
1.2312312312312312379e+00,3.4309032297848200905e-04
1.2342342342342342842e+00,3.4966434549408724258e-04
1.2372372372372373306e+00,3.5634762679007526802e-04
1.2402402402402401549e+00,3.6314170729968001843e-04
1.2432432432432432012e+00,3.7004814123391517947e-04
1.2462462462462462476e+00,3.7706850481728892543e-04
1.2492492492492492939e+00,3.8420438985248554949e-04
1.2522522522522523403e+00,3.9145740630840554324e-04
1.2552552552552551646e+00,3.9882918516700419272e-04
1.2582582582582582109e+00,4.0632137179350371389e-04
1.2612612612612612573e+00,4.1393563453868720574e-04
1.2642642642642643036e+00,4.2167365810635013598e-04
1.2672672672672673500e+00,4.2953714610438511849e-04
1.2702702702702701743e+00,4.3752782417124291749e-04
1.2732732732732732206e+00,4.4564743295342400470e-04
1.2762762762762762669e+00,4.5389773708346157566e-04
1.2792792792792793133e+00,4.6228051835130439667e-04
1.2822822822822823596e+00,4.7079757820780158322e-04
1.2852852852852851839e+00,4.7945074118748104517e-04
1.2882882882882882303e+00,4.8824184747776091771e-04
1.2912912912912912766e+00,4.9717276228095107823e-04
1.2942942942942943230e+00,5.0624536879188451136e-04
1.2972972972972973693e+00,5.1546157064195235499e-04
1.3003003003003001936e+00,5.2482329563541870593e-04
1.3033033033033032400e+00,5.3433248789510787938e-04
1.3063063063063062863e+00,5.4399111761592043764e-04
1.3093093093093093326e+00,5.5380117385163765437e-04
1.3123123123123123790e+00,5.6376466688732814782e-04
1.3153153153153152033e+00,5.7388363230719420093e-04
1.3183183183183182496e+00,5.8416012270055080093e-04
1.3213213213213212960e+00,5.9459621781491288611e-04
1.3243243243243243423e+00,6.0519401715523597849e-04
1.3273273273273273887e+00,6.1595564227188829599e-04
1.3303303303303302130e+00,6.2688324117817861934e-04
1.3333333333333332593e+00,6.3797897960088433347e-04
1.3363363363363363057e+00,6.4924505154008991300e-04
1.3393393393393393520e+00,6.6068367168510598944e-04
1.3423423423423423984e+00,6.7229707760412102304e-04
1.3453453453453452227e+00,6.8408753453074008961e-04
1.3483483483483482690e+00,6.9605732614221309685e-04
1.3513513513513513153e+00,7.0820876553389180454e-04
1.3543543543543543617e+00,7.2054418745595423361e-04
1.3573573573573574080e+00,7.3306595039072898132e-04
1.3603603603603604544e+00,7.4577644172720903345e-04
1.3633633633633632787e+00,7.5867806805134346652e-04
1.3663663663663663250e+00,7.7177326654125967022e-04
1.3693693693693693714e+00,7.8506449703066340240e-04
1.3723723723723724177e+00,7.9855424395826443609e-04
1.3753753753753754641e+00,8.1224502195065609571e-04
1.3783783783783782884e+00,8.2613936560766267417e-04
1.3813813813813813347e+00,8.4023984132531638353e-04
1.3843843843843843811e+00,8.5454903919129237590e-04
1.3873873873873874274e+00,8.6906957479107572150e-04
1.3903903903903904737e+00,8.8380409521947788862e-04
1.3933933933933932980e+00,8.9875526834446892947e-04
1.3963963963963963444e+00,9.1392579506425857244e-04
1.3993993993993993907e+00,9.2931840104134807480e-04
1.4024024024024024371e+00,9.4493583834878356036e-04
1.4054054054054054834e+00,9.6078089193173913263e-04
1.4084084084084083077e+00,9.7685636833277846199e-04
1.4114114114114113541e+00,9.9316510838888170075e-04
1.4144144144144144004e+00,1.0097099788115115708e-03
1.4174174174174174468e+00,1.0264938736558452178e-03
1.4204204204204204931e+00,1.0435197212536461309e-03
1.4234234234234233174e+00,1.0607904723832898598e-03
1.4264264264264263637e+00,1.0783091134122884096e-03
1.4294294294294294101e+00,1.0960786577312192115e-03
1.4324324324324324564e+00,1.1141021470278892735e-03
1.4354354354354355028e+00,1.1323826587138110644e-03
1.4384384384384383271e+00,1.1509232935218182727e-03
1.4414414414414413734e+00,1.1697271890992373168e-03
1.4444444444444444198e+00,1.1887975113045057968e-03
1.4474474474474474661e+00,1.2081374552673465779e-03
1.4504504504504505125e+00,1.2277502533314939119e-03
1.4534534534534533368e+00,1.2476391620629748418e-03
1.4564564564564563831e+00,1.2678074762985077142e-03
1.4594594594594594295e+00,1.2882585203140564049e-03
1.4624624624624624758e+00,1.3089956486517656271e-03
1.4654654654654655221e+00,1.3300222546016042709e-03
1.4684684684684683464e+00,1.3513417566034839016e-03
1.4714714714714713928e+00,1.3729576127548166753e-03
1.4744744744744744391e+00,1.3948733118613577345e-03
1.4774774774774774855e+00,1.4170923740106275944e-03
1.4804804804804805318e+00,1.4396183596161633844e-03
1.4834834834834835782e+00,1.4624548551963113038e-03
1.4864864864864864025e+00,1.4856054883448301541e-03
1.4894894894894894488e+00,1.5090739186750801171e-03
1.4924924924924924952e+00,1.5328638381188290900e-03
1.4954954954954955415e+00,1.5569789805571253912e-03
1.4984984984984985878e+00,1.5814231069588386910e-03
1.5015015015015014122e+00,1.6062000208173952357e-03
1.5045045045045044585e+00,1.6313135590000367014e-03
1.5075075075075075048e+00,1.6567675917504214120e-03
1.5105105105105105512e+00,1.6825660329305154421e-03
1.5135135135135135975e+00,1.7087128245018203682e-03
1.5165165165165164218e+00,1.7352119524308702407e-03
1.5195195195195194682e+00,1.7620674374563922646e-03
1.5225225225225225145e+00,1.7892833347730040423e-03
1.5255255255255255609e+00,1.8168637449088290061e-03
1.5285285285285286072e+00,1.8448127975329122515e-03
1.5315315315315314315e+00,1.8731346678312436882e-03
1.5345345345345344779e+00,1.9018335672054305363e-03
1.5375375375375375242e+00,1.9309137426140419048e-03
1.5405405405405405705e+00,1.9603794881114045348e-03
1.5435435435435436169e+00,1.9902351279643859701e-03
1.5465465465465464412e+00,2.0204850335002249792e-03
1.5495495495495494875e+00,2.0511336137510327582e-03
1.5525525525525525339e+00,2.0821853144288716801e-03
1.5555555555555555802e+00,2.1136446301509600847e-03
1.5585585585585586266e+00,2.1455160868489612722e-03
1.5615615615615614509e+00,2.1778042590897598273e-03
1.5645645645645644972e+00,2.2105137606808328808e-03
1.5675675675675675436e+00,2.2436492432543310785e-03
1.5705705705705705899e+00,2.2772154092046445299e-03
1.5735735735735736363e+00,2.3112169933743090776e-03
1.5765765765765764606e+00,2.3456587808473186932e-03
1.5795795795795795069e+00,2.3805455975320099528e-03
1.5825825825825825532e+00,2.4158823083282651017e-03
1.5855855855855855996e+00,2.4516738308038962986e-03
1.5885885885885886459e+00,2.4879251161409334479e-03
1.5915915915915914702e+00,2.5246411674008173778e-03
1.5945945945945945166e+00,2.5618270301020003472e-03
1.5975975975975975629e+00,2.5994877899438166742e-03
1.6006006006006006093e+00,2.6376285872483683573e-03
1.6036036036036036556e+00,2.6762545971511213921e-03
1.6066066066066067020e+00,2.7153710483368621344e-03
1.6096096096096095263e+00,2.7549832136297765402e-03
1.6126126126126125726e+00,2.7950964072471010113e-03
1.6156156156156156189e+00,2.8357160000333243161e-03
1.6186186186186186653e+00,2.8768473988794061522e-03
1.6216216216216217116e+00,2.9184960659274241344e-03
1.6246246246246245359e+00,2.9606675091921521442e-03
1.6276276276276275823e+00,3.0033672793166139511e-03
1.6306306306306306286e+00,3.0466009856255924296e-03
1.6336336336336336750e+00,3.0903742747585604203e-03
1.6366366366366367213e+00,3.1346928503395098640e-03
1.6396396396396395456e+00,3.1795624636506251981e-03
1.6426426426426425920e+00,3.2249889098605825227e-03
1.6456456456456456383e+00,3.2709780449249317366e-03
1.6486486486486486847e+00,3.3175357634171319561e-03
1.6516516516516517310e+00,3.3646680186603119232e-03
1.6546546546546545553e+00,3.4123808134732579525e-03
1.6576576576576576016e+00,3.4606801958423846766e-03
1.6606606606606606480e+00,3.5095722766963397508e-03
1.6636636636636636943e+00,3.5590632069211589235e-03
1.6666666666666667407e+00,3.6091591979490497515e-03
1.6696696696696695650e+00,3.6598665125991344804e-03
1.6726726726726726113e+00,3.7111914601628400931e-03
1.6756756756756756577e+00,3.7631404150806993004e-03
1.6786786786786787040e+00,3.8157197931274109380e-03
1.6816816816816817504e+00,3.8689360724520373280e-03
1.6846846846846845747e+00,3.9227957845367382797e-03
1.6876876876876876210e+00,3.9773055086646299378e-03
1.6906906906906906674e+00,4.0324718915265072780e-03
1.6936936936936937137e+00,4.0883016225623878409e-03
1.6966966966966967600e+00,4.1448014554467480647e-03
1.6996996996996995843e+00,4.2019781991890232248e-03
1.7027027027027026307e+00,4.2598387119526012062e-03
1.7057057057057056770e+00,4.3183899216194688436e-03
1.7087087087087087234e+00,4.3776388002749466732e-03
1.7117117117117117697e+00,4.4375923861306931437e-03
1.7147147147147145940e+00,4.4982577747921456690e-03
1.7177177177177176404e+00,4.5596421123962364505e-03
1.7207207207207206867e+00,4.6217526171620825284e-03
1.7237237237237237331e+00,4.6845965530064870297e-03
1.7267267267267267794e+00,4.7481812518961217726e-03
1.7297297297297298257e+00,4.8125141053083153944e-03
1.7327327327327326500e+00,4.8776025566542599923e-03
1.7357357357357356964e+00,4.9434541238441275651e-03
1.7387387387387387427e+00,5.0100763720211079558e-03
1.7417417417417417891e+00,5.0774769363337293390e-03
1.7447447447447448354e+00,5.1456635136166127553e-03
1.7477477477477476597e+00,5.2146438540657813476e-03
1.7507507507507507061e+00,5.2844257848455068738e-03
1.7537537537537537524e+00,5.3550171819297474191e-03
1.7567567567567567988e+00,5.4264259932835373634e-03
1.7597597597597598451e+00,5.4986602307925194766e-03
1.7627627627627626694e+00,5.5717279611558114677e-03
1.7657657657657657158e+00,5.6456373305629557052e-03
1.7687687687687687621e+00,5.7203965356325200964e-03
1.7717717717717718084e+00,5.7960138469912323919e-03
1.7747747747747748548e+00,5.8724976014814774319e-03
1.7777777777777776791e+00,5.9498561922371861338e-03
1.7807807807807807254e+00,6.0280980944585928205e-03
1.7837837837837837718e+00,6.1072318354382848157e-03
1.7867867867867868181e+00,6.1872660185252519385e-03
1.7897897897897898645e+00,6.2682093156411957530e-03
1.7927927927927926888e+00,6.3500704565035738514e-03
1.7957957957957957351e+00,6.4328582555259958276e-03
1.7987987987987987815e+00,6.5165815809228025066e-03
1.8018018018018018278e+00,6.6012493790443488653e-03
1.8048048048048048742e+00,6.6868706672333615842e-03
1.8078078078078076985e+00,6.7734545221593686279e-03
1.8108108108108107448e+00,6.8610101078721147383e-03
1.8138138138138137911e+00,6.9495466439765804165e-03
1.8168168168168168375e+00,7.0390734303245596978e-03
1.8198198198198198838e+00,7.1295998402437265121e-03
1.8228228228228227081e+00,7.2211353079467558227e-03
1.8258258258258257545e+00,7.3136893577651724760e-03
1.8288288288288288008e+00,7.4072715713873809804e-03
1.8318318318318318472e+00,7.5018916128905665380e-03
1.8348348348348348935e+00,7.5975592223763085964e-03
1.8378378378378377178e+00,7.6942842024169174481e-03
1.8408408408408407642e+00,7.7920764484968457753e-03
1.8438438438438438105e+00,7.8909459153076802473e-03
1.8468468468468468568e+00,7.9909026421028043347e-03
1.8498498498498499032e+00,8.0919567467741485706e-03
1.8528528528528527275e+00,8.1941184112981658993e-03
1.8558558558558557738e+00,8.2973979134106767147e-03
1.8588588588588588202e+00,8.4018055919534047338e-03
1.8618618618618618665e+00,8.5073518725321765205e-03
1.8648648648648649129e+00,8.6140472620705194756e-03
1.8678678678678679592e+00,8.7219023332172716106e-03
1.8708708708708707835e+00,8.8309277572811567536e-03
1.8738738738738738299e+00,8.9411342686255002032e-03
1.8768768768768768762e+00,9.0525326906098508434e-03
1.8798798798798799226e+00,9.1651339306581380145e-03
1.8828828828828829689e+00,9.2789489635892175023e-03
1.8858858858858857932e+00,9.3939888658370346991e-03
1.8888888888888888395e+00,9.5102647788903732495e-03
1.8918918918918918859e+00,9.6277879354967829673e-03
1.8948948948948949322e+00,9.7465696552832600114e-03
1.8978978978978979786e+00,9.8666213269708660794e-03
1.9009009009009008029e+00,9.9879544439054855631e-03
1.9039039039039038492e+00,1.0110580566541101447e-02
1.9069069069069068956e+00,1.0234511348883153226e-02
1.9099099099099099419e+00,1.0359758534701064836e-02
1.9129129129129129883e+00,1.0486333938587487705e-02
1.9159159159159158126e+00,1.0614249482824442833e-02
1.9189189189189188589e+00,1.0743517158909313830e-02
1.9219219219219219053e+00,1.0874149054213836166e-02
1.9249249249249249516e+00,1.1006157348828673331e-02
1.9279279279279279979e+00,1.1139554295427631439e-02
1.9309309309309308222e+00,1.1274352257492977966e-02
1.9339339339339338686e+00,1.1410563669885399191e-02
1.9369369369369369149e+00,1.1548201065692528799e-02
1.9399399399399399613e+00,1.1687277073747484937e-02
1.9429429429429430076e+00,1.1827804397257730973e-02
1.9459459459459458319e+00,1.1969795853413050385e-02
1.9489489489489488783e+00,1.2113264333001531187e-02
1.9519519519519519246e+00,1.2258222827420730064e-02
1.9549549549549549710e+00,1.2404684426912598177e-02
1.9579579579579580173e+00,1.2552662297916922923e-02
1.9609609609609608416e+00,1.2702169724084196381e-02
1.9639639639639638879e+00,1.2853220064941219339e-02
1.9669669669669669343e+00,1.3005826783036043837e-02
1.9699699699699699806e+00,1.3160003442932128453e-02
1.9729729729729730270e+00,1.3315763687245492711e-02
1.9759759759759758513e+00,1.3473121279082863819e-02
1.9789789789789788976e+00,1.3632090059762395906e-02
1.9819819819819819440e+00,1.3792683976061986470e-02
1.9849849849849849903e+00,1.3954917080017980799e-02
1.9879879879879880367e+00,1.4118803503606053643e-02
1.9909909909909910830e+00,1.4284357502625593186e-02
1.9939939939939939073e+00,1.4451593413483013878e-02
1.9969969969969969537e+00,1.4620525680511638894e-02
2.0000000000000000000e+00,1.4791168856621012342e-02
2.0030030030030028243e+00,1.4963537576580570460e-02
2.0060060060060060927e+00,1.5137646602369903351e-02
2.0090090090090089170e+00,1.5313510779033165030e-02
2.0120120120120121854e+00,1.5491145062037282865e-02
2.0150150150150150097e+00,1.5670564518818558969e-02
2.0180180180180178340e+00,1.5851784300628626867e-02
2.0210210210210211024e+00,1.6034819689368703249e-02
2.0240240240240239267e+00,1.6219686052525626729e-02
2.0270270270270271951e+00,1.6406398870533325102e-02
2.0300300300300300194e+00,1.6594973739264891333e-02
2.0330330330330328437e+00,1.6785426340399280803e-02
2.0360360360360361121e+00,1.6977772489757701757e-02
2.0390390390390389364e+00,1.7172028091332992156e-02
2.0420420420420422047e+00,1.7368209164617679635e-02
2.0450450450450450290e+00,1.7566331848090498136e-02
2.0480480480480478533e+00,1.7766412368062999005e-02
2.0510510510510511217e+00,1.7968467088534622461e-02
2.0540540540540539460e+00,1.8172512464328518383e-02
2.0570570570570572144e+00,1.8378565068348576284e-02
2.0600600600600600387e+00,1.8586641596110287100e-02
2.0630630630630628630e+00,1.8796758833025794394e-02
2.0660660660660661314e+00,1.9008933705793748525e-02
2.0690690690690689557e+00,1.9223183234656427559e-02
2.0720720720720722241e+00,1.9439524560545901055e-02
2.0750750750750750484e+00,1.9657974950710706274e-02
2.0780780780780778727e+00,1.9878551764397581203e-02
2.0810810810810811411e+00,2.0101272505791391298e-02
2.0840840840840839654e+00,2.0326154775409478737e-02
2.0870870870870872338e+00,2.0553216297095690951e-02
2.0900900900900900581e+00,2.0782474924793816612e-02
2.0930930930930928824e+00,2.1013948606583676693e-02
2.0960960960960961508e+00,2.1247655439183860127e-02
2.0990990990990989751e+00,2.1483613618500877612e-02
2.1021021021021022435e+00,2.1721841466428179479e-02
2.1051051051051050678e+00,2.1962357438819836430e-02
2.1081081081081078921e+00,2.2205180087840694497e-02
2.1111111111111111605e+00,2.2450328118045578818e-02
2.1141141141141139848e+00,2.2697820336103246425e-02
2.1171171171171172531e+00,2.2947675677356869223e-02
2.1201201201201200774e+00,2.3199913215052003074e-02
2.1231231231231229017e+00,2.3454552120959090006e-02
2.1261261261261261701e+00,2.3711611723041162159e-02
2.1291291291291289944e+00,2.3971111454373854321e-02
2.1321321321321322628e+00,2.4233070879421482469e-02
2.1351351351351350871e+00,2.4497509704574389061e-02
2.1381381381381379114e+00,2.4764447737002103639e-02
2.1411411411411411798e+00,2.5033904943920728958e-02
2.1441441441441440041e+00,2.5305901400731554279e-02
2.1471471471471472725e+00,2.5580457316965576203e-02
2.1501501501501500968e+00,2.5857593048186335027e-02
2.1531531531531529211e+00,2.6137329053031645859e-02
2.1561561561561561895e+00,2.6419685954091269575e-02
2.1591591591591590138e+00,2.6704684485288055634e-02
2.1621621621621622822e+00,2.6992345517442457858e-02
2.1651651651651651065e+00,2.7282690071597139742e-02
2.1681681681681679308e+00,2.7575739274206607227e-02
2.1711711711711711992e+00,2.7871514419633425241e-02
2.1741741741741740235e+00,2.8170036916797980275e-02
2.1771771771771772919e+00,2.8471328314312933927e-02
2.1801801801801801162e+00,2.8775410315287276719e-02
2.1831831831831833846e+00,2.9082304730622298566e-02
2.1861861861861862089e+00,2.9392033543134132856e-02
2.1891891891891890332e+00,2.9704618853500206616e-02
2.1921921921921923015e+00,3.0020082904911354199e-02
2.1951951951951951258e+00,3.0338448099414151021e-02
2.1981981981981983942e+00,3.0659736949271716722e-02
2.2012012012012012185e+00,3.0983972142720014875e-02
2.2042042042042040428e+00,3.1311176489238999598e-02
2.2072072072072073112e+00,3.1641372943670330320e-02
2.2102102102102101355e+00,3.1974584624156886237e-02
2.2132132132132134039e+00,3.2310834761527115755e-02
2.2162162162162162282e+00,3.2650146766689293332e-02
2.2192192192192190525e+00,3.2992544175257876304e-02
2.2222222222222223209e+00,3.3338050671080074472e-02
2.2252252252252251452e+00,3.3686690105830502384e-02
2.2282282282282284136e+00,3.4038486446378968253e-02
2.2312312312312312379e+00,3.4393463843825550219e-02
2.2342342342342340622e+00,3.4751646577516753789e-02
2.2372372372372373306e+00,3.5113059077925716511e-02
2.2402402402402401549e+00,3.5477725947963868747e-02
2.2432432432432434233e+00,3.5845671908293005870e-02
2.2462462462462462476e+00,3.6216921868004035845e-02
2.2492492492492490719e+00,3.6591500868057742768e-02
2.2522522522522523403e+00,3.6969434103460825647e-02
2.2552552552552551646e+00,3.7350746946356011557e-02
2.2582582582582584330e+00,3.7735464889238269637e-02
2.2612612612612612573e+00,3.8123613617279061838e-02
2.2642642642642640816e+00,3.8515218951227427058e-02
2.2672672672672673500e+00,3.8910306868823234250e-02
2.2702702702702701743e+00,3.9308903529727545756e-02
2.2732732732732734426e+00,3.9711035216603442211e-02
2.2762762762762762669e+00,4.0116728409085554430e-02
2.2792792792792790912e+00,4.0526009726180471648e-02
2.2822822822822823596e+00,4.0938905946855487505e-02
2.2852852852852851839e+00,4.1355444036872267277e-02
2.2882882882882884523e+00,4.1775651087693821406e-02
2.2912912912912912766e+00,4.2199554392097000932e-02
2.2942942942942941009e+00,4.2627181386112558692e-02
2.2972972972972973693e+00,4.3058559668727625080e-02
2.3003003003003001936e+00,4.3493717030685476177e-02
2.3033033033033034620e+00,4.3932681391180138097e-02
2.3063063063063062863e+00,4.4375480875109306333e-02
2.3093093093093091106e+00,4.4822143754595644705e-02
2.3123123123123123790e+00,4.5272698467739361239e-02
2.3153153153153152033e+00,4.5727173649448060733e-02
2.3183183183183184717e+00,4.6185598065880864582e-02
2.3213213213213212960e+00,4.6648000693337729472e-02
2.3243243243243241203e+00,4.7114410659404880322e-02
2.3273273273273273887e+00,4.7584857260693391723e-02
2.3303303303303302130e+00,4.8059369995763011330e-02
2.3333333333333334814e+00,4.8537978497278477796e-02
2.3363363363363363057e+00,4.9020712612528889729e-02
2.3393393393393391300e+00,4.9507602344244075465e-02
2.3423423423423423984e+00,4.9998677867251380136e-02
2.3453453453453452227e+00,5.0493969563558907532e-02
2.3483483483483484910e+00,5.0993507952187246135e-02
2.3513513513513513153e+00,5.1497323771310596352e-02
2.3543543543543541396e+00,5.2005447918789214634e-02
2.3573573573573574080e+00,5.2517911467675641723e-02
2.3603603603603602323e+00,5.3034745703518668125e-02
2.3633633633633635007e+00,5.3555982051834954971e-02
2.3663663663663663250e+00,5.4081652161859679329e-02
2.3693693693693691493e+00,5.4611787846847489880e-02
2.3723723723723724177e+00,5.5146421098359967028e-02
2.3753753753753752420e+00,5.5685584125857195970e-02
2.3783783783783785104e+00,5.6229309281776371221e-02
2.3813813813813813347e+00,5.6777629146881836153e-02
2.3843843843843841590e+00,5.7330576470385877230e-02
2.3873873873873874274e+00,5.7888184182946889056e-02
2.3903903903903902517e+00,5.8450485438614599443e-02
2.3933933933933935201e+00,5.9017513537480914554e-02
2.3963963963963963444e+00,5.9589302012616751636e-02
2.3993993993993991687e+00,6.0165884570066538450e-02
2.4024024024024024371e+00,6.0747295100484717534e-02
2.4054054054054052614e+00,6.1333567723499737845e-02
2.4084084084084085298e+00,6.1924736707905964073e-02
2.4114114114114113541e+00,6.2520836560170572893e-02
2.4144144144144141784e+00,6.3121901964358378967e-02
2.4174174174174174468e+00,6.3727967792332931851e-02
2.4204204204204202711e+00,6.4339069150605845970e-02
2.4234234234234235394e+00,6.4955241298036536790e-02
2.4264264264264263637e+00,6.5576519735894178709e-02
2.4294294294294291880e+00,6.6202940147768965518e-02
2.4324324324324324564e+00,6.6834538408264060338e-02
2.4354354354354352807e+00,6.7471350632395760138e-02
2.4384384384384385491e+00,6.8113413090770694169e-02
2.4414414414414413734e+00,6.8760762301184108480e-02
2.4444444444444446418e+00,6.9413434968576839812e-02
2.4474474474474474661e+00,7.0071467992142283387e-02
2.4504504504504502904e+00,7.0734898517344310664e-02
2.4534534534534535588e+00,7.1403763848541038084e-02
2.4564564564564563831e+00,7.2078101542099412558e-02
2.4594594594594596515e+00,7.2757949346460182305e-02
2.4624624624624624758e+00,7.3443345207581639533e-02
2.4654654654654653001e+00,7.4134327323641821539e-02
2.4684684684684685685e+00,7.4830934055080539080e-02
2.4714714714714713928e+00,7.5533204019208058377e-02
2.4744744744744746612e+00,7.6241176030440740985e-02
2.4774774774774774855e+00,7.6954889104004192690e-02
2.4804804804804803098e+00,7.7674382513385181737e-02
2.4834834834834835782e+00,7.8399695697765045543e-02
2.4864864864864864025e+00,7.9130868358097905535e-02
2.4894894894894896709e+00,7.9867940397582409817e-02
2.4924924924924924952e+00,8.0610951923545393072e-02
2.4954954954954953195e+00,8.1359943307707446869e-02
2.4984984984984985878e+00,8.2114955090980629171e-02
2.5015015015015014122e+00,8.2876028080987027002e-02
2.5045045045045046805e+00,8.3643203292829593209e-02
2.5075075075075075048e+00,8.4416521949075090658e-02
2.5105105105105103291e+00,8.5196025542895639782e-02
2.5135135135135135975e+00,8.5981755740208928862e-02
2.5165165165165164218e+00,8.6773754478608911000e-02
2.5195195195195196902e+00,8.7572063908510577868e-02
2.5225225225225225145e+00,8.8376726391150045581e-02
2.5255255255255253388e+00,8.9187784564670483101e-02
2.5285285285285286072e+00,9.0005281243582965778e-02
2.5315315315315314315e+00,9.0829259519077318319e-02
2.5345345345345346999e+00,9.1659762700612712472e-02
2.5375375375375375242e+00,9.2496834311852835220e-02
2.5405405405405403485e+00,9.3340518159760313410e-02
2.5435435435435436169e+00,9.4190858231356949792e-02
2.5465465465465464412e+00,9.5047898795382432247e-02
2.5495495495495497096e+00,9.5911684344403447255e-02
2.5525525525525525339e+00,9.6782259588600941247e-02
2.5555555555555553582e+00,9.7659669527936712741e-02
2.5585585585585586266e+00,9.8543959346194046067e-02
2.5615615615615614509e+00,9.9435174513949203812e-02
2.5645645645645647193e+00,1.0033336073127353816e-01
2.5675675675675675436e+00,1.0123856391928964804e-01
2.5705705705705703679e+00,1.0215083029547272764e-01
2.5735735735735736363e+00,1.0307020626495511095e-01
2.5765765765765764606e+00,1.0399673852477085700e-01
2.5795795795795797289e+00,1.0493047400723193308e-01
2.5825825825825825532e+00,1.0587145986916327023e-01
2.5855855855855853775e+00,1.0681974357040695256e-01
2.5885885885885886459e+00,1.0777537276236960617e-01
2.5915915915915914702e+00,1.0873839539350603489e-01
2.5945945945945947386e+00,1.0970885965344216728e-01
2.5975975975975975629e+00,1.1068681395981024018e-01
2.6006006006006003872e+00,1.1167230704001143704e-01
2.6036036036036036556e+00,1.1266538781699717009e-01
2.6066066066066064799e+00,1.1366610551594592826e-01
2.6096096096096097483e+00,1.1467450960921823921e-01
2.6126126126126125726e+00,1.1569064980070062343e-01
2.6156156156156153969e+00,1.1671457611089169903e-01
2.6186186186186186653e+00,1.1774633875990458964e-01
2.6216216216216214896e+00,1.1878598827529106285e-01
2.6246246246246247580e+00,1.1983357543791393895e-01
2.6276276276276275823e+00,1.2088915126371008180e-01
2.6306306306306304066e+00,1.2195276709216362754e-01
2.6336336336336336750e+00,1.2302447446651480767e-01
2.6366366366366364993e+00,1.2410432524269077170e-01
2.6396396396396397677e+00,1.2519237153617424063e-01
2.6426426426426425920e+00,1.2628866570110328094e-01
2.6456456456456454163e+00,1.2739326042218576673e-01
2.6486486486486486847e+00,1.2850620859211145386e-01
2.6516516516516515090e+00,1.2962756342153292088e-01
2.6546546546546547773e+00,1.3075737838701700921e-01
2.6576576576576576016e+00,1.3189570720738730270e-01
2.6606606606606604259e+00,1.3304260393913353022e-01
2.6636636636636636943e+00,1.3419812285102100669e-01
2.6666666666666665186e+00,1.3536231853506705547e-01
2.6696696696696697870e+00,1.3653524585567167193e-01
2.6726726726726726113e+00,1.3771695992311233647e-01
2.6756756756756754356e+00,1.3890751619251354154e-01
2.6786786786786787040e+00,1.4010697033564803449e-01
2.6816816816816815283e+00,1.4131537835286156479e-01
2.6846846846846847967e+00,1.4253279652346695361e-01
2.6876876876876876210e+00,1.4375928137630869519e-01
2.6906906906906904453e+00,1.4499488979234051445e-01
2.6936936936936937137e+00,1.4623967887362648854e-01
2.6966966966966965380e+00,1.4749370605614825491e-01
2.6996996996996998064e+00,1.4875702906156348937e-01
2.7027027027027026307e+00,1.5002970586474334569e-01
2.7057057057057058991e+00,1.5131179480001782922e-01
2.7087087087087087234e+00,1.5260335442737324452e-01
2.7117117117117115477e+00,1.5390444364608951711e-01
2.7147147147147148161e+00,1.5521512164794951105e-01
2.7177177177177176404e+00,1.5653544788166473545e-01
2.7207207207207209088e+00,1.5786548216284043700e-01
2.7237237237237237331e+00,1.5920528453737164964e-01
2.7267267267267265574e+00,1.6055491539585017846e-01
2.7297297297297298257e+00,1.6191443542832159586e-01
2.7327327327327326500e+00,1.6328390558550767708e-01
2.7357357357357359184e+00,1.6466338719254039469e-01
2.7387387387387387427e+00,1.6605294180957058670e-01
2.7417417417417415670e+00,1.6745263134687060624e-01
2.7447447447447448354e+00,1.6886251802124549459e-01
2.7477477477477476597e+00,1.7028266431395489011e-01
2.7507507507507509281e+00,1.7171313308827179656e-01
2.7537537537537537524e+00,1.7315398744730578495e-01
2.7567567567567565767e+00,1.7460529084974399372e-01
2.7597597597597598451e+00,1.7606710706800546284e-01
2.7627627627627626694e+00,1.7753950014278185865e-01
2.7657657657657659378e+00,1.7902253450445979044e-01
2.7687687687687687621e+00,1.8051627482818027870e-01
2.7717717717717715864e+00,1.8202078615013891905e-01
2.7747747747747748548e+00,1.8353613382759328965e-01
2.7777777777777776791e+00,1.8506238348992454235e-01
2.7807807807807809475e+00,1.8659960116397550367e-01
2.7837837837837837718e+00,1.8814785312635667891e-01
2.7867867867867865961e+00,1.8970720602023621870e-01
2.7897897897897898645e+00,1.9127772681730359494e-01
2.7927927927927926888e+00,1.9285948276525852196e-01
2.7957957957957959572e+00,1.9445254151711291457e-01
2.7987987987987987815e+00,1.9605697098075763884e-01
2.8018018018018016058e+00,1.9767283943617200426e-01
2.8048048048048048742e+00,1.9930021549944187953e-01
2.8078078078078076985e+00,2.0093916806659364860e-01
2.8108108108108109668e+00,2.0258976644689238866e-01
2.8138138138138137911e+00,2.0425208020969831679e-01
2.8168168168168166154e+00,2.0592617930200371457e-01
2.8198198198198198838e+00,2.0761213401461450778e-01
2.8228228228228227081e+00,2.0931001492222761629e-01
2.8258258258258259765e+00,2.1101989302076334942e-01
2.8288288288288288008e+00,2.1274183957153391944e-01
2.8318318318318316251e+00,2.1447592621903180388e-01
2.8348348348348348935e+00,2.1622222495938270281e-01
2.8378378378378377178e+00,2.1798080807658865021e-01
2.8408408408408409862e+00,2.1975174828392834980e-01
2.8438438438438438105e+00,2.2153511856547286607e-01
2.8468468468468466348e+00,2.2333099229404146380e-01
2.8498498498498499032e+00,2.2513944320203552185e-01
2.8528528528528527275e+00,2.2696054531375584040e-01
2.8558558558558559959e+00,2.2879437309090611130e-01
2.8588588588588588202e+00,2.3064100127149220198e-01
2.8618618618618616445e+00,2.3250050498784977093e-01
2.8648648648648649129e+00,2.3437295973997937515e-01
2.8678678678678677372e+00,2.3625844132384096752e-01
2.8708708708708710056e+00,2.3815702598100021992e-01
2.8738738738738738299e+00,2.4006879023493771230e-01
2.8768768768768766542e+00,2.4199381100906930397e-01
2.8798798798798799226e+00,2.4393216560268254911e-01
2.8828828828828827469e+00,2.4588393161513324991e-01
2.8858858858858860152e+00,2.4784918709965059191e-01
2.8888888888888888395e+00,2.4982801039710747504e-01
2.8918918918918916638e+00,2.5182048025393050095e-01
2.8948948948948949322e+00,2.5382667580075973790e-01
2.8978978978978977565e+00,2.5584667647245346034e-01
2.9009009009009010249e+00,2.5788056216608234994e-01
2.9039039039039038492e+00,2.5992841307220304614e-01
2.9069069069069066735e+00,2.6199030979256154872e-01
2.9099099099099099419e+00,2.6406633332158657712e-01
2.9129129129129127662e+00,2.6615656496211920201e-01
2.9159159159159160346e+00,2.6826108648766239240e-01
2.9189189189189188589e+00,2.7037997997109242121e-01
2.9219219219219216832e+00,2.7251332790204163548e-01
2.9249249249249249516e+00,2.7466121317186031892e-01
2.9279279279279277759e+00,2.7682371898440855107e-01
2.9309309309309310443e+00,2.7900092902077705537e-01
2.9339339339339338686e+00,2.8119292727088440742e-01
2.9369369369369366929e+00,2.8339979815165589061e-01
2.9399399399399399613e+00,2.8562162646802868871e-01
2.9429429429429427856e+00,2.8785849734999463534e-01
2.9459459459459460540e+00,2.9011049651158354878e-01
2.9489489489489488783e+00,2.9237770980502875151e-01
2.9519519519519521467e+00,2.9466022328164176436e-01
2.9549549549549549710e+00,2.9695812455686543263e-01
2.9579579579579577953e+00,2.9927150112258693593e-01
2.9609609609609610636e+00,3.0160043598679703303e-01
2.9639639639639638879e+00,3.0394502156485486699e-01
2.9669669669669671563e+00,3.0630536237104905029e-01
2.9699699699699699806e+00,3.0868150381074077604e-01
2.9729729729729728049e+00,3.1107351595517918064e-01
2.9759759759759760733e+00,3.1348172663568163454e-01
2.9789789789789788976e+00,3.1590598793186830395e-01
2.9819819819819821660e+00,3.1834555872066422344e-01
2.9849849849849849903e+00,3.2080279331967853640e-01
2.9879879879879878146e+00,3.2327871803361524217e-01
2.9909909909909910830e+00,3.2576107223304678895e-01
2.9939939939939939073e+00,3.2826252750028400706e-01
2.9969969969969971757e+00,3.3082595281824339617e-01
3.0000000000000000000e+00,3.3333333333333337034e-01
