0.0000000000000000000e+00,1.5785445437061274010e-01
3.0030030030030029770e-03,-8.4993813508956869708e-10
6.0060060060060059539e-03,1.0024566665682484579e-08
9.0090090090090089309e-03,3.3565818553386813425e-08
1.2012012012012011908e-02,7.7268216616439824576e-08
1.5015015015015014885e-02,1.4881120381079173280e-07
1.8018018018018017862e-02,2.5502690024033739888e-07
2.1021021021021019104e-02,4.0307946502147297184e-07
2.4024024024024023816e-02,5.9951707151786887687e-07
2.7027027027027028527e-02,8.5102717422384400432e-07
3.0030030030030029770e-02,1.1643327340128064653e-06
3.3033033033033031012e-02,1.5458085798488705619e-06
3.6036036036036035723e-02,2.0021095910551965028e-06
3.9039039039039040435e-02,2.5395847382136692642e-06
4.2042042042042038208e-02,3.1646148019272778424e-06
4.5045045045045042920e-02,3.8835943363235040794e-06
4.8048048048048047631e-02,4.7026822856298518974e-06
5.1051051051051052343e-02,5.6281942164554012769e-06
5.4054054054054057055e-02,6.6662345728236347859e-06
5.7057057057057054827e-02,7.8229070476270363993e-06
6.0060060060060059539e-02,9.1043150084621145312e-06
6.3063063063063057312e-02,1.0516380974127911748e-05
6.6066066066066062024e-02,1.2065125365855661999e-05
6.9069069069069066735e-02,1.3756406738489977009e-05
7.2072072072072071447e-02,1.5596068086005435534e-05
7.5075075075075076159e-02,1.7589944446026895420e-05
7.8078078078078080870e-02,1.9743723363313185035e-05
8.1081081081081085582e-02,2.2063156705790622154e-05
8.4084084084084076416e-02,2.4553865009609276830e-05
8.7087087087087081128e-02,2.7221445672275135393e-05
9.0090090090090085839e-02,3.0071483782602568044e-05
9.3093093093093090551e-02,3.3109439684258210913e-05
9.6096096096096095263e-02,3.6340816863641420059e-05
9.9099099099099099974e-02,3.9771008446812005147e-05
1.0210210210210210469e-01,4.3405380394985342582e-05
1.0510510510510510940e-01,4.7249283854118318817e-05
1.0810810810810811411e-01,5.1307961883908503593e-05
1.1111111111111110494e-01,5.5586686492319532804e-05
1.1411411411411410965e-01,6.0090634721803073124e-05
1.1711711711711711437e-01,6.4824954376572726297e-05
1.2012012012012011908e-01,6.9794777027322980694e-05
1.2312312312312312379e-01,7.5005138996050947295e-05
1.2612612612612611462e-01,8.0461095621596186254e-05
1.2912912912912913321e-01,8.6167619119754870066e-05
1.3213213213213212405e-01,9.2129651535838774298e-05
1.3513513513513514264e-01,9.8352117947368705589e-05
1.3813813813813813347e-01,1.0483985842156481893e-04
1.4114114114114115206e-01,1.1159772488978835436e-04
1.4414414414414414289e-01,1.1863049557889981088e-04
1.4714714714714713373e-01,1.2594291830589907696e-04
1.5015015015015015232e-01,1.3353972361486167149e-04
1.5315315315315314315e-01,1.4142556543499085718e-04
1.5615615615615616174e-01,1.4960510427771770152e-04
1.5915915915915915257e-01,1.5808293463420635479e-04
1.6216216216216217116e-01,1.6686362077706346613e-04
1.6516516516516516200e-01,1.7595170967809234375e-04
1.6816816816816815283e-01,1.8535167870928465051e-04
1.7117117117117117142e-01,1.9506800785873548232e-04
1.7417417417417416226e-01,2.0510511748254498226e-04
1.7717717717717718084e-01,2.1546739817853176107e-04
1.8018018018018017168e-01,2.2615922338581464840e-04
1.8318318318318319027e-01,2.3718490290532311050e-04
1.8618618618618618110e-01,2.4854874612399198300e-04
1.8918918918918919969e-01,2.6025500819603568196e-04
1.9219219219219219053e-01,2.7230791513398275999e-04
1.9519519519519518136e-01,2.8471167604350914281e-04
1.9819819819819819995e-01,2.9747044151765797458e-04
2.0120120120120119078e-01,3.1058835939701365681e-04
2.0420420420420420937e-01,3.2406952789891529942e-04
2.0720720720720720021e-01,3.3791801681347594447e-04
2.1021021021021021880e-01,3.5213787933590929690e-04
2.1321321321321320963e-01,3.6673311460439905057e-04
2.1621621621621622822e-01,3.8170771717411096065e-04
2.1921921921921921905e-01,3.9706563595833492411e-04
2.2222222222222220989e-01,4.1281079220588899614e-04
2.2522522522522522848e-01,4.2894709091489063120e-04
2.2822822822822821931e-01,4.4547838692953861369e-04
2.3123123123123123790e-01,4.6240852906762454442e-04
2.3423423423423422873e-01,4.7974132397283689297e-04
2.3723723723723724732e-01,4.9748055140301429989e-04
2.4024024024024023816e-01,5.1562997522278737790e-04
2.4324324324324322899e-01,5.3419331258927388231e-04
2.4624624624624624758e-01,5.5317427348470550336e-04
2.4924924924924923841e-01,5.7257652875580334392e-04
2.5225225225225222925e-01,5.9240372314467394307e-04
2.5525525525525527559e-01,6.1265948585534390266e-04
2.5825825825825826643e-01,6.3334740244639124111e-04
2.6126126126126125726e-01,6.5447105038189473062e-04
2.6426426426426424809e-01,6.7603397067186052696e-04
2.6726726726726723893e-01,6.9803967898842452910e-04
2.7027027027027028527e-01,7.2049167581360643552e-04
2.7327327327327327611e-01,7.4339342071941402149e-04
2.7627627627627626694e-01,7.6674836444430582733e-04
2.7927927927927925777e-01,7.9055992364895292645e-04
2.8228228228228230412e-01,8.1483149040447518541e-04
2.8528528528528529495e-01,8.3956644192475626126e-04
2.8828828828828828579e-01,8.6476811697375752849e-04
2.9129129129129127662e-01,8.9043984488186361196e-04
2.9429429429429426746e-01,9.1658492302283927754e-04
2.9729729729729731380e-01,9.4320662490230495947e-04
3.0030030030030030463e-01,9.7030820948732019859e-04
3.0330330330330329547e-01,9.9789289951409212466e-04
3.0630630630630628630e-01,1.0259639078015480879e-03
3.0930930930930933265e-01,1.0545244171099022162e-03
3.1231231231231232348e-01,1.0835775870296810060e-03
3.1531531531531531432e-01,1.1131265629126300097e-03
3.1831831831831830515e-01,1.1431744558896598466e-03
3.2132132132132129598e-01,1.1737243667853801844e-03
3.2432432432432434233e-01,1.2047793680738431120e-03
3.2732732732732733316e-01,1.2363425097330754936e-03
3.3033033033033032400e-01,1.2684168277825123156e-03
3.3333333333333331483e-01,1.3010053258539293862e-03
3.3633633633633630566e-01,1.3341109969554031112e-03
3.3933933933933935201e-01,1.3677368072888215506e-03
3.4234234234234234284e-01,1.4018857012081304726e-03
3.4534534534534533368e-01,1.4365606093788578414e-03
3.4834834834834832451e-01,1.4717644317510979526e-03
3.5135135135135137086e-01,1.5075000573991142669e-03
3.5435435435435436169e-01,1.5437703499895823189e-03
3.5735735735735735252e-01,1.5805781519628236357e-03
3.6036036036036034336e-01,1.6179262923261465788e-03
3.6336336336336333419e-01,1.6558175709112834921e-03
3.6636636636636638054e-01,1.6942547764756301764e-03
3.6936936936936937137e-01,1.7332406736445692044e-03
3.7237237237237236220e-01,1.7727780064136140249e-03
3.7537537537537535304e-01,1.8128695055849713968e-03
3.7837837837837839938e-01,1.8535178742019090513e-03
3.8138138138138139022e-01,1.8947258040831829479e-03
3.8438438438438438105e-01,1.9364959640828739631e-03
3.8738738738738737188e-01,1.9788310030046532897e-03
3.9039039039039036272e-01,2.0217335566883923824e-03
3.9339339339339340906e-01,2.0652062345229852194e-03
3.9639639639639639990e-01,2.1092516345595285418e-03
3.9939939939939939073e-01,2.1538723329540885969e-03
4.0240240240240238156e-01,2.1990708863703109337e-03
4.0540540540540542791e-01,2.2448498387318944168e-03
4.0840840840840841874e-01,2.2912117087273528755e-03
4.1141141141141140958e-01,2.3381590036336929832e-03
4.1441441441441440041e-01,2.3856942098162987193e-03
4.1741741741741739125e-01,2.4338197946875829263e-03
4.2042042042042043759e-01,2.4825382131312100087e-03
4.2342342342342342842e-01,2.5318518959263130660e-03
4.2642642642642641926e-01,2.5817632623966616304e-03
4.2942942942942941009e-01,2.6322747118671468124e-03
4.3243243243243245644e-01,2.6833886252351211478e-03
4.3543543543543544727e-01,2.7351073710784904944e-03
4.3843843843843843811e-01,2.7874332949257944747e-03
4.4144144144144142894e-01,2.8403687308327213966e-03
4.4444444444444441977e-01,2.8939159936993510448e-03
4.4744744744744746612e-01,2.9480773805069539727e-03
4.5045045045045045695e-01,3.0028551761196098022e-03
4.5345345345345344779e-01,3.0582516433428079579e-03
4.5645645645645643862e-01,3.1142690335192292975e-03
4.5945945945945942945e-01,3.1709095796247878038e-03
4.6246246246246247580e-01,3.2281754972129359828e-03
4.6546546546546546663e-01,3.2860689899179415172e-03
4.6846846846846845747e-01,3.3445922402440251588e-03
4.7147147147147144830e-01,3.4037474192633756891e-03
4.7447447447447449465e-01,3.4635366804150430169e-03
4.7747747747747748548e-01,3.5239621601999208782e-03
4.8048048048048047631e-01,3.5850259833972468113e-03
4.8348348348348346715e-01,3.6467302545318326136e-03
4.8648648648648645798e-01,3.7090770667508967708e-03
4.8948948948948950433e-01,3.7720684962581816323e-03
4.9249249249249249516e-01,3.8357066027911342065e-03
4.9549549549549548599e-01,3.8999934345589916916e-03
4.9849849849849847683e-01,3.9649310203434783018e-03
5.0150150150150152317e-01,4.0305213776192600969e-03
5.0450450450450445850e-01,4.0967665075648746278e-03
5.0750750750750750484e-01,4.1636683953546454323e-03
5.1051051051051055119e-01,4.2312290148296431355e-03
5.1351351351351348651e-01,4.2994503211857748246e-03
5.1651651651651653285e-01,4.3683342584023860528e-03
5.1951951951951946818e-01,4.4378827547727926414e-03
5.2252252252252251452e-01,4.5080977230380781667e-03
5.2552552552552556087e-01,4.5789810647994333773e-03
5.2852852852852849619e-01,4.6505346637548882968e-03
5.3153153153153154253e-01,4.7227603924904016167e-03
5.3453453453453447786e-01,4.7956601084835712850e-03
5.3753753753753752420e-01,4.8692356541026569905e-03
5.4054054054054057055e-01,4.9434888607692278190e-03
5.4354354354354350587e-01,5.0184215427075858085e-03
5.4654654654654655221e-01,5.0940355031499464158e-03
5.4954954954954959856e-01,5.1703325307660280563e-03
5.5255255255255253388e-01,5.2473143995504503354e-03
5.5555555555555558023e-01,5.3249828727459430286e-03
5.5855855855855851555e-01,5.4033396970691984287e-03
5.6156156156156156189e-01,5.4823866083781938596e-03
5.6456456456456460824e-01,5.5621253284884536808e-03
5.6756756756756754356e-01,5.6425575649664636707e-03
5.7057057057057058991e-01,5.7236850148216066730e-03
5.7357357357357352523e-01,5.8055093591770582512e-03
5.7657657657657657158e-01,5.8880322684410858411e-03
5.7957957957957961792e-01,5.9712553994733580040e-03
5.8258258258258255324e-01,6.0551803953019451079e-03
5.8558558558558559959e-01,6.1398088885926726047e-03
5.8858858858858853491e-01,6.2251424967379471315e-03
5.9159159159159158126e-01,6.3111828265703792326e-03
5.9459459459459462760e-01,6.3979314718473874815e-03
5.9759759759759756292e-01,6.4853900129058549354e-03
6.0060060060060060927e-01,6.5735600199172978392e-03
6.0360360360360354459e-01,6.6624430483647927373e-03
6.0660660660660659094e-01,6.7520406433356824211e-03
6.0960960960960963728e-01,6.8423543372919037528e-03
6.1261261261261257260e-01,6.9333856496747569426e-03
6.1561561561561561895e-01,7.0251360899564055731e-03
6.1861861861861866529e-01,7.1176071534796653620e-03
6.2162162162162160062e-01,7.2108003253646239805e-03
6.2462462462462464696e-01,7.3047170785381183508e-03
6.2762762762762758229e-01,7.3993588733025058082e-03
6.3063063063063062863e-01,7.4947271601895947349e-03
6.3363363363363367498e-01,7.5908233761412466367e-03
6.3663663663663661030e-01,7.6876489480580730701e-03
6.3963963963963965664e-01,7.7852052910611950140e-03
6.4264264264264259197e-01,7.8834938080331561083e-03
6.4564564564564563831e-01,7.9825158922819192814e-03
6.4864864864864868466e-01,8.0822729240381998433e-03
6.5165165165165161998e-01,8.1827662736753091488e-03
6.5465465465465466632e-01,8.2839973001836604560e-03
6.5765765765765760165e-01,8.3859673506930798581e-03
6.6066066066066064799e-01,8.4886777629577074566e-03
6.6366366366366369434e-01,8.5921298621491268288e-03
6.6666666666666662966e-01,8.6963249637762862765e-03
6.6966966966966967600e-01,8.8012643723490019410e-03
6.7267267267267261133e-01,8.9069493808904606075e-03
6.7567567567567565767e-01,9.0133812732481298491e-03
6.7867867867867870402e-01,9.1205613211615185060e-03
6.8168168168168163934e-01,9.2284907869027606175e-03
6.8468468468468468568e-01,9.3371709221085029407e-03
6.8768768768768773203e-01,9.4466029672893511715e-03
6.9069069069069066735e-01,9.5567881539751573655e-03
6.9369369369369371370e-01,9.6677277020421874959e-03
6.9669669669669664902e-01,9.7794228220982239858e-03
6.9969969969969969537e-01,9.8918747144693067869e-03
7.0270270270270274171e-01,1.0005084568711412191e-02
7.0570570570570567703e-01,1.0119053565599479827e-02
7.0870870870870872338e-01,1.0233782874695854237e-02
7.1171171171171165870e-01,1.0349273656501178920e-02
7.1471471471471470505e-01,1.0465527061576744214e-02
7.1771771771771775139e-01,1.0582544230063290619e-02
7.2072072072072068671e-01,1.0700326293516401743e-02
7.2372372372372373306e-01,1.0818874372698104175e-02
7.2672672672672666838e-01,1.0938189579509791788e-02
7.2972972972972971473e-01,1.1058273016237121431e-02
7.3273273273273276107e-01,1.1179125775081679220e-02
7.3573573573573569639e-01,1.1300748939853185945e-02
7.3873873873873874274e-01,1.1423143583971952578e-02
7.4174174174174178908e-01,1.1546310772203759870e-02
7.4474474474474472441e-01,1.1670251560015026948e-02
7.4774774774774777075e-01,1.1794966993121663509e-02
7.5075075075075070608e-01,1.1920458109044802797e-02
7.5375375375375375242e-01,1.2046725935309445660e-02
7.5675675675675679877e-01,1.2173771490997018982e-02
7.5975975975975973409e-01,1.2301595786196306212e-02
7.6276276276276278043e-01,1.2430199821569867108e-02
7.6576576576576571576e-01,1.2559584589775629748e-02
7.6876876876876876210e-01,1.2689751073846768092e-02
7.7177177177177180845e-01,1.2820700248574875071e-02
7.7477477477477474377e-01,1.2952433080047931133e-02
7.7777777777777779011e-01,1.3084950525239317023e-02
7.8078078078078072544e-01,1.3218253533305924716e-02
7.8378378378378377178e-01,1.3352343044139141151e-02
7.8678678678678681813e-01,1.3487219989594569428e-02
7.8978978978978975345e-01,1.3622885293108061636e-02
7.9279279279279279979e-01,1.3759339869308977872e-02
7.9579579579579573512e-01,1.3896584625202053342e-02
7.9879879879879878146e-01,1.4034620458875777041e-02
8.0180180180180182781e-01,1.4173448260593612610e-02
8.0480480480480476313e-01,1.4313068912474352992e-02
8.0780780780780780947e-01,1.4453483288131107123e-02
8.1081081081081085582e-01,1.4594692253736860771e-02
8.1381381381381379114e-01,1.4736696666878100134e-02
8.1681681681681683749e-01,1.4879497377514715878e-02
8.1981981981981977281e-01,1.5023095227719111128e-02
8.2282282282282281916e-01,1.5167491051344407851e-02
8.2582582582582586550e-01,1.5312685674982355957e-02
8.2882882882882880082e-01,1.5458679916956284683e-02
8.3183183183183184717e-01,1.5605474588162958696e-02
8.3483483483483478249e-01,1.5753070491864553521e-02
8.3783783783783782884e-01,1.5901468423386421608e-02
8.4084084084084087518e-01,1.6050669170974390942e-02
8.4384384384384381050e-01,1.6200673514915327894e-02
8.4684684684684685685e-01,1.6351482228273230696e-02
8.4984984984984979217e-01,1.6503096076725173175e-02
8.5285285285285283852e-01,1.6655515818289255009e-02
8.5585585585585588486e-01,1.6808742204083494676e-02
8.5885885885885882018e-01,1.6962775977561544982e-02
8.6186186186186186653e-01,1.7117617875148250645e-02
8.6486486486486491287e-01,1.7273268626110619556e-02
8.6786786786786784820e-01,1.7429728952317334600e-02
8.7087087087087089454e-01,1.7586999568903329688e-02
8.7387387387387382987e-01,1.7745081183619136611e-02
8.7687687687687687621e-01,1.7903974497375928221e-02
8.7987987987987992256e-01,1.8063680204150632524e-02
8.8288288288288285788e-01,1.8224198990777106671e-02
8.8588588588588590422e-01,1.8385531537525062751e-02
8.8888888888888883955e-01,1.8547678517551912519e-02
8.9189189189189188589e-01,1.8710640597367284715e-02
8.9489489489489493224e-01,1.8874418436765860035e-02
8.9789789789789786756e-01,1.9039012688651636707e-02
9.0090090090090091390e-01,1.9204423999534845496e-02
9.0390390390390384923e-01,1.9370653009077889312e-02
9.0690690690690689557e-01,1.9537700350485787820e-02
9.0990990990990994192e-01,1.9705566650457053551e-02
9.1291291291291287724e-01,1.9874252529039106163e-02
9.1591591591591592358e-01,2.0043758600042378692e-02
9.1891891891891885891e-01,2.0214085470674301309e-02
9.2192192192192190525e-01,2.0385233741859975359e-02
9.2492492492492495160e-01,2.0557204008213744717e-02
9.2792792792792788692e-01,2.0729996857927437959e-02
9.3093093093093093326e-01,2.0903612873109635173e-02
9.3393393393393397961e-01,2.1078052629503549881e-02
9.3693693693693691493e-01,2.1253316696746488157e-02
9.3993993993993996128e-01,2.1429405638356702896e-02
9.4294294294294289660e-01,2.1606320011655036351e-02
9.4594594594594594295e-01,2.1784060368033909827e-02
9.4894894894894898929e-01,2.1962627252751647927e-02
9.5195195195195192461e-01,2.2142021205137502049e-02
9.5495495495495497096e-01,2.2322242758590283424e-02
9.5795795795795790628e-01,2.2503292440532177837e-02
9.6096096096096095263e-01,2.2685170772610816631e-02
9.6396396396396399897e-01,2.2867878270560377391e-02
9.6696696696696693429e-01,2.3051415444355072282e-02
9.6996996996996998064e-01,2.3235782798211389311e-02
9.7297297297297291596e-01,2.3420980830573819020e-02
9.7597597597597596231e-01,2.3607010034249371888e-02
9.7897897897897900865e-01,2.3793870896336666299e-02
9.8198198198198194397e-01,2.3981563898333342622e-02
9.8498498498498499032e-01,2.4170089516144781933e-02
9.8798798798798792564e-01,2.4359448220102591226e-02
9.9099099099099097199e-01,2.4549640475038426307e-02
9.9399399399399401833e-01,2.4740666740275047558e-02
9.9699699699699695365e-01,2.4932527469693373939e-02
1.0000000000000000000e+00,2.5125223111744338089e-02
1.0030030030030030463e+00,2.5318754109499637395e-02
1.0060060060060060927e+00,2.5513120900668883467e-02
1.0090090090090089170e+00,2.5708323917646803969e-02
1.0120120120120119633e+00,2.5904363587544925601e-02
1.0150150150150150097e+00,2.6101240332204438815e-02
1.0180180180180180560e+00,2.6298954568277282257e-02
1.0210210210210211024e+00,2.6497506707188398650e-02
1.0240240240240239267e+00,2.6696897155231276433e-02
1.0270270270270269730e+00,2.6897126313565330319e-02
1.0300300300300300194e+00,2.7098194578222611212e-02
1.0330330330330330657e+00,2.7300102340220108732e-02
1.0360360360360361121e+00,2.7502849985467016369e-02
1.0390390390390389364e+00,2.7706437894910639075e-02
1.0420420420420419827e+00,2.7910866444505140482e-02
1.0450450450450450290e+00,2.8116136005214117238e-02
1.0480480480480480754e+00,2.8322246943155111876e-02
1.0510510510510511217e+00,2.8529199619457556308e-02
1.0540540540540539460e+00,2.8736994390453966114e-02
1.0570570570570569924e+00,2.8945631607623385079e-02
1.0600600600600600387e+00,2.9155111617588994749e-02
1.0630630630630630851e+00,2.9365434762293411708e-02
1.0660660660660661314e+00,2.9576601378810397219e-02
1.0690690690690689557e+00,2.9788611799577285888e-02
1.0720720720720720021e+00,3.0001466352316853714e-02
1.0750750750750750484e+00,3.0215165360028207325e-02
1.0780780780780780947e+00,3.0429709141191679106e-02
1.0810810810810811411e+00,3.0645098009537061201e-02
1.0840840840840839654e+00,3.0861332274310683543e-02
1.0870870870870870117e+00,3.1078412240176489512e-02
1.0900900900900900581e+00,3.1296338207194143721e-02
1.0930930930930931044e+00,3.1515110471052161512e-02
1.0960960960960961508e+00,3.1734729322790568296e-02
1.0990990990990991971e+00,3.1955195049103969629e-02
1.1021021021021020214e+00,3.2176507932225137387e-02
1.1051051051051050678e+00,3.2398668249893729232e-02
1.1081081081081081141e+00,3.2621676275619987395e-02
1.1111111111111111605e+00,3.2845532278366167123e-02
1.1141141141141142068e+00,3.3070236522883308949e-02
1.1171171171171170311e+00,3.3295789269580544634e-02
1.1201201201201200774e+00,3.3522190774482735209e-02
1.1231231231231231238e+00,3.3749441289523861298e-02
1.1261261261261261701e+00,3.3977541062190377841e-02
1.1291291291291292165e+00,3.4206490335887733412e-02
1.1321321321321320408e+00,3.4436289349798449022e-02
1.1351351351351350871e+00,3.4666938338827869848e-02
1.1381381381381381335e+00,3.4898437533925345810e-02
1.1411411411411411798e+00,3.5130787161692975107e-02
1.1441441441441442262e+00,3.5363987444778803571e-02
1.1471471471471470505e+00,3.5598038601725043306e-02
1.1501501501501500968e+00,3.5832940846898586607e-02
1.1531531531531531432e+00,3.6068694390838026975e-02
1.1561561561561561895e+00,3.6305299439824675889e-02
1.1591591591591592358e+00,3.6542756196297966620e-02
1.1621621621621620601e+00,3.6781064858694416386e-02
1.1651651651651651065e+00,3.7020225621362090607e-02
1.1681681681681681528e+00,3.7260238674936926873e-02
1.1711711711711711992e+00,3.7501104205880125830e-02
1.1741741741741742455e+00,3.7742822396917174999e-02
1.1771771771771770698e+00,3.7985393426871280620e-02
1.1801801801801801162e+00,3.8228817470562732883e-02
1.1831831831831831625e+00,3.8473094699213283842e-02
1.1861861861861862089e+00,3.8718225279951674900e-02
1.1891891891891892552e+00,3.8964209376274989982e-02
1.1921921921921920795e+00,3.9211047147877292618e-02
1.1951951951951951258e+00,3.9458738750533677020e-02
1.1981981981981981722e+00,3.9707284336531714630e-02
1.2012012012012012185e+00,3.9956684054148136620e-02
1.2042042042042042649e+00,4.0206938048128366969e-02
1.2072072072072070892e+00,4.0458046459513584414e-02
1.2102102102102101355e+00,4.0710009425508557335e-02
1.2132132132132131819e+00,4.0962827079939180541e-02
1.2162162162162162282e+00,4.1216499552702068332e-02
1.2192192192192192746e+00,4.1471026970258846600e-02
1.2222222222222223209e+00,4.1726409455461299647e-02
1.2252252252252251452e+00,4.1982647127397659803e-02
1.2282282282282281916e+00,4.2239740101874999334e-02
1.2312312312312312379e+00,4.2497688490838264608e-02
1.2342342342342342842e+00,4.2756492402879375803e-02
1.2372372372372373306e+00,4.3016151943062269636e-02
1.2402402402402401549e+00,4.3276667212751619707e-02
1.2432432432432432012e+00,4.3538038310122047225e-02
1.2462462462462462476e+00,4.3800265329550877591e-02
1.2492492492492492939e+00,4.4063348362141818715e-02
1.2522522522522523403e+00,4.4327287495552210317e-02
1.2552552552552551646e+00,4.4592082813803064767e-02
1.2582582582582582109e+00,4.4857734397814770511e-02
1.2612612612612612573e+00,4.5124242324775069857e-02
1.2642642642642643036e+00,4.5391606668675622827e-02
1.2672672672672673500e+00,4.5659827500142705081e-02
1.2702702702702701743e+00,4.5928904886228319460e-02
1.2732732732732732206e+00,4.6198838890971621884e-02
1.2762762762762762669e+00,4.6469629574743848144e-02
1.2792792792792793133e+00,4.6741276994795737110e-02
1.2822822822822823596e+00,4.7013781205093162219e-02
1.2852852852852851839e+00,4.7287142256089390036e-02
1.2882882882882882303e+00,4.7561360195310507792e-02
1.2912912912912912766e+00,4.7836435066679894312e-02
1.2942942942942943230e+00,4.8112366911072408648e-02
1.2972972972972973693e+00,4.8389155766154233473e-02
1.3003003003003001936e+00,4.8666801666131465076e-02
1.3033033033033032400e+00,4.8945304642358168634e-02
1.3063063063063062863e+00,4.9224664722636521375e-02
1.3093093093093093326e+00,4.9504881931778314808e-02
1.3123123123123123790e+00,4.9785956291451709255e-02
1.3153153153153152033e+00,5.0067887819908535318e-02
1.3183183183183182496e+00,5.0350676532618654502e-02
1.3213213213213212960e+00,5.0634322441548744453e-02
1.3243243243243243423e+00,5.0918825555731954402e-02
1.3273273273273273887e+00,5.1204185881122500634e-02
1.3303303303303302130e+00,5.1490403420301908421e-02
1.3333333333333332593e+00,5.1777478173138567763e-02
1.3363363363363363057e+00,5.2065410136046770539e-02
1.3393393393393393520e+00,5.2354199302563193819e-02
1.3423423423423423984e+00,5.2643845663209905272e-02
1.3453453453453452227e+00,5.2934349205180197817e-02
1.3483483483483482690e+00,5.3225709913021654329e-02
1.3513513513513513153e+00,5.3517927767877913892e-02
1.3543543543543543617e+00,5.3811002748069665380e-02
1.3573573573573574080e+00,5.4104934828967679583e-02
1.3603603603603604544e+00,5.4399723982657827159e-02
1.3633633633633632787e+00,5.4695370178646757209e-02
1.3663663663663663250e+00,5.4991873383088529792e-02
1.3693693693693693714e+00,5.5289233559367913229e-02
1.3723723723723724177e+00,5.5587450667984178443e-02
1.3753753753753754641e+00,5.5886524666191914057e-02
1.3783783783783782884e+00,5.6186455508727181640e-02
1.3813813813813813347e+00,5.6487243147014871980e-02
1.3843843843843843811e+00,5.6788887529751155836e-02
1.3873873873873874274e+00,5.7091388602797762952e-02
1.3903903903903904737e+00,5.7394746308798400003e-02
1.3933933933933932980e+00,5.7698960587929983002e-02
1.3963963963963963444e+00,5.8004031377093152877e-02
1.3993993993993993907e+00,5.8309958610497467091e-02
1.4024024024024024371e+00,5.8616742219568009065e-02
1.4054054054054054834e+00,5.8924382132539351864e-02
1.4084084084084083077e+00,5.9232878275230188558e-02
1.4114114114114113541e+00,5.9542230570219088770e-02
1.4144144144144144004e+00,5.9852438937430675614e-02
1.4174174174174174468e+00,6.0163503294055800663e-02
1.4204204204204204931e+00,6.0475423554122650915e-02
1.4234234234234233174e+00,6.0788199629294367710e-02
1.4264264264264263637e+00,6.1101831428031237736e-02
1.4294294294294294101e+00,6.1416318856176731200e-02
1.4324324324324324564e+00,6.1731661816891832129e-02
1.4354354354354355028e+00,6.2047860210203711895e-02
1.4384384384384383271e+00,6.2364913933825177894e-02
1.4414414414414413734e+00,6.2682822882305075374e-02
1.4444444444444444198e+00,6.3001586947612542300e-02
1.4474474474474474661e+00,6.3321206019086501149e-02
1.4504504504504505125e+00,6.3641679982962176543e-02
1.4534534534534533368e+00,6.3963008723211076112e-02
1.4564564564564563831e+00,6.4285192120680928474e-02
1.4594594594594594295e+00,6.4608230053673554316e-02
1.4624624624624624758e+00,6.4932122397908020872e-02
1.4654654654654655221e+00,6.5256869026019612146e-02
1.4684684684684683464e+00,6.5582469808419030510e-02
1.4714714714714713928e+00,6.5908924612417540967e-02
1.4744744744744744391e+00,6.6236233302801747480e-02
1.4774774774774774855e+00,6.6564395741812915075e-02
1.4804804804804805318e+00,6.6893411788621737202e-02
1.4834834834834835782e+00,6.7223281300210532829e-02
1.4864864864864864025e+00,6.7554004130486552948e-02
1.4894894894894894488e+00,6.7885580130854134007e-02
1.4924924924924924952e+00,6.8218009150210590086e-02
1.4954954954954955415e+00,6.8551291034397318636e-02
1.4984984984984985878e+00,6.8885425627103508139e-02
1.5015015015015014122e+00,6.9220412768969938333e-02
1.5045045045045044585e+00,6.9556252298156207026e-02
1.5075075075075075048e+00,6.9892944050354927077e-02
1.5105105105105105512e+00,7.0230487858218573760e-02
1.5135135135135135975e+00,7.0568883552284605853e-02
1.5165165165165164218e+00,7.0908130960070217541e-02
1.5195195195195194682e+00,7.1248229906634596986e-02
1.5225225225225225145e+00,7.1589180214610748099e-02
1.5255255255255255609e+00,7.1930981703609980782e-02
1.5285285285285286072e+00,7.2273634191165878060e-02
1.5315315315315314315e+00,7.2617137491822678075e-02
1.5345345345345344779e+00,7.2961491417690704786e-02
1.5375375375375375242e+00,7.3306695778496785976e-02
1.5405405405405405705e+00,7.3652750380966414134e-02
1.5435435435435436169e+00,7.3999655029785851856e-02
1.5465465465465464412e+00,7.4347409526684657410e-02
1.5495495495495494875e+00,7.4696013670978930743e-02
1.5525525525525525339e+00,7.5045467259639328517e-02
1.5555555555555555802e+00,7.5395770086643845720e-02
1.5585585585585586266e+00,7.5746921943957171153e-02
1.5615615615615614509e+00,7.6098922620603179356e-02
1.5645645645645644972e+00,7.6451771903199863822e-02
1.5675675675675675436e+00,7.6805469576047641356e-02
1.5705705705705705899e+00,7.7160015420457181423e-02
1.5735735735735736363e+00,7.7515409215749522809e-02
1.5765765765765764606e+00,7.7871650738321529506e-02
1.5795795795795795069e+00,7.8228739762173232775e-02
1.5825825825825825532e+00,7.8586676059016313811e-02
1.5855855855855855996e+00,7.8945459397577730232e-02
1.5885885885885886459e+00,7.9305089544619469799e-02
1.5915915915915914702e+00,7.9665566263998469076e-02
1.5945945945945945166e+00,8.0026889317185143091e-02
1.5975975975975975629e+00,8.0389058463392823461e-02
1.6006006006006006093e+00,8.0752073458857293042e-02
1.6036036036036036556e+00,8.1115934057875316299e-02
1.6066066066066067020e+00,8.1480640011860602789e-02
1.6096096096096095263e+00,8.1846191069852067268e-02
1.6126126126126125726e+00,8.2212586978665000426e-02
1.6156156156156156189e+00,8.2579827482147177831e-02
1.6186186186186186653e+00,8.2947912322234529370e-02
1.6216216216216217116e+00,8.3316841238005243109e-02
1.6246246246246245359e+00,8.3686613966176312540e-02
1.6276276276276275823e+00,8.4057230241276870153e-02
1.6306306306306306286e+00,8.4428689794881578434e-02
1.6336336336336336750e+00,8.4800992356682591833e-02
1.6366366366366367213e+00,8.5174137653542397741e-02
1.6396396396396395456e+00,8.5548125409978401090e-02
1.6426426426426425920e+00,8.5922955348356588878e-02
1.6456456456456456383e+00,8.6298627188098137042e-02
1.6486486486486486847e+00,8.6675140646763279562e-02
1.6516516516516517310e+00,8.7052495439099000785e-02
1.6546546546546545553e+00,8.7430691277506231152e-02
1.6576576576576576016e+00,8.7809727872255272096e-02
1.6606606606606606480e+00,8.8189604930666479210e-02
1.6636636636636636943e+00,8.8570322158212450026e-02
1.6666666666666667407e+00,8.8951879257563551406e-02
1.6696696696696695650e+00,8.9334275929042569753e-02
1.6726726726726726113e+00,8.9717511870863783652e-02
1.6756756756756756577e+00,9.0101586778289027846e-02
1.6786786786786787040e+00,9.0486500344747131108e-02
1.6816816816816817504e+00,9.0872252260878777497e-02
1.6846846846846845747e+00,9.1258842214977264895e-02
1.6876876876876876210e+00,9.1646269893251849914e-02
1.6906906906906906674e+00,9.2034534978959844920e-02
1.6936936936936937137e+00,9.2423637153542292921e-02
1.6966966966966967600e+00,9.2813576095668634536e-02
1.6996996996996995843e+00,9.3204351481664240997e-02
1.7027027027027026307e+00,9.3595962985797101497e-02
1.7057057057057056770e+00,9.3988410279386966351e-02
1.7087087087087087234e+00,9.4381693031956079287e-02
1.7117117117117117697e+00,9.4775810910275620769e-02
1.7147147147147145940e+00,9.5170763578778100333e-02
1.7177177177177176404e+00,9.5566550699868094143e-02
1.7207207207207206867e+00,9.5963171933009863701e-02
1.7237237237237237331e+00,9.6360626935890716926e-02
1.7267267267267267794e+00,9.6758915363471253990e-02
1.7297297297297298257e+00,9.7158036868382188778e-02
1.7327327327327326500e+00,9.7557991101258706435e-02
1.7357357357357356964e+00,9.7958777709807209888e-02
1.7387387387387387427e+00,9.8360396339980768476e-02
1.7417417417417417891e+00,9.8762846635034151621e-02
1.7447447447447448354e+00,9.9166128235898987064e-02
1.7477477477477476597e+00,9.9570240781540406139e-02
1.7507507507507507061e+00,9.9975183907995424093e-02
1.7537537537537537524e+00,1.0038095724955713173e-01
1.7567567567567567988e+00,1.0078756043782870211e-01
1.7597597597597598451e+00,1.0119499310208042442e-01
1.7627627627627626694e+00,1.0160325486963123209e-01
1.7657657657657657158e+00,1.0201234536486372684e-01
1.7687687687687687621e+00,1.0242226421042265050e-01
1.7717717717717718084e+00,1.0283301102627206980e-01
1.7747747747747748548e+00,1.0324458543003534050e-01
1.7777777777777776791e+00,1.0365698703740243436e-01
1.7807807807807807254e+00,1.0407021546112198152e-01
1.7837837837837837718e+00,1.0448427031221294015e-01
1.7867867867867868181e+00,1.0489915119902608331e-01
1.7897897897897898645e+00,1.0531485772756650487e-01
1.7927927927927926888e+00,1.0573138950192671748e-01
1.7957957957957957351e+00,1.0614874612325626846e-01
1.7987987987987987815e+00,1.0656692719098558031e-01
1.8018018018018018278e+00,1.0698593230189344661e-01
1.8048048048048048742e+00,1.0740576105041088617e-01
1.8078078078078076985e+00,1.0782641302907960967e-01
1.8108108108108107448e+00,1.0824788782750149885e-01
1.8138138138138137911e+00,1.0867018503357224468e-01
1.8168168168168168375e+00,1.0909330423255607367e-01
1.8198198198198198838e+00,1.0951724500737106127e-01
1.8228228228228227081e+00,1.0994200693907285604e-01
1.8258258258258257545e+00,1.1036758960578407773e-01
1.8288288288288288008e+00,1.1079399258393739236e-01
1.8318318318318318472e+00,1.1122121544735864840e-01
1.8348348348348348935e+00,1.1164925776753277520e-01
1.8378378378378377178e+00,1.1207811911411229289e-01
1.8408408408408407642e+00,1.1250779905382889134e-01
1.8438438438438438105e+00,1.1293829715174340256e-01
1.8468468468468468568e+00,1.1336961297033945617e-01
1.8498498498498499032e+00,1.1380174606976700691e-01
1.8528528528528527275e+00,1.1423469600837349303e-01
1.8558558558558557738e+00,1.1466846234158993567e-01
1.8588588588588588202e+00,1.1510304462318382557e-01
1.8618618618618618665e+00,1.1553844240435708068e-01
1.8648648648648649129e+00,1.1597465523396359444e-01
1.8678678678678679592e+00,1.1641168265906659540e-01
1.8708708708708707835e+00,1.1684952422380288917e-01
1.8738738738738738299e+00,1.1728817947064590355e-01
1.8768768768768768762e+00,1.1772764793951159823e-01
1.8798798798798799226e+00,1.1816792916795573753e-01
1.8828828828828829689e+00,1.1860902269175774282e-01
1.8858858858858857932e+00,1.1905092804376425641e-01
1.8888888888888888395e+00,1.1949364475516127682e-01
1.8918918918918918859e+00,1.1993717235458913051e-01
1.8948948948948949322e+00,1.2038151036831873375e-01
1.8978978978978979786e+00,1.2082665832086199320e-01
1.9009009009009008029e+00,1.2127261573379605197e-01
1.9039039039039038492e+00,1.2171938212704223881e-01
1.9069069069069068956e+00,1.2216695701799246132e-01
1.9099099099099099419e+00,1.2261533992166338825e-01
1.9129129129129129883e+00,1.2306453035133305129e-01
1.9159159159159158126e+00,1.2351452781734721664e-01
1.9189189189189188589e+00,1.2396533182840369092e-01
1.9219219219219219053e+00,1.2441694189069132936e-01
1.9249249249249249516e+00,1.2486935750802172218e-01
1.9279279279279279979e+00,1.2532257818249170622e-01
1.9309309309309308222e+00,1.2577660341327287497e-01
1.9339339339339338686e+00,1.2623143269790049192e-01
1.9369369369369369149e+00,1.2668706553142525251e-01
1.9399399399399399613e+00,1.2714350140652336263e-01
1.9429429429429430076e+00,1.2760073981418332267e-01
1.9459459459459458319e+00,1.2805878024248101843e-01
1.9489489489489488783e+00,1.2851762217787082720e-01
1.9519519519519519246e+00,1.2897726510435225666e-01
1.9549549549549549710e+00,1.2943770850355701407e-01
1.9579579579579580173e+00,1.2989895185546063150e-01
1.9609609609609608416e+00,1.3036099463714448388e-01
1.9639639639639638879e+00,1.3082383632408445262e-01
1.9669669669669669343e+00,1.3128747638933152553e-01
1.9699699699699699806e+00,1.3175191430356669731e-01
1.9729729729729730270e+00,1.3221714953583432739e-01
1.9759759759759758513e+00,1.3268318155227989963e-01
1.9789789789789788976e+00,1.3315000981743929653e-01
1.9819819819819819440e+00,1.3361763379343100100e-01
1.9849849849849849903e+00,1.3408605293998707153e-01
1.9879879879879880367e+00,1.3455526671521331195e-01
1.9909909909909910830e+00,1.3502527457431001690e-01
1.9939939939939939073e+00,1.3549607597086468780e-01
1.9969969969969969537e+00,1.3596767035605833440e-01
2.0000000000000000000e+00,1.3644005717867277450e-01
2.0030030030030028243e+00,1.3691323588587700488e-01
2.0060060060060060927e+00,1.3738720592193162662e-01
2.0090090090090089170e+00,1.3786196672948428099e-01
2.0120120120120121854e+00,1.3833751774879107788e-01
2.0150150150150150097e+00,1.3881385841769960932e-01
2.0180180180180178340e+00,1.3929098817246124420e-01
2.0210210210210211024e+00,1.3976890644642084305e-01
2.0240240240240239267e+00,1.4024761267131286013e-01
2.0270270270270271951e+00,1.4072710627649953619e-01
2.0300300300300300194e+00,1.4120738668892948708e-01
2.0330330330330328437e+00,1.4168845333397447894e-01
2.0360360360360361121e+00,1.4217030563410698596e-01
2.0390390390390389364e+00,1.4265294301019496026e-01
2.0420420420420422047e+00,1.4313636488075784370e-01
2.0450450450450450290e+00,1.4362057066190020427e-01
2.0480480480480478533e+00,1.4410555976817374102e-01
2.0510510510510511217e+00,1.4459133161124257394e-01
2.0540540540540539460e+00,1.4507788560117571008e-01
2.0570570570570572144e+00,1.4556522114572237325e-01
2.0600600600600600387e+00,1.4605333765022079917e-01
2.0630630630630628630e+00,1.4654223451848313875e-01
2.0660660660660661314e+00,1.4703191115145211598e-01
2.0690690690690689557e+00,1.4752236694848847032e-01
2.0720720720720722241e+00,1.4801360130666679771e-01
2.0750750750750750484e+00,1.4850561362065950455e-01
2.0780780780780778727e+00,1.4899840328364427622e-01
2.0810810810810811411e+00,1.4949196968595335200e-01
2.0840840840840839654e+00,1.4998631221635300159e-01
2.0870870870870872338e+00,1.5048143026135851752e-01
2.0900900900900900581e+00,1.5097732320508452930e-01
2.0930930930930928824e+00,1.5147399043017092946e-01
2.0960960960960961508e+00,1.5197143131641352443e-01
2.0990990990990989751e+00,1.5246964524203637792e-01
2.1021021021021022435e+00,1.5296863158302170804e-01
2.1051051051051050678e+00,1.5346838971293461085e-01
2.1081081081081078921e+00,1.5396891900387396634e-01
2.1111111111111111605e+00,1.5447021882509148760e-01
2.1141141141141139848e+00,1.5497228854426006728e-01
2.1171171171171172531e+00,1.5547512752682463022e-01
2.1201201201201200774e+00,1.5597873513579943450e-01
2.1231231231231229017e+00,1.5648311073274423499e-01
2.1261261261261261701e+00,1.5698825367637239681e-01
2.1291291291291289944e+00,1.5749416332381524497e-01
2.1321321321321322628e+00,1.5800083902999279006e-01
2.1351351351351350871e+00,1.5850828014738560512e-01
2.1381381381381379114e+00,1.5901648602703422064e-01
2.1411411411411411798e+00,1.5952545601713810641e-01
2.1441441441441440041e+00,1.6003518946431466441e-01
2.1471471471471472725e+00,1.6054568571299093760e-01
2.1501501501501500968e+00,1.6105694410514992398e-01
2.1531531531531529211e+00,1.6156896398135200954e-01
2.1561561561561561895e+00,1.6208174467932720542e-01
2.1591591591591590138e+00,1.6259528553522689664e-01
2.1621621621621622822e+00,1.6310958588303722805e-01
2.1651651651651651065e+00,1.6362464505429977213e-01
2.1681681681681679308e+00,1.6414046237915563831e-01
2.1711711711711711992e+00,1.6465703718493060470e-01
2.1741741741741740235e+00,1.6517436879737887323e-01
2.1771771771771772919e+00,1.6569245654011963143e-01
2.1801801801801801162e+00,1.6621129973433199090e-01
2.1831831831831833846e+00,1.6673089769981974673e-01
2.1861861861861862089e+00,1.6725124975359237367e-01
2.1891891891891890332e+00,1.6777235521109920557e-01
2.1921921921921923015e+00,1.6829421338568922861e-01
2.1951951951951951258e+00,1.6881682358828120627e-01
2.1981981981981983942e+00,1.6934018512844759008e-01
2.2012012012012012185e+00,1.6986429731299421131e-01
2.2042042042042040428e+00,1.7038915944718119322e-01
2.2072072072072073112e+00,1.7091477083420880678e-01
2.2102102102102101355e+00,1.7144113077486311525e-01
2.2132132132132134039e+00,1.7196823856861515045e-01
2.2162162162162162282e+00,1.7249609351219635789e-01
2.2192192192192190525e+00,1.7302469490079935843e-01
2.2222222222222223209e+00,1.7355404202758281662e-01
2.2252252252252251452e+00,1.7408413418328100297e-01
2.2282282282282284136e+00,1.7461497065732217715e-01
2.2312312312312312379e+00,1.7514655073639356919e-01
2.2342342342342340622e+00,1.7567887370563387006e-01
2.2372372372372373306e+00,1.7621193884816149788e-01
2.2402402402402401549e+00,1.7674574544465695980e-01
2.2432432432432434233e+00,1.7728029277450338408e-01
2.2462462462462462476e+00,1.7781558011434583921e-01
2.2492492492492490719e+00,1.7835160673927430430e-01
2.2522522522522523403e+00,1.7888837192237527773e-01
2.2552552552552551646e+00,1.7942587493428807655e-01
2.2582582582582584330e+00,1.7996411504436599094e-01
2.2612612612612612573e+00,1.8050309151923191187e-01
2.2642642642642640816e+00,1.8104280362394936654e-01
2.2672672672672673500e+00,1.8158325062159988428e-01
2.2702702702702701743e+00,1.8212443177281237294e-01
2.2732732732732734426e+00,1.8266634633694386891e-01
2.2762762762762762669e+00,1.8320899357063347157e-01
2.2792792792792790912e+00,1.8375237272896050023e-01
2.2822822822822823596e+00,1.8429648306504706201e-01
2.2852852852852851839e+00,1.8484132382956172669e-01
2.2882882882882884523e+00,1.8538689427191937242e-01
2.2912912912912912766e+00,1.8593319363883323292e-01
2.2942942942942941009e+00,1.8648022117546064758e-01
2.2972972972972973693e+00,1.8702797612503066493e-01
2.3003003003003001936e+00,1.8757645772832262643e-01
2.3033033033033034620e+00,1.8812566522488335941e-01
2.3063063063063062863e+00,1.8867559785158041774e-01
2.3093093093093091106e+00,1.8922625484373256644e-01
2.3123123123123123790e+00,1.8977763543476383612e-01
2.3153153153153152033e+00,1.9032973885565745986e-01
2.3183183183183184717e+00,1.9088256433618897012e-01
2.3213213213213212960e+00,1.9143611110348279780e-01
2.3243243243243241203e+00,1.9199037838312529858e-01
2.3273273273273273887e+00,1.9254536539884678503e-01
2.3303303303303302130e+00,1.9310107137195095528e-01
2.3333333333333334814e+00,1.9365749552256261712e-01
2.3363363363363363057e+00,1.9421463706818900552e-01
2.3393393393393391300e+00,1.9477249522481515642e-01
2.3423423423423423984e+00,1.9533106920661302830e-01
2.3453453453453452227e+00,1.9589035822534847653e-01
2.3483483483483484910e+00,1.9645036149164055161e-01
2.3513513513513513153e+00,1.9701107821352698002e-01
2.3543543543543541396e+00,1.9757250759753297586e-01
2.3573573573573574080e+00,1.9813464884840265023e-01
2.3603603603603602323e+00,1.9869750116847076371e-01
2.3633633633633635007e+00,1.9926106375893470890e-01
2.3663663663663663250e+00,1.9982533581841505077e-01
2.3693693693693691493e+00,2.0039031654400896176e-01
2.3723723723723724177e+00,2.0095600513104813767e-01
2.3753753753753752420e+00,2.0152240077244445993e-01
2.3783783783783785104e+00,2.0208950265997921436e-01
2.3813813813813813347e+00,2.0265730998286515807e-01
2.3843843843843841590e+00,2.0322582192878319018e-01
2.3873873873873874274e+00,2.0379503768366780125e-01
2.3903903903903902517e+00,2.0436495643102722819e-01
2.3933933933933935201e+00,2.0493557735324863245e-01
2.3963963963963963444e+00,2.0550689963016235962e-01
2.3993993993993991687e+00,2.0607892244006256743e-01
2.4024024024024024371e+00,2.0665164495951934831e-01
2.4054054054054052614e+00,2.0722506636267312707e-01
2.4084084084084085298e+00,2.0779918582255671455e-01
2.4114114114114113541e+00,2.0837400250966187087e-01
2.4144144144144141784e+00,2.0894951559294300258e-01
2.4174174174174174468e+00,2.0952572423965623583e-01
2.4204204204204202711e+00,2.1010262761462988879e-01
2.4234234234234235394e+00,2.1068022488160009775e-01
2.4264264264264263637e+00,2.1125851520178309806e-01
2.4294294294294291880e+00,2.1183749773485952006e-01
2.4324324324324324564e+00,2.1241717163884191177e-01
2.4354354354354352807e+00,2.1299753606932106398e-01
2.4384384384384385491e+00,2.1357859018081423730e-01
2.4414414414414413734e+00,2.1416033312534518696e-01
2.4444444444444446418e+00,2.1474276405340747553e-01
2.4474474474474474661e+00,2.1532588211386013977e-01
2.4504504504504502904e+00,2.1590968645315233854e-01
2.4534534534534535588e+00,2.1649417621668171074e-01
2.4564564564564563831e+00,2.1707935054738289327e-01
2.4594594594594596515e+00,2.1766520858667084970e-01
2.4624624624624624758e+00,2.1825174947436357109e-01
2.4654654654654653001e+00,2.1883897234788590724e-01
2.4684684684684685685e+00,2.1942687634363666760e-01
2.4714714714714713928e+00,2.2001546059558840795e-01
2.4744744744744746612e+00,2.2060472423620802740e-01
2.4774774774774774855e+00,2.2119466639640786298e-01
2.4804804804804803098e+00,2.2178528620472892641e-01
2.4834834834834835782e+00,2.2237658278871627604e-01
2.4864864864864864025e+00,2.2296855527353012794e-01
2.4894894894894896709e+00,2.2356120278284438707e-01
2.4924924924924924952e+00,2.2415452443882530331e-01
2.4954954954954953195e+00,2.2474851936129239260e-01
2.4984984984984985878e+00,2.2534318666909519679e-01
2.5015015015015014122e+00,2.2593852547873022329e-01
2.5045045045045046805e+00,2.2653453490520580882e-01
2.5075075075075075048e+00,2.2713121406204611619e-01
2.5105105105105103291e+00,2.2772856206042085825e-01
2.5135135135135135975e+00,2.2832657801053385382e-01
2.5165165165165164218e+00,2.2892526102024632340e-01
2.5195195195195196902e+00,2.2952461019592193536e-01
2.5225225225225225145e+00,2.3012462464245800331e-01
2.5255255255255253388e+00,2.3072530346239275567e-01
2.5285285285285286072e+00,2.3132664575730493839e-01
2.5315315315315314315e+00,2.3192865062644446583e-01
2.5345345345345346999e+00,2.3253131716755726099e-01
2.5375375375375375242e+00,2.3313464447694423609e-01
2.5405405405405403485e+00,2.3373863164854566388e-01
2.5435435435435436169e+00,2.3434327777535121640e-01
2.5465465465465464412e+00,2.3494858194804010831e-01
2.5495495495495497096e+00,2.3555454325578381591e-01
2.5525525525525525339e+00,2.3616116078633289654e-01
2.5555555555555553582e+00,2.3676843362507990487e-01
2.5585585585585586266e+00,2.3737636085647895179e-01
2.5615615615615614509e+00,2.3798494156269528466e-01
2.5645645645645647193e+00,2.3859417482438613489e-01
2.5675675675675675436e+00,2.3920405972081557056e-01
2.5705705705705703679e+00,2.3981459532889620734e-01
2.5735735735735736363e+00,2.4042578072461714966e-01
2.5765765765765764606e+00,2.4103761498170445110e-01
2.5795795795795797289e+00,2.4165009717238006282e-01
2.5825825825825825532e+00,2.4226322636750269313e-01
2.5855855855855853775e+00,2.4287700163559219901e-01
2.5885885885885886459e+00,2.4349142204426091340e-01
2.5915915915915914702e+00,2.4410648665889075892e-01
2.5945945945945947386e+00,2.4472219454336449629e-01
2.5975975975975975629e+00,2.4533854476023775337e-01
2.6006006006006003872e+00,2.4595553636974254452e-01
2.6036036036036036556e+00,2.4657316843122437100e-01
2.6066066066066064799e+00,2.4719144000183349008e-01
2.6096096096096097483e+00,2.4781035013723254345e-01
2.6126126126126125726e+00,2.4842989789179439897e-01
2.6156156156156153969e+00,2.4905008231758962722e-01
2.6186186186186186653e+00,2.4967090246582737678e-01
2.6216216216216214896e+00,2.5029235738556016022e-01
2.6246246246246247580e+00,2.5091444612436958339e-01
2.6276276276276275823e+00,2.5153716772858836226e-01
2.6306306306306304066e+00,2.5216052124227439357e-01
2.6336336336336336750e+00,2.5278450570865057534e-01
2.6366366366366364993e+00,2.5340912016883021529e-01
2.6396396396396397677e+00,2.5403436366247339473e-01
2.6426426426426425920e+00,2.5466023522803948875e-01
2.6456456456456454163e+00,2.5528673390174316804e-01
2.6486486486486486847e+00,2.5591385871899552384e-01
2.6516516516516515090e+00,2.5654160871314146686e-01
2.6546546546546547773e+00,2.5716998291608211824e-01
2.6576576576576576016e+00,2.5779898035854931226e-01
2.6606606606606604259e+00,2.5842860006903423109e-01
2.6636636636636636943e+00,2.5905884107522869630e-01
2.6666666666666665186e+00,2.5968970240277250427e-01
2.6696696696696697870e+00,2.6032118307585372374e-01
2.6726726726726726113e+00,2.6095328211750712377e-01
2.6756756756756754356e+00,2.6158599854852804256e-01
2.6786786786786787040e+00,2.6221933138891484472e-01
2.6816816816816815283e+00,2.6285327965663307648e-01
2.6846846846846847967e+00,2.6348784236818834081e-01
2.6876876876876876210e+00,2.6412301853895553405e-01
2.6906906906906904453e+00,2.6475880718207045472e-01
2.6936936936936937137e+00,2.6539520730988019892e-01
2.6966966966966965380e+00,2.6603221793271880635e-01
2.6996996996996998064e+00,2.6666983805945759789e-01
2.7027027027027026307e+00,2.6730806669785978080e-01
2.7057057057057058991e+00,2.6794690285345595937e-01
2.7087087087087087234e+00,2.6858634553099630660e-01
2.7117117117117115477e+00,2.6922639373324336320e-01
2.7147147147147148161e+00,2.6986704646149545228e-01
2.7177177177177176404e+00,2.7050830271596898458e-01
2.7207207207207209088e+00,2.7115016149465859252e-01
2.7237237237237237331e+00,2.7179262179478835826e-01
2.7267267267267265574e+00,2.7243568261162398603e-01
2.7297297297297298257e+00,2.7307934293896946043e-01
2.7327327327327326500e+00,2.7372360176957544198e-01
2.7357357357357359184e+00,2.7436845809398435758e-01
2.7387387387387387427e+00,2.7501391090198351597e-01
2.7417417417417415670e+00,2.7565995918143237908e-01
2.7447447447447448354e+00,2.7630660191873596121e-01
2.7477477477477476597e+00,2.7695383809927665020e-01
2.7507507507507509281e+00,2.7760166670624814023e-01
2.7537537537537537524e+00,2.7825008672210460592e-01
2.7567567567567565767e+00,2.7889909712740956760e-01
2.7597597597597598451e+00,2.7954869690128064663e-01
2.7627627627627626694e+00,2.8019888502184919776e-01
2.7657657657657659378e+00,2.8084966046507925386e-01
2.7687687687687687621e+00,2.8150102220621636695e-01
2.7717717717717715864e+00,2.8215296921865490321e-01
2.7747747747747748548e+00,2.8280550047435754069e-01
2.7777777777777776791e+00,2.8345861494433821637e-01
2.7807807807807809475e+00,2.8411231159747163399e-01
2.7837837837837837718e+00,2.8476658940193688707e-01
2.7867867867867865961e+00,2.8542144732410607011e-01
2.7897897897897898645e+00,2.8607688432893824126e-01
2.7927927927927926888e+00,2.8673289938048407421e-01
2.7957957957957959572e+00,2.8738949144068898223e-01
2.7987987987987987815e+00,2.8804665947082785937e-01
2.8018018018018016058e+00,2.8870440243041867179e-01
2.8048048048048048742e+00,2.8936271927758738798e-01
2.8078078078078076985e+00,2.9002160896959811032e-01
2.8108108108108109668e+00,2.9068107046164570750e-01
2.8138138138138137911e+00,2.9134110270828178502e-01
2.8168168168168166154e+00,2.9200170466234331990e-01
2.8198198198198198838e+00,2.9266287527528384027e-01
2.8228228228228227081e+00,2.9332461349772065429e-01
2.8258258258258259765e+00,2.9398691827820894185e-01
2.8288288288288288008e+00,2.9464978856466139678e-01
2.8318318318318316251e+00,2.9531322330329490278e-01
2.8348348348348348935e+00,2.9597722143893545610e-01
2.8378378378378377178e+00,2.9664178191559104070e-01
2.8408408408408409862e+00,2.9730690367521200868e-01
2.8438438438438438105e+00,2.9797258565910861305e-01
2.8468468468468466348e+00,2.9863882680691705707e-01
2.8498498498498499032e+00,2.9930562605687816013e-01
2.8528528528528527275e+00,2.9997298234643426929e-01
2.8558558558558559959e+00,3.0064089461097753819e-01
2.8588588588588588202e+00,3.0130936178526590563e-01
2.8618618618618616445e+00,3.0197838280240613118e-01
2.8648648648648649129e+00,3.0264795659410886897e-01
2.8678678678678677372e+00,3.0331808209130711740e-01
2.8708708708708710056e+00,3.0398875822289622706e-01
2.8738738738738738299e+00,3.0465998391714255167e-01
2.8768768768768766542e+00,3.0533175810069002054e-01
2.8798798798798799226e+00,3.0600407969878601344e-01
2.8828828828828827469e+00,3.0667694763592578955e-01
2.8858858858858860152e+00,3.0735036083458061595e-01
2.8888888888888888395e+00,3.0802431821660214428e-01
2.8918918918918916638e+00,3.0869881870224991083e-01
2.8948948948948949322e+00,3.0937386121039139875e-01
2.8978978978978977565e+00,3.1004944465916761676e-01
2.9009009009009010249e+00,3.1072556796471423324e-01
2.9039039039039038492e+00,3.1140223004255940253e-01
2.9069069069069066735e+00,3.1207942980667169319e-01
2.9099099099099099419e+00,3.1275716616963533667e-01
2.9129129129129127662e+00,3.1343543804333595659e-01
2.9159159159159160346e+00,3.1411424433768109221e-01
2.9189189189189188589e+00,3.1479358396197720804e-01
2.9219219219219216832e+00,3.1547345582400138086e-01
2.9249249249249249516e+00,3.1615385883019392343e-01
2.9279279279279277759e+00,3.1683479188631635814e-01
2.9309309309309310443e+00,3.1751625389600901528e-01
2.9339339339339338686e+00,3.1819824376262711985e-01
2.9369369369369366929e+00,3.1888076038843837789e-01
2.9399399399399399613e+00,3.1956380267241291104e-01
2.9429429429429427856e+00,3.2024736951360199821e-01
2.9459459459459460540e+00,3.2093145981761994623e-01
2.9489489489489488783e+00,3.2161607247424428557e-01
2.9519519519519521467e+00,3.2230120635163689302e-01
2.9549549549549549710e+00,3.2298686041746799136e-01
2.9579579579579577953e+00,3.2367303359963828235e-01
2.9609609609609610636e+00,3.2435972438560600750e-01
2.9639639639639638879e+00,3.2504693206270174333e-01
2.9669669669669671563e+00,3.2573465694409070581e-01
2.9699699699699699806e+00,3.2642289409879238216e-01
2.9729729729729728049e+00,3.2711164073867343705e-01
2.9759759759759760733e+00,3.2780091672768651989e-01
2.9789789789789788976e+00,3.2849070000591623630e-01
2.9819819819819821660e+00,3.2918091623585360450e-01
2.9849849849849849903e+00,3.2987176362529957441e-01
2.9879879879879878146e+00,3.3056332340739813525e-01
2.9909909909909910830e+00,3.3125450671831263572e-01
2.9939939939939939073e+00,3.3194642019983394698e-01
2.9969969969969971757e+00,3.3264282964203456538e-01
3.0000000000000000000e+00,3.3333333333333331483e-01
