0.0000000000000000000e+00,1.7215426247465998033e-02
3.0030030030030029770e-03,1.9093849636074334777e-15
6.0060060060060059539e-03,2.8143538786505399821e-15
9.0090090090090089309e-03,2.1215388484527041271e-15
1.2012012012012011908e-02,4.5745681419761429536e-16
1.5015015015015014885e-02,-1.0710353094122785114e-15
1.8018018018018017862e-02,-1.1668463666489871910e-15
2.1021021021021019104e-02,1.1223319354537741741e-15
2.4024024024024023816e-02,2.2276157908753390574e-15
2.7027027027027028527e-02,2.9082761714205810103e-15
3.0030030030030029770e-02,5.8992470255064079819e-15
3.3033033033033031012e-02,1.2121701511386586587e-14
3.6036036036036035723e-02,2.2756819054105956963e-14
3.9039039039039040435e-02,3.7404361851181517116e-14
4.2042042042042038208e-02,6.3441588493194610745e-14
4.5045045045045042920e-02,1.0314165081854667111e-13
4.8048048048048047631e-02,1.6126347171801114784e-13
5.1051051051051052343e-02,2.4597546496707853004e-13
5.4054054054054057055e-02,3.6578865645405363423e-13
5.7057057057057054827e-02,5.3320831283055745005e-13
6.0060060060060059539e-02,7.6284790454582207377e-13
6.3063063063063057312e-02,1.0714680415621207690e-12
6.6066066066066062024e-02,1.4825402372697764076e-12
6.9069069069069066735e-02,2.0204613584468570389e-12
7.2072072072072071447e-02,2.7180658490708439076e-12
7.5075075075075076159e-02,3.6137896241829627288e-12
7.8078078078078080870e-02,4.7494359815598569988e-12
8.1081081081081085582e-02,6.1781918438910803443e-12
8.4084084084084076416e-02,7.9604986825599060357e-12
8.7087087087087081128e-02,1.0165782272412822622e-11
9.0090090090090085839e-02,1.2874641024989533766e-11
9.3093093093093090551e-02,1.6178013486434644727e-11
9.6096096096096095263e-02,2.0182557385783538927e-11
9.9099099099099099974e-02,2.5007195581649753596e-11
1.0210210210210210469e-01,3.0785378797720980843e-11
1.0510510510510510940e-01,3.7671664215260579443e-11
1.0810810810810811411e-01,4.5833751801207812224e-11
1.1111111111111110494e-01,5.5465373323880683137e-11
1.1411411411411410965e-01,6.6779181446015463146e-11
1.1711711711711711437e-01,8.0011281623069582658e-11
1.2012012012012011908e-01,9.5427204850664957002e-11
1.2312312312312312379e-01,1.1331439885888420942e-10
1.2612612612612611462e-01,1.3399707061911739584e-10
1.2912912912912913321e-01,1.5782794051542979696e-10
1.3213213213213212405e-01,1.8519306117437446685e-10
1.3513513513513514264e-01,2.1652237941366294546e-10
1.3813813813813813347e-01,2.5227514309379641473e-10
1.4114114114114115206e-01,2.9296378094927802853e-10
1.4414414414414414289e-01,3.3913922908106154694e-10
1.4714714714714713373e-01,3.9140081495564018980e-10
1.5015015015015015232e-01,4.5040599312733877401e-10
1.5315315315315314315e-01,5.1685356229702520859e-10
1.5615615615615616174e-01,5.9151450835395275473e-10
1.5915915915915915257e-01,6.7521200992799046141e-10
1.6216216216216217116e-01,7.6883278591088283251e-10
1.6516516516516516200e-01,8.7334290751164813159e-10
1.6816816816816815283e-01,9.8976292259389600457e-10
1.7117117117117117142e-01,1.1192080581544284769e-09
1.7417417417417416226e-01,1.2628613221729135208e-09
1.7717717717717718084e-01,1.4219905115190625650e-09
1.8018018018018017168e-01,1.5979652915905846921e-09
1.8318318318318319027e-01,1.7922256291472608467e-09
1.8618618618618618110e-01,2.0063335510959828093e-09
1.8918918918918919969e-01,2.2419388754875016523e-09
1.9219219219219219053e-01,2.5007983109903899720e-09
1.9519519519519518136e-01,2.7847981436414171044e-09
1.9819819819819819995e-01,3.0959138683495070711e-09
2.0120120120120119078e-01,3.4362753235625034110e-09
2.0420420420420420937e-01,3.8081218956552918009e-09
2.0720720720720720021e-01,4.2138268762614441810e-09
2.1021021021021021880e-01,4.6559251710634641964e-09
2.1321321321321320963e-01,5.1370630333137555295e-09
2.1621621621621622822e-01,5.6600768834765300156e-09
2.1921921921921921905e-01,6.2279390467983445091e-09
2.2222222222222220989e-01,6.8437859768988666733e-09
2.2522522522522522848e-01,7.5109537169943582086e-09
2.2822822822822821931e-01,8.2329133073800066540e-09
2.3123123123123123790e-01,9.0133676838157025573e-09
2.3423423423423422873e-01,9.8561864807935880783e-09
2.3723723723723724732e-01,1.0765436715123469885e-08
2.4024024024024023816e-01,1.1745428077299840706e-08
2.4324324324324322899e-01,1.2800632702763321234e-08
2.4624624624624624758e-01,1.3935802283552292420e-08
2.4924924924924923841e-01,1.5155888070185918515e-08
2.5225225225225222925e-01,1.6466077818667922899e-08
2.5525525525525527559e-01,1.7871850163395072203e-08
2.5825825825825826643e-01,1.9378877017398587640e-08
2.6126126126126125726e-01,2.0993161878893833303e-08
2.6426426426426424809e-01,2.2720947110920478264e-08
2.6726726726726723893e-01,2.4568753894073660338e-08
2.7027027027027028527e-01,2.6543448135755305908e-08
2.7327327327327327611e-01,2.8652123128435645734e-08
2.7627627627627626694e-01,3.0902263319466002239e-08
2.7927927927927925777e-01,3.3301634128802673954e-08
2.8228228228228230412e-01,3.5858326700348275260e-08
2.8528528528528529495e-01,3.8580837453866985131e-08
2.8828828828828828579e-01,4.1477928505613109942e-08
2.9129129129129127662e-01,4.4558817203387301431e-08
2.9429429429429426746e-01,4.7833050163861499805e-08
2.9729729729729731380e-01,5.1310551034040686961e-08
3.0030030030030030463e-01,5.5001715128125158541e-08
3.0330330330330329547e-01,5.8917245561391195653e-08
3.0630630630630628630e-01,6.3068372076417266526e-08
3.0930930930930933265e-01,6.7466705912071822684e-08
3.1231231231231232348e-01,7.2124291725779507155e-08
3.1531531531531531432e-01,7.7053719592852040758e-08
3.1831831831831830515e-01,8.2267932725882682471e-08
3.2132132132132129598e-01,8.7780478879567862642e-08
3.2432432432432434233e-01,9.3605345273409414947e-08
3.2732732732732733316e-01,9.9757013716850248682e-08
3.3033033033033032400e-01,1.0625059134050957574e-07
3.3333333333333331483e-01,1.1310158940825573967e-07
3.3633633633633630566e-01,1.2032620719891626252e-07
3.3933933933933935201e-01,1.2794114724555365813e-07
3.4234234234234234284e-01,1.3596367281560766797e-07
3.4534534534534533368e-01,1.4441176046970074584e-07
3.4834834834834832451e-01,1.5330384430638666399e-07
3.5135135135135137086e-01,1.6265913871631064223e-07
3.5435435435435436169e-01,1.7249743029270431586e-07
3.5735735735735735252e-01,1.8283913740532946619e-07
3.6036036036036034336e-01,1.9370548683427519095e-07
3.6336336336336333419e-01,2.0511822213261778671e-07
3.6636636636636638054e-01,2.1709996478989756427e-07
3.6936936936936937137e-01,2.2967398456488096927e-07
3.7237237237237236220e-01,2.4286425922401367522e-07
3.7537537537537535304e-01,2.5669567744921376323e-07
3.7837837837837839938e-01,2.7119370869795243461e-07
3.8138138138138139022e-01,2.8638480552499368146e-07
3.8438438438438438105e-01,3.0229615059795328471e-07
3.8738738738738737188e-01,3.1895571619235987497e-07
3.9039039039039036272e-01,3.3639249677901335427e-07
3.9339339339339340906e-01,3.5463613519792307861e-07
3.9639639639639639990e-01,3.7371737094926080053e-07
3.9939939939939939073e-01,3.9366776194451678624e-07
4.0240240240240238156e-01,4.1451974189898782626e-07
4.0540540540540542791e-01,4.3630688698596435067e-07
4.0840840840840841874e-01,4.5906349442524744298e-07
4.1141141141141140958e-01,4.8282507853049205202e-07
4.1441441441441440041e-01,5.0762806720051310940e-07
4.1741741741741739125e-01,5.3350985683609809395e-07
4.2042042042042043759e-01,5.6050911376091160643e-07
4.2342342342342342842e-01,5.8866530370859049227e-07
4.2642642642642641926e-01,6.1801923753515219620e-07
4.2942942942942941009e-01,6.4861274241200093140e-07
4.3243243243243245644e-01,6.8048871097961616218e-07
4.3543543543543544727e-01,7.1369144358128983350e-07
4.3843843843843843811e-01,7.4826612237198153739e-07
4.4144144144144142894e-01,7.8425941154427085747e-07
4.4444444444444441977e-01,8.2171910042097362094e-07
4.4744744744744746612e-01,8.6069414737585469214e-07
4.5045045045045045695e-01,9.0123506445426618200e-07
4.5345345345345344779e-01,9.4339333428452006411e-07
4.5645645645645643862e-01,9.8722206509828096316e-07
4.5945945945945942945e-01,1.0327756079981415207e-06
4.6246246246246247580e-01,1.0801095912493184310e-06
4.6546546546546546663e-01,1.1292813528647853207e-06
4.6846846846846845747e-01,1.1803492950399563854e-06
4.7147147147147144830e-01,1.2333735978674751982e-06
4.7447447447447449465e-01,1.2884158090283477407e-06
4.7747747747747748548e-01,1.3455388679925298444e-06
4.8048048048048047631e-01,1.4048075892584320617e-06
4.8348348348348346715e-01,1.4662879506099795119e-06
4.8648648648648645798e-01,1.5300478681721443733e-06
4.8948948948948950433e-01,1.5961567588250243968e-06
4.9249249249249249516e-01,1.6646855512236413883e-06
4.9549549549549548599e-01,1.7357072241287275256e-06
4.9849849849849847683e-01,1.8092960245347591750e-06
5.0150150150150152317e-01,1.8855283066667034108e-06
5.0450450450450445850e-01,1.9644820666572505063e-06
5.0750750750750750484e-01,2.0462369383070163508e-06
5.1051051051051055119e-01,2.1308747908024553307e-06
5.1351351351351348651e-01,2.2184788720981410835e-06
5.1651651651651653285e-01,2.3091347148886014915e-06
5.1951951951951946818e-01,2.4029296433505580978e-06
5.2252252252252251452e-01,2.4999527508634815979e-06
5.2552552552552556087e-01,2.6002955619671280333e-06
5.2852852852852849619e-01,2.7040510968152553701e-06
5.3153153153153154253e-01,2.8113148454016901733e-06
5.3453453453453447786e-01,2.9221842484109615224e-06
5.3753753753753752420e-01,3.0367586528304194779e-06
5.4054054054054057055e-01,3.1551400429134367982e-06
5.4354354354354350587e-01,3.2774320215938634407e-06
5.4654654654654655221e-01,3.4037408554465661347e-06
5.4954954954954959856e-01,3.5341749297725440039e-06
5.5255255255255253388e-01,3.6688446793481308605e-06
5.5555555555555558023e-01,3.8078633930839270737e-06
5.5855855855855851555e-01,3.9513461073117210834e-06
5.6156156156156156189e-01,4.0994107252318480868e-06
5.6456456456456460824e-01,4.2521774457984852003e-06
5.6756756756756754356e-01,4.4097686662056699279e-06
5.7057057057057058991e-01,4.5723098658899156166e-06
5.7357357357357352523e-01,4.7399284072198808113e-06
5.7657657657657657158e-01,4.9127547305066422760e-06
5.7957957957957961792e-01,5.0909217587069593002e-06
5.8258258258258255324e-01,5.2745647680791894955e-06
5.8558558558558559959e-01,5.4638223559140501793e-06
5.8858858858858853491e-01,5.6588351448095563332e-06
5.9159159159159158126e-01,5.8597470548661511147e-06
5.9459459459459462760e-01,6.0667046858250920702e-06
5.9759759759759756292e-01,6.2798571514771903054e-06
6.0060060060060060927e-01,6.4993571369094807949e-06
6.0360360360360354459e-01,6.7253595012973038672e-06
6.0660660660660659094e-01,6.9580226300816373029e-06
6.0960960960960963728e-01,7.1975077952176659963e-06
6.1261261261261257260e-01,7.4439789492820068970e-06
6.1561561561561561895e-01,7.6976038781205731145e-06
6.1861861861861866529e-01,7.9585526972732182667e-06
6.2162162162162160062e-01,8.2269992860156247077e-06
6.2462462462462464696e-01,8.5031206273376132786e-06
6.2762762762762758229e-01,8.7870965576976783938e-06
6.3063063063063062863e-01,9.0791110200036072840e-06
6.3363363363363367498e-01,9.3793504499954861347e-06
6.3663663663663661030e-01,9.6880052930557270050e-06
6.3963963963963965664e-01,1.0005269326274728844e-05
6.4264264264264259197e-01,1.0331339358844327867e-05
6.4564564564564563831e-01,1.0666416591928469025e-05
6.4864864864864868466e-01,1.1010704889212659204e-05
6.5165165165165161998e-01,1.1364412379141408866e-05
6.5465465465465466632e-01,1.1727750760743981090e-05
6.5765765765765760165e-01,1.2100934949697873076e-05
6.6066066066066064799e-01,1.2484184551034530373e-05
6.6366366366366369434e-01,1.2877722009768855269e-05
6.6666666666666662966e-01,1.3281774299269807614e-05
6.6966966966966967600e-01,1.3696572213528663092e-05
6.7267267267267261133e-01,1.4122349954047092518e-05
6.7567567567567565767e-01,1.4559346721023132531e-05
6.7867867867867870402e-01,1.5007804739615498237e-05
6.8168168168168163934e-01,1.5467971035987220321e-05
6.8468468468468468568e-01,1.5940096718233031704e-05
6.8768768768768773203e-01,1.6424436498439966568e-05
6.9069069069069066735e-01,1.6921250409649839534e-05
6.9369369369369371370e-01,1.7430801702515145611e-05
6.9669669669669664902e-01,1.7953358709720085534e-05
6.9969969969969969537e-01,1.8489194119061054446e-05
7.0270270270270274171e-01,1.9038584425322761763e-05
7.0570570570570567703e-01,1.9601811778417690838e-05
7.0870870870870872338e-01,2.0179161746375005838e-05
7.1171171171171165870e-01,2.0770925269654005700e-05
7.1471471471471470505e-01,2.1377397928440316295e-05
7.1771771771771775139e-01,2.1998879319277237724e-05
7.2072072072072068671e-01,2.2635675040339953341e-05
7.2372372372372373306e-01,2.3288094316996823933e-05
7.2672672672672666838e-01,2.3956452045402272559e-05
7.2972972972972971473e-01,2.4641068059080337404e-05
7.3273273273273276107e-01,2.5342266422792853310e-05
7.3573573573573569639e-01,2.6060377562565889266e-05
7.3873873873873874274e-01,2.6795735748410713173e-05
7.4174174174174178908e-01,2.7548681229084435388e-05
7.4474474474474472441e-01,2.8319559499990643595e-05
7.4774774774774777075e-01,2.9108720509373091161e-05
7.5075075075075070608e-01,2.9916520938752200968e-05
7.5375375375375375242e-01,3.0743321539509549985e-05
7.5675675675675679877e-01,3.1589489357811155110e-05
7.5975975975975973409e-01,3.2455397009014137614e-05
7.6276276276276278043e-01,3.3341421788495960302e-05
7.6576576576576571576e-01,3.4247948110471337164e-05
7.6876876876876876210e-01,3.5175364693174593063e-05
7.7177177177177180845e-01,3.6124066874487184738e-05
7.7477477477477474377e-01,3.7094455896691187801e-05
7.7777777777777779011e-01,3.8086937916009066900e-05
7.8078078078078072544e-01,3.9101926605544867299e-05
7.8378378378378377178e-01,4.0139840185755484977e-05
7.8678678678678681813e-01,4.1201103830124898226e-05
7.8978978978978975345e-01,4.2286148965217603996e-05
7.9279279279279279979e-01,4.3395412171253196589e-05
7.9579579579579573512e-01,4.4529337956967912084e-05
7.9879879879879878146e-01,4.5688375630549506092e-05
8.0180180180180182781e-01,4.6872981795683659888e-05
8.0480480480480476313e-01,4.8083619670638390385e-05
8.0780780780780780947e-01,4.9320757873926940806e-05
8.1081081081081085582e-01,5.0584873377110123869e-05
8.1381381381381379114e-01,5.1876448212667721350e-05
8.1681681681681683749e-01,5.3195972059361851432e-05
8.1981981981981977281e-01,5.4543941585934204558e-05
8.2282282282282281916e-01,5.5920859114355990071e-05
8.2582582582582586550e-01,5.7327235757100353697e-05
8.2882882882882880082e-01,5.8763587958732020958e-05
8.3183183183183184717e-01,6.0230440169524558723e-05
8.3483483483483478249e-01,6.1728324219139290912e-05
8.3783783783783782884e-01,6.3257777849239413661e-05
8.4084084084084087518e-01,6.4819348043504692192e-05
8.4384384384384381050e-01,6.6413587398345868065e-05
8.4684684684684685685e-01,6.8041056883746161687e-05
8.4984984984984979217e-01,6.9702325252568548631e-05
8.5285285285285283852e-01,7.1397967435317370049e-05
8.5585585585585588486e-01,7.3128568068968718128e-05
8.5885885885885882018e-01,7.4894717694015970535e-05
8.6186186186186186653e-01,7.6697015600779309334e-05
8.6486486486486491287e-01,7.8536069280331995048e-05
8.6786786786786784820e-01,8.0412492673435632907e-05
8.7087087087087089454e-01,8.2326909905067251162e-05
8.7387387387387382987e-01,8.4279951304973188173e-05
8.7687687687687687621e-01,8.6272256336841743915e-05
8.7987987987987992256e-01,8.8304473098102008260e-05
8.8288288288288285788e-01,9.0377256414071160929e-05
8.8588588588588590422e-01,9.2491271785887353794e-05
8.8888888888888883955e-01,9.4647191230743388788e-05
8.9189189189189188589e-01,9.6845696292761416341e-05
8.9489489489489493224e-01,9.9087477597054903324e-05
8.9789789789789786756e-01,1.0137323278183439667e-04
9.0090090090090091390e-01,1.0370367066605970865e-04
9.0390390390390384923e-01,1.0607950690695098334e-04
9.0690690690690689557e-01,1.0850146708951280297e-04
9.0990990990990994192e-01,1.1097028634235870845e-04
9.1291291291291287724e-01,1.1348670709900084293e-04
9.1591591591591592358e-01,1.1605148349200805776e-04
9.1891891891891885891e-01,1.1866537682522852173e-04
9.2192192192192190525e-01,1.2132915873940027635e-04
9.2492492492492495160e-01,1.2404361089669244935e-04
9.2792792792792788692e-01,1.2680952256249002270e-04
9.3093093093093093326e-01,1.2962769523332793621e-04
9.3393393393393397961e-01,1.3249893792110961134e-04
9.3693693693693691493e-01,1.3542407039175821453e-04
9.3993993993993996128e-01,1.3840392292596503205e-04
9.4294294294294289660e-01,1.4143933371301469957e-04
9.4594594594594594295e-01,1.4453115371867688221e-04
9.4894894894894898929e-01,1.4768024177976311678e-04
9.5195195195195192461e-01,1.5088746791217785620e-04
9.5495495495495497096e-01,1.5415371315583595259e-04
9.5795795795795790628e-01,1.5747986677130997382e-04
9.6096096096096095263e-01,1.6086683135469901848e-04
9.6396396396396399897e-01,1.6431551774040222837e-04
9.6696696696696693429e-01,1.6782684837487684857e-04
9.6996996996996998064e-01,1.7140175725367963726e-04
9.7297297297297291596e-01,1.7504118691209527808e-04
9.7597597597597596231e-01,1.7874609379317672937e-04
9.7897897897897900865e-01,1.8251744295768717328e-04
9.8198198198198194397e-01,1.8635621151889350815e-04
9.8498498498498499032e-01,1.9026338868052440211e-04
9.8798798798798792564e-01,1.9423997251221848258e-04
9.9099099099099097199e-01,1.9828697557698371804e-04
9.9399399399399401833e-01,2.0240541944704031714e-04
9.9699699699699695365e-01,2.0659633819564875764e-04
1.0000000000000000000e+00,2.1086077854407927275e-04
1.0030030030030030463e+00,2.1519979641265135997e-04
1.0060060060060060927e+00,2.1961446281440632111e-04
1.0090090090090089170e+00,2.2410585817561363021e-04
1.0120120120120119633e+00,2.2867507587927290535e-04
1.0150150150150150097e+00,2.3332322253100253821e-04
1.0180180180180180560e+00,2.3805141427604792977e-04
1.0210210210210211024e+00,2.4286078296443844413e-04
1.0240240240240239267e+00,2.4775247027651955837e-04
1.0270270270270269730e+00,2.5272763131281924956e-04
1.0300300300300300194e+00,2.5778743498734593784e-04
1.0330330330330330657e+00,2.6293306010144511329e-04
1.0360360360360361121e+00,2.6816570178702156665e-04
1.0390390390390389364e+00,2.7348656543604279914e-04
1.0420420420420419827e+00,2.7889687033132382283e-04
1.0450450450450450290e+00,2.8439785017715418954e-04
1.0480480480480480754e+00,2.8999074892039711313e-04
1.0510510510510511217e+00,2.9567682747719188944e-04
1.0540540540540539460e+00,3.0145735746706325787e-04
1.0570570570570569924e+00,3.0733362487820762915e-04
1.0600600600600600387e+00,3.1330693074557816906e-04
1.0630630630630630851e+00,3.1937858670952779406e-04
1.0660660660660661314e+00,3.2554992203145098227e-04
1.0690690690690689557e+00,3.3182227713305300579e-04
1.0720720720720720021e+00,3.3819700728984704481e-04
1.0750750750750750484e+00,3.4467548346674701295e-04
1.0780780780780780947e+00,3.5125908760454062525e-04
1.0810810810810811411e+00,3.5794921992986927653e-04
1.0840840840840839654e+00,3.6474729230055730330e-04
1.0870870870870870117e+00,3.7165473192036938086e-04
1.0900900900900900581e+00,3.7867298234270482978e-04
1.0930930930930931044e+00,3.8580349847454315599e-04
1.0960960960960961508e+00,3.9304775418680089425e-04
1.0990990990990991971e+00,4.0040723546634057533e-04
1.1021021021021020214e+00,4.0788344414501080627e-04
1.1051051051051050678e+00,4.1547789908188899636e-04
1.1081081081081081141e+00,4.2319213087574879262e-04
1.1111111111111111605e+00,4.3102768977968465612e-04
1.1141141141141142068e+00,4.3898613866223418906e-04
1.1171171171171170311e+00,4.4706905674279982885e-04
1.1201201201201200774e+00,4.5527804096351604055e-04
1.1231231231231231238e+00,4.6361470040021124112e-04
1.1261261261261261701e+00,4.7208066448642849351e-04
1.1291291291291292165e+00,4.8067757578522255293e-04
1.1321321321321320408e+00,4.8940709372312634490e-04
1.1351351351351350871e+00,4.9827089616328635886e-04
1.1381381381381381335e+00,5.0727067350425506572e-04
1.1411411411411411798e+00,5.1640813721853188589e-04
1.1441441441441442262e+00,5.2568501243739564240e-04
1.1471471471471470505e+00,5.3510304167477017786e-04
1.1501501501501500968e+00,5.4466398661316218002e-04
1.1531531531531531432e+00,5.5436962188046116657e-04
1.1561561561561561895e+00,5.6422174390733553003e-04
1.1591591591591592358e+00,5.7422216332737321086e-04
1.1621621621621620601e+00,5.8437270868246795567e-04
1.1651651651651651065e+00,5.9467522843327242765e-04
1.1681681681681681528e+00,6.0513158440398599584e-04
1.1711711711711711992e+00,6.1574366096264863003e-04
1.1741741741741742455e+00,6.2651335724008027413e-04
1.1771771771771770698e+00,6.3744259080745439144e-04
1.1801801801801801162e+00,6.4853329992320722045e-04
1.1831831831831831625e+00,6.5978743663610249504e-04
1.1861861861861862089e+00,6.7120697629205754338e-04
1.1891891891891892552e+00,6.8279390957566446843e-04
1.1921921921921920795e+00,6.9455024615000646084e-04
1.1951951951951951258e+00,7.0647801715276593686e-04
1.1981981981981981722e+00,7.1857926794713703183e-04
1.2012012012012012185e+00,7.3085606795930170305e-04
1.2042042042042042649e+00,7.4331050254586815678e-04
1.2072072072072070892e+00,7.5594467658646419348e-04
1.2102102102102101355e+00,7.6876071724135989702e-04
1.2132132132132131819e+00,7.8176076634042974967e-04
1.2162162162162162282e+00,7.9494699055422169721e-04
1.2192192192192192746e+00,8.0832157309202107894e-04
1.2222222222222223209e+00,8.2188671723676691092e-04
1.2252252252252251452e+00,8.3564464937682691233e-04
1.2282282282282281916e+00,8.4959761102272330757e-04
1.2312312312312312379e+00,8.6374786931536274605e-04
1.2342342342342342842e+00,8.7809770855911534453e-04
1.2372372372372373306e+00,8.9264943368820657416e-04
1.2402402402402401549e+00,9.0740537358605674687e-04
1.2432432432432432012e+00,9.2236787271986696822e-04
1.2462462462462462476e+00,9.3753930198835211396e-04
1.2492492492492492939e+00,9.5292205009561161376e-04
1.2522522522522523403e+00,9.6851852693765510312e-04
1.2552552552552551646e+00,9.8433116722245373072e-04
1.2582582582582582109e+00,1.0003624217125286957e-03
1.2612612612612612573e+00,1.0166147684147919684e-03
1.2642642642642643036e+00,1.0330907038006507514e-03
1.2672672672672673500e+00,1.0497927461012971934e-03
1.2702702702702701743e+00,1.0667234392418578365e-03
1.2732732732732732206e+00,1.0838853436820393514e-03
1.2762762762762762669e+00,1.1012810479504400209e-03
1.2792792792792793133e+00,1.1189131597166357759e-03
1.2822822822822823596e+00,1.1367843089836210824e-03
1.2852852852852851839e+00,1.1548971523496324738e-03
1.2882882882882882303e+00,1.1732543634370127834e-03
1.2912912912912912766e+00,1.1918586447726621947e-03
1.2942942942942943230e+00,1.2107127187190702255e-03
1.2972972972972973693e+00,1.2298193305510958778e-03
1.3003003003003001936e+00,1.2491812530592743061e-03
1.3033033033033032400e+00,1.2688012765571757712e-03
1.3063063063063062863e+00,1.2886822211095982742e-03
1.3093093093093093326e+00,1.3088269273290836607e-03
1.3123123123123123790e+00,1.3292382593247911889e-03
1.3153153153153152033e+00,1.3499191096612024165e-03
1.3183183183183182496e+00,1.3708723889345538101e-03
1.3213213213213212960e+00,1.3921010383496014613e-03
1.3243243243243243423e+00,1.4136080203895934511e-03
1.3273273273273273887e+00,1.4353963216238790294e-03
1.3303303303303302130e+00,1.4574689580362765705e-03
1.3333333333333332593e+00,1.4798289641609803109e-03
1.3363363363363363057e+00,1.5024794060088096127e-03
1.3393393393393393520e+00,1.5254233716184978364e-03
1.3423423423423423984e+00,1.5486639737095784976e-03
1.3453453453453452227e+00,1.5722043553947522617e-03
1.3483483483483482690e+00,1.5960476788657411429e-03
1.3513513513513513153e+00,1.6201971386698521636e-03
1.3543543543543543617e+00,1.6446559521504239016e-03
1.3573573573573574080e+00,1.6694273619315635158e-03
1.3603603603603604544e+00,1.6945146420288019137e-03
1.3633633633633632787e+00,1.7199210860758676941e-03
1.3663663663663663250e+00,1.7456500209511278347e-03
1.3693693693693693714e+00,1.7717047971166045243e-03
1.3723723723723724177e+00,1.7980887909199696952e-03
1.3753753753753754641e+00,1.8248054111181355019e-03
1.3783783783783782884e+00,1.8518580866357505030e-03
1.3813813813813813347e+00,1.8792502805411604588e-03
1.3843843843843843811e+00,1.9069854802928186844e-03
1.3873873873873874274e+00,1.9350671998445230417e-03
1.3903903903903904737e+00,1.9634989865961534512e-03
1.3933933933933932980e+00,1.9922844086752780624e-03
1.3963963963963963444e+00,2.0214270692619365835e-03
1.3993993993993993907e+00,2.0509305967525049037e-03
1.4024024024024024371e+00,2.0807986466529382504e-03
1.4054054054054054834e+00,2.1110349089719484053e-03
1.4084084084084083077e+00,2.1416430950167019039e-03
1.4114114114114113541e+00,2.1726269520652716563e-03
1.4144144144144144004e+00,2.2039902534582950060e-03
1.4174174174174174468e+00,2.2357368002651162135e-03
1.4204204204204204931e+00,2.2678704291339657310e-03
1.4234234234234233174e+00,2.3003949985935480058e-03
1.4264264264264263637e+00,2.3333144040713895903e-03
1.4294294294294294101e+00,2.3666325679240194681e-03
1.4324324324324324564e+00,2.4003534408605447202e-03
1.4354354354354355028e+00,2.4344810102647431067e-03
1.4384384384384383271e+00,2.4690192859941890828e-03
1.4414414414414413734e+00,2.5039723157424713731e-03
1.4444444444444444198e+00,2.5393441750193425713e-03
1.4474474474474474661e+00,2.5751389683155000848e-03
1.4504504504504505125e+00,2.6113608379118380745e-03
1.4534534534534533368e+00,2.6480139491678366184e-03
1.4564564564564563831e+00,2.6851025062254465191e-03
1.4594594594594594295e+00,2.7226307419503806631e-03
1.4624624624624624758e+00,2.7606029188222487754e-03
1.4654654654654655221e+00,2.7990233382453495736e-03
1.4684684684684683464e+00,2.8378963253188568307e-03
1.4714714714714713928e+00,2.8772262448788182669e-03
1.4744744744744744391e+00,2.9170174914132027122e-03
1.4774774774774774855e+00,2.9572744896608099165e-03
1.4804804804804805318e+00,2.9980017044388576446e-03
1.4834834834834835782e+00,3.0392036248874073137e-03
1.4864864864864864025e+00,3.0808847808463466628e-03
1.4894894894894894488e+00,3.1230497327568809175e-03
1.4924924924924924952e+00,3.1657030719523526763e-03
1.4954954954954955415e+00,3.2088494310176388438e-03
1.4984984984984985878e+00,3.2524934675007047789e-03
1.5015015015015014122e+00,3.2966398806205656977e-03
1.5045045045045044585e+00,3.3412934011683354842e-03
1.5075075075075075048e+00,3.3864587914731107514e-03
1.5105105105105105512e+00,3.4321408563079062841e-03
1.5135135135135135975e+00,3.4783444260615488559e-03
1.5165165165165164218e+00,3.5250743737732280828e-03
1.5195195195195194682e+00,3.5723356050467729335e-03
1.5225225225225225145e+00,3.6201330576741195914e-03
1.5255255255255255609e+00,3.6684717131029369146e-03
1.5285285285285286072e+00,3.7173565790621222564e-03
1.5315315315315314315e+00,3.7667927069180598236e-03
1.5345345345345344779e+00,3.8167851816164307180e-03
1.5375375375375375242e+00,3.8673391209454181967e-03
1.5405405405405405705e+00,3.9184596875799903443e-03
1.5435435435435436169e+00,3.9701520711548938386e-03
1.5465465465465464412e+00,4.0224215059370491826e-03
1.5495495495495494875e+00,4.0752732608091944699e-03
1.5525525525525525339e+00,4.1287126381552097590e-03
1.5555555555555555802e+00,4.1827449864950934713e-03
1.5585585585585586266e+00,4.2373756819995911718e-03
1.5615615615615614509e+00,4.2926101464727736690e-03
1.5645645645645644972e+00,4.3484538373926295840e-03
1.5675675675675675436e+00,4.4049122464004863628e-03
1.5705705705705705899e+00,4.4619909125416142015e-03
1.5735735735735736363e+00,4.5196954032163672021e-03
1.5765765765765764606e+00,4.5780313324662548144e-03
1.5795795795795795069e+00,4.6370043510875853451e-03
1.5825825825825825532e+00,4.6966201447062221400e-03
1.5855855855855855996e+00,4.7568844476386590650e-03
1.5885885885885886459e+00,4.8178030232743909375e-03
1.5915915915915914702e+00,4.8793816826587848787e-03
1.5945945945945945166e+00,4.9416262746955017665e-03
1.5975975975975975629e+00,5.0045426837883695212e-03
1.6006006006006006093e+00,5.0681368443370056892e-03
1.6036036036036036556e+00,5.1324147205460942181e-03
1.6066066066066067020e+00,5.1973823252973640890e-03
1.6096096096096095263e+00,5.2630457104572876681e-03
1.6126126126126125726e+00,5.3294109640673811845e-03
1.6156156156156156189e+00,5.3964842254887361930e-03
1.6186186186186186653e+00,5.4642716646337808825e-03
1.6216216216216217116e+00,5.5327795011194981500e-03
1.6246246246246245359e+00,5.6020139946973889974e-03
1.6276276276276275823e+00,5.6719814419730618660e-03
1.6306306306306306286e+00,5.7426881922139471487e-03
1.6336336336336336750e+00,5.8141406259997994999e-03
1.6366366366366367213e+00,5.8863451746483707108e-03
1.6396396396396395456e+00,5.9593083107852334521e-03
1.6426426426426425920e+00,6.0330365445734716878e-03
1.6456456456456456383e+00,6.1075364401979642323e-03
1.6486486486486486847e+00,6.1828145939311560109e-03
1.6516516516516517310e+00,6.2588776538217731280e-03
1.6546546546546545553e+00,6.3357323104219652118e-03
1.6576576576576576016e+00,6.4133852925077599466e-03
1.6606606606606606480e+00,6.4918433842536225897e-03
1.6636636636636636943e+00,6.5711134027113017597e-03
1.6666666666666667407e+00,6.6512022177518904595e-03
1.6696696696696695650e+00,6.7321167429688563710e-03
1.6726726726726726113e+00,6.8138639308701629341e-03
1.6756756756756756577e+00,6.8964507907564856146e-03
1.6786786786786787040e+00,6.9798843656109299874e-03
1.6816816816816817504e+00,7.0641717522838820553e-03
1.6846846846846845747e+00,7.1493200925910448812e-03
1.6876876876876876210e+00,7.2353365679574685801e-03
1.6906906906906906674e+00,7.3222284180126601463e-03
1.6936936936936937137e+00,7.4100029168893775250e-03
1.6966966966966967600e+00,7.4986673936404306742e-03
1.6996996996996995843e+00,7.5882292235509114439e-03
1.7027027027027026307e+00,7.6786958222145986278e-03
1.7057057057057056770e+00,7.7700746648585424306e-03
1.7087087087087087234e+00,7.8623732620500628304e-03
1.7117117117117117697e+00,7.9555991803339585339e-03
1.7147147147147145940e+00,8.0497600337784414037e-03
1.7177177177177176404e+00,8.1448634774641693462e-03
1.7207207207207206867e+00,8.2409172275511258926e-03
1.7237237237237237331e+00,8.3379290363930005925e-03
1.7267267267267267794e+00,8.4359067133826116242e-03
1.7297297297297298257e+00,8.5348581167519355778e-03
1.7327327327327326500e+00,8.6347911464538795734e-03
1.7357357357357356964e+00,8.7357137649833830478e-03
1.7387387387387387427e+00,8.8376339718994872258e-03
1.7417417417417417891e+00,8.9405598248662628003e-03
1.7447447447447448354e+00,9.0444994317267993905e-03
1.7477477477477476597e+00,9.1494609427577831828e-03
1.7507507507507507061e+00,9.2554525722559240208e-03
1.7537537537537537524e+00,9.3624825724681007971e-03
1.7567567567567567988e+00,9.4705592548136752901e-03
1.7597597597597598451e+00,9.5796909822538495183e-03
1.7627627627627626694e+00,9.6898861608992296890e-03
1.7657657657657657158e+00,9.8011532623732966485e-03
1.7687687687687687621e+00,9.9135007971525839626e-03
1.7717717717717718084e+00,1.0026937335956663186e-02
1.7747747747747748548e+00,1.0141471502434258253e-02
1.7777777777777776791e+00,1.0257111964104016419e-02
1.7807807807807807254e+00,1.0373867455505968171e-02
1.7837837837837837718e+00,1.0491746750953783243e-02
1.7867867867867868181e+00,1.0610758686077611038e-02
1.7897897897897898645e+00,1.0730912150848844269e-02
1.7927927927927926888e+00,1.0852216079834321044e-02
1.7957957957957957351e+00,1.0974679476145944926e-02
1.7987987987987987815e+00,1.1098311383607955757e-02
1.8018018018018018278e+00,1.1223120908437408255e-02
1.8048048048048048742e+00,1.1349117212629522208e-02
1.8078078078078076985e+00,1.1476309503505501691e-02
1.8108108108108107448e+00,1.1604707058470487696e-02
1.8138138138138137911e+00,1.1734319196599042601e-02
1.8168168168168168375e+00,1.1865155300437513902e-02
1.8198198198198198838e+00,1.1997224809772385340e-02
1.8228228228228227081e+00,1.2130537210452015454e-02
1.8258258258258257545e+00,1.2265102059962250391e-02
1.8288288288288288008e+00,1.2400928958434517813e-02
1.8318318318318318472e+00,1.2538027570553278434e-02
1.8348348348348348935e+00,1.2676407619730493265e-02
1.8378378378378377178e+00,1.2816078876181222906e-02
1.8408408408408407642e+00,1.2957051183326288857e-02
1.8438438438438438105e+00,1.3099334428227490598e-02
1.8468468468468468568e+00,1.3242938563583323344e-02
1.8498498498498499032e+00,1.3387873602332128406e-02
1.8528528528528527275e+00,1.3534149604962124325e-02
1.8558558558558557738e+00,1.3681776706748078123e-02
1.8588588588588588202e+00,1.3830765087619337206e-02
1.8618618618618618665e+00,1.3981124994224696650e-02
1.8648648648648649129e+00,1.4132866734987674026e-02
1.8678678678678679592e+00,1.4286000666631501824e-02
1.8708708708708707835e+00,1.4440537222258019098e-02
1.8738738738738738299e+00,1.4596486880655980961e-02
1.8768768768768768762e+00,1.4753860188416774088e-02
1.8798798798798799226e+00,1.4912667755466183644e-02
1.8828828828828829689e+00,1.5072920240785360468e-02
1.8858858858858857932e+00,1.5234628381338977815e-02
1.8888888888888888395e+00,1.5397802960831079994e-02
1.8918918918918918859e+00,1.5562454831852477397e-02
1.8948948948948949322e+00,1.5728594911913244825e-02
1.8978978978978979786e+00,1.5896234168340492993e-02
1.9009009009009008029e+00,1.6065383648062168953e-02
1.9039039039039038492e+00,1.6236054445818649122e-02
1.9069069069069068956e+00,1.6408257726322150738e-02
1.9099099099099099419e+00,1.6582004720814141896e-02
1.9129129129129129883e+00,1.6757306711121064402e-02
1.9159159159159158126e+00,1.6934175060299698490e-02
1.9189189189189188589e+00,1.7112621180313390690e-02
1.9219219219219219053e+00,1.7292656554183025858e-02
1.9249249249249249516e+00,1.7474292733094094754e-02
1.9279279279279279979e+00,1.7657541319591595064e-02
1.9309309309309308222e+00,1.7842413999091987636e-02
1.9339339339339338686e+00,1.8028922507034337436e-02
1.9369369369369369149e+00,1.8217078651001111789e-02
1.9399399399399399613e+00,1.8406894308400374716e-02
1.9429429429429430076e+00,1.8598381408781203966e-02
1.9459459459459458319e+00,1.8791551966216589464e-02
1.9489489489489488783e+00,1.8986418045940305077e-02
1.9519519519519519246e+00,1.9182991786415810875e-02
1.9549549549549549710e+00,1.9381285397618672195e-02
1.9579579579579580173e+00,1.9581311142454291968e-02
1.9609609609609608416e+00,1.9783081370015654504e-02
1.9639639639639638879e+00,1.9986608481716915814e-02
1.9669669669669669343e+00,2.0191904953287726637e-02
1.9699699699699699806e+00,2.0398983333679846647e-02
1.9729729729729730270e+00,2.0607856225569085029e-02
1.9759759759759758513e+00,2.0818536319488399611e-02
1.9789789789789788976e+00,2.1031036359471698416e-02
1.9819819819819819440e+00,2.1245369164949647750e-02
1.9849849849849849903e+00,2.1461547630307397511e-02
1.9879879879879880367e+00,2.1679584704454000349e-02
1.9909909909909910830e+00,2.1899493425833443938e-02
1.9939939939939939073e+00,2.2121286887593273607e-02
1.9969969969969969537e+00,2.2344978259357904660e-02
2.0000000000000000000e+00,2.2570580787463576794e-02
2.0030030030030028243e+00,2.2798107773577998281e-02
2.0060060060060060927e+00,2.3027572610590341801e-02
2.0090090090090089170e+00,2.3258988747319304935e-02
2.0120120120120121854e+00,2.3492369710139505284e-02
2.0150150150150150097e+00,2.3727729103919500964e-02
2.0180180180180178340e+00,2.3965080589675183398e-02
2.0210210210210211024e+00,2.4204437921338507744e-02
2.0240240240240239267e+00,2.4445814910021058247e-02
2.0270270270270271951e+00,2.4689225445467911230e-02
2.0300300300300300194e+00,2.4934683497725436407e-02
2.0330330330330328437e+00,2.5182203093811385969e-02
2.0360360360360361121e+00,2.5431798355362182640e-02
2.0390390390390389364e+00,2.5683483462468553044e-02
2.0420420420420422047e+00,2.5937272674930816896e-02
2.0450450450450450290e+00,2.6193180334682802241e-02
2.0480480480480478533e+00,2.6451220841462924627e-02
2.0510510510510511217e+00,2.6711408691338370952e-02
2.0540540540540539460e+00,2.6973758440130082142e-02
2.0570570570570572144e+00,2.7238284724443360962e-02
2.0600600600600600387e+00,2.7505002264874494483e-02
2.0630630630630628630e+00,2.7773925840666527365e-02
2.0660660660660661314e+00,2.8045070329108863494e-02
2.0690690690690689557e+00,2.8318450668569607881e-02
2.0720720720720722241e+00,2.8594081879274358543e-02
2.0750750750750750484e+00,2.8871979067322459112e-02
2.0780780780780778727e+00,2.9152157398311798198e-02
2.0810810810810811411e+00,2.9434632137611473068e-02
2.0840840840840839654e+00,2.9719418613019816383e-02
2.0870870870870872338e+00,3.0006532235263404934e-02
2.0900900900900900581e+00,3.0295988502848335278e-02
2.0930930930930928824e+00,3.0587802974637780945e-02
2.0960960960960961508e+00,3.0881991310991990102e-02
2.0990990990990989751e+00,3.1178569236071818072e-02
2.1021021021021022435e+00,3.1477552558029121832e-02
2.1051051051051050678e+00,3.1778957174720880163e-02
2.1081081081081078921e+00,3.2082799045226435830e-02
2.1111111111111111605e+00,3.2389094231851767169e-02
2.1141141141141139848e+00,3.2697858862099637989e-02
2.1171171171171172531e+00,3.3009109148523757549e-02
2.1201201201201200774e+00,3.3322861395332845080e-02
2.1231231231231229017e+00,3.3639131968832766684e-02
2.1261261261261261701e+00,3.3957937340290511585e-02
2.1291291291291289944e+00,3.4279294047592147321e-02
2.1321321321321322628e+00,3.4603218714731674710e-02
2.1351351351351350871e+00,3.4929728059332101897e-02
2.1381381381381379114e+00,3.5258838861998396952e-02
2.1411411411411411798e+00,3.5590568010035669722e-02
2.1441441441441440041e+00,3.5924932458816997982e-02
2.1471471471471472725e+00,3.6261949250877265061e-02
2.1501501501501500968e+00,3.6601635524378749176e-02
2.1531531531531529211e+00,3.6944008481360493534e-02
2.1561561561561561895e+00,3.7289085432305399403e-02
2.1591591591591590138e+00,3.7636883757239975035e-02
2.1621621621621622822e+00,3.7987420924403519917e-02
2.1651651651651651065e+00,3.8340714499684930283e-02
2.1681681681681679308e+00,3.8696782113756038324e-02
2.1711711711711711992e+00,3.9055641507480004515e-02
2.1741741741741740235e+00,3.9417310492766428898e-02
2.1771771771771772919e+00,3.9781806970786016964e-02
2.1801801801801801162e+00,4.0149148942405531171e-02
2.1831831831831833846e+00,4.0519354474191790483e-02
2.1861861861861862089e+00,4.0892441744654318969e-02
2.1891891891891890332e+00,4.1268429004880133326e-02
2.1921921921921923015e+00,4.1647334596262325368e-02
2.1951951951951951258e+00,4.2029176961960915127e-02
2.1981981981981983942e+00,4.2413974611764750089e-02
2.2012012012012012185e+00,4.2801746169160832800e-02
2.2042042042042040428e+00,4.3192510331772356047e-02
2.2072072072072073112e+00,4.3586285888571163483e-02
2.2102102102102101355e+00,4.3983091732391371709e-02
2.2132132132132134039e+00,4.4382946823636346134e-02
2.2162162162162162282e+00,4.4785870238164798840e-02
2.2192192192192190525e+00,4.5191881127555899589e-02
2.2222222222222223209e+00,4.5600998735772287074e-02
2.2252252252252251452e+00,4.6013242412749871812e-02
2.2282282282282284136e+00,4.6428631576939723147e-02
2.2312312312312312379e+00,4.6847185763999203700e-02
2.2342342342342340622e+00,4.7268924586913244057e-02
2.2372372372372373306e+00,4.7693867752076936350e-02
2.2402402402402401549e+00,4.8122035073990578058e-02
2.2432432432432434233e+00,4.8553446436626387928e-02
2.2462462462462462476e+00,4.8988121842915163806e-02
2.2492492492492490719e+00,4.9426081374750262254e-02
2.2522522522522523403e+00,4.9867345208457827810e-02
2.2552552552552551646e+00,5.0311933630623584257e-02
2.2582582582582584330e+00,5.0759866998273998895e-02
2.2612612612612612573e+00,5.1211165789147389260e-02
2.2642642642642640816e+00,5.1665850561607898350e-02
2.2672672672672673500e+00,5.2123941969470989621e-02
2.2702702702702701743e+00,5.2585460778988638020e-02
2.2732732732732734426e+00,5.3050427827834589767e-02
2.2762762762762762669e+00,5.3518864076148607578e-02
2.2792792792792790912e+00,5.3990790566388321969e-02
2.2822822822822823596e+00,5.4466228437477205715e-02
2.2852852852852851839e+00,5.4945198942974081413e-02
2.2882882882882884523e+00,5.5427723408854323583e-02
2.2912912912912912766e+00,5.5913823285313253575e-02
2.2942942942942941009e+00,5.6403520106585558480e-02
2.2972972972972973693e+00,5.6896835504382278770e-02
2.3003003003003001936e+00,5.7393791227271159783e-02
2.3033033033033034620e+00,5.7894409097244407814e-02
2.3063063063063062863e+00,5.8398711062268772454e-02
2.3093093093093091106e+00,5.8906719156101065848e-02
2.3123123123123123790e+00,5.9418455510981509071e-02
2.3153153153153152033e+00,5.9933942378250414096e-02
2.3183183183183184717e+00,6.0453202083694666802e-02
2.3213213213213212960e+00,6.0976257080830403856e-02
2.3243243243243241203e+00,6.1503129910744337716e-02
2.3273273273273273887e+00,6.2033843214010196687e-02
2.3303303303303302130e+00,6.2568419752567674963e-02
2.3333333333333334814e+00,6.3106882363839517103e-02
2.3363363363363363057e+00,6.3649254014732231655e-02
2.3393393393393391300e+00,6.4195557761534391417e-02
2.3423423423423423984e+00,6.4745816761021660057e-02
2.3453453453453452227e+00,6.5300054293623607804e-02
2.3483483483483484910e+00,6.5858293716304763810e-02
2.3513513513513513153e+00,6.6420558517266622967e-02
2.3543543543543541396e+00,6.6986872275931058640e-02
2.3573573573573574080e+00,6.7557258673198977705e-02
2.3603603603603602323e+00,6.8131741515925242636e-02
2.3633633633633635007e+00,6.8710344688557772885e-02
2.3663663663663663250e+00,6.9293092208520742914e-02
2.3693693693693691493e+00,6.9880008186319314545e-02
2.3723723723723724177e+00,7.0471116834918301475e-02
2.3753753753753752420e+00,7.1066442495552675784e-02
2.3783783783783785104e+00,7.1666009588121457052e-02
2.3813813813813813347e+00,7.2269842667236572353e-02
2.3843843843843841590e+00,7.2877966382480424690e-02
2.3873873873873874274e+00,7.3490405486871510088e-02
2.3903903903903902517e+00,7.4107184864034336691e-02
2.3933933933933935201e+00,7.4728329477343188869e-02
2.3963963963963963444e+00,7.5353864426618552552e-02
2.3993993993993991687e+00,7.5983814908571506441e-02
2.4024024024024024371e+00,7.6618206224320750675e-02
2.4054054054054052614e+00,7.7257063807945836054e-02
2.4084084084084085298e+00,7.7900413174378305148e-02
2.4114114114114113541e+00,7.8548279976725032814e-02
2.4144144144144141784e+00,7.9200689966934051389e-02
2.4174174174174174468e+00,7.9857669002328324215e-02
2.4204204204204202711e+00,8.0519243075566016010e-02
2.4234234234234235394e+00,8.1185438261275069682e-02
2.4264264264264263637e+00,8.1856280773984713139e-02
2.4294294294294291880e+00,8.2531796929046316591e-02
2.4324324324324324564e+00,8.3212013148149632791e-02
2.4354354354354352807e+00,8.3896955990712909768e-02
2.4384384384384385491e+00,8.4586652099258585746e-02
2.4414414414414413734e+00,8.5281128257933061509e-02
2.4444444444444446418e+00,8.5980411353716271194e-02
2.4474474474474474661e+00,8.6684528380886416432e-02
2.4504504504504502904e+00,8.7393506473862889172e-02
2.4534534534534535588e+00,8.8107372851320794882e-02
2.4564564564564563831e+00,8.8826154875277368861e-02
2.4594594594594596515e+00,8.9549880012627147696e-02
2.4624624624624624758e+00,9.0278575838519087293e-02
2.4654654654654653001e+00,9.1012270070674569644e-02
2.4684684684684685685e+00,9.1750990512240615526e-02
2.4714714714714713928e+00,9.2494765111420643167e-02
2.4744744744744746612e+00,9.3243621923370670346e-02
2.4774774774774774855e+00,9.3997589112454565941e-02
2.4804804804804803098e+00,9.4756694988058637330e-02
2.4834834834834835782e+00,9.5520967946183310548e-02
2.4864864864864864025e+00,9.6290436529595915816e-02
2.4894894894894896709e+00,9.7065129390123627839e-02
2.4924924924924924952e+00,9.7845075289753197234e-02
2.4954954954954953195e+00,9.8630303137960298465e-02
2.4984984984984985878e+00,9.9420841932039927258e-02
2.5015015015015014122e+00,1.0021672081775306884e-01
2.5045045045045046805e+00,1.0101796905204916965e-01
2.5075075075075075048e+00,1.0182461600297366966e-01
2.5105105105105103291e+00,1.0263669118852947193e-01
2.5135135135135135975e+00,1.0345422421575053984e-01
2.5165165165165164218e+00,1.0427724484181905007e-01
2.5195195195195196902e+00,1.0510578293726036136e-01
2.5225225225225225145e+00,1.0593986848462431938e-01
2.5255255255255253388e+00,1.0677953161890117728e-01
2.5285285285285286072e+00,1.0762480256534359691e-01
2.5315315315315314315e+00,1.0847571170102625338e-01
2.5345345345345346999e+00,1.0933228951855257505e-01
2.5375375375375375242e+00,1.1019456662347532072e-01
2.5405405405405403485e+00,1.1106257377628563077e-01
2.5435435435435436169e+00,1.1193634182898681839e-01
2.5465465465465464412e+00,1.1281590178707109895e-01
2.5495495495495497096e+00,1.1370128477377550169e-01
2.5525525525525525339e+00,1.1459252202620801020e-01
2.5555555555555553582e+00,1.1548964493892718841e-01
2.5585585585585586266e+00,1.1639268499927335476e-01
2.5615615615615614509e+00,1.1730167384973533284e-01
2.5645645645645647193e+00,1.1821664325279312990e-01
2.5675675675675675436e+00,1.1913762508571686116e-01
2.5705705705705703679e+00,1.2006465138575349305e-01
2.5735735735735736363e+00,1.2099775428422210322e-01
2.5765765765765764606e+00,1.2193696606924059322e-01
2.5795795795795797289e+00,1.2288231915119816884e-01
2.5825825825825825532e+00,1.2383384605618820429e-01
2.5855855855855853775e+00,1.2479157947282350227e-01
2.5885885885885886459e+00,1.2575555218509787414e-01
2.5915915915915914702e+00,1.2672579713544962488e-01
2.5945945945945947386e+00,1.2770234739089633691e-01
2.5975975975975975629e+00,1.2868523613507537595e-01
2.6006006006006003872e+00,1.2967449671669711853e-01
2.6036036036036036556e+00,1.3067016258118574479e-01
2.6066066066066064799e+00,1.3167226733404546746e-01
2.6096096096096097483e+00,1.3268084470770227790e-01
2.6126126126126125726e+00,1.3369592855211381854e-01
2.6156156156156153969e+00,1.3471755288487882729e-01
2.6186186186186186653e+00,1.3574575182166578879e-01
2.6216216216216214896e+00,1.3678055963984961374e-01
2.6246246246246247580e+00,1.3782201074610303526e-01
2.6276276276276275823e+00,1.3887013966554018207e-01
2.6306306306306304066e+00,1.3992498109349957303e-01
2.6336336336336336750e+00,1.4098656982476612254e-01
2.6366366366366364993e+00,1.4205494081745295709e-01
2.6396396396396397677e+00,1.4313012916137679564e-01
2.6426426426426425920e+00,1.4421217006570782870e-01
2.6456456456456454163e+00,1.4530109891243483955e-01
2.6486486486486486847e+00,1.4639695118439549626e-01
2.6516516516516515090e+00,1.4749976252936380927e-01
2.6546546546546547773e+00,1.4860956872924913075e-01
2.6576576576576576016e+00,1.4972640568621475854e-01
2.6606606606606604259e+00,1.5085030947783076294e-01
2.6636636636636636943e+00,1.5198131628392561043e-01
2.6666666666666665186e+00,1.5311946245084248619e-01
2.6696696696696697870e+00,1.5426478446151212220e-01
2.6726726726726726113e+00,1.5541731892000631987e-01
2.6756756756756754356e+00,1.5657710260839904914e-01
2.6786786786786787040e+00,1.5774417241245053400e-01
2.6816816816816815283e+00,1.5891856538600615534e-01
2.6846846846846847967e+00,1.6010031872197716396e-01
2.6876876876876876210e+00,1.6128946973530580711e-01
2.6906906906906904453e+00,1.6248605592153583799e-01
2.6936936936936937137e+00,1.6369011488135284949e-01
2.6966966966966965380e+00,1.6490168438508243098e-01
2.6996996996996998064e+00,1.6612080234462864303e-01
2.7027027027027026307e+00,1.6734750679481180669e-01
2.7057057057057058991e+00,1.6858183595366404983e-01
2.7087087087087087234e+00,1.6982382814583618647e-01
2.7117117117117115477e+00,1.7107352186716553999e-01
2.7147147147147148161e+00,1.7233095575760765117e-01
2.7177177177177176404e+00,1.7359616858092088987e-01
2.7207207207207209088e+00,1.7486919928669389379e-01
2.7237237237237237331e+00,1.7615008693263400907e-01
2.7267267267267265574e+00,1.7743887074917100155e-01
2.7297297297297298257e+00,1.7873559011342321501e-01
2.7327327327327326500e+00,1.8004028452719883502e-01
2.7357357357357359184e+00,1.8135299368075952220e-01
2.7387387387387387427e+00,1.8267375737401589375e-01
2.7417417417417415670e+00,1.8400261558112010474e-01
2.7447447447447448354e+00,1.8533960842551841508e-01
2.7477477477477476597e+00,1.8668477615623119137e-01
2.7507507507507509281e+00,1.8803815921336622385e-01
2.7537537537537537524e+00,1.8939979814823201809e-01
2.7567567567567565767e+00,1.9076973368789185148e-01
2.7597597597597598451e+00,1.9214800671133383525e-01
2.7627627627627626694e+00,1.9353465822401133556e-01
2.7657657657657659378e+00,1.9492972942510078393e-01
2.7687687687687687621e+00,1.9633326162656306035e-01
2.7717717717717715864e+00,1.9774529631761114667e-01
2.7747747747747748548e+00,1.9916587514204872611e-01
2.7777777777777776791e+00,2.0059503987103488587e-01
2.7807807807807809475e+00,2.0203283247209663509e-01
2.7837837837837837718e+00,2.0347929502715517147e-01
2.7867867867867865961e+00,2.0493446979687018894e-01
2.7897897897897898645e+00,2.0639839919919056310e-01
2.7927927927927926888e+00,2.0787112578031261001e-01
2.7957957957957959572e+00,2.0935269228545302922e-01
2.7987987987987987815e+00,2.1084314157585903882e-01
2.8018018018018016058e+00,2.1234251669299511467e-01
2.8048048048048048742e+00,2.1385086083834126125e-01
2.8078078078078076985e+00,2.1536821734252539762e-01
2.8108108108108109668e+00,2.1689462973784909283e-01
2.8138138138138137911e+00,2.1843014167431284989e-01
2.8168168168168166154e+00,2.1997479698358979316e-01
2.8198198198198198838e+00,2.2152863966011751562e-01
2.8228228228228227081e+00,2.2309171382836456843e-01
2.8258258258258259765e+00,2.2466406381710896101e-01
2.8288288288288288008e+00,2.2624573407450068729e-01
2.8318318318318316251e+00,2.2783676923178641793e-01
2.8348348348348348935e+00,2.2943721408573752862e-01
2.8378378378378377178e+00,2.3104711356403934142e-01
2.8408408408408409862e+00,2.3266651280131489532e-01
2.8438438438438438105e+00,2.3429545705326118576e-01
2.8468468468468466348e+00,2.3593399176008134077e-01
2.8498498498498499032e+00,2.3758216253029279530e-01
2.8528528528528527275e+00,2.3924001510420991878e-01
2.8558558558558559959e+00,2.4090759543171391677e-01
2.8588588588588588202e+00,2.4258494958549245424e-01
2.8618618618618616445e+00,2.4427212382413046599e-01
2.8648648648648649129e+00,2.4596916457734768757e-01
2.8678678678678677372e+00,2.4767611840754527597e-01
2.8708708708708710056e+00,2.4939303208932198097e-01
2.8738738738738738299e+00,2.5111995252184182714e-01
2.8768768768768766542e+00,2.5285692679154592177e-01
2.8798798798798799226e+00,2.5460400215885437003e-01
2.8828828828828827469e+00,2.5636122601776234475e-01
2.8858858858858860152e+00,2.5812864597708723435e-01
2.8888888888888888395e+00,2.5990630977200457341e-01
2.8918918918918916638e+00,2.6169426532632944493e-01
2.8948948948948949322e+00,2.6349256074073051925e-01
2.8978978978978977565e+00,2.6530124425034790070e-01
2.9009009009009010249e+00,2.6712036430776814333e-01
2.9039039039039038492e+00,2.6894996949376009931e-01
2.9069069069069066735e+00,2.7079010857907986898e-01
2.9099099099099099419e+00,2.7264083051423609882e-01
2.9129129129129127662e+00,2.7450218438511092556e-01
2.9159159159159160346e+00,2.7637421949768592455e-01
2.9189189189189188589e+00,2.7825698528792786046e-01
2.9219219219219216832e+00,2.8015053138305834324e-01
2.9249249249249249516e+00,2.8205490759330803519e-01
2.9279279279279277759e+00,2.8397016386507983876e-01
2.9309309309309310443e+00,2.8589635036604837959e-01
2.9339339339339338686e+00,2.8783351739832635507e-01
2.9369369369369366929e+00,2.8978171546007797099e-01
2.9399399399399399613e+00,2.9174099521839763627e-01
2.9429429429429427856e+00,2.9371140748373431029e-01
2.9459459459459460540e+00,2.9569300336500919935e-01
2.9489489489489488783e+00,2.9768583397329334561e-01
2.9519519519519521467e+00,2.9968995043969642866e-01
2.9549549549549549710e+00,3.0170540495320968821e-01
2.9579579579579577953e+00,3.0373224950330279803e-01
2.9609609609609610636e+00,3.0577053252732461219e-01
2.9639639639639638879e+00,3.0782030949743188764e-01
2.9669669669669671563e+00,3.0988164493503350672e-01
2.9699699699699699806e+00,3.1195455836341245970e-01
2.9729729729729728049e+00,3.1403908791966245184e-01
2.9759759759759760733e+00,3.1613546723369972957e-01
2.9789789789789788976e+00,3.1824356872098241711e-01
2.9819819819819821660e+00,3.2036281440595648640e-01
2.9849849849849849903e+00,3.2249497568335289133e-01
2.9879879879879878146e+00,3.2464081584642129341e-01
2.9909909909909910830e+00,3.2679101295738299804e-01
2.9939939939939939073e+00,3.2895516906227528775e-01
2.9969969969969971757e+00,3.3116580655593158555e-01
3.0000000000000000000e+00,3.3333333333333331483e-01
