0.0000000000000000000e+00,-1.2248688983189344728e-26
3.0030030030030029770e-03,-3.9345654060431867515e-11
6.0060060060060059539e-03,2.0513639297441629948e-11
9.0090090090090089309e-03,8.1679192333171646966e-11
1.2012012012012011908e-02,2.3768156593715633538e-10
1.5015015015015014885e-02,5.7076494532470758465e-10
1.8018018018018017862e-02,1.1643883836939379476e-09
2.1021021021021019104e-02,2.1414943037808601252e-09
2.4024024024024023816e-02,3.6354622596722854272e-09
2.7027027027027028527e-02,5.8008585498249327215e-09
3.0030030030030029770e-02,8.8184104505918800817e-09
3.3033033033033031012e-02,1.2876906212329983964e-08
3.6036036036036035723e-02,1.8198115748324011216e-08
3.9039039039039040435e-02,2.5013671254777500852e-08
4.2042042042042038208e-02,3.3576903963061335882e-08
4.5045045045045042920e-02,4.4165686370328124025e-08
4.8048048048048047631e-02,5.7065587415558566297e-08
5.1051051051051052343e-02,7.2593964944982417682e-08
5.4054054054054057055e-02,9.1077421196649532204e-08
5.7057057057057054827e-02,1.1286344658922266675e-07
6.0060060060060059539e-02,1.3832307377843425091e-07
6.3063063063063057312e-02,1.6783456163512991023e-07
6.6066066066066062024e-02,2.0180681668291692165e-07
6.9069069069069066735e-02,2.4065749279486285818e-07
7.2072072072072071447e-02,2.8482424099893693131e-07
7.5075075075075076159e-02,3.3476743847996952207e-07
7.8078078078078080870e-02,3.9095418250713839164e-07
8.1081081081081085582e-02,4.5388114710661001867e-07
8.4084084084084076416e-02,5.2405333177294731364e-07
8.7087087087087081128e-02,6.0199484311092060348e-07
9.0090090090090085839e-02,6.8825178984896149895e-07
9.3093093093093090551e-02,7.8337651708867887933e-07
9.6096096096096095263e-02,8.8794992650205469513e-07
9.9099099099099099974e-02,1.0025608846774871559e-06
1.0210210210210210469e-01,1.1278164915479519927e-06
1.0510510510510510940e-01,1.2643452104837860484e-06
1.0810810810810811411e-01,1.4127812624653341204e-06
1.1111111111111110494e-01,1.5737864744923441808e-06
1.1411411411411410965e-01,1.7480303144561019277e-06
1.1711711711711711437e-01,1.9361996489390950328e-06
1.2012012012012011908e-01,2.1390021175751892960e-06
1.2312312312312312379e-01,2.3571506742020106516e-06
1.2612612612612611462e-01,2.5913849746074435356e-06
1.2912912912912913321e-01,2.8424520290464811913e-06
1.3213213213213212405e-01,3.1111154459137772068e-06
1.3513513513513514264e-01,3.3981590688818160281e-06
1.3813813813813813347e-01,3.7043716338774426654e-06
1.4114114114114115206e-01,4.0305677257716094532e-06
1.4414414414414414289e-01,4.3775690260591740429e-06
1.4714714714714713373e-01,4.7462130546016175400e-06
1.5015015015015015232e-01,5.1373570615766008692e-06
1.5315315315315314315e-01,5.5518628004691341718e-06
1.5615615615615616174e-01,5.9906170612977734043e-06
1.5915915915915915257e-01,6.4545134997066378103e-06
1.6216216216216217116e-01,6.9444608841302331669e-06
1.6516516516516516200e-01,7.4613872465586232520e-06
1.6816816816816815283e-01,8.0062247548078071765e-06
1.7117117117117117142e-01,8.5799298416967175737e-06
1.7417417417417416226e-01,9.1834655972473766805e-06
1.7717717717717718084e-01,9.8178095327094634691e-06
1.8018018018018017168e-01,1.0483957985490247709e-05
1.8318318318318319027e-01,1.1182911085904198762e-05
1.8618618618618618110e-01,1.1915692491497426958e-05
1.8918918918918919969e-01,1.2683332330081296038e-05
1.9219219219219219053e-01,1.3486874490449323868e-05
1.9519519519519518136e-01,1.4327381275561368735e-05
1.9819819819819819995e-01,1.5205918459333512988e-05
2.0120120120120119078e-01,1.6123574640462900542e-05
2.0420420420420420937e-01,1.7081444714509722238e-05
2.0720720720720720021e-01,1.8080636709400619709e-05
2.1021021021021021880e-01,1.9122276677050638869e-05
2.1321321321321320963e-01,2.0207493839101327440e-05
2.1621621621621622822e-01,2.1337439566018057683e-05
2.1921921921921921905e-01,2.2513271370335256693e-05
2.2222222222222220989e-01,2.3736159293536238232e-05
2.2522522522522522848e-01,2.5007291031597953191e-05
2.2822822822822821931e-01,2.6327857165058228750e-05
2.3123123123123123790e-01,2.7699069776301087287e-05
2.3423423423423422873e-01,2.9122146946618603477e-05
2.3723723723723724732e-01,3.0598318708181916701e-05
2.4024024024024023816e-01,3.2128832394797229269e-05
2.4324324324324322899e-01,3.3714937957621717165e-05
2.4624624624624624758e-01,3.5357906226212317523e-05
2.4924924924924923841e-01,3.7059013895475806052e-05
2.5225225225225222925e-01,3.8819549058750378655e-05
2.5525525525525527559e-01,4.0640816772033020756e-05
2.5825825825825826643e-01,4.2524124456611237378e-05
2.6126126126126125726e-01,4.4470799809885055379e-05
2.6426426426426424809e-01,4.6482176272587367115e-05
2.6726726726726723893e-01,4.8559598151300409363e-05
2.7027027027027028527e-01,5.0704426390255129351e-05
2.7327327327327327611e-01,5.2918024060290879741e-05
2.7627627627627626694e-01,5.5201773926767577273e-05
2.7927927927927925777e-01,5.7557064383956734691e-05
2.8228228228228230412e-01,5.9985294179455361471e-05
2.8528528528528529495e-01,6.2487878385451532952e-05
2.8828828828828828579e-01,6.5066233974665627624e-05
2.9129129129129127662e-01,6.7721797050754428790e-05
2.9429429429429426746e-01,7.0456009239573845677e-05
2.9729729729729731380e-01,7.3270322026792176259e-05
3.0030030030030030463e-01,7.6166202918626850060e-05
3.0330330330330329547e-01,7.9145121108204304810e-05
3.0630630630630628630e-01,8.2208564372767239090e-05
3.0930930930930933265e-01,8.5358025911468884874e-05
3.1231231231231232348e-01,8.8595008306004025011e-05
3.1531531531531531432e-01,9.1921029866249342132e-05
3.1831831831831830515e-01,9.5337610383510633990e-05
3.2132132132132129598e-01,9.8846287703255799749e-05
3.2432432432432434233e-01,1.0244860499760732907e-04
3.2732732732732733316e-01,1.0614611436249928467e-04
3.3033033033033032400e-01,1.0994038333358851242e-04
3.3333333333333331483e-01,1.1383298073662330495e-04
3.3633633633633630566e-01,1.1782549293315912537e-04
3.3933933933933935201e-01,1.2191951152239595630e-04
3.4234234234234234284e-01,1.2611663658310980334e-04
3.4534534534534533368e-01,1.3041848335514888532e-04
3.4834834834834832451e-01,1.3482666818321215616e-04
3.5135135135135137086e-01,1.3934282444580950921e-04
3.5435435435435436169e-01,1.4396859067294337877e-04
3.5735735735735735252e-01,1.4870561344453316044e-04
3.6036036036036034336e-01,1.5355555422870686283e-04
3.6336336336336333419e-01,1.5852007542495739727e-04
3.6636636636636638054e-01,1.6360085597413547682e-04
3.6936936936936937137e-01,1.6879957988874324669e-04
3.7237237237237236220e-01,1.7411793881466934228e-04
3.7537537537537535304e-01,1.7955763901899161384e-04
3.7837837837837839938e-01,1.8512038753417433667e-04
3.8138138138138139022e-01,1.9080790745491823363e-04
3.8438438438438438105e-01,1.9662192687074526174e-04
3.8738738738738737188e-01,2.0256418110216965864e-04
3.9039039039039036272e-01,2.0863641982939620909e-04
3.9339339339339340906e-01,2.1484039333885966206e-04
3.9639639639639639990e-01,2.2117786751280288588e-04
3.9939939939939939073e-01,2.2765061315409770306e-04
4.0240240240240238156e-01,2.3426040790602660675e-04
4.0540540540540542791e-01,2.4100904351634654154e-04
4.0840840840840841874e-01,2.4789831218856159993e-04
4.1141141141141140958e-01,2.5493002126522910705e-04
4.1441441441441440041e-01,2.6210598293893857483e-04
4.1741741741741739125e-01,2.6942801586510989461e-04
4.2042042042042043759e-01,2.7689795255211695213e-04
4.2342342342342342842e-01,2.8451762582039672551e-04
4.2642642642642641926e-01,2.9228888318419594689e-04
4.2942942942942941009e-01,3.0021357694005694743e-04
4.3243243243243245644e-01,3.0829356548160230999e-04
4.3543543543543544727e-01,3.1653072080919551420e-04
4.3843843843843843811e-01,3.2492691509888399709e-04
4.4144144144144142894e-01,3.3348403478492661496e-04
4.4444444444444441977e-01,3.4220397101873228874e-04
4.4744744744744746612e-01,3.5108862069433267959e-04
4.5045045045045045695e-01,3.6013989407058307358e-04
4.5345345345345344779e-01,3.6935970145261234291e-04
4.5645645645645643862e-01,3.7874996697856108153e-04
4.5945945945945942945e-01,3.8831261944178316423e-04
4.6246246246246247580e-01,3.9804959303496080265e-04
4.6546546546546546663e-01,4.0796283507800500459e-04
4.6846846846846845747e-01,4.1805429281409296543e-04
4.7147147147147144830e-01,4.2832592690372723676e-04
4.7447447447447449465e-01,4.3877970260258888305e-04
4.7747747747747748548e-01,4.4941759023378250034e-04
4.8048048048048047631e-01,4.6024157301436996242e-04
4.8348348348348346715e-01,4.7125363396833690232e-04
4.8648648648648645798e-01,4.8245576913083287668e-04
4.8948948948948950433e-01,4.9384997907552289319e-04
4.9249249249249249516e-01,5.0543826912172401880e-04
4.9549549549549548599e-01,5.1722265725328946118e-04
4.9849849849849847683e-01,5.2920516115092695267e-04
5.0150150150150152317e-01,5.4138781110988807525e-04
5.0450450450450445850e-01,5.5377264190877462536e-04
5.0750750750750750484e-01,5.6636169276111922918e-04
5.1051051051051055119e-01,5.7915701531998525515e-04
5.1351351351351348651e-01,5.9216066083151244499e-04
5.1651651651651653285e-01,6.0537469276844709486e-04
5.1951951951951946818e-01,6.1880117903485214268e-04
5.2252252252252251452e-01,6.3244219166908965772e-04
5.2552552552552556087e-01,6.4629981492779595316e-04
5.2852852852852849619e-01,6.6037613256240555899e-04
5.3153153153153154253e-01,6.7467324017282085009e-04
5.3453453453453447786e-01,6.8919323774053239257e-04
5.3753753753753752420e-01,7.0393822908994231006e-04
5.4054054054054057055e-01,7.1891033004680999097e-04
5.4354354354354350587e-01,7.3411165583991153192e-04
5.4654654654654655221e-01,7.4954433317686683814e-04
5.4954954954954959856e-01,7.6521049309878109990e-04
5.5255255255255253388e-01,7.8111227020937498786e-04
5.5555555555555558023e-01,7.9725181090015183674e-04
5.5855855855855851555e-01,8.1363126087925536235e-04
5.6156156156156156189e-01,8.3025277697302678898e-04
5.6456456456456460824e-01,8.4711852029649512691e-04
5.6756756756756754356e-01,8.6423065525510897253e-04
5.7057057057057058991e-01,8.8159135783373067385e-04
5.7357357357357352523e-01,8.9920280325265881938e-04
5.7657657657657657158e-01,9.1706717749795560370e-04
5.7957957957957961792e-01,9.3518667080123309664e-04
5.8258258258258255324e-01,9.5356347642320767911e-04
5.8558558558558559959e-01,9.7219979899754833345e-04
5.8858858858858853491e-01,9.9109784231861462571e-04
5.9159159159159158126e-01,1.0102598206033826678e-03
5.9459459459459462760e-01,1.0296879522732776437e-03
5.9759759759759756292e-01,1.0493844585261103038e-03
6.0060060060060060927e-01,1.0693515717317449154e-03
6.0360360360360354459e-01,1.0895915233506837504e-03
6.0660660660660659094e-01,1.1101065549304239052e-03
6.0960960960960963728e-01,1.1308989121843072284e-03
6.1261261261261257260e-01,1.1519708433578915423e-03
6.1561561561561561895e-01,1.1733246076712044829e-03
6.1861861861861866529e-01,1.1949624633695921962e-03
6.2162162162162160062e-01,1.2168866784586951802e-03
6.2462462462462464696e-01,1.2390995250734658430e-03
6.2762762762762758229e-01,1.2616032776466524438e-03
6.3063063063063062863e-01,1.2844002213912321646e-03
6.3363363363363367498e-01,1.3074926404865964275e-03
6.3663663663663661030e-01,1.3308828285538757113e-03
6.3963963963963965664e-01,1.3545730833088667246e-03
6.4264264264264259197e-01,1.3785657045385466424e-03
6.4564564564564563831e-01,1.4028630026201563321e-03
6.4864864864864868466e-01,1.4274672868417981157e-03
6.5165165165165161998e-01,1.4523808756218693598e-03
6.5465465465465466632e-01,1.4776060914409895608e-03
6.5765765765765760165e-01,1.5031452586331474526e-03
6.6066066066066064799e-01,1.5290007119358383844e-03
6.6366366366366369434e-01,1.5551747849475263449e-03
6.6666666666666662966e-01,1.5816698200944413148e-03
6.6966966966966967600e-01,1.6084881638349392535e-03
6.7267267267267261133e-01,1.6356321642716680279e-03
6.7567567567567565767e-01,1.6631041797282074615e-03
6.7867867867867870402e-01,1.6909065673434251105e-03
6.8168168168168163934e-01,1.7190416927886610025e-03
6.8468468468468468568e-01,1.7475119257380918557e-03
6.8768768768768773203e-01,1.7763196373077015655e-03
6.9069069069069066735e-01,1.8054672086549416847e-03
6.9369369369369371370e-01,1.8349570197110844517e-03
6.9669669669669664902e-01,1.8647914586515943261e-03
6.9969969969969969537e-01,1.8949729176281607159e-03
7.0270270270270274171e-01,1.9255037900408659111e-03
7.0570570570570567703e-01,1.9563864791553131454e-03
7.0870870870870872338e-01,1.9876233869747456443e-03
7.1171171171171165870e-01,2.0192169234672227227e-03
7.1471471471471470505e-01,2.0511695025519829233e-03
7.1771771771771775139e-01,2.0834835392110249118e-03
7.2072072072072068671e-01,2.1161614581192795745e-03
7.2372372372372373306e-01,2.1492056826561902090e-03
7.2672672672672666838e-01,2.1826186438917948018e-03
7.2972972972972971473e-01,2.2164027768234793696e-03
7.3273273273273276107e-01,2.2505605173316432094e-03
7.3573573573573569639e-01,2.2850943108200490531e-03
7.3873873873873874274e-01,2.3200066013680893315e-03
7.4174174174174178908e-01,2.3552998404793657264e-03
7.4474474474474472441e-01,2.3909764835630402564e-03
7.4774774774774777075e-01,2.4270389867403598452e-03
7.5075075075075070608e-01,2.4634898154899755908e-03
7.5375375375375375242e-01,2.5003314339423501032e-03
7.5675675675675679877e-01,2.5375663133937079001e-03
7.5975975975975973409e-01,2.5751969290257930092e-03
7.6276276276276278043e-01,2.6132257565679808432e-03
7.6576576576576571576e-01,2.6516552809434557232e-03
7.6876876876876876210e-01,2.6904879857056443644e-03
7.7177177177177180845e-01,2.7297263613196916417e-03
7.7477477477477474377e-01,2.7693729021166903562e-03
7.7777777777777779011e-01,2.8094301028162979236e-03
7.8078078078078072544e-01,2.8499004671716952550e-03
7.8378378378378377178e-01,2.8907864975483881301e-03
7.8678678678678681813e-01,2.9320907029770026074e-03
7.8978978978978975345e-01,2.9738155963366613536e-03
7.9279279279279279979e-01,3.0159636907440929773e-03
7.9579579579579573512e-01,3.0585375081927817544e-03
7.9879879879879878146e-01,3.1015395692752210921e-03
8.0180180180180182781e-01,3.1449724010100769261e-03
8.0480480480480476313e-01,3.1888385342485007362e-03
8.0780780780780780947e-01,3.2331404999347873770e-03
8.1081081081081085582e-01,3.2778808377351784792e-03
8.1381381381381379114e-01,3.3230620859032028447e-03
8.1681681681681683749e-01,3.3686867888833051110e-03
8.1981981981981977281e-01,3.4147574949361840860e-03
8.2282282282282281916e-01,3.4612767522755783119e-03
8.2582582582582586550e-01,3.5082471176841843741e-03
8.2882882882882880082e-01,3.5556711465237955325e-03
8.3183183183183184717e-01,3.6035514001185871107e-03
8.3483483483483478249e-01,3.6518904435944824112e-03
8.3783783783783782884e-01,3.7006908418974063593e-03
8.4084084084084087518e-01,3.7499551683933679547e-03
8.4384384384384381050e-01,3.7996859950227813117e-03
8.4684684684684685685e-01,3.8498858994670931942e-03
8.4984984984984979217e-01,3.9005574631969215996e-03
8.5285285285285283852e-01,3.9517032673765167469e-03
8.5585585585585588486e-01,4.0033259014437281090e-03
8.5885885885885882018e-01,4.0554279534085130657e-03
8.6186186186186186653e-01,4.1080120168043455370e-03
8.6486486486486491287e-01,4.1610806889399660005e-03
8.6786786786786784820e-01,4.2146365666945202061e-03
8.7087087087087089454e-01,4.2686822550743923690e-03
8.7387387387387382987e-01,4.3232203576576639162e-03
8.7687687687687687621e-01,4.3782534833331178056e-03
8.7987987987987992256e-01,4.4337842447524896186e-03
8.8288288288288285788e-01,4.4898152540207908121e-03
8.8588588588588590422e-01,4.5463491312271999897e-03
8.8888888888888883955e-01,4.6033884950356608254e-03
8.9189189189189188589e-01,4.6609359692145928625e-03
8.9489489489489493224e-01,4.7189941812845531341e-03
8.9789789789789786756e-01,4.7775657581085647502e-03
9.0090090090090091390e-01,4.8366533343941657888e-03
9.0390390390390384923e-01,4.8962595434297057767e-03
9.0690690690690689557e-01,4.9563870234076209259e-03
9.0990990990990994192e-01,5.0170384162613271967e-03
9.1291291291291287724e-01,5.0782163631598407211e-03
9.1591591591591592358e-01,5.1399235129764809724e-03
9.1891891891891885891e-01,5.2021625131713810156e-03
9.2192192192192190525e-01,5.2649360159101573145e-03
9.2492492492492495160e-01,5.3282466770875093476e-03
9.2792792792792788692e-01,5.3920971517306777107e-03
9.3093093093093093326e-01,5.4564901024328812257e-03
9.3393393393393397961e-01,5.5214281903830418965e-03
9.3693693693693691493e-01,5.5869140812828286743e-03
9.3993993993993996128e-01,5.6529504445523041586e-03
9.4294294294294289660e-01,5.7195399486468729081e-03
9.4594594594594594295e-01,5.7866852694522519229e-03
9.4894894894894898929e-01,5.8543890814619480717e-03
9.5195195195195192461e-01,5.9226540634946169689e-03
9.5495495495495497096e-01,5.9914828980786368623e-03
9.5795795795795790628e-01,6.0608782666853973017e-03
9.6096096096096095263e-01,6.1308428580837438793e-03
9.6396396396396399897e-01,6.2013793596634725347e-03
9.6696696696696693429e-01,6.2724904629559534441e-03
9.6996996996996998064e-01,6.3441788631910496846e-03
9.7297297297297291596e-01,6.4164472544514915969e-03
9.7597597597597596231e-01,6.4892983379823019827e-03
9.7897897897897900865e-01,6.5627348136629536091e-03
9.8198198198198194397e-01,6.6367593853330726292e-03
9.8498498498498499032e-01,6.7113747605196047430e-03
9.8798798798798792564e-01,6.7865836455166484928e-03
9.9099099099099097199e-01,6.8623887536476751645e-03
9.9399399399399401833e-01,6.9387927968864405656e-03
9.9699699699699695365e-01,7.0157984909909910931e-03
1.0000000000000000000e+00,7.0934085553963095033e-03
1.0030030030030030463e+00,7.1716257082233524078e-03
1.0060060060060060927e+00,7.2504526744924663317e-03
1.0090090090090089170e+00,7.3298921778923650794e-03
1.0120120120120119633e+00,7.4099469457249997686e-03
1.0150150150150150097e+00,7.4906197089597663374e-03
1.0180180180180180560e+00,7.5719131971759591482e-03
1.0210210210210211024e+00,7.6538301467231574168e-03
1.0240240240240239267e+00,7.7363732926386237845e-03
1.0270270270270269730e+00,7.8195453734038068011e-03
1.0300300300300300194e+00,7.9033491311552954428e-03
1.0330330330330330657e+00,7.9877873065641053635e-03
1.0360360360360361121e+00,8.0728626469406712662e-03
1.0390390390390389364e+00,8.1585778983012582216e-03
1.0420420420420419827e+00,8.2449358099401220262e-03
1.0450450450450450290e+00,8.3319391347938549092e-03
1.0480480480480480754e+00,8.4195906242619453219e-03
1.0510510510510511217e+00,8.5078930362542538185e-03
1.0540540540540539460e+00,8.5968491274071058561e-03
1.0570570570570569924e+00,8.6864616574724405618e-03
1.0600600600600600387e+00,8.7767333898327304365e-03
1.0630630630630630851e+00,8.8676670862661201994e-03
1.0660660660660661314e+00,8.9592655149337719483e-03
1.0690690690690689557e+00,9.0515314427459005187e-03
1.0720720720720720021e+00,9.1444676395704745792e-03
1.0750750750750750484e+00,9.2380768788947447562e-03
1.0780780780780780947e+00,9.3323619325381933221e-03
1.0810810810810811411e+00,9.4273255785781145261e-03
1.0840840840840839654e+00,9.5229705938640243218e-03
1.0870870870870870117e+00,9.6192997580479642356e-03
1.0900900900900900581e+00,9.7163158543873088396e-03
1.0930930930930931044e+00,9.8140216644087702180e-03
1.0960960960960961508e+00,9.9124199757687093265e-03
1.0990990990990991971e+00,1.0011513574917215927e-02
1.1021021021021020214e+00,1.0111305250952235674e-02
1.1051051051051050678e+00,1.0211797796561710577e-02
1.1081081081081081141e+00,1.0312994002643008015e-02
1.1111111111111111605e+00,1.0414896666096011557e-02
1.1141141141141142068e+00,1.0517508582637334277e-02
1.1171171171171170311e+00,1.0620832550481112272e-02
1.1201201201201200774e+00,1.0724871371416004259e-02
1.1231231231231231238e+00,1.0829627845383788670e-02
1.1261261261261261701e+00,1.0935104778203504419e-02
1.1291291291291292165e+00,1.1041304974535315342e-02
1.1321321321321320408e+00,1.1148231241390122934e-02
1.1351351351351350871e+00,1.1255886389338639123e-02
1.1381381381381381335e+00,1.1364273227051333720e-02
1.1411411411411411798e+00,1.1473394568952650224e-02
1.1441441441441442262e+00,1.1583253228333959331e-02
1.1471471471471470505e+00,1.1693852020693954602e-02
1.1501501501501500968e+00,1.1805193765075690585e-02
1.1531531531531531432e+00,1.1917281278570692610e-02
1.1561561561561561895e+00,1.2030117383899576952e-02
1.1591591591591592358e+00,1.2143704902672946763e-02
1.1621621621621620601e+00,1.2258046658564858769e-02
1.1651651651651651065e+00,1.2373145478774150857e-02
1.1681681681681681528e+00,1.2489004188496900111e-02
1.1711711711711711992e+00,1.2605625618432494961e-02
1.1741741741741742455e+00,1.2723012598193542133e-02
1.1771771771771770698e+00,1.2841167959315459221e-02
1.1801801801801801162e+00,1.2960094536838447088e-02
1.1831831831831831625e+00,1.3079795163752107323e-02
1.1861861861861862089e+00,1.3200272678424900333e-02
1.1891891891891892552e+00,1.3321529918162914111e-02
1.1921921921921920795e+00,1.3443569722057381599e-02
1.1951951951951951258e+00,1.3566394932684770411e-02
1.1981981981981981722e+00,1.3690008390525750664e-02
1.2012012012012012185e+00,1.3814412941317071037e-02
1.2042042042042042649e+00,1.3939611429758280367e-02
1.2072072072072070892e+00,1.4065606702199860353e-02
1.2102102102102101355e+00,1.4192401608457994380e-02
1.2132132132132131819e+00,1.4319998996210817413e-02
1.2162162162162162282e+00,1.4448401718271167843e-02
1.2192192192192192746e+00,1.4577612626440110064e-02
1.2222222222222223209e+00,1.4707634574037687855e-02
1.2252252252252251452e+00,1.4838470417827138645e-02
1.2282282282282281916e+00,1.4970123012391103878e-02
1.2312312312312312379e+00,1.5102595217321965887e-02
1.2342342342342342842e+00,1.5235889891222487158e-02
1.2372372372372373306e+00,1.5370009894081255661e-02
1.2402402402402401549e+00,1.5504958089304989727e-02
1.2432432432432432012e+00,1.5640737338078102014e-02
1.2462462462462462476e+00,1.5777350506470319558e-02
1.2492492492492492939e+00,1.5914800459584314829e-02
1.2522522522522523403e+00,1.6053090063778790303e-02
1.2552552552552551646e+00,1.6192222188804984706e-02
1.2582582582582582109e+00,1.6332199702152914306e-02
1.2612612612612612573e+00,1.6473025476074581314e-02
1.2642642642642643036e+00,1.6614702381878333065e-02
1.2672672672672673500e+00,1.6757233292001592895e-02
1.2702702702702701743e+00,1.6900621082248608318e-02
1.2732732732732732206e+00,1.7044868626126034178e-02
1.2762762762762762669e+00,1.7189978801780633061e-02
1.2792792792792793133e+00,1.7335954486439219407e-02
1.2822822822822823596e+00,1.7482798558334018690e-02
1.2852852852852851839e+00,1.7630513899038337267e-02
1.2882882882882882303e+00,1.7779103387793624563e-02
1.2912912912912912766e+00,1.7928569908361211005e-02
1.2942942942942943230e+00,1.8078916343606171724e-02
1.2972972972972973693e+00,1.8230145577276670593e-02
1.3003003003003001936e+00,1.8382260496432999836e-02
1.3033033033033032400e+00,1.8535263985768390266e-02
1.3063063063063062863e+00,1.8689158934371560145e-02
1.3093093093093093326e+00,1.8843948230454335424e-02
1.3123123123123123790e+00,1.8999634762988340531e-02
1.3153153153153152033e+00,1.9156221424224798705e-02
1.3183183183183182496e+00,1.9313711104013538133e-02
1.3213213213213212960e+00,1.9472106696475630083e-02
1.3243243243243243423e+00,1.9631411094875119566e-02
1.3273273273273273887e+00,1.9791627193115182703e-02
1.3303303303303302130e+00,1.9952757888345860199e-02
1.3333333333333332593e+00,2.0114806075283580417e-02
1.3363363363363363057e+00,2.0277774652793002091e-02
1.3393393393393393520e+00,2.0441666518902078253e-02
1.3423423423423423984e+00,2.0606484572159775720e-02
1.3453453453453452227e+00,2.0772231714329361663e-02
1.3483483483483482690e+00,2.0938910844710043047e-02
1.3513513513513513153e+00,2.1106524866627913301e-02
1.3543543543543543617e+00,2.1275076682592694577e-02
1.3573573573573574080e+00,2.1444569195520377797e-02
1.3603603603603604544e+00,2.1615005311508034280e-02
1.3633633633633632787e+00,2.1786387934160728747e-02
1.3663663663663663250e+00,2.1958719970990327880e-02
1.3693693693693693714e+00,2.2132004328713369284e-02
1.3723723723723724177e+00,2.2306243914340169454e-02
1.3753753753753754641e+00,2.2481441638027628571e-02
1.3783783783783782884e+00,2.2657600407412516880e-02
1.3813813813813813347e+00,2.2834723133915796334e-02
1.3843843843843843811e+00,2.3012812728179087018e-02
1.3873873873873874274e+00,2.3191872101022917990e-02
1.3903903903903904737e+00,2.3371904166373910078e-02
1.3933933933933932980e+00,2.3552911835609081220e-02
1.3963963963963963444e+00,2.3734898023765292618e-02
1.3993993993993993907e+00,2.3917865645115381212e-02
1.4024024024024024371e+00,2.4101817613998027107e-02
1.4054054054054054834e+00,2.4286756847817423527e-02
1.4084084084084083077e+00,2.4472686261400648094e-02
1.4114114114114113541e+00,2.4659608773111317548e-02
1.4144144144144144004e+00,2.4847527300564508507e-02
1.4174174174174174468e+00,2.5036444761331096837e-02
1.4204204204204204931e+00,2.5226364076006438375e-02
1.4234234234234233174e+00,2.5417288162582943323e-02
1.4264264264264263637e+00,2.5609219942468060965e-02
1.4294294294294294101e+00,2.5802162336336312981e-02
1.4324324324324324564e+00,2.5996118264710557644e-02
1.4354354354354355028e+00,2.6191090651097072295e-02
1.4384384384384383271e+00,2.6387082416375540889e-02
1.4414414414414413734e+00,2.6584096484720487474e-02
1.4444444444444444198e+00,2.6782135779589585911e-02
1.4474474474474474661e+00,2.6981203224184138745e-02
1.4504504504504505125e+00,2.7181301744648021790e-02
1.4534534534534533368e+00,2.7382434264476639141e-02
1.4564564564564563831e+00,2.7584603710341798477e-02
1.4594594594594594295e+00,2.7787813008213060190e-02
1.4624624624624624758e+00,2.7992065083699682604e-02
1.4654654654654655221e+00,2.8197362865307339791e-02
1.4684684684684683464e+00,2.8403709278868729399e-02
1.4714714714714713928e+00,2.8611107253268305839e-02
1.4744744744744744391e+00,2.8819559716697796398e-02
1.4774774774774774855e+00,2.9029069596882246113e-02
1.4804804804804805318e+00,2.9239639824393794110e-02
1.4834834834834835782e+00,2.9451273327107219818e-02
1.4864864864864864025e+00,2.9663973035825071806e-02
1.4894894894894894488e+00,2.9877741880666899843e-02
1.4924924924924924952e+00,3.0092582791181769070e-02
1.4954954954954955415e+00,3.0308498699716301950e-02
1.4984984984984985878e+00,3.0525492535896977392e-02
1.5015015015015014122e+00,3.0743567232155880747e-02
1.5045045045045044585e+00,3.0962725720251500772e-02
1.5075075075075075048e+00,3.1182970931271165177e-02
1.5105105105105105512e+00,3.1404305799049944681e-02
1.5135135135135135975e+00,3.1626733254681793639e-02
1.5165165165165164218e+00,3.1850256231945817120e-02
1.5195195195195194682e+00,3.2074877663957390705e-02
1.5225225225225225145e+00,3.2300600483062491541e-02
1.5255255255255255609e+00,3.2527427624305299547e-02
1.5285285285285286072e+00,3.2755362019970014897e-02
1.5315315315315314315e+00,3.2984406604907194616e-02
1.5345345345345344779e+00,3.3214564313313946209e-02
1.5375375375375375242e+00,3.3445838078522811820e-02
1.5405405405405405705e+00,3.3678230836515228586e-02
1.5435435435435436169e+00,3.3911745520495827078e-02
1.5465465465465464412e+00,3.4146385066118528639e-02
1.5495495495495494875e+00,3.4382152408392235854e-02
1.5525525525525525339e+00,3.4619050481366105132e-02
1.5555555555555555802e+00,3.4857082221683127754e-02
1.5585585585585586266e+00,3.5096250563188061133e-02
1.5615615615615614509e+00,3.5336558442051059503e-02
1.5645645645645644972e+00,3.5578008793799409393e-02
1.5675675675675675436e+00,3.5820604552903000106e-02
1.5705705705705705899e+00,3.6064348656366464196e-02
1.5735735735735736363e+00,3.6309244038375300401e-02
1.5765765765765764606e+00,3.6555293635317342993e-02
1.5795795795795795069e+00,3.6802500382940021850e-02
1.5825825825825825532e+00,3.7050867215837932078e-02
1.5855855855855855996e+00,3.7300397071081660416e-02
1.5885885885885886459e+00,3.7551092882903334969e-02
1.5915915915915914702e+00,3.7802957587616092816e-02
1.5945945945945945166e+00,3.8055994120895171584e-02
1.5975975975975975629e+00,3.8310205417170575815e-02
1.6006006006006006093e+00,3.8565594413289654152e-02
1.6036036036036036556e+00,3.8822164043243546916e-02
1.6066066066066067020e+00,3.9079917242985366677e-02
1.6096096096096095263e+00,3.9338856947832935573e-02
1.6126126126126125726e+00,3.9598986091769504403e-02
1.6156156156156156189e+00,3.9860307611137270334e-02
1.6186186186186186653e+00,4.0122824439406616637e-02
1.6216216216216217116e+00,4.0386539511892902143e-02
1.6246246246246245359e+00,4.0651455763279470412e-02
1.6276276276276275823e+00,4.0917576126828648919e-02
1.6306306306306306286e+00,4.1184903538104243592e-02
1.6336336336336336750e+00,4.1453440929784542146e-02
1.6366366366366367213e+00,4.1723191236278288352e-02
1.6396396396396395456e+00,4.1994157391366034038e-02
1.6426426426426425920e+00,4.2266342327323500050e-02
1.6456456456456456383e+00,4.2539748978667579760e-02
1.6486486486486486847e+00,4.2814380277013792953e-02
1.6516516516516517310e+00,4.3090239155588350162e-02
1.6546546546546545553e+00,4.3367328546984426629e-02
1.6576576576576576016e+00,4.3645651382200417734e-02
1.6606606606606606480e+00,4.3925210594407688991e-02
1.6636636636636636943e+00,4.4206009113856886694e-02
1.6666666666666667407e+00,4.4488049872287604991e-02
1.6696696696696695650e+00,4.4771335800800428351e-02
1.6726726726726726113e+00,4.5055869828813682743e-02
1.6756756756756756577e+00,4.5341654887850565969e-02
1.6786786786786787040e+00,4.5628693906495924881e-02
1.6816816816816817504e+00,4.5916989814703768058e-02
1.6846846846846845747e+00,4.6206545541783355935e-02
1.6876876876876876210e+00,4.6497364015277035942e-02
1.6906906906906906674e+00,4.6789448164764310678e-02
1.6936936936936937137e+00,4.7082800916870622132e-02
1.6966966966966967600e+00,4.7377425199472744666e-02
1.6996996996996995843e+00,4.7673323939797701554e-02
1.7027027027027026307e+00,4.7970500063223765752e-02
1.7057057057057056770e+00,4.8268956497099398117e-02
1.7087087087087087234e+00,4.8568696165805086418e-02
1.7117117117117117697e+00,4.8869721994857687197e-02
1.7147147147147145940e+00,4.9172036909119476444e-02
1.7177177177177176404e+00,4.9475643831525611960e-02
1.7207207207207206867e+00,4.9780545686915415871e-02
1.7237237237237237331e+00,5.0086745397148489667e-02
1.7267267267267267794e+00,5.0394245885108351901e-02
1.7297297297297298257e+00,5.0703050073020318467e-02
1.7327327327327326500e+00,5.1013160881107431910e-02
1.7357357357357356964e+00,5.1324581231432173101e-02
1.7387387387387387427e+00,5.1637314043067872316e-02
1.7417417417417417891e+00,5.1951362236002371353e-02
1.7447447447447448354e+00,5.2266728729560014977e-02
1.7477477477477476597e+00,5.2583416440987913731e-02
1.7507507507507507061e+00,5.2901428289301180574e-02
1.7537537537537537524e+00,5.3220767190509866984e-02
1.7567567567567567988e+00,5.3541436061419298009e-02
1.7597597597597598451e+00,5.3863437818156688353e-02
1.7627627627627626694e+00,5.4186775374691041607e-02
1.7657657657657657158e+00,5.4511451646682383687e-02
1.7687687687687687621e+00,5.4837469546768533024e-02
1.7717717717717718084e+00,5.5164831988264328988e-02
1.7747747747747748548e+00,5.5493541883791762392e-02
1.7777777777777776791e+00,5.5823602143736883452e-02
1.7807807807807807254e+00,5.6155015680100187070e-02
1.7837837837837837718e+00,5.6487785401844584077e-02
1.7867867867867868181e+00,5.6821914218494050386e-02
1.7897897897897898645e+00,5.7157405038865537195e-02
1.7927927927927926888e+00,5.7494260769465364846e-02
1.7957957957957957351e+00,5.7832484318338525653e-02
1.7987987987987987815e+00,5.8172078590478855376e-02
1.8018018018018018278e+00,5.8513046491328248033e-02
1.8048048048048048742e+00,5.8855390925607917185e-02
1.8078078078078076985e+00,5.9199114795656891663e-02
1.8108108108108107448e+00,5.9544221005278348546e-02
1.8138138138138137911e+00,5.9890712455213074294e-02
1.8168168168168168375e+00,6.0238592046539321534e-02
1.8198198198198198838e+00,6.0587862679602325078e-02
1.8228228228228227081e+00,6.0938527252297064463e-02
1.8258258258258257545e+00,6.1290588663909614797e-02
1.8288288288288288008e+00,6.1644049810654383270e-02
1.8318318318318318472e+00,6.1998913588976405087e-02
1.8348348348348348935e+00,6.2355182894576352548e-02
1.8378378378378377178e+00,6.2712860620640159537e-02
1.8408408408408407642e+00,6.3071949661673717968e-02
1.8438438438438438105e+00,6.3432452909104639072e-02
1.8468468468468468568e+00,6.3794373254487862779e-02
1.8498498498498499032e+00,6.4157713588623030421e-02
1.8528528528528527275e+00,6.4522476799732150776e-02
1.8558558558558557738e+00,6.4888665777281154257e-02
1.8588588588588588202e+00,6.5256283407645110373e-02
1.8618618618618618665e+00,6.5625332577213674190e-02
1.8648648648648649129e+00,6.5995816171597360134e-02
1.8678678678678679592e+00,6.6367737073757551713e-02
1.8708708708708707835e+00,6.6741098167814247311e-02
1.8738738738738738299e+00,6.7115902334780319638e-02
1.8768768768768768762e+00,6.7492152455569151548e-02
1.8798798798798799226e+00,6.7869851410291184846e-02
1.8828828828828829689e+00,6.8249002076339035372e-02
1.8858858858858857932e+00,6.8629607332179404233e-02
1.8888888888888888395e+00,6.9011670053157642135e-02
1.8918918918918918859e+00,6.9395193114408115775e-02
1.8948948948948949322e+00,6.9780179390239088777e-02
1.8978978978978979786e+00,7.0166631752175301351e-02
1.9009009009009008029e+00,7.0554553072732770214e-02
1.9039039039039038492e+00,7.0943946221293296972e-02
1.9069069069069068956e+00,7.1334814066919549624e-02
1.9099099099099099419e+00,7.1727159477825735978e-02
1.9129129129129129883e+00,7.2120985319380201406e-02
1.9159159159159158126e+00,7.2516294457861410483e-02
1.9189189189189188589e+00,7.2913089756402676977e-02
1.9219219219219219053e+00,7.3311374077713681308e-02
1.9249249249249249516e+00,7.3711150283634147007e-02
1.9279279279279279979e+00,7.4112421233099495810e-02
1.9309309309309308222e+00,7.4515189785875513007e-02
1.9339339339339338686e+00,7.4919458798575047642e-02
1.9369369369369369149e+00,7.5325231127285535715e-02
1.9399399399399399613e+00,7.5732509627205207847e-02
1.9429429429429430076e+00,7.6141297150572856411e-02
1.9459459459459458319e+00,7.6551596550380587858e-02
1.9489489489489488783e+00,7.6963410676462062909e-02
1.9519519519519519246e+00,7.7376742378027968394e-02
1.9549549549549549710e+00,7.7791594503382174852e-02
1.9579579579579580173e+00,7.8207969897818072069e-02
1.9609609609609608416e+00,7.8625871407308312033e-02
1.9639639639639638879e+00,7.9045301874662923791e-02
1.9669669669669669343e+00,7.9466264141972650648e-02
1.9699699699699699806e+00,7.9888761050397411045e-02
1.9729729729729730270e+00,8.0312795438030396000e-02
1.9759759759759758513e+00,8.0738370143555157621e-02
1.9789789789789788976e+00,8.1165488002476623985e-02
1.9819819819819819440e+00,8.1594151849471538429e-02
1.9849849849849849903e+00,8.2024364518252068645e-02
1.9879879879879880367e+00,8.2456128839402967334e-02
1.9909909909909910830e+00,8.2889447644008407146e-02
1.9939939939939939073e+00,8.3324323759958560109e-02
1.9969969969969969537e+00,8.3760760014209276192e-02
2.0000000000000000000e+00,8.4198759232718980994e-02
2.0030030030030028243e+00,8.4638324238261147814e-02
2.0060060060060060927e+00,8.5079457854019269192e-02
2.0090090090090089170e+00,8.5522162899969125793e-02
2.0120120120120121854e+00,8.5966442195049425079e-02
2.0150150150150150097e+00,8.6412298557169420210e-02
2.0180180180180178340e+00,8.6859734800999455206e-02
2.0210210210210211024e+00,8.7308753741532046933e-02
2.0240240240240239267e+00,8.7759358190540662226e-02
2.0270270270270271951e+00,8.8211550958662010569e-02
2.0300300300300300194e+00,8.8665334855473329490e-02
2.0330330330330328437e+00,8.9120712687261668949e-02
2.0360360360360361121e+00,8.9577687260551083770e-02
2.0390390390390389364e+00,9.0036261378637627573e-02
2.0420420420420422047e+00,9.0496437843584617844e-02
2.0450450450450450290e+00,9.0958219456367062072e-02
2.0480480480480478533e+00,9.1421609014622998157e-02
2.0510510510510511217e+00,9.1886609316144535198e-02
2.0540540540540539460e+00,9.2353223155489216900e-02
2.0570570570570572144e+00,9.2821453325890077024e-02
2.0600600600600600387e+00,9.3291302619465305002e-02
2.0630630630630628630e+00,9.3762773824952794222e-02
2.0660660660660661314e+00,9.4235869731164961793e-02
2.0690690690690689557e+00,9.4710593123675801408e-02
2.0720720720720722241e+00,9.5186946786647450014e-02
2.0750750750750750484e+00,9.5664933503102997370e-02
2.0780780780780778727e+00,9.6144556052646185096e-02
2.0810810810810811411e+00,9.6625817214879325401e-02
2.0840840840840839654e+00,9.7108719766164655618e-02
2.0870870870870872338e+00,9.7593266481367402232e-02
2.0900900900900900581e+00,9.8079460134184059950e-02
2.0930930930930928824e+00,9.8567303494847061107e-02
2.0960960960960961508e+00,9.9056799333496287074e-02
2.0990990990990989751e+00,9.9547950417016042857e-02
2.1021021021021022435e+00,1.0004075951069281436e-01
2.1051051051051050678e+00,1.0053522937860158437e-01
2.1081081081081078921e+00,1.0103136278130243897e-01
2.1111111111111111605e+00,1.0152916247916814185e-01
2.1141141141141139848e+00,1.0202863122929964335e-01
2.1171171171171172531e+00,1.0252977178710245831e-01
2.1201201201201200774e+00,1.0303258690672921494e-01
2.1231231231231229017e+00,1.0353707933876958591e-01
2.1261261261261261701e+00,1.0404325183353313466e-01
2.1291291291291289944e+00,1.0455110713804341427e-01
2.1321321321321322628e+00,1.0506064799753428440e-01
2.1351351351351350871e+00,1.0557187715594661126e-01
2.1381381381381379114e+00,1.0608479735361359131e-01
2.1411411411411411798e+00,1.0659941133049773143e-01
2.1441441441441440041e+00,1.0711572182326356550e-01
2.1471471471471472725e+00,1.0763373156669524267e-01
2.1501501501501500968e+00,1.0815344329424576852e-01
2.1531531531531529211e+00,1.0867485973571867908e-01
2.1561561561561561895e+00,1.0919798362045947393e-01
2.1591591591591590138e+00,1.0972281767450588197e-01
2.1621621621621622822e+00,1.1024936462192849729e-01
2.1651651651651651065e+00,1.1077762718543029963e-01
2.1681681681681679308e+00,1.1130760808402734297e-01
2.1711711711711711992e+00,1.1183931003619307365e-01
2.1741741741741740235e+00,1.1237273575708571494e-01
2.1771771771771772919e+00,1.1290788795981419879e-01
2.1801801801801801162e+00,1.1344476935608581447e-01
2.1831831831831833846e+00,1.1398338265388700818e-01
2.1861861861861862089e+00,1.1452373056058061385e-01
2.1891891891891890332e+00,1.1506581578021020384e-01
2.1921921921921923015e+00,1.1560964101469183019e-01
2.1951951951951951258e+00,1.1615520896450907962e-01
2.1981981981981983942e+00,1.1670252232639453938e-01
2.2012012012012012185e+00,1.1725158379638075945e-01
2.2042042042042040428e+00,1.1780239606717927969e-01
2.2072072072072073112e+00,1.1835496182930130282e-01
2.2102102102102101355e+00,1.1890928377179822706e-01
2.2132132132132134039e+00,1.1946536457994333391e-01
2.2162162162162162282e+00,1.2002320693823317899e-01
2.2192192192192190525e+00,1.2058281352783623008e-01
2.2222222222222223209e+00,1.2114418702763954383e-01
2.2252252252252251452e+00,1.2170733011502356258e-01
2.2282282282282284136e+00,1.2227224546354974188e-01
2.2312312312312312379e+00,1.2283893574590580566e-01
2.2342342342342340622e+00,1.2340740363143282154e-01
2.2372372372372373306e+00,1.2397765178710143386e-01
2.2402402402402401549e+00,1.2454968287832590690e-01
2.2432432432432434233e+00,1.2512349956666077300e-01
2.2462462462462462476e+00,1.2569910451269300511e-01
2.2492492492492490719e+00,1.2627650037364554492e-01
2.2522522522522523403e+00,1.2685568980428549302e-01
2.2552552552552551646e+00,1.2743667545777551120e-01
2.2582582582582584330e+00,1.2801945998338057353e-01
2.2612612612612612573e+00,1.2860404602930700091e-01
2.2642642642642640816e+00,1.2919043624038162310e-01
2.2672672672672673500e+00,1.2977863325889379964e-01
2.2702702702702701743e+00,1.3036863972548218271e-01
2.2732732732732734426e+00,1.3096045827685273699e-01
2.2762762762762762669e+00,1.3155409154856484433e-01
2.2792792792792790912e+00,1.3214954217278540582e-01
2.2822822822822823596e+00,1.3274681277906599797e-01
2.2852852852852851839e+00,1.3334590599526280341e-01
2.2882882882882884523e+00,1.3394682444526881393e-01
2.2912912912912912766e+00,1.3454957075174509007e-01
2.2942942942942941009e+00,1.3515414753394985881e-01
2.2972972972972973693e+00,1.3576055740845216491e-01
2.3003003003003001936e+00,1.3636880299008422024e-01
2.3033033033033034620e+00,1.3697888688968720694e-01
2.3063063063063062863e+00,1.3759081171678952393e-01
2.3093093093093091106e+00,1.3820458007750868745e-01
2.3123123123123123790e+00,1.3882019457520400341e-01
2.3153153153153152033e+00,1.3943765781145903149e-01
2.3183183183183184717e+00,1.4005697238384257064e-01
2.3213213213213212960e+00,1.4067814088853405896e-01
2.3243243243243241203e+00,1.4130116591829666728e-01
2.3273273273273273887e+00,1.4192605006307115745e-01
2.3303303303303302130e+00,1.4255279591098751757e-01
2.3333333333333334814e+00,1.4318140604614063016e-01
2.3363363363363363057e+00,1.4381188305116421322e-01
2.3393393393393391300e+00,1.4444422950527391336e-01
2.3423423423423423984e+00,1.4507844798480384885e-01
2.3453453453453452227e+00,1.4571454106424566732e-01
2.3483483483483484910e+00,1.4635251131404014568e-01
2.3513513513513513153e+00,1.4699236130309722981e-01
2.3543543543543541396e+00,1.4763409359690232714e-01
2.3573573573573574080e+00,1.4827771075799361933e-01
2.3603603603603602323e+00,1.4892321534701727370e-01
2.3633633633633635007e+00,1.4957060992053661241e-01
2.3663663663663663250e+00,1.5021989703349097889e-01
2.3693693693693691493e+00,1.5087107923737347326e-01
2.3723723723723724177e+00,1.5152415908065286487e-01
2.3753753753753752420e+00,1.5217913910984973147e-01
2.3783783783783785104e+00,1.5283602186736902628e-01
2.3813813813813813347e+00,1.5349480989390118513e-01
2.3843843843843841590e+00,1.5415550572666972262e-01
2.3873873873873874274e+00,1.5481811189980057564e-01
2.3903903903903902517e+00,1.5548263094541747709e-01
2.3933933933933935201e+00,1.5614906539149780995e-01
2.3963963963963963444e+00,1.5681741776421723178e-01
2.3993993993993991687e+00,1.5748769058626621575e-01
2.4024024024024024371e+00,1.5815988637716757448e-01
2.4054054054054052614e+00,1.5883400765438976388e-01
2.4084084084084085298e+00,1.5951005693122805029e-01
2.4114114114114113541e+00,1.6018803671909132014e-01
2.4144144144144141784e+00,1.6086794952588731600e-01
2.4174174174174174468e+00,1.6154979785629033917e-01
2.4204204204204202711e+00,1.6223358421287045750e-01
2.4234234234234235394e+00,1.6291931109400042965e-01
2.4264264264264263637e+00,1.6360698099608647627e-01
2.4294294294294291880e+00,1.6429659641201962983e-01
2.4324324324324324564e+00,1.6498815983139580865e-01
2.4354354354354352807e+00,1.6568167374165979067e-01
2.4384384384384385491e+00,1.6637714062603853327e-01
2.4414414414414413734e+00,1.6707456296571615573e-01
2.4444444444444446418e+00,1.6777394323835004286e-01
2.4474474474474474661e+00,1.6847528391824526106e-01
2.4504504504504502904e+00,1.6917858747751252091e-01
2.4534534534534535588e+00,1.6988385638402730970e-01
2.4564564564564563831e+00,1.7059109310355016764e-01
2.4594594594594596515e+00,1.7130030009830718440e-01
2.4624624624624624758e+00,1.7201147982711906259e-01
2.4654654654654653001e+00,1.7272463474657254179e-01
2.4684684684684685685e+00,1.7343976730900539929e-01
2.4714714714714713928e+00,1.7415687996457382414e-01
2.4744744744744746612e+00,1.7487597515989430907e-01
2.4774774774774774855e+00,1.7559705533813066425e-01
2.4804804804804803098e+00,1.7632012294017637699e-01
2.4834834834834835782e+00,1.7704518040266706280e-01
2.4864864864864864025e+00,1.7777223015999485400e-01
2.4894894894894896709e+00,1.7850127464301063229e-01
2.4924924924924924952e+00,1.7923231627907090791e-01
2.4954954954954953195e+00,1.7996535749322720155e-01
2.4984984984984985878e+00,1.8070040070626255946e-01
2.5015015015015014122e+00,1.8143744833664701699e-01
2.5045045045045046805e+00,1.8217650279929165080e-01
2.5075075075075075048e+00,1.8291756650555349162e-01
2.5105105105105103291e+00,1.8366064186442424000e-01
2.5135135135135135975e+00,1.8440573128059903341e-01
2.5165165165165164218e+00,1.8515283715637423367e-01
2.5195195195195196902e+00,1.8590196189046279129e-01
2.5225225225225225145e+00,1.8665310787796066117e-01
2.5255255255255253388e+00,1.8740627751153909886e-01
2.5285285285285286072e+00,1.8816147317954767804e-01
2.5315315315315314315e+00,1.8891869726785440187e-01
2.5345345345345346999e+00,1.8967795215872065850e-01
2.5375375375375375242e+00,1.9043924023073185992e-01
2.5405405405405403485e+00,1.9120256385999170878e-01
2.5435435435435436169e+00,1.9196792541825913325e-01
2.5465465465465464412e+00,1.9273532727473272064e-01
2.5495495495495497096e+00,1.9350477179498279390e-01
2.5525525525525525339e+00,1.9427626134084891030e-01
2.5555555555555553582e+00,1.9504979827163343442e-01
2.5585585585585586266e+00,1.9582538494227480497e-01
2.5615615615615614509e+00,1.9660302370507543035e-01
2.5645645645645647193e+00,1.9738271690868999797e-01
2.5675675675675675436e+00,1.9816446689799185887e-01
2.5705705705705703679e+00,1.9894827601526438032e-01
2.5735735735735736363e+00,1.9973414659841087770e-01
2.5765765765765764606e+00,2.0052208098262627733e-01
2.5795795795795797289e+00,2.0131208149944257446e-01
2.5825825825825825532e+00,2.0210415047656155041e-01
2.5855855855855853775e+00,2.0289829023904790151e-01
2.5885885885885886459e+00,2.0369450310757089562e-01
2.5915915915915914702e+00,2.0449279140002621369e-01
2.5945945945945947386e+00,2.0529315743063078492e-01
2.5975975975975975629e+00,2.0609560350973016307e-01
2.6006006006006003872e+00,2.0690013194498660387e-01
2.6036036036036036556e+00,2.0770674503965680380e-01
2.6066066066066064799e+00,2.0851544509416183870e-01
2.6096096096096097483e+00,2.0932623440523284719e-01
2.6126126126126125726e+00,2.1013911526569192811e-01
2.6156156156156153969e+00,2.1095408996563536075e-01
2.6186186186186186653e+00,2.1177116079074898014e-01
2.6216216216216214896e+00,2.1259033002382388133e-01
2.6246246246246247580e+00,2.1341159994395550448e-01
2.6276276276276275823e+00,2.1423497282629513916e-01
2.6306306306306304066e+00,2.1506045094323286704e-01
2.6336336336336336750e+00,2.1588803656274413445e-01
2.6366366366366364993e+00,2.1671773194985929911e-01
2.6396396396396397677e+00,2.1754953936590759600e-01
2.6426426426426425920e+00,2.1838346106824768622e-01
2.6456456456456454163e+00,2.1921949931144299462e-01
2.6486486486486486847e+00,2.2005765634564383726e-01
2.6516516516516515090e+00,2.2089793441800328888e-01
2.6546546546546547773e+00,2.2174033577196028411e-01
2.6576576576576576016e+00,2.2258486264694432588e-01
2.6606606606606604259e+00,2.2343151727953267094e-01
2.6636636636636636943e+00,2.2428030190186917792e-01
2.6666666666666665186e+00,2.2513121874302297054e-01
2.6696696696696697870e+00,2.2598427002832094379e-01
2.6726726726726726113e+00,2.2683945797902990704e-01
2.6756756756756754356e+00,2.2769678481350419386e-01
2.6786786786786787040e+00,2.2855625274564256300e-01
2.6816816816816815283e+00,2.2941786398619726239e-01
2.6846846846846847967e+00,2.3028162074214919564e-01
2.6876876876876876210e+00,2.3114752521637460525e-01
2.6906906906906904453e+00,2.3201557960877630671e-01
2.6936936936936937137e+00,2.3288578611478502611e-01
2.6966966966966965380e+00,2.3375814692661320282e-01
2.6996996996996998064e+00,2.3463266423267795102e-01
2.7027027027027026307e+00,2.3550934021724809209e-01
2.7057057057057058991e+00,2.3638817706156267651e-01
2.7087087087087087234e+00,2.3726917694237223411e-01
2.7117117117117115477e+00,2.3815234203314425421e-01
2.7147147147147148161e+00,2.3903767450352572665e-01
2.7177177177177176404e+00,2.3992517651897690700e-01
2.7207207207207209088e+00,2.4081485024187548882e-01
2.7237237237237237331e+00,2.4170669783009562925e-01
2.7267267267267265574e+00,2.4260072143816821533e-01
2.7297297297297298257e+00,2.4349692321678104157e-01
2.7327327327327326500e+00,2.4439530531240111211e-01
2.7357357357357359184e+00,2.4529586986836043883e-01
2.7387387387387387427e+00,2.4619861902348000315e-01
2.7417417417417415670e+00,2.4710355491317687049e-01
2.7447447447447448354e+00,2.4801067966900877670e-01
2.7477477477477476597e+00,2.4891999541827941611e-01
2.7507507507507509281e+00,2.4983150428511244345e-01
2.7537537537537537524e+00,2.5074520838911129594e-01
2.7567567567567565767e+00,2.5166110984642464654e-01
2.7597597597597598451e+00,2.5257921076932354776e-01
2.7627627627627626694e+00,2.5349951326580033584e-01
2.7657657657657659378e+00,2.5442201944062231567e-01
2.7687687687687687621e+00,2.5534673139403440967e-01
2.7717717717717715864e+00,2.5627365122277728782e-01
2.7747747747747748548e+00,2.5720278101970189821e-01
2.7777777777777776791e+00,2.5813412287335779638e-01
2.7807807807807809475e+00,2.5906767886903070419e-01
2.7837837837837837718e+00,2.6000345108748418310e-01
2.7867867867867865961e+00,2.6094144160593313320e-01
2.7897897897897898645e+00,2.6188165249769529419e-01
2.7927927927927926888e+00,2.6282408583176758432e-01
2.7957957957957959572e+00,2.6376874367385072517e-01
2.7987987987987987815e+00,2.6471562808512522080e-01
2.8018018018018016058e+00,2.6566474112318616552e-01
2.8048048048048048742e+00,2.6661608484172527600e-01
2.8078078078078076985e+00,2.6756966129010245625e-01
2.8108108108108109668e+00,2.6852547251434971676e-01
2.8138138138138137911e+00,2.6948352055598473465e-01
2.8168168168168166154e+00,2.7044380745289686718e-01
2.8198198198198198838e+00,2.7140633523905455249e-01
2.8228228228228227081e+00,2.7237110594406477304e-01
2.8258258258258259765e+00,2.7333812159414955234e-01
2.8288288288288288008e+00,2.7430738421099781776e-01
2.8318318318318316251e+00,2.7527889581260689411e-01
2.8348348348348348935e+00,2.7625265841301932523e-01
2.8378378378378377178e+00,2.7722867402188211550e-01
2.8408408408408409862e+00,2.7820694464539658108e-01
2.8438438438438438105e+00,2.7918747228521367809e-01
2.8468468468468466348e+00,2.8017025893923336310e-01
2.8498498498498499032e+00,2.8115530660136922592e-01
2.8528528528528527275e+00,2.8214261726110717587e-01
2.8558558558558559959e+00,2.8313219290442875886e-01
2.8588588588588588202e+00,2.8412403551275239311e-01
2.8618618618618616445e+00,2.8511814706368660000e-01
2.8648648648648649129e+00,2.8611452953082605610e-01
2.8678678678678677372e+00,2.8711318488330683785e-01
2.8708708708708710056e+00,2.8811411508670764503e-01
2.8738738738738738299e+00,2.8911732210202989446e-01
2.8768768768768766542e+00,2.9012280788641348073e-01
2.8798798798798799226e+00,2.9113057439295569884e-01
2.8828828828828827469e+00,2.9214062357027104078e-01
2.8858858858858860152e+00,2.9315295736336316468e-01
2.8888888888888888395e+00,2.9416757771264984145e-01
2.8918918918918916638e+00,2.9518448655463741526e-01
2.8948948948948949322e+00,2.9620368582176492822e-01
2.8978978978978977565e+00,2.9722517744196613743e-01
2.9009009009009010249e+00,2.9824896333951528282e-01
2.9039039039039038492e+00,2.9927504543409433335e-01
2.9069069069069066735e+00,3.0030342564142753492e-01
2.9099099099099099419e+00,3.0133410587314995999e-01
2.9129129129129127662e+00,3.0236708803637074583e-01
2.9159159159159160346e+00,3.0340237403450498466e-01
2.9189189189189188589e+00,3.0443996576635540263e-01
2.9219219219219216832e+00,3.0547986512670849413e-01
2.9249249249249249516e+00,3.0652207400633246781e-01
2.9279279279279277759e+00,3.0756659429142435558e-01
2.9309309309309310443e+00,3.0861342786404244443e-01
2.9339339339339338686e+00,3.0966257660234652871e-01
2.9369369369369366929e+00,3.1071404238141075993e-01
2.9399399399399399613e+00,3.1176782706753297658e-01
2.9429429429429427856e+00,3.1282393252417239893e-01
2.9459459459459460540e+00,3.1388236063137381349e-01
2.9489489489489488783e+00,3.1494311322792778451e-01
2.9519519519519521467e+00,3.1600619210015046257e-01
2.9549549549549549710e+00,3.1707159927217976048e-01
2.9579579579579577953e+00,3.1813933666960964031e-01
2.9609609609609610636e+00,3.1920940516203738513e-01
2.9639639639639638879e+00,3.2028180753482626830e-01
2.9669669669669671563e+00,3.2135654903378829683e-01
2.9699699699699699806e+00,3.2243362232188532701e-01
2.9729729729729728049e+00,3.2351302520001790075e-01
2.9759759759759760733e+00,3.2459480981706989589e-01
2.9789789789789788976e+00,3.2567892773390244576e-01
2.9819819819819821660e+00,3.2676520508492667982e-01
2.9849849849849849903e+00,3.2785412190019519452e-01
2.9879879879879878146e+00,3.2894587755827459086e-01
2.9909909909909910830e+00,3.3003786411586666372e-01
2.9939939939939939073e+00,3.3113274113156865308e-01
2.9969969969969971757e+00,3.3223954804987987366e-01
3.0000000000000000000e+00,3.3333333333333331483e-01
