0.0000000000000000000e+00,-3.1280446793044570930e-02
3.0030030030030029770e-03,-3.6620963087836135219e-15
6.0060060060060059539e-03,3.0146039515562476319e-15
9.0090090090090089309e-03,1.2849460732574082533e-16
1.2012012012012011908e-02,-1.0480341410005736559e-15
1.5015015015015014885e-02,-1.7421163871400087056e-15
1.8018018018018017862e-02,-1.5098116360774546976e-15
2.1021021021021019104e-02,1.9790464074723476651e-17
2.4024024024024023816e-02,4.8185477747152809499e-17
2.7027027027027028527e-02,-4.8185477747152809499e-16
3.0030030030030029770e-02,-1.0685351736547463379e-16
3.3033033033033031012e-02,-8.7609959540277837694e-17
3.6036036036036035723e-02,1.8822452244981565594e-16
3.9039039039039040435e-02,8.8957805071666727125e-17
4.2042042042042038208e-02,7.9161856298893906602e-17
4.5045045045045042920e-02,-1.0557645809577508584e-16
4.8048048048048047631e-02,-4.5776203859795169024e-16
5.1051051051051052343e-02,-3.3836125918037446582e-16
5.4054054054054057055e-02,-3.6406805408959902154e-16
5.7057057057057054827e-02,1.4455643324145845315e-16
6.0060060060060059539e-02,4.9774739738425174839e-16
6.3063063063063057312e-02,5.6904754672828084015e-16
6.6066066066066062024e-02,9.4509243854074724407e-16
6.9069069069069066735e-02,1.0056099703753630837e-15
7.2072072072072071447e-02,1.1925905742420318872e-15
7.5075075075075076159e-02,2.0571630966930559554e-15
7.8078078078078080870e-02,2.9059549656744462058e-15
8.1081081081081085582e-02,3.6982354170939775867e-15
8.4084084084084076416e-02,5.3830062283247857969e-15
8.7087087087087081128e-02,7.7512156444988916446e-15
9.0090090090090085839e-02,1.0345570103057926788e-14
9.3093093093093090551e-02,1.3709545604189927897e-14
9.6096096096096095263e-02,1.8273589537517904063e-14
9.9099099099099099974e-02,2.4530788671277792779e-14
1.0210210210210210469e-01,3.1870441869940360638e-14
1.0510510510510510940e-01,4.1471464496101415074e-14
1.0810810810810811411e-01,5.3105750419334301081e-14
1.1111111111111110494e-01,6.7795990457586973630e-14
1.1411411411411410965e-01,8.5942603678711287637e-14
1.1711711711711711437e-01,1.0877686272659181144e-13
1.2012012012012011908e-01,1.3627495658358326831e-13
1.2312312312312312379e-01,1.7024751966957453929e-13
1.2612612612612611462e-01,2.1129934310598349213e-13
1.2912912912912913321e-01,2.6116977175959119595e-13
1.3213213213213212405e-01,3.2082657671200320215e-13
1.3513513513513514264e-01,3.9241719539186981204e-13
1.3813813813813813347e-01,4.7783233759002660479e-13
1.4114114114114115206e-01,5.7928273780747874174e-13
1.4414414414414414289e-01,6.9958085867203807053e-13
1.4714714714714713373e-01,8.4160558757757722550e-13
1.5015015015015015232e-01,1.0085994457598558721e-12
1.5315315315315314315e-01,1.2041947710594933873e-12
1.5615615615615616174e-01,1.4330157220366622533e-12
1.5915915915915915257e-01,1.6997436366907730688e-12
1.6216216216216217116e-01,2.0094682706055696067e-12
1.6516516516516516200e-01,2.3683806391374448324e-12
1.6816816816816815283e-01,2.7831622182969949169e-12
1.7117117117117117142e-01,3.2613193037966661975e-12
1.7417417417417416226e-01,3.8107202609742115340e-12
1.7717717717717718084e-01,4.4410986769766431625e-12
1.8018018018018017168e-01,5.1624481277938382718e-12
1.8318318318318319027e-01,5.9857485518138867086e-12
1.8618618618618618110e-01,6.9235259012851827430e-12
1.8918918918918919969e-01,7.9897334956063131735e-12
1.9219219219219219053e-01,9.1991964682376936861e-12
1.9519519519519518136e-01,1.0568554137716511094e-11
1.9819819819819819995e-01,1.2115651392792653728e-11
2.0120120120120119078e-01,1.3861020324817835712e-11
2.0420420420420420937e-01,1.5826015635755928004e-11
2.0720720720720720021e-01,1.8034388533190481322e-11
2.1021021021021021880e-01,2.0512150877733596549e-11
2.1321321321321320963e-01,2.3287609761905332092e-11
2.1621621621621622822e-01,2.6391543035810158648e-11
2.1921921921921921905e-01,2.9857211141420781590e-11
2.2222222222222220989e-01,3.3721063363746781331e-11
2.2522522522522522848e-01,3.8022590196326695236e-11
2.2822822822822821931e-01,4.2804301117795118654e-11
2.3123123123123123790e-01,4.8112401184775772265e-11
2.3423423423423422873e-01,5.3996908294774373533e-11
2.3723723723723724732e-01,6.0511426645143067733e-11
2.4024024024024023816e-01,6.7714639662840466151e-11
2.4324324324324322899e-01,7.5668689606804815979e-11
2.4624624624624624758e-01,8.4441549400122245678e-11
2.4924924924924923841e-01,9.4105601759664010270e-11
2.5225225225225222925e-01,1.0473866199615143383e-10
2.5525525525525527559e-01,1.1642518666796088677e-10
2.5825825825825826643e-01,1.2925437277994612756e-10
2.6126126126126125726e-01,1.4332316429305263627e-10
2.6426426426426424809e-01,1.5873483046814109746e-10
2.6726726726726723893e-01,1.7559946816449838044e-10
2.7027027027027028527e-01,1.9403625063775935714e-10
2.7327327327327327611e-01,2.1417046738439712518e-10
2.7627627627627626694e-01,2.3613783814354869480e-10
2.7927927927927925777e-01,2.6008220005444489727e-10
2.8228228228228230412e-01,2.8615662693497612863e-10
2.8528528528528529495e-01,3.1452577103287010899e-10
2.8828828828828828579e-01,3.4536271597903911497e-10
2.9129129129129127662e-01,3.7885383194903655369e-10
2.9429429429429426746e-01,4.1519639968562805756e-10
2.9729729729729731380e-01,4.5459902215812920006e-10
3.0030030030030030463e-01,4.9728580211749143133e-10
3.0330330330330329547e-01,5.4349160250310245040e-10
3.0630630630630628630e-01,5.9346823486674607831e-10
3.0930930930930933265e-01,6.4748147573015809247e-10
3.1231231231231232348e-01,7.0581180434417702944e-10
3.1531531531531531432e-01,7.6875948180631626840e-10
3.1831831831831830515e-01,8.3663796417667751337e-10
3.2132132132132129598e-01,9.0978288560190651852e-10
3.2432432432432434233e-01,9.8854729127272861579e-10
3.2732732732732733316e-01,1.0733028707723424363e-09
3.3033033033033032400e-01,1.1644458496014773744e-09
3.3333333333333331483e-01,1.2623898833167147767e-09
3.3633633633633630566e-01,1.3675756656892839901e-09
3.3933933933933935201e-01,1.4804657374566113189e-09
3.4234234234234234284e-01,1.6015466447783660144e-09
3.4534534534534533368e-01,1.7313353171155266748e-09
3.4834834834834832451e-01,1.8703697257501646584e-09
3.5135135135135137086e-01,2.0192221755780514443e-09
3.5435435435435436169e-01,2.1784918186556514196e-09
3.5735735735735735252e-01,2.3488073866151504987e-09
3.6036036036036034336e-01,2.5308351687107249787e-09
3.6336336336336333419e-01,2.7252678740113224894e-09
3.6636636636636638054e-01,2.9328396987852694346e-09
3.6936936936936937137e-01,3.1543185779320573645e-09
3.7237237237237236220e-01,3.3905082060041735609e-09
3.7537537537537535304e-01,3.6422584456826740148e-09
3.7837837837837839938e-01,3.9104516036414285219e-09
3.8138138138138139022e-01,4.1960204878490848002e-09
3.8438438438438438105e-01,4.4999388004638399809e-09
3.8738738738738737188e-01,4.8232242492897470827e-09
3.9039039039039036272e-01,5.1669501059513079360e-09
3.9339339339339340906e-01,5.5322292005007418344e-09
3.9639639639639639990e-01,5.9202354676061770507e-09
3.9939939939939939073e-01,6.3321926541894781510e-09
4.0240240240240238156e-01,6.7693768223099406817e-09
4.0540540540540542791e-01,7.2331318741315319080e-09
4.0840840840840841874e-01,7.7248488517706234261e-09
4.1141141141141140958e-01,8.2459922452937243386e-09
4.1441441441441440041e-01,8.7980863180738564963e-09
4.1741741741741739125e-01,9.3827183521262056549e-09
4.2042042042042043759e-01,1.0001556481146757272e-08
4.2342342342342342842e-01,1.0656325292158644500e-08
4.2642642642642641926e-01,1.1348837121095397505e-08
4.2942942942942941009e-01,1.2080975651158481798e-08
4.3243243243243245644e-01,1.2854699216118122157e-08
4.3543543543543544727e-01,1.3672062697259658235e-08
4.3843843843843843811e-01,1.4535187896289192794e-08
4.4144144144144142894e-01,1.5446300676847082015e-08
4.4444444444444441977e-01,1.6407711525036222100e-08
4.4744744744744746612e-01,1.7421819048573035511e-08
4.5045045045045045695e-01,1.8491136114517627215e-08
4.5345345345345344779e-01,1.9618254776070322523e-08
4.5645645645645643862e-01,2.0805889322900320501e-08
4.5945945945945942945e-01,2.2056854467439132212e-08
4.6246246246246247580e-01,2.3374067794707972898e-08
4.6546546546546546663e-01,2.4760581648885780093e-08
4.6846846846846845747e-01,2.6219541377922624152e-08
4.7147147147147144830e-01,2.7754235389942797812e-08
4.7447447447447449465e-01,2.9368069928827008878e-08
4.7747747747747748548e-01,3.1064571569691476672e-08
4.8048048048048047631e-01,3.2847424699936629003e-08
4.8348348348348346715e-01,3.4720422127148828478e-08
4.8648648648648645798e-01,3.6687523192705971894e-08
4.8948948948948950433e-01,3.8752825292757122406e-08
4.9249249249249249516e-01,4.0920565412893108747e-08
4.9549549549549548599e-01,4.3195164252974843483e-08
4.9849849849849847683e-01,4.5581168796115093842e-08
5.0150150150150152317e-01,4.8083319041184376674e-08
5.0450450450450445850e-01,5.0706515427103809974e-08
5.0750750750750750484e-01,5.3455819670436653709e-08
5.1051051051051055119e-01,5.6336506801139899651e-08
5.1351351351351348651e-01,5.9353997766190262281e-08
5.1651651651651653285e-01,6.2513936220664608846e-08
5.1951951951951946818e-01,6.5822151819459917706e-08
5.2252252252252251452e-01,6.9284659623383104233e-08
5.2552552552552556087e-01,7.2907720953930897592e-08
5.2852852852852849619e-01,7.6697765302595106384e-08
5.3153153153153154253e-01,8.0661477938365988678e-08
5.3453453453453447786e-01,8.4805758823151019529e-08
5.3753753753753752420e-01,8.9137720281026212865e-08
5.4054054054054057055e-01,9.3664757603683879412e-08
5.4354354354354350587e-01,9.8394459243174581186e-08
5.4654654654654655221e-01,1.0333470616910075508e-07
5.4954954954954959856e-01,1.0849362626752759925e-07
5.5255255255255253388e-01,1.1387958936056006425e-07
5.5555555555555558023e-01,1.1950128962759669622e-07
5.5855855855855851555e-01,1.2536764194665901308e-07
5.6156156156156156189e-01,1.3148789454678550123e-07
5.6456456456456460824e-01,1.3787157843994489916e-07
5.6756756756756754356e-01,1.4452849942297613852e-07
5.7057057057057058991e-01,1.5146883358190413817e-07
5.7357357357357352523e-01,1.5870300838636443493e-07
5.7657657657657657158e-01,1.6624182961230129991e-07
5.7957957957957961792e-01,1.7409642584770613247e-07
5.8258258258258255324e-01,1.8227823677639584746e-07
5.8558558558558559959e-01,1.9079912315683715942e-07
5.8858858858858853491e-01,1.9967123111134079271e-07
5.9159159159159158126e-01,2.0890713472525479762e-07
5.9459459459459462760e-01,2.1851977528070942363e-07
5.9759759759759756292e-01,2.2852244505221586156e-07
6.0060060060060060927e-01,2.3892891352467736407e-07
6.0360360360360354459e-01,2.4975327313516865492e-07
6.0660660660660659094e-01,2.6101009880818379840e-07
6.0960960960960963728e-01,2.7271438203369880749e-07
6.1261261261261257260e-01,2.8488150860006530928e-07
6.1561561561561561895e-01,2.9752740380317495175e-07
6.1861861861861866529e-01,3.1066835718949454252e-07
6.2162162162162160062e-01,3.2432120060689894169e-07
6.2462462462462464696e-01,3.3850323669763042342e-07
6.2762762762762758229e-01,3.5323221037021307762e-07
6.3063063063063062863e-01,3.6852647395688909301e-07
6.3363363363363367498e-01,3.8440478982699059493e-07
6.3663663663663661030e-01,4.0088652790156269150e-07
6.3963963963963965664e-01,4.1799158872509936756e-07
6.4264264264264259197e-01,4.3574036736708884999e-07
6.4564564564564563831e-01,4.5415394106467131216e-07
6.4864864864864868466e-01,4.7325384697160323169e-07
6.5165165165165161998e-01,4.9306230119934722375e-07
6.5465465465465466632e-01,5.1360211640163665250e-07
6.5765765765765760165e-01,5.3489665627609472836e-07
6.6066066066066064799e-01,5.5697004886984026811e-07
6.6366366366366369434e-01,5.7984693670142644529e-07
6.6666666666666662966e-01,6.0355271888972122490e-07
6.6966966966966967600e-01,6.2811346324270817850e-07
6.7267267267267261133e-01,6.5355585047333282821e-07
6.7567567567567565767e-01,6.7990741490752289963e-07
6.7867867867867870402e-01,7.0719626526124506166e-07
6.8168168168168163934e-01,7.3545135116996014045e-07
6.8468468468468468568e-01,7.6470237005317861393e-07
6.8768768768768773203e-01,7.9497969894644545078e-07
6.9069069069069066735e-01,8.2631466620692176206e-07
6.9369369369369371370e-01,8.5873923979329110661e-07
6.9669669669669664902e-01,8.9228631979879287834e-07
6.9969969969969969537e-01,9.2698964060668521319e-07
7.0270270270270274171e-01,9.6288368873220390792e-07
7.0570570570570567703e-01,1.0000040079898162171e-06
7.0870870870870872338e-01,1.0383868526708636849e-06
7.1171171171171165870e-01,1.0780695084298465957e-06
7.1471471471471470505e-01,1.1190901891293098445e-06
7.1771771771771775139e-01,1.1614879389843320028e-06
7.2072072072072068671e-01,1.2053029748855360093e-06
7.2372372372372373306e-01,1.2505763013957213465e-06
7.2672672672672666838e-01,1.2973500609714050840e-06
7.2972972972972971473e-01,1.3456674269806785324e-06
7.3273273273273276107e-01,1.3955724876396473766e-06
7.3573573573573569639e-01,1.4471106285610484663e-06
7.3873873873873874274e-01,1.5003281067179357561e-06
7.4174174174174178908e-01,1.5552724321673177108e-06
7.4474474474474472441e-01,1.6119922572560736825e-06
7.4774774774774777075e-01,1.6705372401706611733e-06
7.5075075075075070608e-01,1.7309584714062249797e-06
7.5375375375375375242e-01,1.7933080037651049205e-06
7.5675675675675679877e-01,1.8576392666605503200e-06
7.5975975975975973409e-01,1.9240069529561726553e-06
7.6276276276276278043e-01,1.9924668590052267639e-06
7.6576576576576571576e-01,2.0630763593309629794e-06
7.6876876876876876210e-01,2.1358938888785853666e-06
7.7177177177177180845e-01,2.2109793922526727679e-06
7.7477477477477474377e-01,2.2883942084566288283e-06
7.7777777777777779011e-01,2.3682008849161146988e-06
7.8078078078078072544e-01,2.4504637045782737639e-06
7.8378378378378377178e-01,2.5352481167581473635e-06
7.8678678678678681813e-01,2.6226212230025789019e-06
7.8978978978978975345e-01,2.7126516609861346773e-06
7.9279279279279279979e-01,2.8054093893229862951e-06
7.9579579579579573512e-01,2.9009662714215314403e-06
7.9879879879879878146e-01,2.9993954514137075611e-06
8.0180180180180182781e-01,3.1007718784763737397e-06
8.0480480480480476313e-01,3.2051721907310736637e-06
8.0780780780780780947e-01,3.3126744678776424757e-06
8.1081081081081085582e-01,3.4233588762879107565e-06
8.1381381381381379114e-01,3.5373069862493869679e-06
8.1681681681681683749e-01,3.6546023364035397561e-06
8.1981981981981977281e-01,3.7753303193455734124e-06
8.2282282282282281916e-01,3.8995778979951600346e-06
8.2582582582582586550e-01,4.0274343172668344851e-06
8.2882882882882880082e-01,4.1589903586445728845e-06
8.3183183183183184717e-01,4.2943389460938581788e-06
8.3483483483483478249e-01,4.4335750354091926851e-06
8.3783783783783782884e-01,4.5767952901335182486e-06
8.4084084084084087518e-01,4.7240988651485016264e-06
8.4384384384384381050e-01,4.8755865943016604390e-06
8.4684684684684685685e-01,5.0313616399992482480e-06
8.4984984984984979217e-01,5.1915293873920129430e-06
8.5285285285285283852e-01,5.3561970760654219062e-06
8.5585585585585588486e-01,5.5254746610500792995e-06
8.5885885885885882018e-01,5.6994739291671738104e-06
8.6186186186186186653e-01,5.8783091938238156725e-06
8.6486486486486491287e-01,6.0620971963204388567e-06
8.6786786786786784820e-01,6.2509566888039235906e-06
8.7087087087087089454e-01,6.4450093780895822566e-06
8.7387387387387382987e-01,6.6443789668569682249e-06
8.7687687687687687621e-01,6.8491918949104613459e-06
8.7987987987987992256e-01,7.0595772500628375487e-06
8.8288288288288285788e-01,7.2756662971750009190e-06
8.8588588588588590422e-01,7.4975935114922750903e-06
8.8888888888888883955e-01,7.7254955396665513984e-06
8.9189189189189188589e-01,7.9595119891411088698e-06
8.9489489489489493224e-01,8.1997853511109652832e-06
8.9789789789789786756e-01,8.4464604707418487219e-06
9.0090090090090091390e-01,8.6996856759068755374e-06
9.0390390390390384923e-01,8.9596116538632514817e-06
9.0690690690690689557e-01,9.2263922899512329940e-06
9.0990990990990994192e-01,9.5001846054833611130e-06
9.1291291291291287724e-01,9.7811481636458098415e-06
9.1591591591591592358e-01,1.0069446300367491517e-05
9.1891891891891885891e-01,1.0365244911854961445e-05
9.2192192192192190525e-01,1.0668713343708680953e-05
9.2492492492492495160e-01,1.0980024347370236646e-05
9.2792792792792788692e-01,1.1299353415248136471e-05
9.3093093093093093326e-01,1.1626880121068764470e-05
9.3393393393393397961e-01,1.1962786813260485044e-05
9.3693693693693691493e-01,1.2307259555904217650e-05
9.3993993993993996128e-01,1.2660488106733561878e-05
9.4294294294294289660e-01,1.3022665175809369884e-05
9.4594594594594594295e-01,1.3393987882106105154e-05
9.4894894894894898929e-01,1.3774656348163096258e-05
9.5195195195195192461e-01,1.4164874693623482422e-05
9.5495495495495497096e-01,1.4564851038918381643e-05
9.5795795795795790628e-01,1.4974796680310220731e-05
9.6096096096096095263e-01,1.5394927670992569703e-05
9.6396396396396399897e-01,1.5825463311430241846e-05
9.6696696696696693429e-01,1.6266627196511824962e-05
9.6996996996996998064e-01,1.6718647249178205657e-05
9.7297297297297291596e-01,1.7181754804809696083e-05
9.7597597597597596231e-01,1.7656186324314817986e-05
9.7897897897897900865e-01,1.8142181775693195015e-05
9.8198198198198194397e-01,1.8639985734913747345e-05
9.8498498498498499032e-01,1.9149847454320072996e-05
9.8798798798798792564e-01,1.9672019849027234836e-05
9.9099099099099097199e-01,2.0206761349840207236e-05
9.9399399399399401833e-01,2.0754334170992857014e-05
9.9699699699699695365e-01,2.1315005465550384092e-05
1.0000000000000000000e+00,2.1889047433142100357e-05
1.0030030030030030463e+00,2.2476736200499399941e-05
1.0060060060060060927e+00,2.3078353822969802295e-05
1.0090090090090089170e+00,2.3694186433128324956e-05
1.0120120120120119633e+00,2.4324525450548119672e-05
1.0150150150150150097e+00,2.4969667734975589717e-05
1.0180180180180180560e+00,2.5629914352198554262e-05
1.0210210210210211024e+00,2.6305572732812984712e-05
1.0240240240240239267e+00,2.6996954696834147902e-05
1.0270270270270269730e+00,2.7704377717844040152e-05
1.0300300300300300194e+00,2.8428165126950331057e-05
1.0330330330330330657e+00,2.9168644755745578261e-05
1.0360360360360361121e+00,2.9926151261145943775e-05
1.0390390390390389364e+00,3.0701024020730760685e-05
1.0420420420420419827e+00,3.1493608451071229280e-05
1.0450450450450450290e+00,3.2304256268825083990e-05
1.0480480480480480754e+00,3.3133324001537299444e-05
1.0510510510510511217e+00,3.3981175487605287764e-05
1.0540540540540539460e+00,3.4848179637702664723e-05
1.0570570570570569924e+00,3.5734711806071089871e-05
1.0600600600600600387e+00,3.6641154116084596523e-05
1.0630630630630630851e+00,3.7567893828924193381e-05
1.0660660660660661314e+00,3.8515326028341639213e-05
1.0690690690690689557e+00,3.9483851242833669119e-05
1.0720720720720720021e+00,4.0473876869206643395e-05
1.0750750750750750484e+00,4.1485817569950494434e-05
1.0780780780780780947e+00,4.2520093489367458248e-05
1.0810810810810811411e+00,4.3577133133110025056e-05
1.0840840840840839654e+00,4.4657370846072393241e-05
1.0870870870870870117e+00,4.5761248286996598553e-05
1.0900900900900900581e+00,4.6889214905254275156e-05
1.0930930930930931044e+00,4.8041725993995297659e-05
1.0960960960960961508e+00,4.9219245774427655801e-05
1.0990990990990991971e+00,5.0422244724697984635e-05
1.1021021021021020214e+00,5.1651201103305798912e-05
1.1051051051051050678e+00,5.2906601514376392107e-05
1.1081081081081081141e+00,5.4188938786284817771e-05
1.1111111111111111605e+00,5.5498715271082065057e-05
1.1141141141141142068e+00,5.6836440019368492116e-05
1.1171171171171170311e+00,5.8202630350879521826e-05
1.1201201201201200774e+00,5.9597812516676999318e-05
1.1231231231231231238e+00,6.1022519392102270576e-05
1.1261261261261261701e+00,6.2477294001440981833e-05
1.1291291291291292165e+00,6.3962686534502528218e-05
1.1321321321321320408e+00,6.5479255961427672707e-05
1.1351351351351350871e+00,6.7027570801918339100e-05
1.1381381381381381335e+00,6.8608206619711308016e-05
1.1411411411411411798e+00,7.0221749783794923903e-05
1.1441441441441442262e+00,7.1868794321905963207e-05
1.1471471471471470505e+00,7.3549943576494143768e-05
1.1501501501501500968e+00,7.5265811091438308161e-05
1.1531531531531531432e+00,7.7017017895193978089e-05
1.1561561561561561895e+00,7.8804196509592194689e-05
1.1591591591591592358e+00,8.0627987635743220249e-05
1.1621621621621620601e+00,8.2489041847845856275e-05
1.1651651651651651065e+00,8.4388020608229795958e-05
1.1681681681681681528e+00,8.6325593325849915463e-05
1.1711711711711711992e+00,8.8302441624004532794e-05
1.1741741741741742455e+00,9.0319255854291827798e-05
1.1771771771771770698e+00,9.2376736824577220723e-05
1.1801801801801801162e+00,9.4475596953576271232e-05
1.1831831831831831625e+00,9.6616557091167126737e-05
1.1861861861861862089e+00,9.8800351056256698968e-05
1.1891891891891892552e+00,1.0102772197500773917e-04
1.1921921921921920795e+00,1.0329942403820757050e-04
1.1951951951951951258e+00,1.0561622380781932301e-04
1.1981981981981981722e+00,1.0797889678469832855e-04
1.2012012012012012185e+00,1.1038823222825858313e-04
1.2042042042042042649e+00,1.1284502931531258238e-04
1.2072072072072070892e+00,1.1535009892133332200e-04
1.2102102102102101355e+00,1.1790426509261797022e-04
1.2132132132132131819e+00,1.2050836134592898721e-04
1.2162162162162162282e+00,1.2316323578206200590e-04
1.2192192192192192746e+00,1.2586974706150000683e-04
1.2222222222222223209e+00,1.2862876620442435902e-04
1.2252252252252251452e+00,1.3144117824168575158e-04
1.2282282282282281916e+00,1.3430787823103004070e-04
1.2312312312312312379e+00,1.3722977667659529469e-04
1.2342342342342342842e+00,1.4020779531830280043e-04
1.2372372372372373306e+00,1.4324286894383669324e-04
1.2402402402402401549e+00,1.4633594723351215500e-04
1.2432432432432432012e+00,1.4948799047664713892e-04
1.2462462462462462476e+00,1.5269997530920677862e-04
1.2492492492492492939e+00,1.5597289031406849852e-04
1.2522522522522523403e+00,1.5930773783818993070e-04
1.2552552552552551646e+00,1.6270553604617760146e-04
1.2582582582582582109e+00,1.6616731432075540096e-04
1.2612612612612612573e+00,1.6969411933030211469e-04
1.2642642642642643036e+00,1.7328701043781312625e-04
1.2672672672672673500e+00,1.7694706151537517602e-04
1.2702702702702701743e+00,1.8067536322283870198e-04
1.2732732732732732206e+00,1.8447301807466979281e-04
1.2762762762762762669e+00,1.8834114685026273552e-04
1.2792792792792793133e+00,1.9228088380906805397e-04
1.2822822822822823596e+00,1.9629337849424099375e-04
1.2852852852852851839e+00,2.0037979825324926816e-04
1.2882882882882882303e+00,2.0454132295316147924e-04
1.2912912912912912766e+00,2.0877915174645334906e-04
1.2942942942942943230e+00,2.1309449809063600026e-04
1.2972972972972973693e+00,2.1748859153152111487e-04
1.3003003003003001936e+00,2.2196268048384914682e-04
1.3033033033033032400e+00,2.2651802657659987736e-04
1.3063063063063062863e+00,2.3115591178666657318e-04
1.3093093093093093326e+00,2.3587763326169420013e-04
1.3123123123123123790e+00,2.4068450507340702241e-04
1.3153153153153152033e+00,2.4557786127646049398e-04
1.3183183183183182496e+00,2.5055904986505064423e-04
1.3213213213213212960e+00,2.5562944028702011458e-04
1.3243243243243243423e+00,2.6079041806918100118e-04
1.3273273273273273887e+00,2.6604338652980223873e-04
1.3303303303303302130e+00,2.7138977013545554327e-04
1.3333333333333332593e+00,2.7683100804918263750e-04
1.3363363363363363057e+00,2.8236856203760966715e-04
1.3393393393393393520e+00,2.8800391089883379224e-04
1.3423423423423423984e+00,2.9373855212215136887e-04
1.3453453453453452227e+00,2.9957400556343159390e-04
1.3483483483483482690e+00,3.0551180656456005053e-04
1.3513513513513513153e+00,3.1155351426668121805e-04
1.3543543543543543617e+00,3.1770070584030371021e-04
1.3573573573573574080e+00,3.2395497808031297133e-04
1.3603603603603604544e+00,3.3031795142085296517e-04
1.3633633633633632787e+00,3.3679126260578783145e-04
1.3663663663663663250e+00,3.4337657342002999216e-04
1.3693693693693693714e+00,3.5007556472351972210e-04
1.3723723723723724177e+00,3.5688993796755908230e-04
1.3753753753753754641e+00,3.6382141957173977668e-04
1.3783783783783782884e+00,3.7087175312394715133e-04
1.3813813813813813347e+00,3.7804270854260114748e-04
1.3843843843843843811e+00,3.8533607591572635381e-04
1.3873873873873874274e+00,3.9275366692444717157e-04
1.3903903903903904737e+00,4.0029731960519612886e-04
1.3933933933933932980e+00,4.0796889005729667201e-04
1.3963963963963963444e+00,4.1577026204869278877e-04
1.3993993993993993907e+00,4.2370334066249776880e-04
1.4024024024024024371e+00,4.3177005361228095034e-04
1.4054054054054054834e+00,4.3997235641342449840e-04
1.4084084084084083077e+00,4.4831222357633428513e-04
1.4114114114114113541e+00,4.5679165866796203480e-04
1.4144144144144144004e+00,4.6541268776858872591e-04
1.4174174174174174468e+00,4.7417736066270027703e-04
1.4204204204204204931e+00,4.8308775644468536460e-04
1.4234234234234233174e+00,4.9214597417459487235e-04
1.4264264264264263637e+00,5.0135414340788720701e-04
1.4294294294294294101e+00,5.1071441746621134249e-04
1.4324324324324324564e+00,5.2022897448616165286e-04
1.4354354354354355028e+00,5.2990002348565713643e-04
1.4384384384384383271e+00,5.3972979445895865724e-04
1.4414414414414413734e+00,5.4972054938647453397e-04
1.4444444444444444198e+00,5.5987457532414067717e-04
1.4474474474474474661e+00,5.7019418529166048318e-04
1.4504504504504505125e+00,5.8068172482661007446e-04
1.4534534534534533368e+00,5.9133956149475777782e-04
1.4564564564564563831e+00,6.0217009639182601539e-04
1.4594594594594594295e+00,6.1317575705688710623e-04
1.4624624624624624758e+00,6.2435899818039900140e-04
1.4654654654654655221e+00,6.3572230867394525968e-04
1.4684684684684683464e+00,6.4726820057179148583e-04
1.4714714714714713928e+00,6.5899922103595891514e-04
1.4744744744744744391e+00,6.7091794509992013201e-04
1.4774774774774774855e+00,6.8302697617562231278e-04
1.4804804804804805318e+00,6.9532895366819242461e-04
1.4834834834834835782e+00,7.0782654124380980313e-04
1.4864864864864864025e+00,7.2052243934943467889e-04
1.4894894894894894488e+00,7.3341937779407002755e-04
1.4924924924924924952e+00,7.4652011603277917094e-04
1.4954954954954955415e+00,7.5982745135645159140e-04
1.4984984984984985878e+00,7.7334420650080530710e-04
1.5015015015015014122e+00,7.8707324269170950669e-04
1.5045045045045044585e+00,8.0101745207223230133e-04
1.5075075075075075048e+00,8.1517975774045108289e-04
1.5105105105105105512e+00,8.2956312254534709215e-04
1.5135135135135135975e+00,8.4417053601149418581e-04
1.5165165165165164218e+00,8.5900502792044149125e-04
1.5195195195195194682e+00,8.7406966059261738747e-04
1.5225225225225225145e+00,8.8936752865479047365e-04
1.5255255255255255609e+00,9.0490176847410916470e-04
1.5285285285285286072e+00,9.2067554437243301260e-04
1.5315315315315314315e+00,9.3669206275399593837e-04
1.5345345345345344779e+00,9.5295456425254832823e-04
1.5375375375375375242e+00,9.6946632320242802795e-04
1.5405405405405405705e+00,9.8623065774427055678e-04
1.5435435435435436169e+00,1.0032509153026370873e-03
1.5465465465465464412e+00,1.0205304872694107628e-03
1.5495495495495494875e+00,1.0380728010275057371e-03
1.5525525525525525339e+00,1.0558813190988858201e-03
1.5555555555555555802e+00,1.0739595499557068239e-03
1.5585585585585586266e+00,1.0923110327345549736e-03
1.5615615615615614509e+00,1.1109393524848271573e-03
1.5645645645645644972e+00,1.1298481320815673915e-03
1.5675675675675675436e+00,1.1490410310220624743e-03
1.5705705705705705899e+00,1.1685217569776991126e-03
1.5735735735735736363e+00,1.1882940497181387896e-03
1.5765765765765764606e+00,1.2083616969328660456e-03
1.5795795795795795069e+00,1.2287285260472854877e-03
1.5825825825825825532e+00,1.2493984026381336431e-03
1.5855855855855855996e+00,1.2703752427621897107e-03
1.5885885885885886459e+00,1.2916629960632295716e-03
1.5915915915915914702e+00,1.3132656621747695359e-03
1.5945945945945945166e+00,1.3351872824543490215e-03
1.5975975975975975629e+00,1.3574319379867770975e-03
1.6006006006006006093e+00,1.3800037627269569861e-03
1.6036036036036036556e+00,1.4029069257621203798e-03
1.6066066066066067020e+00,1.4261456483031067013e-03
1.6096096096096095263e+00,1.4497241953530621769e-03
1.6126126126126125726e+00,1.4736468732662393825e-03
1.6156156156156156189e+00,1.4979180437431540568e-03
1.6186186186186186653e+00,1.5225421052203040335e-03
1.6216216216216217116e+00,1.5475235104566579299e-03
1.6246246246246245359e+00,1.5728667581545586855e-03
1.6276276276276275823e+00,1.5985763900401728926e-03
1.6306306306306306286e+00,1.6246570057499717336e-03
1.6336336336336336750e+00,1.6511132433205284991e-03
1.6366366366366367213e+00,1.6779497973757348615e-03
1.6396396396396395456e+00,1.7051714107191040266e-03
1.6426426426426425920e+00,1.7327828709005755996e-03
1.6456456456456456383e+00,1.7607890260343398488e-03
1.6486486486486486847e+00,1.7891947643607461656e-03
1.6516516516516517310e+00,1.8180050330391665965e-03
1.6546546546546545553e+00,1.8472248297322127995e-03
1.6576576576576576016e+00,1.8768591986218904552e-03
1.6606606606606606480e+00,1.9069132472001619136e-03
1.6636636636636636943e+00,1.9373921248749433055e-03
1.6666666666666667407e+00,1.9683010423729189672e-03
1.6696696696696695650e+00,1.9996452633375618076e-03
1.6726726726726726113e+00,2.0314300997568653963e-03
1.6756756756756756577e+00,2.0636609297680613001e-03
1.6786786786786787040e+00,2.0963431752804755417e-03
1.6816816816816817504e+00,2.1294823219907880150e-03
1.6846846846846845747e+00,2.1630839110190164080e-03
1.6876876876876876210e+00,2.1971535337076178972e-03
1.6906906906906906674e+00,2.2316968504836887099e-03
1.6936936936936937137e+00,2.2667195674704048065e-03
1.6966966966966967600e+00,2.3022274571171926286e-03
1.6996996996996995843e+00,2.3382263498986587645e-03
1.7027027027027026307e+00,2.3747221284440810096e-03
1.7057057057057056770e+00,2.4117207475004274510e-03
1.7087087087087087234e+00,2.4492282095051258299e-03
1.7117117117117117697e+00,2.4872505858319002292e-03
1.7147147147147145940e+00,2.5257940085795242864e-03
1.7177177177177176404e+00,2.5648646639890512744e-03
1.7207207207207206867e+00,2.6044688135521522690e-03
1.7237237237237237331e+00,2.6446127685176316555e-03
1.7267267267267267794e+00,2.6853029117528712071e-03
1.7297297297297298257e+00,2.7265456896511698626e-03
1.7327327327327326500e+00,2.7683476047920120393e-03
1.7357357357357356964e+00,2.8107152382404109944e-03
1.7387387387387387427e+00,2.8536552229598238610e-03
1.7417417417417417891e+00,2.8971742662877958234e-03
1.7447447447447448354e+00,2.9412791419920506983e-03
1.7477477477477476597e+00,2.9859766821281464970e-03
1.7507507507507507061e+00,3.0312738005752273319e-03
1.7537537537537537524e+00,3.0771774653287104102e-03
1.7567567567567567988e+00,3.1236947215870711214e-03
1.7597597597597598451e+00,3.1708326839891415316e-03
1.7627627627627626694e+00,3.2185985276214309526e-03
1.7657657657657657158e+00,3.2669995128374899537e-03
1.7687687687687687621e+00,3.3160429564038471258e-03
1.7717717717717718084e+00,3.3657362551942149667e-03
1.7747747747747748548e+00,3.4160868786417184460e-03
1.7777777777777776791e+00,3.4671023588472497760e-03
1.7807807807807807254e+00,3.5187903167296758454e-03
1.7837837837837837718e+00,3.5711584319991600267e-03
1.7867867867867868181e+00,3.6242144674530313124e-03
1.7897897897897898645e+00,3.6779662616793179324e-03
1.7927927927927926888e+00,3.7324217182152313009e-03
1.7957957957957957351e+00,3.7875888330762084305e-03
1.7987987987987987815e+00,3.8434756635314492462e-03
1.8018018018018018278e+00,3.9000903529944276789e-03
1.8048048048048048742e+00,3.9574411240153074820e-03
1.8078078078078076985e+00,4.0155362664376862553e-03
1.8108108108108107448e+00,4.0743841663552163995e-03
1.8138138138138137911e+00,4.1339932736641112065e-03
1.8168168168168168375e+00,4.1943721275400375897e-03
1.8198198198198198838e+00,4.2555293497593014648e-03
1.8228228228228227081e+00,4.3174736318000840954e-03
1.8258258258258257545e+00,4.3802137652755902819e-03
1.8288288288288288008e+00,4.4437586082396946310e-03
1.8318318318318318472e+00,4.5081171112399658768e-03
1.8348348348348348935e+00,4.5732983110093926651e-03
1.8378378378378377178e+00,4.6393113164568521717e-03
1.8408408408408407642e+00,4.7061653406265443328e-03
1.8438438438438438105e+00,4.7738696657332619494e-03
1.8468468468468468568e+00,4.8424336697797517801e-03
1.8498498498498499032e+00,4.9118668206628258652e-03
1.8528528528528527275e+00,4.9821786609961582828e-03
1.8558558558558557738e+00,5.0533788416455447876e-03
1.8588588588588588202e+00,5.1254770854713633046e-03
1.8618618618618618665e+00,5.1984832144960513994e-03
1.8648648648648649129e+00,5.2724071444706140793e-03
1.8678678678678679592e+00,5.3472588684714732546e-03
1.8708708708708707835e+00,5.4230484920618458877e-03
1.8738738738738738299e+00,5.4997861957204272759e-03
1.8768768768768768762e+00,5.5774822625433125370e-03
1.8798798798798799226e+00,5.6561470733194479932e-03
1.8828828828828829689e+00,5.7357910888416923159e-03
1.8858858858858857932e+00,5.8164248867447953736e-03
1.8888888888888888395e+00,5.8980591225999716085e-03
1.8918918918918918859e+00,5.9807045581336719733e-03
1.8948948948948949322e+00,6.0643720568624125133e-03
1.8978978978978979786e+00,6.1490725650567620159e-03
1.9009009009009008029e+00,6.2348171503063412949e-03
1.9039039039039038492e+00,6.3216169612613027154e-03
1.9069069069069068956e+00,6.4094832563483718907e-03
1.9099099099099099419e+00,6.4984274000176103780e-03
1.9129129129129129883e+00,6.5884608422964391697e-03
1.9159159159159158126e+00,6.6795951591325499960e-03
1.9189189189189188589e+00,6.7718420107642550779e-03
1.9219219219219219053e+00,6.8652131709121978070e-03
1.9249249249249249516e+00,6.9597205236928373281e-03
1.9279279279279279979e+00,7.0553760416984072357e-03
1.9309309309309308222e+00,7.1521918281680588875e-03
1.9339339339339338686e+00,7.2501800739711947871e-03
1.9369369369369369149e+00,7.3493530872503426768e-03
1.9399399399399399613e+00,7.4497232910589895188e-03
1.9429429429429430076e+00,7.5513031999015203452e-03
1.9459459459459458319e+00,7.6541054637833038851e-03
1.9489489489489488783e+00,7.7581428237920406488e-03
1.9519519519519519246e+00,7.8634281421655904953e-03
1.9549549549549549710e+00,7.9699744007136683055e-03
1.9579579579579580173e+00,8.0777946757506682157e-03
1.9609609609609608416e+00,8.1869021840751208391e-03
1.9639639639639638879e+00,8.2973102371356067392e-03
1.9669669669669669343e+00,8.4090322714947176447e-03
1.9699699699699699806e+00,8.5220818480959709823e-03
1.9729729729729730270e+00,8.6364726255210005207e-03
1.9759759759759758513e+00,8.7522184079472705592e-03
1.9789789789789788976e+00,8.8693330978877205767e-03
1.9819819819819819440e+00,8.9878307270190790912e-03
1.9849849849849849903e+00,9.1077254563590361730e-03
1.9879879879879880367e+00,9.2290315477782675774e-03
1.9909909909909910830e+00,9.3517634139861777198e-03
1.9939939939939939073e+00,9.4759355698352965708e-03
1.9969969969969969537e+00,9.6015626634800253780e-03
2.0000000000000000000e+00,9.7286594775310170774e-03
2.0030030030030028243e+00,9.8572408987509067824e-03
2.0060060060060060927e+00,9.9873219701170946883e-03
2.0090090090090089170e+00,1.0118917840683538251e-02
2.0120120120120121854e+00,1.0252043797033337513e-02
2.0150150150150150097e+00,1.0386715265479585721e-02
2.0180180180180178340e+00,1.0522947779872830754e-02
2.0210210210210211024e+00,1.0660757035788732960e-02
2.0240240240240239267e+00,1.0800158838942511622e-02
2.0270270270270271951e+00,1.0941169136895754002e-02
2.0300300300300300194e+00,1.1083804022375843418e-02
2.0330330330330328437e+00,1.1228079699121241986e-02
2.0360360360360361121e+00,1.1374012538242063083e-02
2.0390390390390389364e+00,1.1521619025184027044e-02
2.0420420420420422047e+00,1.1670915791647419948e-02
2.0450450450450450290e+00,1.1821919620099352252e-02
2.0480480480480478533e+00,1.1974647407582153513e-02
2.0510510510510511217e+00,1.2129116224294122020e-02
2.0540540540540539460e+00,1.2285343259101808369e-02
2.0570570570570572144e+00,1.2443345851626288340e-02
2.0600600600600600387e+00,1.2603141498025547881e-02
2.0630630630630628630e+00,1.2764747812689301171e-02
2.0660660660660661314e+00,1.2928182589086964840e-02
2.0690690690690689557e+00,1.3093463743829298132e-02
2.0720720720720722241e+00,1.3260609348874309241e-02
2.0750750750750750484e+00,1.3429637638659317617e-02
2.0780780780780778727e+00,1.3600566969604621984e-02
2.0810810810810811411e+00,1.3773415883275016286e-02
2.0840840840840839654e+00,1.3948203048993898512e-02
2.0870870870870872338e+00,1.4124947296117794024e-02
2.0900900900900900581e+00,1.4303667622599793713e-02
2.0930930930930928824e+00,1.4484383152222678887e-02
2.0960960960960961508e+00,1.4667113200118339286e-02
2.0990990990990989751e+00,1.4851877213939912101e-02
2.1021021021021022435e+00,1.5038694806151076469e-02
2.1051051051051050678e+00,1.5227585764106000774e-02
2.1081081081081078921e+00,1.5418570004932657946e-02
2.1111111111111111605e+00,1.5611667643455392346e-02
2.1141141141141139848e+00,1.5806898931933318492e-02
2.1171171171171172531e+00,1.6004284292308212923e-02
2.1201201201201200774e+00,1.6203844327888513449e-02
2.1231231231231229017e+00,1.6405599775801374407e-02
2.1261261261261261701e+00,1.6609571577362456513e-02
2.1291291291291289944e+00,1.6815780816390919067e-02
2.1321321321321322628e+00,1.7024248751356187842e-02
2.1351351351351350871e+00,1.7234996828756322940e-02
2.1381381381381379114e+00,1.7448046633056189109e-02
2.1411411411411411798e+00,1.7663419959547638910e-02
2.1441441441441440041e+00,1.7881138751253900648e-02
2.1471471471471472725e+00,1.8101225130912564076e-02
2.1501501501501500968e+00,1.8323701416141119358e-02
2.1531531531531529211e+00,1.8548590066777510821e-02
2.1561561561561561895e+00,1.8775913760272971292e-02
2.1591591591591590138e+00,1.9005695327201331535e-02
2.1621621621621622822e+00,1.9237957783012252233e-02
2.1651651651651651065e+00,1.9472724345079170383e-02
2.1681681681681679308e+00,1.9710018377358067693e-02
2.1711711711711711992e+00,1.9949863468353722096e-02
2.1741741741741740235e+00,2.0192283365252028382e-02
2.1771771771771772919e+00,2.0437302005374552438e-02
2.1801801801801801162e+00,2.0684943535207018367e-02
2.1831831831831833846e+00,2.0935232252290564975e-02
2.1861861861861862089e+00,2.1188192685801073706e-02
2.1891891891891890332e+00,2.1443849529326125536e-02
2.1921921921921923015e+00,2.1702227671947856014e-02
2.1951951951951951258e+00,2.1963352219353110550e-02
2.1981981981981983942e+00,2.2227248432870282818e-02
2.2012012012012012185e+00,2.2493941812701014060e-02
2.2042042042042040428e+00,2.2763458029364795621e-02
2.2072072072072073112e+00,2.3035822954335070240e-02
2.2102102102102101355e+00,2.3311062683334278500e-02
2.2132132132132134039e+00,2.3589203472428606212e-02
2.2162162162162162282e+00,2.3870271823948463474e-02
2.2192192192192190525e+00,2.4154294416627159620e-02
2.2222222222222223209e+00,2.4441298135709759592e-02
2.2252252252252251452e+00,2.4731310098537451908e-02
2.2282282282282284136e+00,2.5024357587612344744e-02
2.2312312312312312379e+00,2.5320468139241575356e-02
2.2342342342342340622e+00,2.5619669472401504495e-02
2.2372372372372373306e+00,2.5921989518237147088e-02
2.2402402402402401549e+00,2.6227456448045673165e-02
2.2432432432432434233e+00,2.6536098603222819936e-02
2.2462462462462462476e+00,2.6847944586665121319e-02
2.2492492492492490719e+00,2.7163023190392859146e-02
2.2522522522522523403e+00,2.7481363424354084829e-02
2.2552552552552551646e+00,2.7802994546918202712e-02
2.2582582582582584330e+00,2.8127945991614600879e-02
2.2612612612612612573e+00,2.8456247461325506060e-02
2.2642642642642640816e+00,2.8787928854704023657e-02
2.2672672672672673500e+00,2.9123020294193224800e-02
2.2702702702702701743e+00,2.9461552159143752222e-02
2.2732732732732734426e+00,2.9803555009254103364e-02
2.2762762762762762669e+00,3.0149059681585089338e-02
2.2792792792792790912e+00,3.0498097215813094879e-02
2.2822822822822823596e+00,3.0850698881370576532e-02
2.2852852852852851839e+00,3.1206896213303927934e-02
2.2882882882882884523e+00,3.1566720932325563476e-02
2.2912912912912912766e+00,3.1930205044677834048e-02
2.2942942942942941009e+00,3.2297380766265516849e-02
2.2972972972972973693e+00,3.2668280548820628761e-02
2.3003003003003001936e+00,3.3042937118619677972e-02
2.3033033033033034620e+00,3.3421383393055906219e-02
2.3063063063063062863e+00,3.3803652583380222607e-02
2.3093093093093091106e+00,3.4189778117759465903e-02
2.3123123123123123790e+00,3.4579793666365023219e-02
2.3153153153153152033e+00,3.4973733183070933317e-02
2.3183183183183184717e+00,3.5371630818454846690e-02
2.3213213213213212960e+00,3.5773521025440922771e-02
2.3243243243243241203e+00,3.6179438481334071087e-02
2.3273273273273273887e+00,3.6589418111728583272e-02
2.3303303303303302130e+00,3.7003495135310801589e-02
2.3333333333333334814e+00,3.7421704973197036925e-02
2.3363363363363363057e+00,3.7844083357500828135e-02
2.3393393393393391300e+00,3.8270666252398388707e-02
2.3423423423423423984e+00,3.8701489876748262908e-02
2.3453453453453452227e+00,3.9136590752125319237e-02
2.3483483483483484910e+00,3.9576005608403692915e-02
2.3513513513513513153e+00,4.0019771495268349759e-02
2.3543543543543541396e+00,4.0467925702367735230e-02
2.3573573573573574080e+00,4.0920505780532225037e-02
2.3603603603603602323e+00,4.1377549593165120767e-02
2.3633633633633635007e+00,4.1839095217978905517e-02
2.3663663663663663250e+00,4.2305181061466502757e-02
2.3693693693693691493e+00,4.2775845778206020298e-02
2.3723723723723724177e+00,4.3251128290562636247e-02
2.3753753753753752420e+00,4.3731067843568970088e-02
2.3783783783783785104e+00,4.4215703902724341756e-02
2.3813813813813813347e+00,4.4705076271441906988e-02
2.3843843843843841590e+00,4.5199225009571311618e-02
2.3873873873873874274e+00,4.5698190451464892892e-02
2.3903903903903902517e+00,4.6202013264480770727e-02
2.3933933933933935201e+00,4.6710734342753149062e-02
2.3963963963963963444e+00,4.7224394927627894036e-02
2.3993993993993991687e+00,4.7743036525473937781e-02
2.4024024024024024371e+00,4.8266700923990102368e-02
2.4054054054054052614e+00,4.8795430254465733955e-02
2.4084084084084085298e+00,4.9329266881432284886e-02
2.4114114114114113541e+00,4.9868253526095418504e-02
2.4144144144144141784e+00,5.0412433183510865775e-02
2.4174174174174174468e+00,5.0961849137004133770e-02
2.4204204204204202711e+00,5.1516545024326537705e-02
2.4234234234234235394e+00,5.2076564723096727128e-02
2.4264264264264263637e+00,5.2641952477236880759e-02
2.4294294294294291880e+00,5.3212752813591064627e-02
2.4324324324324324564e+00,5.3789010554327429392e-02
2.4354354354354352807e+00,5.4370770887128820614e-02
2.4384384384384385491e+00,5.4958079246334098911e-02
2.4414414414414413734e+00,5.5550981442382366127e-02
2.4444444444444446418e+00,5.6149523577956751696e-02
2.4474474474474474661e+00,5.6753752058234123445e-02
2.4504504504504502904e+00,5.7363713665252481777e-02
2.4534534534534535588e+00,5.7979455434661882063e-02
2.4564564564564563831e+00,5.8601024788176962754e-02
2.4594594594594596515e+00,5.9228469449335054142e-02
2.4624624624624624758e+00,5.9861837451453632497e-02
2.4654654654654653001e+00,6.0501177216317800212e-02
2.4684684684684685685e+00,6.1146537426452853004e-02
2.4714714714714713928e+00,6.1797967160582063795e-02
2.4744744744744746612e+00,6.2455515809090901558e-02
2.4774774774774774855e+00,6.3119233079550404741e-02
2.4804804804804803098e+00,6.3789169079869284529e-02
2.4834834834834835782e+00,6.4465374186000568013e-02
2.4864864864864864025e+00,6.5147899180398594066e-02
2.4894894894894896709e+00,6.5836795167286146779e-02
2.4924924924924924952e+00,6.6532113575597420785e-02
2.4954954954954953195e+00,6.7233906246740124391e-02
2.4984984984984985878e+00,6.7942225297648928262e-02
2.5015015015015014122e+00,6.8657123262228877958e-02
2.5045045045045046805e+00,6.9378653006524154678e-02
2.5075075075075075048e+00,7.0106867728928948247e-02
2.5105105105105103291e+00,7.0841821052705616912e-02
2.5135135135135135975e+00,7.1583566884301522149e-02
2.5165165165165164218e+00,7.2332159557765743352e-02
2.5195195195195196902e+00,7.3087653749930009406e-02
2.5225225225225225145e+00,7.3850104477733144459e-02
2.5255255255255253388e+00,7.4619567195646954727e-02
2.5285285285285286072e+00,7.5396097649174625976e-02
2.5315315315315314315e+00,7.6179752022220922902e-02
2.5345345345345346999e+00,7.6970586852397798738e-02
2.5375375375375375242e+00,7.7768659025304442967e-02
2.5405405405405403485e+00,7.8574025877011663410e-02
2.5435435435435436169e+00,7.9386745042659176419e-02
2.5465465465465464412e+00,8.0206874606758848945e-02
2.5495495495495497096e+00,8.1034473018740255101e-02
2.5525525525525525339e+00,8.1869599084025093672e-02
2.5555555555555553582e+00,8.2712312071721416640e-02
2.5585585585585586266e+00,8.3562671558240667058e-02
2.5615615615615614509e+00,8.4420737580507484998e-02
2.5645645645645647193e+00,8.5286570551866267009e-02
2.5675675675675675436e+00,8.6160231249785251828e-02
2.5705705705705703679e+00,8.7041780928912598769e-02
2.5735735735735736363e+00,8.7931281159636526246e-02
2.5765765765765764606e+00,8.8828793984169068798e-02
2.5795795795795797289e+00,8.9734381832943577173e-02
2.5825825825825825532e+00,9.0648107508774986019e-02
2.5855855855855853775e+00,9.1570034305436254218e-02
2.5885885885885886459e+00,9.2500225841080724321e-02
2.5915915915915914702e+00,9.3438746217170687292e-02
2.5945945945945947386e+00,9.4385659935491639239e-02
2.5975975975975975629e+00,9.5341031878601198435e-02
2.6006006006006003872e+00,9.6304927434075843218e-02
2.6036036036036036556e+00,9.7277412322726103389e-02
2.6066066066066064799e+00,9.8258552760327133591e-02
2.6096096096096097483e+00,9.9248415375389545390e-02
2.6126126126126125726e+00,1.0024706718571786690e-01
2.6156156156156153969e+00,1.0125457572848411969e-01
2.6186186186186186653e+00,1.0227100888316588423e-01
2.6216216216216214896e+00,1.0329643503603205823e-01
2.6246246246246247580e+00,1.0433092299881596698e-01
2.6276276276276275823e+00,1.0537454198119898530e-01
2.6306306306306304066e+00,1.0642736172687176921e-01
2.6336336336336336750e+00,1.0748945233112115749e-01
2.6366366366366364993e+00,1.0856088440802848238e-01
2.6396396396396397677e+00,1.0964172901018594264e-01
2.6426426426426425920e+00,1.1073205759692821004e-01
2.6456456456456454163e+00,1.1183194217653086300e-01
2.6486486486486486847e+00,1.1294145511838647733e-01
2.6516516516516515090e+00,1.1406066932285398308e-01
2.6546546546546547773e+00,1.1518965814217131671e-01
2.6576576576576576016e+00,1.1632849534424241633e-01
2.6606606606606604259e+00,1.1747725526112570704e-01
2.6636636636636636943e+00,1.1863601259573582081e-01
2.6666666666666665186e+00,1.1980484259428289540e-01
2.6696696696696697870e+00,1.2098382096854631840e-01
2.6726726726726726113e+00,1.2217302385502497308e-01
2.6756756756756754356e+00,1.2337252796987875636e-01
2.6786786786786787040e+00,1.2458241041009579519e-01
2.6816816816816815283e+00,1.2580274882846281814e-01
2.6846846846846847967e+00,1.2703362135735740690e-01
2.6876876876876876210e+00,1.2827510656307478110e-01
2.6906906906906904453e+00,1.2952728360737042479e-01
2.6936936936936937137e+00,1.3079023204304576766e-01
2.6966966966966965380e+00,1.3206403199137115023e-01
2.6996996996996998064e+00,1.3334876406757367739e-01
2.7027027027027026307e+00,1.3464450933013694112e-01
2.7057057057057058991e+00,1.3595134944910461372e-01
2.7087087087087087234e+00,1.3726936649602899942e-01
2.7117117117117115477e+00,1.3859864312377648266e-01
2.7147147147147148161e+00,1.3993926249387908523e-01
2.7177177177177176404e+00,1.4129130822061208850e-01
2.7207207207207209088e+00,1.4265486454621140178e-01
2.7237237237237237331e+00,1.4403001612513671725e-01
2.7267267267267265574e+00,1.4541684820617906126e-01
2.7297297297297298257e+00,1.4681544656185668840e-01
2.7327327327327326500e+00,1.4822589742706651639e-01
2.7357357357357359184e+00,1.4964828768136689829e-01
2.7387387387387387427e+00,1.5108270462751888230e-01
2.7417417417417415670e+00,1.5252923617579985938e-01
2.7447447447447448354e+00,1.5398797077563730618e-01
2.7477477477477476597e+00,1.5545899734862153596e-01
2.7507507507507509281e+00,1.5694240547801296959e-01
2.7537537537537537524e+00,1.5843828518151534257e-01
2.7567567567567565767e+00,1.5994672709771026731e-01
2.7597597597597598451e+00,1.6146782242011173403e-01
2.7627627627627626694e+00,1.6300166282434055964e-01
2.7657657657657659378e+00,1.6454834066499687828e-01
2.7687687687687687621e+00,1.6610794874264242504e-01
2.7717717717717715864e+00,1.6768058049224660033e-01
2.7747747747747748548e+00,1.6926632991986670373e-01
2.7777777777777776791e+00,1.7086529152376597751e-01
2.7807807807807809475e+00,1.7247756049880669238e-01
2.7837837837837837718e+00,1.7410323249760797926e-01
2.7867867867867865961e+00,1.7574240382089967305e-01
2.7897897897897898645e+00,1.7739517135703233852e-01
2.7927927927927926888e+00,1.7906163249682108263e-01
2.7957957957957959572e+00,1.8074188534561094754e-01
2.7987987987987987815e+00,1.8243602847858314542e-01
2.8018018018018016058e+00,1.8414416113290901778e-01
2.8048048048048048742e+00,1.8586638315029094248e-01
2.8078078078078076985e+00,1.8760279488532488612e-01
2.8108108108108109668e+00,1.8935349742537269102e-01
2.8138138138138137911e+00,1.9111859234000783125e-01
2.8168168168168166154e+00,1.9289818187483492862e-01
2.8198198198198198838e+00,1.9469236889728055995e-01
2.8228228228228227081e+00,1.9650125679824254066e-01
2.8258258258258259765e+00,1.9832494971991232457e-01
2.8288288288288288008e+00,2.0016355229934554294e-01
2.8318318318318316251e+00,2.0201716986382517449e-01
2.8348348348348348935e+00,2.0388590838012146667e-01
2.8378378378378377178e+00,2.0576987434922039411e-01
2.8408408408408409862e+00,2.0766917504223061930e-01
2.8438438438438438105e+00,2.0958391823808103505e-01
2.8468468468468466348e+00,2.1151421242029411207e-01
2.8498498498498499032e+00,2.1346016672994042040e-01
2.8528528528528527275e+00,2.1542189085322113740e-01
2.8558558558558559959e+00,2.1739949526559662618e-01
2.8588588588588588202e+00,2.1939309096361891971e-01
2.8618618618618616445e+00,2.2140278966296272900e-01
2.8648648648648649129e+00,2.2342870375531681537e-01
2.8678678678678677372e+00,2.2547094618858753989e-01
2.8708708708708710056e+00,2.2752963071939100170e-01
2.8738738738738738299e+00,2.2960487163901788232e-01
2.8768768768768766542e+00,2.3169678397258625102e-01
2.8798798798798799226e+00,2.3380548344009319250e-01
2.8828828828828827469e+00,2.3593108632902806687e-01
2.8858858858858860152e+00,2.3807370975534181134e-01
2.8888888888888888395e+00,2.4023347138357598052e-01
2.8918918918918916638e+00,2.4241048962696687408e-01
2.8948948948948949322e+00,2.4460488361291127246e-01
2.8978978978978977565e+00,2.4681677304775342940e-01
2.9009009009009010249e+00,2.4904627848636284870e-01
2.9039039039039038492e+00,2.5129352104644864241e-01
2.9069069069069066735e+00,2.5355862260945233322e-01
2.9099099099099099419e+00,2.5584170579066711770e-01
2.9129129129129127662e+00,2.5814289379597782359e-01
2.9159159159159160346e+00,2.6046231070021880205e-01
2.9189189189189188589e+00,2.6280008115556707793e-01
2.9219219219219216832e+00,2.6515633059302734509e-01
2.9249249249249249516e+00,2.6753118519812241205e-01
2.9279279279279277759e+00,2.6992477175861789851e-01
2.9309309309309310443e+00,2.7233721794949350414e-01
2.9339339339339338686e+00,2.7476865204229994344e-01
2.9369369369369366929e+00,2.7721920310860814762e-01
2.9399399399399399613e+00,2.7968900096655568976e-01
2.9429429429429427856e+00,2.8217817605903849909e-01
2.9459459459459460540e+00,2.8468685986192521220e-01
2.9489489489489488783e+00,2.8721518423844621948e-01
2.9519519519519521467e+00,2.8976328157077807512e-01
2.9549549549549549710e+00,2.9233128649068662597e-01
2.9579579579579577953e+00,2.9491933369182399272e-01
2.9609609609609610636e+00,2.9752755247648399184e-01
2.9639639639639638879e+00,3.0015608431092827280e-01
2.9669669669669671563e+00,3.0280508629796093478e-01
2.9699699699699699806e+00,3.0547464076397801147e-01
2.9729729729729728049e+00,3.0816486157903777432e-01
2.9759759759759760733e+00,3.1087619020100271117e-01
2.9789789789789788976e+00,3.1360846425790533942e-01
2.9819819819819821660e+00,3.1636076847747751639e-01
2.9849849849849849903e+00,3.1913611812163866777e-01
2.9879879879879878146e+00,3.2193584252013918157e-01
2.9909909909909910830e+00,3.2474440103753887676e-01
2.9939939939939939073e+00,3.2757790945571430008e-01
2.9969969969969971757e+00,3.3049082518851807810e-01
3.0000000000000000000e+00,3.3333333333333331483e-01
