0.0000000000000000000e+00,8.5714249577982945527e-02
3.0030030030030029770e-03,9.1545779949985919963e-15
6.0060060060060059539e-03,2.3931739349906171662e-15
9.0090090090090089309e-03,1.2910302300639039995e-15
1.2012012012012011908e-02,1.1003098551680999009e-15
1.5015015015015014885e-02,2.6681706837614520924e-16
1.8018018018018017862e-02,2.3473276910252799990e-16
2.1021021021021019104e-02,1.3494514438025913881e-15
2.4024024024024023816e-02,4.8413633627396399980e-16
2.7027027027027028527e-02,-6.8463724321570662530e-17
3.0030030030030029770e-02,1.5181044042592975761e-16
3.3033033033033031012e-02,3.0408563270100217721e-16
3.6036036036036035723e-02,5.3410874219618180391e-16
3.9039039039039040435e-02,3.5209915365379199986e-16
4.2042042042042038208e-02,3.6781786587047918497e-16
4.5045045045045042920e-02,2.8868994788158471347e-16
4.8048048048048047631e-02,-1.1003098551680999996e-17
5.1051051051051052343e-02,-2.6213264196651789757e-17
5.4054054054054057055e-02,2.9341596137815999988e-16
5.7057057057057054827e-02,2.8492234144352905252e-16
6.0060060060060059539e-02,2.9035245625772228379e-16
6.3063063063063057312e-02,-1.6766626364466287028e-17
6.6066066066066062024e-02,1.0803042214377708862e-16
6.9069069069069066735e-02,-1.0716061198158886470e-16
7.2072072072072071447e-02,-2.0539117296471197526e-16
7.5075075075075076159e-02,1.6329028059231777431e-16
7.8078078078078080870e-02,1.1510933869450891734e-16
8.1081081081081085582e-02,-1.2775819985007381274e-16
8.4084084084084076416e-02,1.0059975818679772833e-16
8.7087087087087081128e-02,3.3388712846480273468e-16
9.0090090090090085839e-02,2.6277544802362292636e-16
9.3093093093093090551e-02,2.9530896758059974182e-16
9.6096096096096095263e-02,5.8694653836623330422e-16
9.9099099099099099974e-02,8.7491304847305893563e-16
1.0210210210210210469e-01,1.0821871046123899084e-15
1.0510510510510510940e-01,1.6256287569406372480e-15
1.0810810810810811411e-01,1.8925329508891320978e-15
1.1111111111111110494e-01,2.2517692495494196523e-15
1.1411411411411410965e-01,3.1688923828841283931e-15
1.1711711711711711437e-01,4.1574784681428511748e-15
1.2012012012012011908e-01,5.1753689201300418655e-15
1.2312312312312312379e-01,6.7714678696589012310e-15
1.2612612612612611462e-01,8.5884423766609102986e-15
1.2912912912912913321e-01,1.0923262115678104381e-14
1.3213213213213212405e-01,1.3463791500511479207e-14
1.3513513513513514264e-01,1.6901376866980422581e-14
1.3813813813813813347e-01,2.1213974007640966216e-14
1.4114114114114115206e-01,2.6192290831077059515e-14
1.4414414414414414289e-01,3.2341774342907681500e-14
1.4714714714714713373e-01,3.9701874210845052265e-14
1.5015015015015015232e-01,4.8483658893890025807e-14
1.5315315315315314315e-01,5.9069810954153812099e-14
1.5615615615615616174e-01,7.1694285780311761037e-14
1.5915915915915915257e-01,8.6696112361924251181e-14
1.6216216216216217116e-01,1.0443733623087022343e-13
1.6516516516516516200e-01,1.2520076720205113920e-13
1.6816816816816815283e-01,1.4977417748548178900e-13
1.7117117117117117142e-01,1.7876270928556050212e-13
1.7417417417417416226e-01,2.1259504070613439468e-13
1.7717717717717718084e-01,2.5219624061401065163e-13
1.8018018018018017168e-01,2.9814473424554394858e-13
1.8318318318318319027e-01,3.5150462557467162456e-13
1.8618618618618618110e-01,4.1315996171968833464e-13
1.8918918918918919969e-01,4.8444931329943394116e-13
1.9219219219219219053e-01,5.6677648333368303098e-13
1.9519519519519518136e-01,6.6132997415889308285e-13
1.9819819819819819995e-01,7.6971809148332709712e-13
2.0120120120120119078e-01,8.9404675507039698493e-13
2.0420420420420420937e-01,1.0361138947710453542e-12
2.0720720720720720021e-01,1.1981997984917102371e-12
2.1021021021021021880e-01,1.3826043292797212745e-12
2.1321321321321320963e-01,1.5922890761111270638e-12
2.1621621621621622822e-01,1.8301137481927645572e-12
2.1921921921921921905e-01,2.0991620980470557697e-12
2.2222222222222220989e-01,2.4035477752575590417e-12
2.2522522522522522848e-01,2.7470292485041551660e-12
2.2822822822822821931e-01,3.1340832119502101922e-12
2.3123123123123123790e-01,3.5692174030030183525e-12
2.3423423423423422873e-01,4.0580059431439418435e-12
2.3723723723723724732e-01,4.6062212969416197225e-12
2.4024024024024023816e-01,5.2200688489670866174e-12
2.4324324324324322899e-01,5.9065132919283731262e-12
2.4624624624624624758e-01,6.6731953051541066517e-12
2.4924924924924923841e-01,7.5281471611021713578e-12
2.5225225225225222925e-01,8.4802179951348718412e-12
2.5525525525525527559e-01,9.5391982354088484129e-12
2.5825825825825826643e-01,1.0715756983066067812e-11
2.6126126126126125726e-01,1.2021100550203831819e-11
2.6426426426426424809e-01,1.3467672593455163213e-11
2.6726726726726723893e-01,1.5068825062538863856e-11
2.7027027027027028527e-01,1.6839151322639084918e-11
2.7327327327327327611e-01,1.8794228677866577877e-11
2.7627627627627626694e-01,2.0950992178327467517e-11
2.7927927927927925777e-01,2.3327822099669736683e-11
2.8228228228228230412e-01,2.5944255706006349775e-11
2.8528528528528529495e-01,2.8821558900032969689e-11
2.8828828828828828579e-01,3.1982534178293848370e-11
2.9129129129129127662e-01,3.5451730348815486892e-11
2.9429429429429426746e-01,3.9255642426316473615e-11
2.9729729729729731380e-01,4.3422413841788164024e-11
3.0030030030030030463e-01,4.7982658665497765421e-11
3.0330330330330329547e-01,5.2968867621969055641e-11
3.0630630630630628630e-01,5.8416032727856577972e-11
3.0930930930930933265e-01,6.4361711827704408699e-11
3.1231231231231232348e-01,7.0845508450819480541e-11
3.1531531531531531432e-01,7.7910932236999382440e-11
3.1831831831831830515e-01,8.5603095277433951013e-11
3.2132132132132129598e-01,9.3971345258956833577e-11
3.2432432432432434233e-01,1.0306779114971887377e-10
3.2732732732732733316e-01,1.1294787585153627634e-10
3.3033033033033032400e-01,1.2367126365629071699e-10
3.3333333333333331483e-01,1.3530088166525796424e-10
3.3633633633633630566e-01,1.4790441819781999027e-10
3.3933933933933935201e-01,1.6155342097684083414e-10
3.4234234234234234284e-01,1.7632377713139295595e-10
3.4534534534534533368e-01,1.9229720712045333738e-10
3.4834834834834832451e-01,2.0955908093044223112e-10
3.5135135135135137086e-01,2.2820133488060330224e-10
3.5435435435435436169e-01,2.4832095676383645032e-10
3.5735735735735735252e-01,2.7002056840618655518e-10
3.6036036036036034336e-01,2.9340984915977994681e-10
3.6336336336336333419e-01,3.1860380985136803153e-10
3.6636636636636638054e-01,3.4572546983596955489e-10
3.6936936936936937137e-01,3.7490469026341150311e-10
3.7237237237237236220e-01,4.0627806947127551212e-10
3.7537537537537535304e-01,4.3999164363805087961e-10
3.7837837837837839938e-01,4.7619824408821277829e-10
3.8138138138138139022e-01,5.1506057039848043951e-10
3.8438438438438438105e-01,5.5674998680015367022e-10
3.8738738738738737188e-01,6.0144682440222277996e-10
3.9039039039039036272e-01,6.4934313851342572548e-10
3.9339339339339340906e-01,7.0063933475470797180e-10
3.9639639639639639990e-01,7.5554846821551401040e-10
3.9939939939939939073e-01,8.1429455559383669622e-10
4.0240240240240238156e-01,8.7711282742921972184e-10
4.0540540540540542791e-01,9.4425310800887237194e-10
4.0840840840840841874e-01,1.0159757040646595633e-09
4.1141141141141140958e-01,1.0925568141187581477e-09
4.1441441441441440041e-01,1.1742861884210524907e-09
4.1741741741741739125e-01,1.2614676224694469415e-09
4.2042042042042043759e-01,1.3544228484693792469e-09
4.2342342342342342842e-01,1.4534868842175109140e-09
4.2642642642642641926e-01,1.5590143699117491381e-09
4.2942942942942941009e-01,1.6713766113657827939e-09
4.3243243243243245644e-01,1.7909622227860960401e-09
4.3543543543543544727e-01,1.9181821161850008507e-09
4.3843843843843843811e-01,2.0534632911809744813e-09
4.4144144144144142894e-01,2.1972572325811399521e-09
4.4444444444444441977e-01,2.3500355603194856433e-09
4.4744744744744746612e-01,2.5122912024912543717e-09
4.5045045045045045695e-01,2.6845444563602443471e-09
4.5345345345345344779e-01,2.8673353465454368316e-09
4.5645645645645643862e-01,3.0612334408649833929e-09
4.5945945945945942945e-01,3.2668333052424029184e-09
4.6246246246246247580e-01,3.4847551618284928952e-09
4.6546546546546546663e-01,3.7156525434745562695e-09
4.6846846846846845747e-01,3.9602029752786864035e-09
4.7147147147147144830e-01,4.2191198271220848685e-09
4.7447447447447449465e-01,4.4931466326320870754e-09
4.7747747747747748548e-01,4.7830580929903383524e-09
4.8048048048048047631e-01,5.0896691854340657680e-09
4.8348348348348346715e-01,5.4138236361166797502e-09
4.8648648648648645798e-01,5.7564083881968910642e-09
4.8948948948948950433e-01,6.1183470643739460024e-09
4.9249249249249249516e-01,6.5006001784910737167e-09
4.9549549549549548599e-01,6.9041770209963746134e-09
4.9849849849849847683e-01,7.3301213665058762005e-09
5.0150150150150152317e-01,7.7795285569486400252e-09
5.0450450450450445850e-01,8.2535378468511349122e-09
5.0750750750750750484e-01,8.7533326742827918398e-09
5.1051051051051055119e-01,9.2801548896449171287e-09
5.1351351351351348651e-01,9.8352872365286107954e-09
5.1651651651651653285e-01,1.0420073906713267553e-08
5.1951951951951946818e-01,1.1035911441136471301e-08
5.2252252252252251452e-01,1.1684249000821837588e-08
5.2552552552552556087e-01,1.2366604893074184431e-08
5.2852852852852849619e-01,1.3084546182302525692e-08
5.3153153153153154253e-01,1.3839712595917416558e-08
5.3453453453453447786e-01,1.4633806150714066107e-08
5.3753753753753752420e-01,1.5468590798701878666e-08
5.4054054054054057055e-01,1.6345912220410070886e-08
5.4354354354354350587e-01,1.7267673951021538907e-08
5.4654654654654655221e-01,1.8235864944228103527e-08
5.4954954954954959856e-01,1.9252547912559004057e-08
5.5255255255255253388e-01,2.0319858015190930783e-08
5.5555555555555558023e-01,2.1440027027033374893e-08
5.5855855855855851555e-01,2.2615354457894657103e-08
5.6156156156156156189e-01,2.3848240112744032528e-08
5.6456456456456460824e-01,2.5141170516207468901e-08
5.6756756756756754356e-01,2.6496716832826227198e-08
5.7057057057057058991e-01,2.7917563735236240199e-08
5.7357357357357352523e-01,2.9406474993997449353e-08
5.7657657657657657158e-01,3.0966331392625126234e-08
5.7957957957957961792e-01,3.2600115390668497239e-08
5.8258258258258255324e-01,3.4310908108408563045e-08
5.8558558558558559959e-01,3.6101922928689930565e-08
5.8858858858858853491e-01,3.7976465719650548895e-08
5.9159159159159158126e-01,3.9937978179910270766e-08
5.9459459459459462760e-01,4.1990020698911396343e-08
5.9759759759759756292e-01,4.4136268045221426441e-08
6.0060060060060060927e-01,4.6380548682323670052e-08
6.0360360360360354459e-01,4.8726798677901873765e-08
6.0660660660660659094e-01,5.1179111112179703703e-08
6.0960960960960963728e-01,5.3741717435867502607e-08
6.1261261261261257260e-01,5.6418980692700491046e-08
6.1561561561561561895e-01,5.9215442348254922612e-08
6.1861861861861866529e-01,6.2135768195911560785e-08
6.2162162162162160062e-01,6.5184805121271035593e-08
6.2462462462462464696e-01,6.8367560276331819207e-08
6.2762762762762758229e-01,7.1689192299473206058e-08
6.3063063063063062863e-01,7.5155065617583975220e-08
6.3363363363363367498e-01,7.8770688069131114323e-08
6.3663663663663661030e-01,8.2541775814423704067e-08
6.3963963963963965664e-01,8.6474229626501428547e-08
6.4264264264264259197e-01,9.0574124147528020349e-08
6.4564564564564563831e-01,9.4847770845077561275e-08
6.4864864864864868466e-01,9.9301645874643674352e-08
6.5165165165165161998e-01,1.0394246377210289466e-07
6.5465465465465466632e-01,1.0877715185428871127e-07
6.5765765765765760165e-01,1.1381283575851472049e-07
6.6066066066066064799e-01,1.1905691282345580207e-07
6.6366366366366369434e-01,1.2451696900975665083e-07
6.6666666666666662966e-01,1.3020086237053513654e-07
6.6966966966966967600e-01,1.3611669499492101102e-07
6.7267267267267261133e-01,1.4227279480177895477e-07
6.7567567567567565767e-01,1.4867780025615996074e-07
6.7867867867867870402e-01,1.5534056538891244947e-07
6.8168168168168163934e-01,1.6227025367295685154e-07
6.8468468468468468568e-01,1.6947630768078714421e-07
6.8768768768768773203e-01,1.7696842623110310314e-07
6.9069069069069066735e-01,1.8475666226202377530e-07
6.9369369369369371370e-01,1.9285131420192297830e-07
6.9669669669669664902e-01,2.0126303118043879684e-07
6.9969969969969969537e-01,2.1000278098108578492e-07
7.0270270270270274171e-01,2.1908182119254690932e-07
7.0570570570570567703e-01,2.2851181187219594460e-07
7.0870870870870872338e-01,2.3830469181247546500e-07
7.1171171171171165870e-01,2.4847279673128010347e-07
7.1471471471471470505e-01,2.5902882429771268496e-07
7.1771771771771775139e-01,2.6998579960948573868e-07
7.2072072072072068671e-01,2.8135720374836688806e-07
7.2372372372372373306e-01,2.9315683365344230875e-07
7.2672672672672666838e-01,3.0539893361152868676e-07
7.2972972972972971473e-01,3.1809815882196851250e-07
7.3273273273273276107e-01,3.3126953289761036727e-07
7.3573573573573569639e-01,3.4492859478821671394e-07
7.3873873873873874274e-01,3.5909124042231127107e-07
7.4174174174174178908e-01,3.7377386896651810808e-07
7.4474474474474472441e-01,3.8899334433895569055e-07
7.4774774774774777075e-01,4.0476694428563964940e-07
7.5075075075075070608e-01,4.2111252747859410121e-07
7.5375375375375375242e-01,4.3804835494489203321e-07
7.5675675675675679877e-01,4.5559325225614150223e-07
7.5975975975975973409e-01,4.7376656965363116650e-07
7.6276276276276278043e-01,4.9258812094470987699e-07
7.6576576576576571576e-01,5.1207837315936685783e-07
7.6876876876876876210e-01,5.3225824582638791143e-07
7.7177177177177180845e-01,5.5314929036738880682e-07
7.7477477477477474377e-01,5.7477364894918713495e-07
7.7777777777777779011e-01,5.9715398181114290271e-07
7.8078078078078072544e-01,6.2031368209471447273e-07
7.8378378378378377178e-01,6.4427665066798640183e-07
7.8678678678678681813e-01,6.6906749394255338869e-07
7.8978978978978975345e-01,6.9471148205008180996e-07
7.9279279279279279979e-01,7.2123446285616877319e-07
7.9579579579579573512e-01,7.4866310456295526757e-07
7.9879879879879878146e-01,7.7702464380935815256e-07
8.0180180180180182781e-01,8.0634710351576915179e-07
8.0480480480480476313e-01,8.3665925039010786105e-07
8.0780780780780780947e-01,8.6799049405622903566e-07
8.1081081081081085582e-01,9.0037116055284049208e-07
8.1381381381381379114e-01,9.3383221102773155912e-07
8.1681681681681683749e-01,9.6840548050488297722e-07
8.1981981981981977281e-01,1.0041236362133530165e-06
8.2282282282282281916e-01,1.0410200595778480896e-06
8.2582582582582586550e-01,1.0791291529577063217e-06
8.2882882882882880082e-01,1.1184860271387539422e-06
8.3183183183183184717e-01,1.1591267625278045837e-06
8.3483483483483478249e-01,1.2010883685166254848e-06
8.3783783783783782884e-01,1.2444086459761654680e-06
8.4084084084084087518e-01,1.2891265314140784811e-06
8.4384384384384381050e-01,1.3352817496938628359e-06
8.4684684684684685685e-01,1.3829150994415567476e-06
8.4984984984984979217e-01,1.4320684141471628711e-06
8.5285285285285283852e-01,1.4827844030322478985e-06
8.5585585585585588486e-01,1.5351070358743507433e-06
8.5885885885885882018e-01,1.5890811581811068717e-06
8.6186186186186186653e-01,1.6447528023834071414e-06
8.6486486486486491287e-01,1.7021691513712964611e-06
8.6786786786786784820e-01,1.7613783552939724477e-06
8.7087087087087089454e-01,1.8224299607155011794e-06
8.7387387387387382987e-01,1.8853744857061449689e-06
8.7687687687687687621e-01,1.9502637572004015545e-06
8.7987987987987992256e-01,2.0171508793944261254e-06
8.8288288288288285788e-01,2.0860900226942877485e-06
8.8588588588588590422e-01,2.1571369016772574616e-06
8.8888888888888883955e-01,2.2303483065264641759e-06
8.9189189189189188589e-01,2.3057824686754490039e-06
8.9489489489489493224e-01,2.3834990346873162210e-06
8.9789789789789786756e-01,2.4635588245871998080e-06
9.0090090090090091390e-01,2.5460243629171811699e-06
9.0390390390390384923e-01,2.6309593630724699825e-06
9.0690690690690689557e-01,2.7184291227575473725e-06
9.0990990990990994192e-01,2.8085005048763390275e-06
9.1291291291291287724e-01,2.9012416616778564276e-06
9.1591591591591592358e-01,2.9967226237142025593e-06
9.1891891891891885891e-01,3.0950147335830546941e-06
9.2192192192192190525e-01,3.1961910722410890879e-06
9.2492492492492495160e-01,3.3003264492212739070e-06
9.2792792792792788692e-01,3.4074970884753112785e-06
9.3093093093093093326e-01,3.5177812801967474126e-06
9.3393393393393397961e-01,3.6312587603858499518e-06
9.3693693693693691493e-01,3.7480111694909929326e-06
9.3993993993993996128e-01,3.8681220537098887045e-06
9.4294294294294289660e-01,3.9916765085082343319e-06
9.4594594594594594295e-01,4.1187618988088376044e-06
9.4894894894894898929e-01,4.2494671802665871975e-06
9.5195195195195192461e-01,4.3838833917168330416e-06
9.5495495495495497096e-01,4.5221036697517713298e-06
9.5795795795795790628e-01,4.6642228455749963810e-06
9.6096096096096095263e-01,4.8103382390071250667e-06
9.6396396396396399897e-01,4.9605489176211797398e-06
9.6696696696696693429e-01,5.1149562240383305350e-06
9.6996996996996998064e-01,5.2736638067778322656e-06
9.7297297297297291596e-01,5.4367771651977163852e-06
9.7597597597597596231e-01,5.6044045233166578347e-06
9.7897897897897900865e-01,5.7766560229620126163e-06
9.8198198198198194397e-01,5.9536442869191814965e-06
9.8498498498498499032e-01,6.1354844686783361127e-06
9.8798798798798792564e-01,6.3222937405690318274e-06
9.9099099099099097199e-01,6.5141922537776812650e-06
9.9399399399399401833e-01,6.7113022607596570078e-06
9.9699699699699695365e-01,6.9137487157290346702e-06
1.0000000000000000000e+00,7.1216593465503855479e-06
1.0030030030030030463e+00,7.3351640801774566013e-06
1.0060060060060060927e+00,7.5543960955403282047e-06
1.0090090090090089170e+00,7.7794908709774268212e-06
1.0120120120120119633e+00,8.0105868229329261766e-06
1.0150150150150150097e+00,8.2478254035293633770e-06
1.0180180180180180560e+00,8.4913504572890456402e-06
1.0210210210210211024e+00,8.7413093738670852572e-06
1.0240240240240239267e+00,8.9978520561526662610e-06
1.0270270270270269730e+00,9.2611315977158414095e-06
1.0300300300300300194e+00,9.5313044100976343368e-06
1.0330330330330330657e+00,9.8085295043985337314e-06
1.0360360360360361121e+00,1.0092969751263134847e-05
1.0390390390390389364e+00,1.0384790764729214088e-05
1.0420420420420419827e+00,1.0684161619437871062e-05
1.0450450450450450290e+00,1.0991255011698922118e-05
1.0480480480480480754e+00,1.1306246459221054772e-05
1.0510510510510511217e+00,1.1629315675896958749e-05
1.0540540540540539460e+00,1.1960645366797360308e-05
1.0570570570570569924e+00,1.2300421985396018846e-05
1.0600600600600600387e+00,1.2648835933606010287e-05
1.0630630630630630851e+00,1.3006080671805240082e-05
1.0660660660660661314e+00,1.3372354216756464807e-05
1.0690690690690689557e+00,1.3747857842700483835e-05
1.0720720720720720021e+00,1.4132796879159716355e-05
1.0750750750750750484e+00,1.4527380954960436441e-05
1.0780780780780780947e+00,1.4931823010682155606e-05
1.0810810810810811411e+00,1.5346340928185403816e-05
1.0840840840840839654e+00,1.5771156132956104095e-05
1.0870870870870870117e+00,1.6206494432374027613e-05
1.0900900900900900581e+00,1.6652586309651612088e-05
1.0930930930930931044e+00,1.7109665830060244148e-05
1.0960960960960961508e+00,1.7577972411042388985e-05
1.0990990990990991971e+00,1.8057749320759656521e-05
1.1021021021021020214e+00,1.8549244556756008725e-05
1.1051051051051050678e+00,1.9052711195756803379e-05
1.1081081081081081141e+00,1.9568406185009922578e-05
1.1111111111111111605e+00,2.0096592262076169532e-05
1.1141141141141142068e+00,2.0637536344494268180e-05
1.1171171171171170311e+00,2.1191510448462589348e-05
1.1201201201201200774e+00,2.1758792101250399014e-05
1.1231231231231231238e+00,2.2339663008077005699e-05
1.1261261261261261701e+00,2.2934411131166607990e-05
1.1291291291291292165e+00,2.3543328965533102530e-05
1.1321321321321320408e+00,2.4166714496822752184e-05
1.1351351351351350871e+00,2.4804871683967796310e-05
1.1381381381381381335e+00,2.5458108990940553048e-05
1.1411411411411411798e+00,2.6126741635646361973e-05
1.1441441441441442262e+00,2.6811089746359156064e-05
1.1471471471471470505e+00,2.7511479357689282713e-05
1.1501501501501500968e+00,2.8228242971516629448e-05
1.1531531531531531432e+00,2.8961717942954347060e-05
1.1561561561561561895e+00,2.9712248909235388934e-05
1.1591591591591592358e+00,3.0480185821888732499e-05
1.1621621621621620601e+00,3.1265884979389263075e-05
1.1651651651651651065e+00,3.2069709674810122557e-05
1.1681681681681681528e+00,3.2892028424626309829e-05
1.1711711711711711992e+00,3.3733217588726533906e-05
1.1741741741741742455e+00,3.4593659272772373067e-05
1.1771771771771770698e+00,3.5473742395985802635e-05
1.1801801801801801162e+00,3.6373863434769183964e-05
1.1831831831831831625e+00,3.7294424482270838346e-05
1.1861861861861862089e+00,3.8235836070568302871e-05
1.1891891891891892552e+00,3.9198514938568822220e-05
1.1921921921921920795e+00,4.0182885132261460573e-05
1.1951951951951951258e+00,4.1189378854445775271e-05
1.1981981981981981722e+00,4.2218434342239191898e-05
1.2012012012012012185e+00,4.3270498903447807788e-05
1.2042042042042042649e+00,4.4346026544418537627e-05
1.2072072072072070892e+00,4.5445479100327162752e-05
1.2102102102102101355e+00,4.6569327201864934695e-05
1.2132132132132131819e+00,4.7718047957107868526e-05
1.2162162162162162282e+00,4.8892128214038783852e-05
1.2192192192192192746e+00,5.0092062043496223087e-05
1.2222222222222223209e+00,5.1318351896452968450e-05
1.2252252252252251452e+00,5.2571509698856575574e-05
1.2282282282282281916e+00,5.3852054323816053781e-05
1.2312312312312312379e+00,5.5160515092870219568e-05
1.2342342342342342842e+00,5.6497429109109700222e-05
1.2372372372372373306e+00,5.7863342437361986426e-05
1.2402402402402401549e+00,5.9258811340151212421e-05
1.2432432432432432012e+00,6.0684399524847067642e-05
1.2462462462462462476e+00,6.2140681896676193928e-05
1.2492492492492492939e+00,6.3628241737174123056e-05
1.2522522522522523403e+00,6.5147671903255911460e-05
1.2552552552552551646e+00,6.6699576217161177282e-05
1.2582582582582582109e+00,6.8284566473088365783e-05
1.2612612612612612573e+00,6.9903266455070530230e-05
1.2642642642642643036e+00,7.1556308956504156046e-05
1.2672672672672673500e+00,7.3244336992668896574e-05
1.2702702702702701743e+00,7.4968005359094303549e-05
1.2732732732732732206e+00,7.6727977381227857384e-05
1.2762762762762762669e+00,7.8524929210815872286e-05
1.2792792792792793133e+00,8.0359546681777816509e-05
1.2822822822822823596e+00,8.2232526531076641013e-05
1.2852852852852851839e+00,8.4144578140337496653e-05
1.2882882882882882303e+00,8.6096420011085207516e-05
1.2912912912912912766e+00,8.8088784353991208577e-05
1.2942942942942943230e+00,9.0122413776891129944e-05
1.2972972972972973693e+00,9.2198062507353595991e-05
1.3003003003003001936e+00,9.4316498333965330023e-05
1.3033033033033032400e+00,9.6478498788911290452e-05
1.3063063063063062863e+00,9.8684856044397903482e-05
1.3093093093093093326e+00,1.0093637342890498306e-04
1.3123123123123123790e+00,1.0323386664456903495e-04
1.3153153153153152033e+00,1.0557816592498249172e-04
1.3183183183183182496e+00,1.0797011190643218464e-04
1.3213213213213212960e+00,1.1041056084596893177e-04
1.3243243243243243423e+00,1.1290038096253463711e-04
1.3273273273273273887e+00,1.1544045364114559587e-04
1.3303303303303302130e+00,1.1803167582546779521e-04
1.3333333333333332593e+00,1.2067495555768609542e-04
1.3363363363363363057e+00,1.2337121753357450905e-04
1.3393393393393393520e+00,1.2612139926519800519e-04
1.3423423423423423984e+00,1.2892645226284538411e-04
1.3453453453453452227e+00,1.3178734468212007576e-04
1.3483483483483482690e+00,1.3470505651147404030e-04
1.3513513513513513153e+00,1.3768058547976495354e-04
1.3543543543543543617e+00,1.4071494303740782889e-04
1.3573573573573574080e+00,1.4380915550699508972e-04
1.3603603603603604544e+00,1.4696426700470068189e-04
1.3633633633633632787e+00,1.5018133425433199436e-04
1.3663663663663663250e+00,1.5346143286273667555e-04
1.3693693693693693714e+00,1.5680565311750060704e-04
1.3723723723723724177e+00,1.6021510109491817289e-04
1.3753753753753754641e+00,1.6369090187794103496e-04
1.3783783783783782884e+00,1.6723419397394570268e-04
1.3813813813813813347e+00,1.7084613597415410666e-04
1.3843843843843843811e+00,1.7452790216554458537e-04
1.3873873873873874274e+00,1.7828068358502466620e-04
1.3903903903903904737e+00,1.8210569155656297006e-04
1.3933933933933932980e+00,1.8600415168919769149e-04
1.3963963963963963444e+00,1.8997731093680440806e-04
1.3993993993993993907e+00,1.9402643302288624053e-04
1.4024024024024024371e+00,1.9815279942809113103e-04
1.4054054054054054834e+00,2.0235771327074258681e-04
1.4084084084084083077e+00,2.0664249286090447758e-04
1.4114114114114113541e+00,2.1100847917667652420e-04
1.4144144144144144004e+00,2.1545703110126471886e-04
1.4174174174174174468e+00,2.1998952632999483020e-04
1.4204204204204204931e+00,2.2460736561967398098e-04
1.4234234234234233174e+00,2.2931196587325794814e-04
1.4264264264264263637e+00,2.3410476804970397572e-04
1.4294294294294294101e+00,2.3898723221287725745e-04
1.4324324324324324564e+00,2.4396083834299158669e-04
1.4354354354354355028e+00,2.4902709098186106900e-04
1.4384384384384383271e+00,2.5418751182196275273e-04
1.4414414414414413734e+00,2.5944364806633561085e-04
1.4444444444444444198e+00,2.6479706729016128271e-04
1.4474474474474474661e+00,2.7024935814037723877e-04
1.4504504504504505125e+00,2.7580213540485032288e-04
1.4534534534534533368e+00,2.8145703207877652372e-04
1.4564564564564563831e+00,2.8721570819161944960e-04
1.4594594594594594295e+00,2.9307984548264203167e-04
1.4624624624624624758e+00,2.9905114797093519446e-04
1.4654654654654655221e+00,3.0513134747843322341e-04
1.4684684684684683464e+00,3.1132219514535283775e-04
1.4714714714714713928e+00,3.1762547074125921463e-04
1.4744744744744744391e+00,3.2404297715657643698e-04
1.4774774774774774855e+00,3.3057654082433845242e-04
1.4804804804804805318e+00,3.3722801772790753864e-04
1.4834834834834835782e+00,3.4399928433662406739e-04
1.4864864864864864025e+00,3.5089224741801039670e-04
1.4894894894894894488e+00,3.5790883834839606415e-04
1.4924924924924924952e+00,3.6505101336575964234e-04
1.4954954954954955415e+00,3.7232076009515141079e-04
1.4984984984984985878e+00,3.7972008787434999820e-04
1.5015015015015014122e+00,3.8725103808425365582e-04
1.5045045045045044585e+00,3.9491567828275019308e-04
1.5075075075075075048e+00,4.0271610226677990833e-04
1.5105105105105105512e+00,4.1065443714954403707e-04
1.5135135135135135975e+00,4.1873283304529729633e-04
1.5165165165165164218e+00,4.2695347393507937636e-04
1.5195195195195194682e+00,4.3531857162870890793e-04
1.5225225225225225145e+00,4.4383036561263639573e-04
1.5255255255255255609e+00,4.5249113071485713928e-04
1.5285285285285286072e+00,4.6130316611692765219e-04
1.5315315315315314315e+00,4.7026880677192636889e-04
1.5345345345345344779e+00,4.7939041720080098142e-04
1.5375375375375375242e+00,4.8867039110097069618e-04
1.5405405405405405705e+00,4.9811115963617513033e-04
1.5435435435435436169e+00,5.0771517974310587020e-04
1.5465465465465464412e+00,5.1748494611848099879e-04
1.5495495495495494875e+00,5.2742298485680444604e-04
1.5525525525525525339e+00,5.3753185279297572251e-04
1.5555555555555555802e+00,5.4781414645647919740e-04
1.5585585585585586266e+00,5.5827248963837602502e-04
1.5615615615615614509e+00,5.6890954596443504918e-04
1.5645645645645644972e+00,5.7972801238279807797e-04
1.5675675675675675436e+00,5.9073061821217939631e-04
1.5705705705705705899e+00,6.0192013480093336554e-04
1.5735735735735736363e+00,6.1329936232020832495e-04
1.5765765765765764606e+00,6.2487114293920207470e-04
1.5795795795795795069e+00,6.3663835417284472384e-04
1.5825825825825825532e+00,6.4860390760517567729e-04
1.5855855855855855996e+00,6.6077075929570961745e-04
1.5885885885885886459e+00,6.7314189576337822487e-04
1.5915915915915914702e+00,6.8572034777996315399e-04
1.5945945945945945166e+00,6.9850918358915509848e-04
1.5975975975975975629e+00,7.1151150727272389259e-04
1.6006006006006006093e+00,7.2473046994863223654e-04
1.6036036036036036556e+00,7.3816925490911204730e-04
1.6066066066066067020e+00,7.5183109204843636981e-04
1.6096096096096095263e+00,7.6571925096573212853e-04
1.6126126126126125726e+00,7.7983703893997561446e-04
1.6156156156156156189e+00,7.9418781296580049072e-04
1.6186186186186186653e+00,8.0877496400860336354e-04
1.6216216216216217116e+00,8.2360193208184256670e-04
1.6246246246246245359e+00,8.3867219924805679748e-04
1.6276276276276275823e+00,8.5398928716641986023e-04
1.6306306306306306286e+00,8.6955677001408955302e-04
1.6336336336336336750e+00,8.8537825782029975618e-04
1.6366366366366367213e+00,9.0145741220811024131e-04
1.6396396396396395456e+00,9.1779793930942920981e-04
1.6426426426426425920e+00,9.3440358684706182214e-04
1.6456456456456456383e+00,9.5127815799101931010e-04
1.6486486486486486847e+00,9.6842549373280211854e-04
1.6516516516516517310e+00,9.8584948930576323835e-04
1.6546546546546545553e+00,1.0035540870320439327e-03
1.6576576576576576016e+00,1.0215432728984308233e-03
1.6606606606606606480e+00,1.0398210913989947273e-03
1.6636636636636636943e+00,1.0583916269103780996e-03
1.6666666666666667407e+00,1.0772590208043713624e-03
1.6696696696696695650e+00,1.0964274642461546184e-03
1.6726726726726726113e+00,1.1159011942214675569e-03
1.6756756756756756577e+00,1.1356845094189994740e-03
1.6786786786786787040e+00,1.1557817505663153020e-03
1.6816816816816817504e+00,1.1761973182474493634e-03
1.6846846846846845747e+00,1.1969356656741944687e-03
1.6876876876876876210e+00,1.2180012941195637963e-03
1.6906906906906906674e+00,1.2393987698948608165e-03
1.6936936936936937137e+00,1.2611327036055714704e-03
1.6966966966966967600e+00,1.2832077686861734916e-03
1.6996996996996995843e+00,1.3056286941677684894e-03
1.7027027027027026307e+00,1.3284002594706023192e-03
1.7057057057057056770e+00,1.3515273125328615064e-03
1.7087087087087087234e+00,1.3750147479451337029e-03
1.7117117117117117697e+00,1.3988675262134834133e-03
1.7147147147147145940e+00,1.4230906665490918647e-03
1.7177177177177176404e+00,1.4476892409702453272e-03
1.7207207207207206867e+00,1.4726683936415521908e-03
1.7237237237237237331e+00,1.4980333178451416595e-03
1.7267267267267267794e+00,1.5237892759820516678e-03
1.7297297297297298257e+00,1.5499415924119183414e-03
1.7327327327327326500e+00,1.5764956468120720247e-03
1.7357357357357356964e+00,1.6034568947879310977e-03
1.7387387387387387427e+00,1.6308308436385225357e-03
1.7417417417417417891e+00,1.6586230731053283431e-03
1.7447447447447448354e+00,1.6868392282919826303e-03
1.7477477477477476597e+00,1.7154850122259076694e-03
1.7507507507507507061e+00,1.7445662078020491344e-03
1.7537537537537537524e+00,1.7740886523000573387e-03
1.7567567567567567988e+00,1.8040582588882839513e-03
1.7597597597597598451e+00,1.8344810096560565556e-03
1.7627627627627626694e+00,1.8653629473206244718e-03
1.7657657657657657158e+00,1.8967101985686962273e-03
1.7687687687687687621e+00,1.9285289472822559915e-03
1.7717717717717718084e+00,1.9608254568041854314e-03
1.7747747747747748548e+00,1.9936060631184442625e-03
1.7777777777777776791e+00,2.0268771656423278243e-03
1.7807807807807807254e+00,2.0606452520318232005e-03
1.7837837837837837718e+00,2.0949168700729534076e-03
1.7867867867867868181e+00,2.1296986507139876489e-03
1.7897897897897898645e+00,2.1649973014313244474e-03
1.7927927927927926888e+00,2.2008195960445059783e-03
1.7957957957957957351e+00,2.2371724010530943255e-03
1.7987987987987987815e+00,2.2740626461503444730e-03
1.8018018018018018278e+00,2.3114973480254166760e-03
1.8048048048048048742e+00,2.3494836039554827141e-03
1.8078078078078076985e+00,2.3880285805781427920e-03
1.8108108108108107448e+00,2.4271395418295304940e-03
1.8138138138138137911e+00,2.4668238180366917033e-03
1.8168168168168168375e+00,2.5070888304918135386e-03
1.8198198198198198838e+00,2.5479420853138597981e-03
1.8228228228228227081e+00,2.5893911611102890871e-03
1.8258258258258257545e+00,2.6314437385875073631e-03
1.8288288288288288008e+00,2.6741075681788874056e-03
1.8318318318318318472e+00,2.7173904953908672999e-03
1.8348348348348348935e+00,2.7613004549805779050e-03
1.8378378378378377178e+00,2.8058454574355824220e-03
1.8408408408408407642e+00,2.8510336203301438023e-03
1.8438438438438438105e+00,2.8968731344452534372e-03
1.8468468468468468568e+00,2.9433722898849490335e-03
1.8498498498498499032e+00,2.9905394706192202012e-03
1.8528528528528527275e+00,3.0383831397079522074e-03
1.8558558558558557738e+00,3.0869118724770380074e-03
1.8588588588588588202e+00,3.1361343210879323411e-03
1.8618618618618618665e+00,3.1860592414196184374e-03
1.8648648648648649129e+00,3.2366954880295169088e-03
1.8678678678678679592e+00,3.2880519980447624542e-03
1.8708708708708707835e+00,3.3401378262344050794e-03
1.8738738738738738299e+00,3.3929621079861896696e-03
1.8768768768768768762e+00,3.4465340869481138689e-03
1.8798798798798799226e+00,3.5008631104633605724e-03
1.8828828828828829689e+00,3.5559586120491103005e-03
1.8858858858858857932e+00,3.6118301484425090545e-03
1.8888888888888888395e+00,3.6684873609428053816e-03
1.8918918918918918859e+00,3.7259400038039116806e-03
1.8948948948948949322e+00,3.7841979402026965085e-03
1.8978978978978979786e+00,3.8432711232225598603e-03
1.9009009009009008029e+00,3.9031696349521847501e-03
1.9039039039039038492e+00,3.9639036461519075449e-03
1.9069069069069068956e+00,4.0254834453861366647e-03
1.9099099099099099419e+00,4.0879194355880948616e-03
1.9129129129129129883e+00,4.1512221134620682847e-03
1.9159159159159158126e+00,4.2154021107154221112e-03
1.9189189189189188589e+00,4.2804701520089112957e-03
1.9219219219219219053e+00,4.3464370848153239049e-03
1.9249249249249249516e+00,4.4133138766469879460e-03
1.9279279279279279979e+00,4.4811115927879483639e-03
1.9309309309309308222e+00,4.5498414397408632956e-03
1.9339339339339338686e+00,4.6195147214220556864e-03
1.9369369369369369149e+00,4.6901428697295700562e-03
1.9399399399399399613e+00,4.7617374425040701058e-03
1.9429429429429430076e+00,4.8343100994986997268e-03
1.9459459459459458319e+00,4.9078726481237826967e-03
1.9489489489489488783e+00,4.9824369978484911448e-03
1.9519519519519519246e+00,5.0580151914587923034e-03
1.9549549549549549710e+00,5.1346194038259093326e-03
1.9579579579579580173e+00,5.2122619160187323717e-03
1.9609609609609608416e+00,5.2909551634302866285e-03
1.9639639639639638879e+00,5.3707116883490810949e-03
1.9669669669669669343e+00,5.4515441718842004570e-03
1.9699699699699699806e+00,5.5334654336190638307e-03
1.9729729729729730270e+00,5.6164884037681614762e-03
1.9759759759759758513e+00,5.7006261737693889394e-03
1.9789789789789788976e+00,5.7858919469902436380e-03
1.9819819819819819440e+00,5.8722990712935969893e-03
1.9849849849849849903e+00,5.9598610396594817532e-03
1.9879879879879880367e+00,6.0485914602849055396e-03
1.9909909909909910830e+00,6.1385041097279510400e-03
1.9939939939939939073e+00,6.2296128817155788440e-03
1.9969969969969969537e+00,6.3219318203204793311e-03
2.0000000000000000000e+00,6.4154751216373854042e-03
2.0030030030030028243e+00,6.5102571017216599378e-03
2.0060060060060060927e+00,6.6062922523712208633e-03
2.0090090090090089170e+00,6.7035951880047217263e-03
2.0120120120120121854e+00,6.8021806794158531234e-03
2.0150150150150150097e+00,6.9020636565953804448e-03
2.0180180180180178340e+00,7.0032591744007633219e-03
2.0210210210210211024e+00,7.1057824710627007225e-03
2.0240240240240239267e+00,7.2096489131044314003e-03
2.0270270270270271951e+00,7.3148740296363869498e-03
2.0300300300300300194e+00,7.4214735164190590369e-03
2.0330330330330328437e+00,7.5294631991529503354e-03
2.0360360360360361121e+00,7.6388590947973232168e-03
2.0390390390390389364e+00,7.7496773545034404462e-03
2.0420420420420422047e+00,7.8619342984081203723e-03
2.0450450450450450290e+00,7.9756464210376694368e-03
2.0480480480480478533e+00,8.0908303521039035694e-03
2.0510510510510511217e+00,8.2075029207233328454e-03
2.0540540540540539460e+00,8.3256810963392696018e-03
2.0570570570570572144e+00,8.4453820239690346322e-03
2.0600600600600600387e+00,8.5666230310536706921e-03
2.0630630630630628630e+00,8.6894215856423914768e-03
2.0660660660660661314e+00,8.8137953636012664194e-03
2.0690690690690689557e+00,8.9397621875013256326e-03
2.0720720720720722241e+00,9.0673400622698300394e-03
2.0750750750750750484e+00,9.1965471835954402946e-03
2.0780780780780778727e+00,9.3274018933800079134e-03
2.0810810810810811411e+00,9.4599227500264237295e-03
2.0840840840840839654e+00,9.5941284652721441073e-03
2.0870870870870872338e+00,9.7300379401904658200e-03
2.0900900900900900581e+00,9.8676702752651026390e-03
2.0930930930930928824e+00,1.0007044722984697813e-02
2.0960960960960961508e+00,1.0148180761298931582e-02
2.0990990990990989751e+00,1.0291098028379727647e-02
2.1021021021021022435e+00,1.0435816358913862709e-02
2.1051051051051050678e+00,1.0582355795966535625e-02
2.1081081081081078921e+00,1.0730736540591510192e-02
2.1111111111111111605e+00,1.0880979028546148776e-02
2.1141141141141139848e+00,1.1033103862965370004e-02
2.1171171171171172531e+00,1.1187131850882716180e-02
2.1201201201201200774e+00,1.1343084017007643363e-02
2.1231231231231229017e+00,1.1500981550219994964e-02
2.1261261261261261701e+00,1.1660845883634557429e-02
2.1291291291291289944e+00,1.1822698625175782211e-02
2.1321321321321322628e+00,1.1986561594259110414e-02
2.1351351351351350871e+00,1.2152456837611905899e-02
2.1381381381381379114e+00,1.2320406572517775268e-02
2.1411411411411411798e+00,1.2490433270321206830e-02
2.1441441441441440041e+00,1.2662559584894227116e-02
2.1471471471471472725e+00,1.2836808389404836400e-02
2.1501501501501500968e+00,1.3013202794316754488e-02
2.1531531531531529211e+00,1.3191766087245601971e-02
2.1561561561561561895e+00,1.3372521819994447403e-02
2.1591591591591590138e+00,1.3555493734906802136e-02
2.1621621621621622822e+00,1.3740705801643667006e-02
2.1651651651651651065e+00,1.3928182237502662391e-02
2.1681681681681679308e+00,1.4117947443745183442e-02
2.1711711711711711992e+00,1.4310026096253031583e-02
2.1741741741741740235e+00,1.4504443069765716318e-02
2.1771771771771772919e+00,1.4701223474582504613e-02
2.1801801801801801162e+00,1.4900392679347012823e-02
2.1831831831831833846e+00,1.5101976243700705044e-02
2.1861861861861862089e+00,1.5306000012650830197e-02
2.1891891891891890332e+00,1.5512490038693992761e-02
2.1921921921921923015e+00,1.5721472618353427714e-02
2.1951951951951951258e+00,1.5932974317581057727e-02
2.1981981981981983942e+00,1.6147021900589371424e-02
2.2012012012012012185e+00,1.6363642428020807457e-02
2.2042042042042040428e+00,1.6582863176962552021e-02
2.2072072072072073112e+00,1.6804711677224533350e-02
2.2102102102102101355e+00,1.7029215739516181255e-02
2.2132132132132134039e+00,1.7256403380305412182e-02
2.2162162162162162282e+00,1.7486302923878014465e-02
2.2192192192192190525e+00,1.7718942920253263895e-02
2.2222222222222223209e+00,1.7954352181100297764e-02
2.2252252252252251452e+00,1.8192559810851747365e-02
2.2282282282282284136e+00,1.8433595127435874889e-02
2.2312312312312312379e+00,1.8677487768313558170e-02
2.2342342342342340622e+00,1.8924267606309927436e-02
2.2372372372372373306e+00,1.9173964785062284216e-02
2.2402402402402401549e+00,1.9426609753240384193e-02
2.2432432432432434233e+00,1.9682233180994743865e-02
2.2462462462462462476e+00,1.9940866070058998333e-02
2.2492492492492490719e+00,2.0202539667516162397e-02
2.2522522522522523403e+00,2.0467285500664709336e-02
2.2552552552552551646e+00,2.0735135414520225461e-02
2.2582582582582584330e+00,2.1006121483819729934e-02
2.2612612612612612573e+00,2.1280276127275499914e-02
2.2642642642642640816e+00,2.1557632019299576009e-02
2.2672672672672673500e+00,2.1838222124167930294e-02
2.2702702702702701743e+00,2.2122079736984680970e-02
2.2732732732732734426e+00,2.2409238391078528663e-02
2.2762762762762762669e+00,2.2699731976493373042e-02
2.2792792792792790912e+00,2.2993594649699741067e-02
2.2822822822822823596e+00,2.3290860866930215151e-02
2.2852852852852851839e+00,2.3591565428792919679e-02
2.2882882882882884523e+00,2.3895743382894411161e-02
2.2912912912912912766e+00,2.4203430146649877741e-02
2.2942942942942941009e+00,2.4514661415015823881e-02
2.2972972972972973693e+00,2.4829473192863049658e-02
2.3003003003003001936e+00,2.5147901843432650393e-02
2.3033033033033034620e+00,2.5469983986015951039e-02
2.3063063063063062863e+00,2.5795756623166334054e-02
2.3093093093093091106e+00,2.6125257046492478957e-02
2.3123123123123123790e+00,2.6458522867928348926e-02
2.3153153153153152033e+00,2.6795592072231047553e-02
2.3183183183183184717e+00,2.7136502909545598405e-02
2.3213213213213212960e+00,2.7481294027098899374e-02
2.3243243243243241203e+00,2.7830004373097922549e-02
2.3273273273273273887e+00,2.8182673226749645201e-02
2.3303303303303302130e+00,2.8539340255005908598e-02
2.3333333333333334814e+00,2.8900045399838602406e-02
2.3363363363363363057e+00,2.9264829014493076026e-02
2.3393393393393391300e+00,2.9633731765543527836e-02
2.3423423423423423984e+00,3.0006794661506790145e-02
2.3453453453453452227e+00,3.0384059114046301636e-02
2.3483483483483484910e+00,3.0765566819780446051e-02
2.3513513513513513153e+00,3.1151359901170724842e-02
2.3543543543543541396e+00,3.1541480806790013480e-02
2.3573573573573574080e+00,3.1935972338367195344e-02
2.3603603603603602323e+00,3.2334877716665898217e-02
2.3633633633633635007e+00,3.2738240457646367032e-02
2.3663663663663663250e+00,3.3146104518059833766e-02
2.3693693693693691493e+00,3.3558514193995088448e-02
2.3723723723723724177e+00,3.3975514146184264408e-02
2.3753753753753752420e+00,3.4397149470781353264e-02
2.3783783783783785104e+00,3.4823465569697058253e-02
2.3813813813813813347e+00,3.5254508300970051338e-02
2.3843843843843841590e+00,3.5690323875662462172e-02
2.3873873873873874274e+00,3.6130958881248752268e-02
2.3903903903903902517e+00,3.6576460357524424871e-02
2.3933933933933935201e+00,3.7026875660929776946e-02
2.3963963963963963444e+00,3.7482252619765170365e-02
2.3993993993993991687e+00,3.7942639429513466687e-02
2.4024024024024024371e+00,3.8408084674125320124e-02
2.4054054054054052614e+00,3.8878637407294608375e-02
2.4084084084084085298e+00,3.9354347010586127054e-02
2.4114114114114113541e+00,3.9835263353557602561e-02
2.4144144144144141784e+00,4.0321436687594518211e-02
2.4174174174174174468e+00,4.0812917664897578607e-02
2.4204204204204202711e+00,4.1309757425367521488e-02
2.4234234234234235394e+00,4.1812007448348988137e-02
2.4264264264264263637e+00,4.2319719717720000185e-02
2.4294294294294291880e+00,4.2832946614331193769e-02
2.4324324324324324564e+00,4.3351740932492957570e-02
2.4354354354354352807e+00,4.3876155972718676457e-02
2.4384384384384385491e+00,4.4406245386895547289e-02
2.4414414414414413734e+00,4.4942063348398217371e-02
2.4444444444444446418e+00,4.5483664443232187102e-02
2.4474474474474474661e+00,4.6031103683809630744e-02
2.4504504504504502904e+00,4.6584436607806922748e-02
2.4534534534534535588e+00,4.7143719116571024264e-02
2.4564564564564563831e+00,4.7709007650309651072e-02
2.4594594594594596515e+00,4.8280359078048042110e-02
2.4624624624624624758e+00,4.8857830708472771430e-02
2.4654654654654653001e+00,4.9441480395165056383e-02
2.4684684684684685685e+00,5.0031366368051437277e-02
2.4714714714714713928e+00,5.0627547413718353153e-02
2.4744744744744746612e+00,5.1230082764298197351e-02
2.4774774774774774855e+00,5.1839032105153580454e-02
2.4804804804804803098e+00,5.2454455686753310995e-02
2.4834834834834835782e+00,5.3076414148974827845e-02
2.4864864864864864025e+00,5.3704968706586385385e-02
2.4894894894894896709e+00,5.4340181037187663959e-02
2.4924924924924924952e+00,5.4982113285497312416e-02
2.4954954954954953195e+00,5.5630828182143994554e-02
2.4984984984984985878e+00,5.6286388860625931330e-02
2.5015015015015014122e+00,5.6948859047997506255e-02
2.5045045045045046805e+00,5.7618302951995117867e-02
2.5075075075075075048e+00,5.8294785261681088262e-02
2.5105105105105103291e+00,5.8978371273426949406e-02
2.5135135135135135975e+00,5.9669126700337964120e-02
2.5165165165165164218e+00,6.0367117868177000428e-02
2.5195195195195196902e+00,6.1072411601822473859e-02
2.5225225225225225145e+00,6.1785075222012993124e-02
2.5255255255255253388e+00,6.2505176678809809543e-02
2.5285285285285286072e+00,6.3232784353293283730e-02
2.5315315315315314315e+00,6.3967967258749883208e-02
2.5345345345345346999e+00,6.4710794926615550215e-02
2.5375375375375375242e+00,6.5461337399056601649e-02
2.5405405405405403485e+00,6.6219665370201796772e-02
2.5435435435435436169e+00,6.6985849979916314845e-02
2.5465465465465464412e+00,6.7759963020274066592e-02
2.5495495495495497096e+00,6.8542076821148073540e-02
2.5525525525525525339e+00,6.9332264238353757957e-02
2.5555555555555553582e+00,7.0130598802946905734e-02
2.5585585585585586266e+00,7.0937154506881677785e-02
2.5615615615615614509e+00,7.1752006014783542565e-02
2.5645645645645647193e+00,7.2575228549357495567e-02
2.5675675675675675436e+00,7.3406897874812290783e-02
2.5705705705705703679e+00,7.4247090454524267145e-02
2.5735735735735736363e+00,7.5095883228388074504e-02
2.5765765765765764606e+00,7.5953353829896375071e-02
2.5795795795795797289e+00,7.6819580471551449086e-02
2.5825825825825825532e+00,7.7694641923273494166e-02
2.5855855855855853775e+00,7.8578617678742024300e-02
2.5885885885885886459e+00,7.9471587724242245820e-02
2.5915915915915914702e+00,8.0373632761058078078e-02
2.5945945945945947386e+00,8.1284834091074634199e-02
2.5975975975975975629e+00,8.2205273589873839590e-02
2.6006006006006003872e+00,8.3135033882060255239e-02
2.6036036036036036556e+00,8.4074198101416586226e-02
2.6066066066066064799e+00,8.5022850118600862279e-02
2.6096096096096097483e+00,8.5981074427146420014e-02
2.6126126126126125726e+00,8.6948956110929925822e-02
2.6156156156156153969e+00,8.7926581028800271378e-02
2.6186186186186186653e+00,8.8914035565854865339e-02
2.6216216216216214896e+00,8.9911406866425180873e-02
2.6246246246246247580e+00,9.0918782720691357357e-02
2.6276276276276275823e+00,9.1936251526197956818e-02
2.6306306306306304066e+00,9.2963902482112101278e-02
2.6336336336336336750e+00,9.4001825331427632526e-02
2.6366366366366364993e+00,9.5050110599223885943e-02
2.6396396396396397677e+00,9.6108849480114333375e-02
2.6426426426426425920e+00,9.7178133793485110825e-02
2.6456456456456454163e+00,9.8258056187702239037e-02
2.6486486486486486847e+00,9.9348709873064655618e-02
2.6516516516516515090e+00,1.0045018886529882840e-01
2.6546546546546547773e+00,1.0156258787407961008e-01
2.6576576576576576016e+00,1.0268600225164506434e-01
2.6606606606606604259e+00,1.0382052820728079889e-01
2.6636636636636636943e+00,1.0496626253083841951e-01
2.6666666666666665186e+00,1.0612330284142545977e-01
2.6696696696696697870e+00,1.0729174747725295225e-01
2.6726726726726726113e+00,1.0847169543727469554e-01
2.6756756756756754356e+00,1.0966324660628933019e-01
2.6786786786786787040e+00,1.1086650146884355350e-01
2.6816816816816815283e+00,1.1208156136307492745e-01
2.6846846846846847967e+00,1.1330852837214133721e-01
2.6876876876876876210e+00,1.1454750525853131526e-01
2.6906906906906904453e+00,1.1579859570011324932e-01
2.6936936936936937137e+00,1.1706190399425761561e-01
2.6966966966966965380e+00,1.1833753531676623194e-01
2.6996996996996998064e+00,1.1962559561516453166e-01
2.7027027027027026307e+00,1.2092619153530578813e-01
2.7057057057057058991e+00,1.2223943066871502394e-01
2.7087087087087087234e+00,1.2356542124675345962e-01
2.7117117117117115477e+00,1.2490427240457273317e-01
2.7147147147147148161e+00,1.2625609407654916905e-01
2.7177177177177176404e+00,1.2762099691480713326e-01
2.7207207207207209088e+00,1.2899909254820016158e-01
2.7237237237237237331e+00,1.3039049326635035464e-01
2.7267267267267265574e+00,1.3179531228855076441e-01
2.7297297297297298257e+00,1.3321366366164008599e-01
2.7327327327327326500e+00,1.3464566217005524695e-01
2.7357357357357359184e+00,1.3609142360679410411e-01
2.7387387387387387427e+00,1.3755106444717615788e-01
2.7417417417417415670e+00,1.3902470212259415705e-01
2.7447447447447448354e+00,1.4051245492114949887e-01
2.7477477477477476597e+00,1.4201444188882783592e-01
2.7507507507507509281e+00,1.4353078311279943158e-01
2.7537537537537537524e+00,1.4506159938473808801e-01
2.7567567567567565767e+00,1.4660701247933005664e-01
2.7597597597597598451e+00,1.4816714505798581070e-01
2.7627627627627626694e+00,1.4974212056073943344e-01
2.7657657657657659378e+00,1.5133206350222805359e-01
2.7687687687687687621e+00,1.5293709912442982057e-01
2.7717717717717715864e+00,1.5455735367980835693e-01
2.7747747747747748548e+00,1.5619295433844698762e-01
2.7777777777777776791e+00,1.5784402907024747131e-01
2.7807807807807809475e+00,1.5951070695394695131e-01
2.7837837837837837718e+00,1.6119311781912745718e-01
2.7867867867867865961e+00,1.6289139253387391326e-01
2.7897897897897898645e+00,1.6460566291568426434e-01
2.7927927927927926888e+00,1.6633606160353589520e-01
2.7957957957957959572e+00,1.6808272238029806078e-01
2.7987987987987987815e+00,1.6984577980387416396e-01
2.8018018018018016058e+00,1.7162536949924114826e-01
2.8048048048048048742e+00,1.7342162807349364995e-01
2.8078078078078076985e+00,1.7523469297735069783e-01
2.8108108108108109668e+00,1.7706470284130801374e-01
2.8138138138138137911e+00,1.7891179709579446699e-01
2.8168168168168166154e+00,1.8077611626742637330e-01
2.8198198198198198838e+00,1.8265780189857261373e-01
2.8228228228228227081e+00,1.8455699639784159394e-01
2.8258258258258259765e+00,1.8647384339032913037e-01
2.8288288288288288008e+00,1.8840848732666656828e-01
2.8318318318318316251e+00,1.9036107378333078088e-01
2.8348348348348348935e+00,1.9233174938712313540e-01
2.8378378378378377178e+00,1.9432066165419559223e-01
2.8408408408408409862e+00,1.9632795935474045557e-01
2.8438438438438438105e+00,1.9835379211083040141e-01
2.8468468468468466348e+00,2.0039831070060462603e-01
2.8498498498498499032e+00,2.0246166698807038786e-01
2.8528528528528527275e+00,2.0454401375020206388e-01
2.8558558558558559959e+00,2.0664550505642720335e-01
2.8588588588588588202e+00,2.0876629585516437437e-01
2.8618618618618616445e+00,2.1090654228168029261e-01
2.8648648648648649129e+00,2.1306640159365028420e-01
2.8678678678678677372e+00,2.1524603198584849051e-01
2.8708708708708710056e+00,2.1744559298478952081e-01
2.8738738738738738299e+00,2.1966524502386566842e-01
2.8768768768768766542e+00,2.2190514975467828807e-01
2.8798798798798799226e+00,2.2416546998878283947e-01
2.8828828828828827469e+00,2.2644636949950386340e-01
2.8858858858858860152e+00,2.2874801343206521698e-01
2.8888888888888888395e+00,2.3107056786726593023e-01
2.8918918918918916638e+00,2.3341420013604774475e-01
2.8948948948948949322e+00,2.3577907876788820052e-01
2.8978978978978977565e+00,2.3816537327924458545e-01
2.9009009009009010249e+00,2.4057325459952313973e-01
2.9039039039039038492e+00,2.4300289462322904877e-01
2.9069069069069066735e+00,2.4545446652752769823e-01
2.9099099099099099419e+00,2.4792814472774638013e-01
2.9129129129129127662e+00,2.5042410465195952263e-01
2.9159159159159160346e+00,2.5294252318320142869e-01
2.9189189189189188589e+00,2.5548357819986933226e-01
2.9219219219219216832e+00,2.5804744889598923985e-01
2.9249249249249249516e+00,2.6063431574513190592e-01
2.9279279279279277759e+00,2.6324436025972203224e-01
2.9309309309309310443e+00,2.6587776544701369197e-01
2.9339339339339338686e+00,2.6853471534616057959e-01
2.9369369369369366929e+00,2.7121539535283062383e-01
2.9399399399399399613e+00,2.7391999214884676928e-01
2.9429429429429427856e+00,2.7664869349474691118e-01
2.9459459459459460540e+00,2.7940168884373095537e-01
2.9489489489489488783e+00,2.8217916843581569708e-01
2.9519519519519521467e+00,2.8498132353557042995e-01
2.9549549549549549710e+00,2.8780834856665027388e-01
2.9579579579579577953e+00,2.9066043834880189722e-01
2.9609609609609610636e+00,2.9353778148011405724e-01
2.9639639639639638879e+00,2.9644058190086597371e-01
2.9669669669669671563e+00,2.9936906325847978394e-01
2.9699699699699699806e+00,3.0232335726598114078e-01
2.9729729729729728049e+00,3.0530363491869394466e-01
2.9759759759759760733e+00,3.0831047216924872822e-01
2.9789789789789788976e+00,3.1134369970242442571e-01
2.9819819819819821660e+00,3.1440221894287656568e-01
2.9849849849849849903e+00,3.1748978512469860913e-01
2.9879879879879878146e+00,3.2060807205193209146e-01
2.9909909909909910830e+00,3.2373792310398735728e-01
2.9939939939939939073e+00,3.2689927110331784554e-01
2.9969969969969971757e+00,3.3015939324561360824e-01
3.0000000000000000000e+00,3.3333333333333331483e-01
