0.0000000000000000000e+00,8.4839640796472668427e+00
3.0030030030030029770e-03,8.8654157521378280649e+00
6.0060060060060059539e-03,8.7857015555542545826e+00
9.0090090090090089309e-03,8.7065711457962198239e+00
1.2012012012012011908e-02,8.6280216649804160056e+00
1.5015015015015014885e-02,8.5500502275394971718e+00
1.8018018018018017862e-02,8.4726542338584707181e+00
2.1021021021021019104e-02,8.3958308458862305201e+00
2.4024024024024023816e-02,8.3195773832939199366e+00
2.7027027027027028527e-02,8.2438910305146748669e+00
3.0030030030030029770e-02,8.1687688663305220160e+00
3.3033033033033031012e-02,8.0942080596822130190e+00
3.6036036036036035723e-02,8.0202055698278176266e+00
3.9039039039039040435e-02,7.9467584299191482700e+00
4.2042042042042038208e-02,7.8738635922057182981e+00
4.5045045045045042920e-02,7.8015179289209362068e+00
4.8048048048048047631e-02,7.7297183741698436421e+00
5.1051051051051052343e-02,7.6584617138337751641e+00
5.4054054054054057055e-02,7.5877447869939542713e+00
5.7057057057057054827e-02,7.5175643771705988883e+00
6.0060060060060059539e-02,7.4479172083357587653e+00
6.3063063063063057312e-02,7.3788000566362814681e+00
6.6066066066066062024e-02,7.3102095872147083711e+00
6.9069069069069066735e-02,7.2421425103827790082e+00
7.2072072072072071447e-02,7.1745954987083546683e+00
7.5075075075075076159e-02,7.1075651807228155121e+00
7.8078078078078080870e-02,7.0410482330318453492e+00
8.1081081081081085582e-02,6.9750412475858789563e+00
8.4084084084084076416e-02,6.9095408579164816487e+00
8.7087087087087081128e-02,6.8445436733317341904e+00
9.0090090090090085839e-02,6.7800462713330418296e+00
9.3093093093093090551e-02,6.7160452755621706800e+00
9.6096096096096095263e-02,6.6525372449609827541e+00
9.9099099099099099974e-02,6.5895187782584105918e+00
1.0210210210210210469e-01,6.5269864605402752034e+00
1.0510510510510510940e-01,6.4649368548957273362e+00
1.0810810810810811411e-01,6.4033665694643522315e+00
1.1111111111111110494e-01,6.3422721633281291531e+00
1.1411411411411410965e-01,6.2816502342965145900e+00
1.1711711711711711437e-01,6.2214973749069475417e+00
1.2012012012012011908e-01,6.1618101636262281318e+00
1.2312312312312312379e-01,6.1025852231574999607e+00
1.2612612612612611462e-01,6.0438191396341878203e+00
1.2912912912912913321e-01,5.9855085371211167455e+00
1.3213213213213212405e-01,5.9276500410433099475e+00
1.3513513513513514264e-01,5.8702402691664925527e+00
1.3813813813813813347e-01,5.8132758827015287295e+00
1.4114114114114115206e-01,5.7567535163596632586e+00
1.4414414414414414289e-01,5.7006698420338413058e+00
1.4714714714714713373e-01,5.6450215382073469783e+00
1.5015015015015015232e-01,5.5898052808821505621e+00
1.5315315315315314315e-01,5.5350177886290188312e+00
1.5615615615615616174e-01,5.4806557616720272819e+00
1.5915915915915915257e-01,5.4267159366198631787e+00
1.6216216216216217116e-01,5.3731950607632432693e+00
1.6516516516516516200e-01,5.3200898830682774587e+00
1.6816816816816815283e-01,5.2673971940695016869e+00
1.7117117117117117142e-01,5.2151137725672960244e+00
1.7417417417417416226e-01,5.1632364328639690498e+00
1.7717717717717718084e-01,5.1117620031002708458e+00
1.8018018018018017168e-01,5.0606873164039924973e+00
1.8318318318318319027e-01,5.0100092463446284086e+00
1.8618618618618618110e-01,4.9597246601138920141e+00
1.8918918918918919969e-01,4.9098304594303625592e+00
1.9219219219219219053e-01,4.8603235622394995730e+00
1.9519519519519518136e-01,4.8112008940804198431e+00
1.9819819819819819995e-01,4.7624594196956149261e+00
2.0120120120120119078e-01,4.7140961017828422186e+00
2.0420420420420420937e-01,4.6661079364983466533e+00
2.0720720720720720021e-01,4.6184919379725402067e+00
2.1021021021021021880e-01,4.5712451299717260511e+00
2.1321321321321320963e-01,4.5243645741378584191e+00
2.1621621621621622822e-01,4.4778473335274728839e+00
2.1921921921921921905e-01,4.4316905035243516764e+00
2.2222222222222220989e-01,4.3858911987304969315e+00
2.2522522522522522848e-01,4.3404465449317433112e+00
2.2822822822822821931e-01,4.2953537043880372082e+00
2.3123123123123123790e-01,4.2506098435332475560e+00
2.3423423423423422873e-01,4.2062121599451600673e+00
2.3723723723723724732e-01,4.1621578712416944512e+00
2.4024024024024023816e-01,4.1184442073677489660e+00
2.4324324324324322899e-01,4.0750684332930298126e+00
2.4624624624624624758e-01,4.0320278203416508589e+00
2.4924924924924923841e-01,3.9893196697591490896e+00
2.5225225225225222925e-01,3.9469413033058846629e+00
2.5525525525525527559e-01,3.9048900558840711206e+00
2.5825825825825826643e-01,3.8631632959457347098e+00
2.6126126126126125726e-01,3.8217583999936017847e+00
2.6426426426426424809e-01,3.7806727732061800040e+00
2.6726726726726723893e-01,3.7399038414719250056e+00
2.7027027027027028527e-01,3.6994490443666920854e+00
2.7327327327327327611e-01,3.6593058535328832903e+00
2.7627627627627626694e-01,3.6194717499582500508e+00
2.7927927927927925777e-01,3.5799442420520706243e+00
2.8228228228228230412e-01,3.5407208589047685088e+00
2.8528528528528529495e-01,3.5017991436179340958e+00
2.8828828828828828579e-01,3.4631766698830048767e+00
2.9129129129129127662e-01,3.4248510217012424484e+00
2.9429429429429426746e-01,3.3868198092452233006e+00
2.9729729729729731380e-01,3.3490806631617697775e+00
3.0030030030030030463e-01,3.3116312282497690767e+00
3.0330330330330329547e-01,3.2744691784394941436e+00
3.0630630630630628630e-01,3.2375921986646365447e+00
3.0930930930930933265e-01,3.2009979987961325598e+00
3.1231231231231232348e-01,3.1646843088341745087e+00
3.1531531531531531432e-01,3.1286488729225134797e+00
3.1831831831831830515e-01,3.0928894629041705500e+00
3.2132132132132129598e-01,3.0574038620930745758e+00
3.2432432432432434233e-01,3.0221898775332145526e+00
3.2732732732732733316e-01,2.9872453359501633940e+00
3.3033033033033032400e-01,2.9525680780863314823e+00
3.3333333333333331483e-01,2.9181559709852833429e+00
3.3633633633633630566e-01,2.8840068934404077261e+00
3.3933933933933935201e-01,2.8501187467974524736e+00
3.4234234234234234284e-01,2.8164894515566256672e+00
3.4534534534534533368e-01,2.7831169420220889243e+00
3.4834834834834832451e-01,2.7499991774455492255e+00
3.5135135135135137086e-01,2.7171341289547865649e+00
3.5435435435435436169e-01,2.6845197890829375353e+00
3.5735735735735735252e-01,2.6521541689271965758e+00
3.6036036036036034336e-01,2.6200352931047370397e+00
3.6336336336336333419e-01,2.5881612098769943842e+00
3.6636636636636638054e-01,2.5565299793941065332e+00
3.6936936936936937137e-01,2.5251396821027061179e+00
3.7237237237237236220e-01,2.4939884163788921256e+00
3.7537537537537535304e-01,2.4630742937742917675e+00
3.7837837837837839938e-01,2.4323954482293630441e+00
3.8138138138138139022e-01,2.4019500254886216872e+00
3.8438438438438438105e-01,2.3717361905307310366e+00
3.8738738738738737188e-01,2.3417521256077526992e+00
3.9039039039039036272e-01,2.3119960257621228195e+00
3.9339339339339340906e-01,2.2824661072205425505e+00
3.9639639639639639990e-01,2.2531605978478155272e+00
3.9939939939939939073e-01,2.2240777437208012479e+00
4.0240240240240238156e-01,2.1952158075164449613e+00
4.0540540540540542791e-01,2.1665730642914766690e+00
4.0840840840840841874e-01,2.1381478091393004703e+00
4.1141141141141140958e-01,2.1099383485695550888e+00
4.1441441441441440041e-01,2.0819430063254702468e+00
4.1741741741741739125e-01,2.0541601220692426999e+00
4.2042042042042043759e-01,2.0265880474084312368e+00
4.2342342342342342842e-01,1.9992251528916247238e+00
4.2642642642642641926e-01,1.9720698202149344880e+00
4.2942942942942941009e-01,1.9451204473772580883e+00
4.3243243243243245644e-01,1.9183754476206620332e+00
4.3543543543543544727e-01,1.8918332456884836557e+00
4.3843843843843843811e-01,1.8654922842234096247e+00
4.4144144144144142894e-01,1.8393510167106192910e+00
4.4444444444444441977e-01,1.8134079120496098270e+00
4.4744744744744746612e-01,1.7876614537128854288e+00
4.5045045045045045695e-01,1.7621101362241111676e+00
4.5345345345345344779e-01,1.7367524710184685244e+00
4.5645645645645643862e-01,1.7115869800464080797e+00
4.5945945945945942945e-01,1.6866121998301544238e+00
4.6246246246246247580e-01,1.6618266808086643582e+00
4.6546546546546546663e-01,1.6372289840209248712e+00
4.6846846846846845747e-01,1.6128176864803558388e+00
4.7147147147147144830e-01,1.5885913753693443606e+00
4.7447447447447449465e-01,1.5645486516420412659e+00
4.7747747747747748548e-01,1.5406881295289280853e+00
4.8048048048048047631e-01,1.5170084334143787430e+00
4.8348348348348346715e-01,1.4935082027716048980e+00
4.8648648648648645798e-01,1.4701860868873601884e+00
4.8948948948948950433e-01,1.4470407480628024732e+00
4.9249249249249249516e-01,1.4240708612540446953e+00
4.9549549549549548599e-01,1.4012751111311951835e+00
4.9849849849849847683e-01,1.3786521966156164432e+00
5.0150150150150152317e-01,1.3562008260805966664e+00
5.0450450450450445850e-01,1.3339197201973778117e+00
5.0750750750750750484e-01,1.3118076116918988561e+00
5.1051051051051055119e-01,1.2898632425746383579e+00
5.1351351351351348651e-01,1.2680853683171613433e+00
5.1651651651651653285e-01,1.2464727534807504838e+00
5.1951951951951946818e-01,1.2250241742477894213e+00
5.2252252252252251452e-01,1.2037384182773454011e+00
5.2552552552552556087e-01,1.1826142820948335466e+00
5.2852852852852849619e-01,1.1616505749413326143e+00
5.3153153153153154253e-01,1.1408461147875805786e+00
5.3453453453453447786e-01,1.1201997305865605270e+00
5.3753753753753752420e-01,1.0997102622131733618e+00
5.4054054054054057055e-01,1.0793765580038090501e+00
5.4354354354354350587e-01,1.0591974783081583578e+00
5.4654654654654655221e-01,1.0391718918505905567e+00
5.4954954954954959856e-01,1.0192986777352333050e+00
5.5255255255255253388e-01,9.9957672545696885091e-01
5.5555555555555558023e-01,9.8000493258144816267e-01
5.5855855855855851555e-01,9.6058220802627114487e-01
5.6156156156156156189e-01,9.4130746873601933711e-01
5.6456456456456460824e-01,9.2217964146736230990e-01
5.6756756756756754356e-01,9.0319766286035063629e-01
5.7057057057057058991e-01,8.8436047724990862751e-01
5.7357357357357352523e-01,8.6566703970034153404e-01
5.7657657657657657158e-01,8.4711631296379941158e-01
5.7957957957957961792e-01,8.2870726906972957959e-01
5.8258258258258255324e-01,8.1043888944704645105e-01
5.8558558558558559959e-01,7.9231016285898736573e-01
5.8858858858858853491e-01,7.7432008821262732212e-01
5.9159159159159158126e-01,7.5646767177398666071e-01
5.9459459459459462760e-01,7.3875192858326377277e-01
5.9759759759759756292e-01,7.2117188261965259333e-01
6.0060060060060060927e-01,7.0372656485165385742e-01
6.0360360360360354459e-01,6.8641501584089659183e-01
6.0660660660660659094e-01,6.6923628318972006035e-01
6.0960960960960963728e-01,6.5218942280095171249e-01
6.1261261261261257260e-01,6.3527349907834351761e-01
6.1561561561561561895e-01,6.1848758308519946603e-01
6.1861861861861866529e-01,6.0183075496020299600e-01
6.2162162162162160062e-01,5.8530210157609374733e-01
6.2462462462462464696e-01,5.6890071766082472848e-01
6.2762762762762758229e-01,5.5262570602755101135e-01
6.3063063063063062863e-01,5.3647617583486839621e-01
6.3363363363363367498e-01,5.2045124483025073658e-01
6.3663663663663661030e-01,5.0455003720047475468e-01
6.3963963963963965664e-01,4.8877168456874831026e-01
6.4264264264264259197e-01,4.7311532624891838861e-01
6.4564564564564563831e-01,4.5758010760083667190e-01
6.4864864864864868466e-01,4.4216518211577948705e-01
6.5165165165165161998e-01,4.2686970944131513717e-01
6.5465465465465466632e-01,4.1169285626774865250e-01
6.5765765765765760165e-01,3.9663379660208752941e-01
6.6066066066066064799e-01,3.8169171021284487022e-01
6.6366366366366369434e-01,3.6686578457028101719e-01
6.6666666666666662966e-01,3.5215521303023161748e-01
6.6966966966966967600e-01,3.3755919562138519963e-01
6.7267267267267261133e-01,3.2307693933501924199e-01
6.7567567567567565767e-01,3.0870765665367311259e-01
6.7867867867867870402e-01,2.9445056735776159451e-01
6.8168168168168163934e-01,2.8030489685430032276e-01
6.8468468468468468568e-01,2.6626987687527525761e-01
6.8768768768768773203e-01,2.5234474577979720822e-01
6.9069069069069066735e-01,2.3852874716165103908e-01
6.9369369369369371370e-01,2.2482113153295057995e-01
6.9669669669669664902e-01,2.1122115478527117571e-01
6.9969969969969969537e-01,1.9772807880836368311e-01
7.0270270270270274171e-01,1.8434117180178752338e-01
7.0570570570570567703e-01,1.7105970695662717218e-01
7.0870870870870872338e-01,1.5788296402567009169e-01
7.1171171171171165870e-01,1.4481022790557912527e-01
7.1471471471471470505e-01,1.3184078918404873448e-01
7.1771771771771775139e-01,1.1897394445835711430e-01
7.2072072072072068671e-01,1.0620899508677485168e-01
7.2372372372372373306e-01,9.3545248653955082041e-02
7.2672672672672666838e-01,8.0982017663865660251e-02
7.2972972972972971473e-01,6.8518620022751164367e-02
7.3273273273273276107e-01,5.6154379362449026447e-02
7.3573573573573569639e-01,4.3888623857480005275e-02
7.3873873873873874274e-01,3.1720687593561912310e-02
7.4174174174174178908e-01,1.9649909362075314301e-02
7.4474474474474472441e-01,7.6756330853094819830e-03
7.4774774774774777075e-01,-4.2027918573743060920e-03
7.5075075075075070608e-01,-1.5986011750596273995e-02
7.5375375375375375242e-01,-2.7674667264179986931e-02
7.5675675675675679877e-01,-3.9269394565554109622e-02
7.5975975975975973409e-01,-5.0770824946421780344e-02
7.6276276276276278043e-01,-6.2179584495366355124e-02
7.6576576576576571576e-01,-7.3496295160602104213e-02
7.6876876876876876210e-01,-8.4721573554340123824e-02
7.7177177177177180845e-01,-9.5856031979641084795e-02
7.7477477477477474377e-01,-1.0690027810376007134e-01
7.7777777777777779011e-01,-1.1785491463092864772e-01
7.8078078078078072544e-01,-1.2872054031009355635e-01
7.8378378378378377178e-01,-1.3949774881647780678e-01
7.8678678678678681813e-01,-1.5018712969979480798e-01
7.8978978978978975345e-01,-1.6078926809963264843e-01
7.9279279279279279979e-01,-1.7130474441963597365e-01
7.9579579579579573512e-01,-1.8173413528334025902e-01
7.9879879879879878146e-01,-1.9207801248747272127e-01
8.0180180180180182781e-01,-2.0233694387782039104e-01
8.0480480480480476313e-01,-2.1251149310243933055e-01
8.0780780780780780947e-01,-2.2260221928825071891e-01
8.1081081081081085582e-01,-2.3260967794778114603e-01
8.1381381381381379114e-01,-2.4253441999915287264e-01
8.1681681681681683749e-01,-2.5237699257526347019e-01
8.1981981981981977281e-01,-2.6213793881103886196e-01
8.2282282282282281916e-01,-2.7181779752336537870e-01
8.2582582582582586550e-01,-2.8141710407144676642e-01
8.2882882882882880082e-01,-2.9093638943896343863e-01
8.3183183183183184717e-01,-3.0037618098179780235e-01
8.3483483483483478249e-01,-3.0973700224598721409e-01
8.3783783783783782884e-01,-3.1901937265175583924e-01
8.4084084084084087518e-01,-3.2822380831002173629e-01
8.4384384384384381050e-01,-3.3735082116250902917e-01
8.4684684684684685685e-01,-3.4640091967279068585e-01
8.4984984984984979217e-01,-3.5537460867189207825e-01
8.5285285285285283852e-01,-3.6427238904704145606e-01
8.5585585585585588486e-01,-3.7309475851662465828e-01
8.5885885885885882018e-01,-3.8184221082429142813e-01
8.6186186186186186653e-01,-3.9051523637759427698e-01
8.6486486486486491287e-01,-3.9911432211837827300e-01
8.6786786786786784820e-01,-4.0763995121682267131e-01
8.7087087087087089454e-01,-4.1609260380701268422e-01
8.7387387387387382987e-01,-4.2447275623160285463e-01
8.7687687687687687621e-01,-4.3278088163205175043e-01
8.7987987987987992256e-01,-4.4101744984141927342e-01
8.8288288288288285788e-01,-4.4918292708417473236e-01
8.8588588588588590422e-01,-4.5727777667449648336e-01
8.8888888888888883955e-01,-4.6530245830817601460e-01
8.9189189189189188589e-01,-4.7325742860812086699e-01
8.9489489489489493224e-01,-4.8114314103730021488e-01
8.9789789789789786756e-01,-4.8896004560470474054e-01
9.0090090090090091390e-01,-4.9670858952832946942e-01
9.0390390390390384923e-01,-5.0438921657123159115e-01
9.0690690690690689557e-01,-5.1200236754561745389e-01
9.0990990990990994192e-01,-5.1954848024377919824e-01
9.1291291291291287724e-01,-5.2702798915047444073e-01
9.1591591591591592358e-01,-5.3444132607224137388e-01
9.1891891891891885891e-01,-5.4178891951482532896e-01
9.2192192192192190525e-01,-5.4907119514887581246e-01
9.2492492492492495160e-01,-5.5628857575715151551e-01
9.2792792792792788692e-01,-5.6344148095365453877e-01
9.3093093093093093326e-01,-5.7053032778106760325e-01
9.3393393393393397961e-01,-5.7755553012701710269e-01
9.3693693693693691493e-01,-5.8451749915423933945e-01
9.3993993993993996128e-01,-5.9141664326238496674e-01
9.4294294294294289660e-01,-5.9825336781409355069e-01
9.4594594594594594295e-01,-6.0502807570219596656e-01
9.4894894894894898929e-01,-6.1174116680235746113e-01
9.5195195195195192461e-01,-6.1839303837034220734e-01
9.5495495495495497096e-01,-6.2498408501689328709e-01
9.5795795795795790628e-01,-6.3151469844089025418e-01
9.6096096096096095263e-01,-6.3798526796779697623e-01
9.6396396396396399897e-01,-6.4439618003634613341e-01
9.6696696696696693429e-01,-6.5074781856522245782e-01
9.6996996996996998064e-01,-6.5704056493948748141e-01
9.7297297297297291596e-01,-6.6327479775094244641e-01
9.7597597597597596231e-01,-6.6945089330913010173e-01
9.7897897897897900865e-01,-6.7556922516013517832e-01
9.8198198198198194397e-01,-6.8163016442493296054e-01
9.8498498498498499032e-01,-6.8763407979624457944e-01
9.8798798798798792564e-01,-6.9358133728623727610e-01
9.9099099099099097199e-01,-6.9947230071150690023e-01
9.9399399399399401833e-01,-7.0530733124203870421e-01
9.9699699699699695365e-01,-7.1108678771327671342e-01
1.0000000000000000000e+00,-7.1681102663226536897e-01
1.0030030030030030463e+00,-7.2248040193272422549e-01
1.0060060060060060927e+00,-7.2809526543530644904e-01
1.0090090090090089170e+00,-7.3365596642487596046e-01
1.0120120120120119633e+00,-7.3916285193820630006e-01
1.0150150150150150097e+00,-7.4461626677836867394e-01
1.0180180180180180560e+00,-7.5001655327717087207e-01
1.0210210210210211024e+00,-7.5536405173184961725e-01
1.0240240240240239267e+00,-7.6065910000886538533e-01
1.0270270270270269730e+00,-7.6590203380890775620e-01
1.0300300300300300194e+00,-7.7109318668843651601e-01
1.0330330330330330657e+00,-7.7623288982951299531e-01
1.0360360360360361121e+00,-7.8132147245398630986e-01
1.0390390390390389364e+00,-7.8635926145240020446e-01
1.0420420420420419827e+00,-7.9134658162796267522e-01
1.0450450450450450290e+00,-7.9628375572451703945e-01
1.0480480480480480754e+00,-8.0117110420377146696e-01
1.0510510510510511217e+00,-8.0600894563813552107e-01
1.0540540540540539460e+00,-8.1079759636322024097e-01
1.0570570570570569924e+00,-8.1553737070229559425e-01
1.0600600600600600387e+00,-8.2022858099989981451e-01
1.0630630630630630851e+00,-8.2487153740641050437e-01
1.0660660660660661314e+00,-8.2946654825057619664e-01
1.0690690690690689557e+00,-8.3401391971419525095e-01
1.0720720720720720021e+00,-8.3851395603846567983e-01
1.0750750750750750484e+00,-8.4296695956252443160e-01
1.0780780780780780947e+00,-8.4737323051526991513e-01
1.0810810810810811411e+00,-8.5173306736857590238e-01
1.0840840840840839654e+00,-8.5604676653273903408e-01
1.0870870870870870117e+00,-8.6031462254597401706e-01
1.0900900900900900581e+00,-8.6453692811708837684e-01
1.0930930930930931044e+00,-8.6871397392446880747e-01
1.0960960960960961508e+00,-8.7284604895076833841e-01
1.0990990990990991971e+00,-8.7693344019802910161e-01
1.1021021021021020214e+00,-8.8097643286154991848e-01
1.1051051051051050678e+00,-8.8497531037623367034e-01
1.1081081081081081141e+00,-8.8893035422270871848e-01
1.1111111111111111605e+00,-8.9284184424445789396e-01
1.1141141141141142068e+00,-8.9671005838146367051e-01
1.1171171171171170311e+00,-9.0053527282958267808e-01
1.1201201201201200774e+00,-9.0431776209002712186e-01
1.1231231231231231238e+00,-9.0805779878249359705e-01
1.1261261261261261701e+00,-9.1175565394560553756e-01
1.1291291291291292165e+00,-9.1541159678796091281e-01
1.1321321321321320408e+00,-9.1902589483407925997e-01
1.1351351351351350871e+00,-9.2259881397651366530e-01
1.1381381381381381335e+00,-9.2613061829586695861e-01
1.1411411411411411798e+00,-9.2962157034536196942e-01
1.1441441441441442262e+00,-9.3307193091824947029e-01
1.1471471471471470505e+00,-9.3648195918129684134e-01
1.1501501501501500968e+00,-9.3985191272901558168e-01
1.1531531531531531432e+00,-9.4318204741038236261e-01
1.1561561561561561895e+00,-9.4647261759819301119e-01
1.1591591591591592358e+00,-9.4972387597180896179e-01
1.1621621621621620601e+00,-9.5293607363904864194e-01
1.1651651651651651065e+00,-9.5610946019213660652e-01
1.1681681681681681528e+00,-9.5924428354110780059e-01
1.1711711711711711992e+00,-9.6234079016872708934e-01
1.1741741741741742455e+00,-9.6539922492777541230e-01
1.1771771771771770698e+00,-9.6841983115222263212e-01
1.1801801801801801162e+00,-9.7140285071458276622e-01
1.1831831831831831625e+00,-9.7434852386583781225e-01
1.1861861861861862089e+00,-9.7725708947663925130e-01
1.1891891891891892552e+00,-9.8012878484825316505e-01
1.1921921921921920795e+00,-9.8296384581381801571e-01
1.1951951951951951258e+00,-9.8576250679676324928e-01
1.1981981981981981722e+00,-9.8852500065709880683e-01
1.2012012012012012185e+00,-9.9125155891958371956e-01
1.2042042042042042649e+00,-9.9394241159749274761e-01
1.2072072072072070892e+00,-9.9659778728470782561e-01
1.2102102102102101355e+00,-9.9921791321489716875e-01
1.2132132132132131819e+00,-1.0018030151140100426e+00
1.2162162162162162282e+00,-1.0043533174160539367e+00
1.2192192192192192746e+00,-1.0068690430988682660e+00
1.2222222222222223209e+00,-1.0093504137676956312e+00
1.2252252252252251452e+00,-1.0117976497147342929e+00
1.2282282282282281916e+00,-1.0142109697776673372e+00
1.2312312312312312379e+00,-1.0165905915435289320e+00
1.2342342342342342842e+00,-1.0189367311958208440e+00
1.2372372372372373306e+00,-1.0212496035902158820e+00
1.2402402402402401549e+00,-1.0235294223143374115e+00
1.2432432432432432012e+00,-1.0257763995522366507e+00
1.2462462462462462476e+00,-1.0279907462769994897e+00
1.2492492492492492939e+00,-1.0301726721085557870e+00
1.2522522522522523403e+00,-1.0323223853821255069e+00
1.2552552552552551646e+00,-1.0344400932080013433e+00
1.2582582582582582109e+00,-1.0365260013418056140e+00
1.2612612612612612573e+00,-1.0385803143664054105e+00
1.2642642642642643036e+00,-1.0406032355597543138e+00
1.2672672672672673500e+00,-1.0425949669566412226e+00
1.2702702702702701743e+00,-1.0445557094082820182e+00
1.2732732732732732206e+00,-1.0464856624581833078e+00
1.2762762762762762669e+00,-1.0483850245139061386e+00
1.2792792792792793133e+00,-1.0502539927243166318e+00
1.2822822822822823596e+00,-1.0520927630351675219e+00
1.2852852852852851839e+00,-1.0539015302483125680e+00
1.2882882882882882303e+00,-1.0556804879030146083e+00
1.2912912912912912766e+00,-1.0574298284380663215e+00
1.2942942942942943230e+00,-1.0591497430778233912e+00
1.2972972972972973693e+00,-1.0608404218820635112e+00
1.3003003003003001936e+00,-1.0625020538045693019e+00
1.3033033033033032400e+00,-1.0641348265796903849e+00
1.3063063063063062863e+00,-1.0657389268752002209e+00
1.3093093093093093326e+00,-1.0673145401866219739e+00
1.3123123123123123790e+00,-1.0688618508818361619e+00
1.3153153153153152033e+00,-1.0703810422589752349e+00
1.3183183183183182496e+00,-1.0718722964381532936e+00
1.3213213213213212960e+00,-1.0733357945055752580e+00
1.3243243243243243423e+00,-1.0747717164156735947e+00
1.3273273273273273887e+00,-1.0761802410308993760e+00
1.3303303303303302130e+00,-1.0775615461787964033e+00
1.3333333333333332593e+00,-1.0789158085487307037e+00
1.3363363363363363057e+00,-1.0802432038277085535e+00
1.3393393393393393520e+00,-1.0815439066098213594e+00
1.3423423423423423984e+00,-1.0828180904316133670e+00
1.3453453453453452227e+00,-1.0840659278282365197e+00
1.3483483483483482690e+00,-1.0852875902350054282e+00
1.3513513513513513153e+00,-1.0864832481153525734e+00
1.3543543543543543617e+00,-1.0876530708771154909e+00
1.3573573573573574080e+00,-1.0887972269038523887e+00
1.3603603603603604544e+00,-1.0899158836099769321e+00
1.3633633633633632787e+00,-1.0910092073469743745e+00
1.3663663663663663250e+00,-1.0920773635239078292e+00
1.3693693693693693714e+00,-1.0931205165301005611e+00
1.3723723723723724177e+00,-1.0941388297627305803e+00
1.3753753753753754641e+00,-1.0951324656808030245e+00
1.3783783783783782884e+00,-1.0961015857158302733e+00
1.3813813813813813347e+00,-1.0970463503851806131e+00
1.3843843843843843811e+00,-1.0979669192207046624e+00
1.3873873873873874274e+00,-1.0988634507929038175e+00
1.3903903903903904737e+00,-1.0997361027636802788e+00
1.3933933933933932980e+00,-1.1005850318014172018e+00
1.3963963963963963444e+00,-1.1014103936875780931e+00
1.3993993993993993907e+00,-1.1022123432509778329e+00
1.4024024024024024371e+00,-1.1029910343888449376e+00
1.4054054054054054834e+00,-1.1037466201183172565e+00
1.4084084084084083077e+00,-1.1044792524957611768e+00
1.4114114114114113541e+00,-1.1051890827169790210e+00
1.4144144144144144004e+00,-1.1058762610567480777e+00
1.4174174174174174468e+00,-1.1065409368870557927e+00
1.4204204204204204931e+00,-1.1071832587272931736e+00
1.4234234234234233174e+00,-1.1078033741676529544e+00
1.4264264264264263637e+00,-1.1084014299632869438e+00
1.4294294294294294101e+00,-1.1089775719787597907e+00
1.4324324324324324564e+00,-1.1095319452037164520e+00
1.4354354354354355028e+00,-1.1100646938017335597e+00
1.4384384384384383271e+00,-1.1105759610376360058e+00
1.4414414414414413734e+00,-1.1110658893659370872e+00
1.4444444444444444198e+00,-1.1115346203798694980e+00
1.4474474474474474661e+00,-1.1119822948247262140e+00
1.4504504504504505125e+00,-1.1124090526453362937e+00
1.4534534534534533368e+00,-1.1128150329171506705e+00
1.4564564564564563831e+00,-1.1132003739292590794e+00
1.4594594594594594295e+00,-1.1135652131376392315e+00
1.4624624624624624758e+00,-1.1139096871763511931e+00
1.4654654654654655221e+00,-1.1142339319035183820e+00
1.4684684684684683464e+00,-1.1145380823360233613e+00
1.4714714714714713928e+00,-1.1148222727273136012e+00
1.4744744744744744391e+00,-1.1150866365246507872e+00
1.4774774774774774855e+00,-1.1153313063783951709e+00
1.4804804804804805318e+00,-1.1155564141865426109e+00
1.4834834834834835782e+00,-1.1157620910329573150e+00
1.4864864864864864025e+00,-1.1159484672602855149e+00
1.4894894894894894488e+00,-1.1161156724309460042e+00
1.4924924924924924952e+00,-1.1162638353346996389e+00
1.4954954954954955415e+00,-1.1163930840317279891e+00
1.4984984984984985878e+00,-1.1165035457942584785e+00
1.5015015015015014122e+00,-1.1165953471748608639e+00
1.5045045045045044585e+00,-1.1166686139709101067e+00
1.5075075075075075048e+00,-1.1167234712306202127e+00
1.5105105105105105512e+00,-1.1167600432946622746e+00
1.5135135135135135975e+00,-1.1167784537410356815e+00
1.5165165165165164218e+00,-1.1167788254490096378e+00
1.5195195195195194682e+00,-1.1167612805668096776e+00
1.5225225225225225145e+00,-1.1167259405162768271e+00
1.5255255255255255609e+00,-1.1166729260330274798e+00
1.5285285285285286072e+00,-1.1166023571144343407e+00
1.5315315315315314315e+00,-1.1165143530794545690e+00
1.5345345345345344779e+00,-1.1164090325393121184e+00
1.5375375375375375242e+00,-1.1162865134009265500e+00
1.5405405405405405705e+00,-1.1161469129056293959e+00
1.5435435435435436169e+00,-1.1159903475801056238e+00
1.5465465465465464412e+00,-1.1158169332923426609e+00
1.5495495495495494875e+00,-1.1156267852250245642e+00
1.5525525525525525339e+00,-1.1154200178778410635e+00
1.5555555555555555802e+00,-1.1151967451046636004e+00
1.5585585585585586266e+00,-1.1149570800673249682e+00
1.5615615615615614509e+00,-1.1147011352878297696e+00
1.5645645645645644972e+00,-1.1144290226243303010e+00
1.5675675675675675436e+00,-1.1141408532724863534e+00
1.5705705705705705899e+00,-1.1138367378011755360e+00
1.5735735735735736363e+00,-1.1135167861090511376e+00
1.5765765765765764606e+00,-1.1131811074732567146e+00
1.5795795795795795069e+00,-1.1128298105278138230e+00
1.5825825825825825532e+00,-1.1124630032641400490e+00
1.5855855855855855996e+00,-1.1120807930653193729e+00
1.5885885885885886459e+00,-1.1116832866653050260e+00
1.5915915915915914702e+00,-1.1112705901943507047e+00
1.5945945945945945166e+00,-1.1108428091596189713e+00
1.5975975975975975629e+00,-1.1104000484449707553e+00
1.6006006006006006093e+00,-1.1099424123438130785e+00
1.6036036036036036556e+00,-1.1094700045208301109e+00
1.6066066066066067020e+00,-1.1089829280543188617e+00
1.6096096096096095263e+00,-1.1084812854188506037e+00
1.6126126126126125726e+00,-1.1079651784844282147e+00
1.6156156156156156189e+00,-1.1074347085479390174e+00
1.6186186186186186653e+00,-1.1068899762972881362e+00
1.6216216216216217116e+00,-1.1063310818508322875e+00
1.6246246246246245359e+00,-1.1057581247419263626e+00
1.6276276276276275823e+00,-1.1051712039175409785e+00
1.6306306306306306286e+00,-1.1045704177683470792e+00
1.6336336336336336750e+00,-1.1039558640951361301e+00
1.6366366366366367213e+00,-1.1033276401455305304e+00
1.6396396396396395456e+00,-1.1026858426002541513e+00
1.6426426426426425920e+00,-1.1020305675712800397e+00
1.6456456456456456383e+00,-1.1013619106305041484e+00
1.6486486486486486847e+00,-1.1006799667783138119e+00
1.6516516516516517310e+00,-1.0999848304776589369e+00
1.6546546546546545553e+00,-1.0992765956418653062e+00
1.6576576576576576016e+00,-1.0985553556323999214e+00
1.6606606606606606480e+00,-1.0978212032861760505e+00
1.6636636636636636943e+00,-1.0970742308862582171e+00
1.6666666666666667407e+00,-1.0963145301934784648e+00
1.6696696696696695650e+00,-1.0955421924357393593e+00
1.6726726726726726113e+00,-1.0947573083054766840e+00
1.6756756756756756577e+00,-1.0939599679856466530e+00
1.6786786786786787040e+00,-1.0931502611224568344e+00
1.6816816816816817504e+00,-1.0923282768546829224e+00
1.6846846846846845747e+00,-1.0914941038043297628e+00
1.6876876876876876210e+00,-1.0906478300738602361e+00
1.6906906906906906674e+00,-1.0897895432708950558e+00
1.6936936936936937137e+00,-1.0889193304828679310e+00
1.6966966966966967600e+00,-1.0880372783041862839e+00
1.6996996996996995843e+00,-1.0871434728281359483e+00
1.7027027027027026307e+00,-1.0862379996439279761e+00
1.7057057057057056770e+00,-1.0853209438601514325e+00
1.7087087087087087234e+00,-1.0843923900812502126e+00
1.7117117117117117697e+00,-1.0834524224326660402e+00
1.7147147147147145940e+00,-1.0825011245538758153e+00
1.7177177177177176404e+00,-1.0815385795953094128e+00
1.7207207207207206867e+00,-1.0805648702405898920e+00
1.7237237237237237331e+00,-1.0795800786847349340e+00
1.7267267267267267794e+00,-1.0785842866574169019e+00
1.7297297297297298257e+00,-1.0775775754170258125e+00
1.7327327327327326500e+00,-1.0765600257475067547e+00
1.7357357357357356964e+00,-1.0755317179794203764e+00
1.7387387387387387427e+00,-1.0744927319697814561e+00
1.7417417417417417891e+00,-1.0734431471235525990e+00
1.7447447447447448354e+00,-1.0723830423885927221e+00
1.7477477477477476597e+00,-1.0713124962524229744e+00
1.7507507507507507061e+00,-1.0702315867620666445e+00
1.7537537537537537524e+00,-1.0691403915054120688e+00
1.7567567567567567988e+00,-1.0680389876309901442e+00
1.7597597597597598451e+00,-1.0669274518437554811e+00
1.7627627627627626694e+00,-1.0658058604018645354e+00
1.7657657657657657158e+00,-1.0646742891353737637e+00
1.7687687687687687621e+00,-1.0635328134291210933e+00
1.7717717717717718084e+00,-1.0623815082409215904e+00
1.7747747747747748548e+00,-1.0612204480981302090e+00
1.7777777777777776791e+00,-1.0600497070944672195e+00
1.7807807807807807254e+00,-1.0588693589076081381e+00
1.7837837837837837718e+00,-1.0576794767834989397e+00
1.7867867867867868181e+00,-1.0564801335530833448e+00
1.7897897897897898645e+00,-1.0552714016295630106e+00
1.7927927927927926888e+00,-1.0540533530052975664e+00
1.7957957957957957351e+00,-1.0528260592683309493e+00
1.7987987987987987815e+00,-1.0515895915880564271e+00
1.8018018018018018278e+00,-1.0503440207305756449e+00
1.8048048048048048742e+00,-1.0490894170565836507e+00
1.8078078078078076985e+00,-1.0478258505183697391e+00
1.8108108108108107448e+00,-1.0465533906753183846e+00
1.8138138138138137911e+00,-1.0452721066808461359e+00
1.8168168168168168375e+00,-1.0439820672964872372e+00
1.8198198198198198838e+00,-1.0426833408903386502e+00
1.8228228228228227081e+00,-1.0413759954341792469e+00
1.8258258258258257545e+00,-1.0400600985179870861e+00
1.8288288288288288008e+00,-1.0387357173380724618e+00
1.8318318318318318472e+00,-1.0374029187099815807e+00
1.8348348348348348935e+00,-1.0360617690674354119e+00
1.8378378378378377178e+00,-1.0347123344595892114e+00
1.8408408408408407642e+00,-1.0333546805646034450e+00
1.8438438438438438105e+00,-1.0319888726789017142e+00
1.8468468468468468568e+00,-1.0306149757289790880e+00
1.8498498498498499032e+00,-1.0292330542707563978e+00
1.8528528528528527275e+00,-1.0278431724869754316e+00
1.8558558558558557738e+00,-1.0264453941997910835e+00
1.8588588588588588202e+00,-1.0250397828610557927e+00
1.8618618618618618665e+00,-1.0236264015630487378e+00
1.8648648648648649129e+00,-1.0222053130381738573e+00
1.8678678678678679592e+00,-1.0207765796565375638e+00
1.8708708708708707835e+00,-1.0193402634376289573e+00
1.8738738738738738299e+00,-1.0178964260416425436e+00
1.8768768768768768762e+00,-1.0164451287792355405e+00
1.8798798798798799226e+00,-1.0149864326115667357e+00
1.8828828828828829689e+00,-1.0135203981480807034e+00
1.8858858858858857932e+00,-1.0120470856573100527e+00
1.8888888888888888395e+00,-1.0105665550591782509e+00
1.8918918918918918859e+00,-1.0090788659338514321e+00
1.8948948948948949322e+00,-1.0075840775220763490e+00
1.8978978978978979786e+00,-1.0060822487231757538e+00
1.9009009009009008029e+00,-1.0045734381050146489e+00
1.9039039039039038492e+00,-1.0030577038972174897e+00
1.9069069069069068956e+00,-1.0015351039991864379e+00
1.9099099099099099419e+00,-1.0000056959806928880e+00
1.9129129129129129883e+00,-9.9846953708009167361e-01
1.9159159159159158126e+00,-9.9692668421348928920e-01
1.9189189189189188589e+00,-9.9537719396881430001e-01
1.9219219219219219053e+00,-9.9382112261306965184e-01
1.9249249249249249516e+00,-9.9225852609313547337e-01
1.9279279279279279979e+00,-9.9068946003420621516e-01
1.9309309309309308222e+00,-9.8911397974820269852e-01
1.9339339339339338686e+00,-9.8753214022863466948e-01
1.9369369369369369149e+00,-9.8594399615714611862e-01
1.9399399399399399613e+00,-9.8434960190449849460e-01
1.9429429429429430076e+00,-9.8274901152923210823e-01
1.9459459459459458319e+00,-9.8114227878535431593e-01
1.9489489489489488783e+00,-9.7952945711794370265e-01
1.9519519519519519246e+00,-9.7791059966904769762e-01
1.9549549549549549710e+00,-9.7628575927880589802e-01
1.9579579579579580173e+00,-9.7465498848434239942e-01
1.9609609609609608416e+00,-9.7301833952676952677e-01
1.9639639639639638879e+00,-9.7137586434745715191e-01
1.9669669669669669343e+00,-9.6972761459331613398e-01
1.9699699699699699806e+00,-9.6807364161797304636e-01
1.9729729729729730270e+00,-9.6641399648087233931e-01
1.9759759759759758513e+00,-9.6474872995354077343e-01
1.9789789789789788976e+00,-9.6307789251650965934e-01
1.9819819819819819440e+00,-9.6140153436401265541e-01
1.9849849849849849903e+00,-9.5971970540525075588e-01
1.9879879879879880367e+00,-9.5803245526375013785e-01
1.9909909909909910830e+00,-9.5633983328296279236e-01
1.9939939939939939073e+00,-9.5464188852382902972e-01
1.9969969969969969537e+00,-9.5293866976895003074e-01
2.0000000000000000000e+00,-9.5123022552391645057e-01
2.0030030030030028243e+00,-9.4951660401692017377e-01
2.0060060060060060927e+00,-9.4779785320372622603e-01
2.0090090090090089170e+00,-9.4607402076582602923e-01
2.0120120120120121854e+00,-9.4434515411413322283e-01
2.0150150150150150097e+00,-9.4261130039035234685e-01
2.0180180180180178340e+00,-9.4087250646683784350e-01
2.0210210210210211024e+00,-9.3912881895097510832e-01
2.0240240240240239267e+00,-9.3738028418387708829e-01
2.0270270270270271951e+00,-9.3562694824364556201e-01
2.0300300300300300194e+00,-9.3386885694676224912e-01
2.0330330330330328437e+00,-9.3210605584818762015e-01
2.0360360360360361121e+00,-9.3033859024518472669e-01
2.0390390390390389364e+00,-9.2856650517651484478e-01
2.0420420420420422047e+00,-9.2678984542530895574e-01
2.0450450450450450290e+00,-9.2500865552045563600e-01
2.0480480480480478533e+00,-9.2322297973694145146e-01
2.0510510510510511217e+00,-9.2143286209914332385e-01
2.0540540540540539460e+00,-9.1963834638048613801e-01
2.0570570570570572144e+00,-9.1783947610596139377e-01
2.0600600600600600387e+00,-9.1603629455349422361e-01
2.0630630630630628630e+00,-9.1422884475451793307e-01
2.0660660660660661314e+00,-9.1241716949677109660e-01
2.0690690690690689557e+00,-9.1060131132437183155e-01
2.0720720720720722241e+00,-9.0878131254002147976e-01
2.0750750750750750484e+00,-9.0695721520633887369e-01
2.0780780780780778727e+00,-9.0512906114665603319e-01
2.0810810810810811411e+00,-9.0329689194735618418e-01
2.0840840840840839654e+00,-9.0146074895831573848e-01
2.0870870870870872338e+00,-8.9962067329481332223e-01
2.0900900900900900581e+00,-8.9777670583876068022e-01
2.0930930930930928824e+00,-8.9592888723970198761e-01
2.0960960960960961508e+00,-8.9407725791664094395e-01
2.0990990990990989751e+00,-8.9222185805883380549e-01
2.1021021021021022435e+00,-8.9036272762740731324e-01
2.1051051051051050678e+00,-8.8849990635652853488e-01
2.1081081081081078921e+00,-8.8663343375464243046e-01
2.1111111111111111605e+00,-8.8476334910585197058e-01
2.1141141141141139848e+00,-8.8288969147106310942e-01
2.1171171171171172531e+00,-8.8101249968936323764e-01
2.1201201201201200774e+00,-8.7913181237911286470e-01
2.1231231231231229017e+00,-8.7724766793941999499e-01
2.1261261261261261701e+00,-8.7536010455109458661e-01
2.1291291291291289944e+00,-8.7346916017811926380e-01
2.1321321321321322628e+00,-8.7157487256880994408e-01
2.1351351351351350871e+00,-8.6967727925682558610e-01
2.1381381381381379114e+00,-8.6777641756286472141e-01
2.1411411411411411798e+00,-8.6587232459522711636e-01
2.1441441441441440041e+00,-8.6396503725157491882e-01
2.1471471471471472725e+00,-8.6205459221990343721e-01
2.1501501501501500968e+00,-8.6014102597946007212e-01
2.1531531531531529211e+00,-8.5822437480265356680e-01
2.1561561561561561895e+00,-8.5630467475525096077e-01
2.1591591591591590138e+00,-8.5438196169839486505e-01
2.1621621621621622822e+00,-8.5245627128941603434e-01
2.1651651651651651065e+00,-8.5052763898264704956e-01
2.1681681681681679308e+00,-8.4859610003153995716e-01
2.1711711711711711992e+00,-8.4666168948852049692e-01
2.1741741741741740235e+00,-8.4472444220723785779e-01
2.1771771771771772919e+00,-8.4278439284323425351e-01
2.1801801801801801162e+00,-8.4084157585465668650e-01
2.1831831831831833846e+00,-8.3889602550456399133e-01
2.1861861861861862089e+00,-8.3694777586047142126e-01
2.1891891891891890332e+00,-8.3499686079679791284e-01
2.1921921921921923015e+00,-8.3304331399542219661e-01
2.1951951951951951258e+00,-8.3108716894627954197e-01
2.1981981981981983942e+00,-8.2912845894985587325e-01
2.2012012012012012185e+00,-8.2716721711643914627e-01
2.2042042042042040428e+00,-8.2520347636874646913e-01
2.2072072072072073112e+00,-8.2323726944237762826e-01
2.2102102102102101355e+00,-8.2126862888630236537e-01
2.2132132132132134039e+00,-8.1929758706551669700e-01
2.2162162162162162282e+00,-8.1732417616000407889e-01
2.2192192192192190525e+00,-8.1534842816748465122e-01
2.2222222222222223209e+00,-8.1337037490375974080e-01
2.2252252252252251452e+00,-8.1139004800302660936e-01
2.2282282282282284136e+00,-8.0940747892071029934e-01
2.2312312312312312379e+00,-8.0742269893212714749e-01
2.2342342342342340622e+00,-8.0543573913539945330e-01
2.2372372372372373306e+00,-8.0344663045172559634e-01
2.2402402402402401549e+00,-8.0145540362556133562e-01
2.2432432432432434233e+00,-7.9946208922764117055e-01
2.2462462462462462476e+00,-7.9746671765337662219e-01
2.2492492492492490719e+00,-7.9546931912591756220e-01
2.2522522522522523403e+00,-7.9346992369635838127e-01
2.2552552552552551646e+00,-7.9146856124379116881e-01
2.2582582582582584330e+00,-7.8946526147849815924e-01
2.2612612612612612573e+00,-7.8746005394011353573e-01
2.2642642642642640816e+00,-7.8545296800080466326e-01
2.2672672672672673500e+00,-7.8344403286543351506e-01
2.2702702702702701743e+00,-7.8143327757147529322e-01
2.2732732732732734426e+00,-7.7942073099237874079e-01
2.2762762762762762669e+00,-7.7740642183550445754e-01
2.2792792792792790912e+00,-7.7539037864541016098e-01
2.2822822822822823596e+00,-7.7337262980398246981e-01
2.2852852852852851839e+00,-7.7135320353021696871e-01
2.2882882882882884523e+00,-7.6933212788373672719e-01
2.2912912912912912766e+00,-7.6730943076252955404e-01
2.2942942942942941009e+00,-7.6528513990631630293e-01
2.2972972972972973693e+00,-7.6325928289666278292e-01
2.3003003003003001936e+00,-7.6123188715662781778e-01
2.3033033033033034620e+00,-7.5920297995442476147e-01
2.3063063063063062863e+00,-7.5717258840097800832e-01
2.3093093093093091106e+00,-7.5514073945335657978e-01
2.3123123123123123790e+00,-7.5310745991487815232e-01
2.3153153153153152033e+00,-7.5107277643462511119e-01
2.3183183183183184717e+00,-7.4903671551123873762e-01
2.3213213213213212960e+00,-7.4699930349031340437e-01
2.3243243243243241203e+00,-7.4496056656787912331e-01
2.3273273273273273887e+00,-7.4292053079050845987e-01
2.3303303303303302130e+00,-7.4087922205469924908e-01
2.3333333333333334814e+00,-7.3883666611079468201e-01
2.3363363363363363057e+00,-7.3679288856023184007e-01
2.3393393393393391300e+00,-7.3474791485905410759e-01
2.3423423423423423984e+00,-7.3270177031803451762e-01
2.3453453453453452227e+00,-7.3065448010192768358e-01
2.3483483483483484910e+00,-7.2860606923349957587e-01
2.3513513513513513153e+00,-7.2655656259063650104e-01
2.3543543543543541396e+00,-7.2450598490985029798e-01
2.3573573573573574080e+00,-7.2245436078640223876e-01
2.3603603603603602323e+00,-7.2040171467338187661e-01
2.3633633633633635007e+00,-7.1834807088584629042e-01
2.3663663663663663250e+00,-7.1629345359776763758e-01
2.3693693693693691493e+00,-7.1423788684556799300e-01
2.3723723723723724177e+00,-7.1218139452826612068e-01
2.3753753753753752420e+00,-7.1012400040641809884e-01
2.3783783783783785104e+00,-7.0806572810638146453e-01
2.3813813813813813347e+00,-7.0600660111713153810e-01
2.3843843843843841590e+00,-7.0394664279381657934e-01
2.3873873873873874274e+00,-7.0188587635793242558e-01
2.3903903903903902517e+00,-6.9982432489612911297e-01
2.3933933933933935201e+00,-6.9776201136459059526e-01
2.3963963963963963444e+00,-6.9569895858573393976e-01
2.3993993993993991687e+00,-6.9363518925177025665e-01
2.4024024024024024371e+00,-6.9157072592491897201e-01
2.4054054054054052614e+00,-6.8950559103607977907e-01
2.4084084084084085298e+00,-6.8743980688931727308e-01
2.4114114114114113541e+00,-6.8537339565846078226e-01
2.4144144144144141784e+00,-6.8330637939065819175e-01
2.4174174174174174468e+00,-6.8123878000663307120e-01
2.4204204204204202711e+00,-6.7917061929922917241e-01
2.4234234234234235394e+00,-6.7710191893798910012e-01
2.4264264264264263637e+00,-6.7503270046566687945e-01
2.4294294294294291880e+00,-6.7296298530176479336e-01
2.4324324324324324564e+00,-6.7089279474284224669e-01
2.4354354354354352807e+00,-6.6882214996092892445e-01
2.4384384384384385491e+00,-6.6675107200819461184e-01
2.4414414414414413734e+00,-6.6467958181338493429e-01
2.4444444444444446418e+00,-6.6260770018533232673e-01
2.4474474474474474661e+00,-6.6053544781331863245e-01
2.4504504504504502904e+00,-6.5846284526536313919e-01
2.4534534534534535588e+00,-6.5638991299297411164e-01
2.4564564564564563831e+00,-6.5431667132752036053e-01
2.4594594594594596515e+00,-6.5224314048370468644e-01
2.4624624624624624758e+00,-6.5016934055998676367e-01
2.4654654654654653001e+00,-6.4809529153675071722e-01
2.4684684684684685685e+00,-6.4602101328112637724e-01
2.4714714714714713928e+00,-6.4394652554331022198e-01
2.4744744744744746612e+00,-6.4187184795999296938e-01
2.4774774774774774855e+00,-6.3979700005484585468e-01
2.4804804804804803098e+00,-6.3772200123657163395e-01
2.4834834834834835782e+00,-6.3564687080378678985e-01
2.4864864864864864025e+00,-6.3357162794130372774e-01
2.4894894894894896709e+00,-6.3149629172350496553e-01
2.4924924924924924952e+00,-6.2942088111489324920e-01
2.4954954954954953195e+00,-6.2734541496802442850e-01
2.4984984984984985878e+00,-6.2526991202842985285e-01
2.5015015015015014122e+00,-6.2319439093084183501e-01
2.5045045045045046805e+00,-6.2111887020248901514e-01
2.5075075075075075048e+00,-6.1904336826370343072e-01
2.5105105105105103291e+00,-6.1696790342571150578e-01
2.5135135135135135975e+00,-6.1489249389562705694e-01
2.5165165165165164218e+00,-6.1281715777263168210e-01
2.5195195195195196902e+00,-6.1074191305122060847e-01
2.5225225225225225145e+00,-6.0866677762187981759e-01
2.5255255255255253388e+00,-6.0659176926876112734e-01
2.5285285285285286072e+00,-6.0451690567473648219e-01
2.5315315315315314315e+00,-6.0244220441754736672e-01
2.5345345345345346999e+00,-6.0036768297299103470e-01
2.5375375375375375242e+00,-5.9829335871567168592e-01
2.5405405405405403485e+00,-5.9621924891656308265e-01
2.5435435435435436169e+00,-5.9414537074811801798e-01
2.5465465465465464412e+00,-5.9207174128039319339e-01
2.5495495495495497096e+00,-5.8999837748417205407e-01
2.5525525525525525339e+00,-5.8792529623179168308e-01
2.5555555555555553582e+00,-5.8585251429459606065e-01
2.5585585585585586266e+00,-5.8378004834809349433e-01
2.5615615615615614509e+00,-5.8170791496806650844e-01
2.5645645645645647193e+00,-5.7963613063362606770e-01
2.5675675675675675436e+00,-5.7756471172811274517e-01
2.5705705705705703679e+00,-5.7549367453644906245e-01
2.5735735735735736363e+00,-5.7342303525033444522e-01
2.5765765765765764606e+00,-5.7135280996435089396e-01
2.5795795795795797289e+00,-5.6928301467893949184e-01
2.5825825825825825532e+00,-5.6721366530138395134e-01
2.5855855855855853775e+00,-5.6514477764305726115e-01
2.5885885885885886459e+00,-5.6307636742465627666e-01
2.5915915915915914702e+00,-5.6100845027230294981e-01
2.5945945945945947386e+00,-5.5894104172044722922e-01
2.5975975975975975629e+00,-5.5687415721292254922e-01
2.6006006006006003872e+00,-5.5480781210010243765e-01
2.6036036036036036556e+00,-5.5274202164416019745e-01
2.6066066066066064799e+00,-5.5067680101517801905e-01
2.6096096096096097483e+00,-5.4861216529396683583e-01
2.6126126126126125726e+00,-5.4654812947320086103e-01
2.6156156156156153969e+00,-5.4448470845448360134e-01
2.6186186186186186653e+00,-5.4242191705362596821e-01
2.6216216216216214896e+00,-5.4035976999677470811e-01
2.6246246246246247580e+00,-5.3829828192313988744e-01
2.6276276276276275823e+00,-5.3623746738621314023e-01
2.6306306306306304066e+00,-5.3417734085074308759e-01
2.6336336336336336750e+00,-5.3211791669803176763e-01
2.6366366366366364993e+00,-5.3005920922208138446e-01
2.6396396396396397677e+00,-5.2800123263223452952e-01
2.6426426426426425920e+00,-5.2594400105446581506e-01
2.6456456456456454163e+00,-5.2388752852828335271e-01
2.6486486486486486847e+00,-5.2183182901202207482e-01
2.6516516516516515090e+00,-5.1977691637901402011e-01
2.6546546546546547773e+00,-5.1772280442011531232e-01
2.6576576576576576016e+00,-5.1566950684506873692e-01
2.6606606606606604259e+00,-5.1361703727929930441e-01
2.6636636636636636943e+00,-5.1156540926921789669e-01
2.6666666666666665186e+00,-5.0951463627840443138e-01
2.6696696696696697870e+00,-5.0746473169004591153e-01
2.6726726726726726113e+00,-5.0541570880838426749e-01
2.6756756756756754356e+00,-5.0336758085542354646e-01
2.6786786786786787040e+00,-5.0132036097625176652e-01
2.6816816816816815283e+00,-4.9927406223524617435e-01
2.6846846846846847967e+00,-4.9722869761842369840e-01
2.6876876876876876210e+00,-4.9518428003496706147e-01
2.6906906906906904453e+00,-4.9314082231385486521e-01
2.6936936936936937137e+00,-4.9109833720918993905e-01
2.6966966966966965380e+00,-4.8905683739643746044e-01
2.6996996996996998064e+00,-4.8701633547468065055e-01
2.7027027027027026307e+00,-4.8497684396822804409e-01
2.7057057057057058991e+00,-4.8293837532316807870e-01
2.7087087087087087234e+00,-4.8090094191270255086e-01
2.7117117117117115477e+00,-4.7886455603341626652e-01
2.7147147147147148161e+00,-4.7682922990744308622e-01
2.7177177177177176404e+00,-4.7479497568414857911e-01
2.7207207207207209088e+00,-4.7276180543661416866e-01
2.7237237237237237331e+00,-4.7072973116697186535e-01
2.7267267267267265574e+00,-4.6869876480271072117e-01
2.7297297297297298257e+00,-4.6666891819874772862e-01
2.7327327327327326500e+00,-4.6464020313918891203e-01
2.7357357357357359184e+00,-4.6261263133374702639e-01
2.7387387387387387427e+00,-4.6058621442306796334e-01
2.7417417417417415670e+00,-4.5856096397508450124e-01
2.7447447447447448354e+00,-4.5653689148698639588e-01
2.7477477477477476597e+00,-4.5451400838706124130e-01
2.7507507507507509281e+00,-4.5249232603104611039e-01
2.7537537537537537524e+00,-4.5047185570744746608e-01
2.7567567567567565767e+00,-4.4845260863393854311e-01
2.7597597597597598451e+00,-4.4643459595923473682e-01
2.7627627627627626694e+00,-4.4441782876500507404e-01
2.7657657657657659378e+00,-4.4240231806217150679e-01
2.7687687687687687621e+00,-4.4038807479620761809e-01
2.7717717717717715864e+00,-4.3837510984359145949e-01
2.7747747747747748548e+00,-4.3636343401357996497e-01
2.7777777777777776791e+00,-4.3435305805019430725e-01
2.7807807807807809475e+00,-4.3234399262846506806e-01
2.7837837837837837718e+00,-4.3033624835971029388e-01
2.7867867867867865961e+00,-4.2832983578804684210e-01
2.7897897897897898645e+00,-4.2632476539205893529e-01
2.7927927927927926888e+00,-4.2432104758686134405e-01
2.7957957957957959572e+00,-4.2231869272028960127e-01
2.7987987987987987815e+00,-4.2031771107815862898e-01
2.8018018018018016058e+00,-4.1831811288082798583e-01
2.8048048048048048742e+00,-4.1631990828477377642e-01
2.8078078078078076985e+00,-4.1432310738471811451e-01
2.8108108108108109668e+00,-4.1232772020977737082e-01
2.8138138138138137911e+00,-4.1033375672868188655e-01
2.8168168168168166154e+00,-4.0834122684640111745e-01
2.8198198198198198838e+00,-4.0635014040559519488e-01
2.8228228228228227081e+00,-4.0436050718881377808e-01
2.8258258258258259765e+00,-4.0237233691458013096e-01
2.8288288288288288008e+00,-4.0038563924258802063e-01
2.8318318318318316251e+00,-3.9840042377038159538e-01
2.8348348348348348935e+00,-3.9641670003470907968e-01
2.8378378378378377178e+00,-3.9443447751379234756e-01
2.8408408408408409862e+00,-3.9245376562336514725e-01
2.8438438438438438105e+00,-3.9047457372184801727e-01
2.8468468468468466348e+00,-3.8849691110708323150e-01
2.8498498498498499032e+00,-3.8652078701759440271e-01
2.8528528528528527275e+00,-3.8454621063492283595e-01
2.8558558558558559959e+00,-3.8257319107962622917e-01
2.8588588588588588202e+00,-3.8060173741642155942e-01
2.8618618618618616445e+00,-3.7863185865098719640e-01
2.8648648648648649129e+00,-3.7666356373111908873e-01
2.8678678678678677372e+00,-3.7469686154913983689e-01
2.8708708708708710056e+00,-3.7273176093785354013e-01
2.8738738738738738299e+00,-3.7076827067566220375e-01
2.8768768768768766542e+00,-3.6880639948342852641e-01
2.8798798798798799226e+00,-3.6684615602553705127e-01
2.8828828828828827469e+00,-3.6488754891236502287e-01
2.8858858858858860152e+00,-3.6293058669620759105e-01
2.8888888888888888395e+00,-3.6097527787635358409e-01
2.8918918918918916638e+00,-3.5902163089601979440e-01
2.8948948948948949322e+00,-3.5706965414331143238e-01
2.8978978978978977565e+00,-3.5511935595375770935e-01
2.9009009009009010249e+00,-3.5317074460620540011e-01
2.9039039039039038492e+00,-3.5122382832785642437e-01
2.9069069069069066735e+00,-3.4927861529127207652e-01
2.9099099099099099419e+00,-3.4733511361523355943e-01
2.9129129129129127662e+00,-3.4539333136734257090e-01
2.9159159159159160346e+00,-3.4345327655987956117e-01
2.9189189189189188589e+00,-3.4151495715481333670e-01
2.9219219219219216832e+00,-3.3957838106087445684e-01
2.9249249249249249516e+00,-3.3764355613427626812e-01
2.9279279279279277759e+00,-3.3571049018142185005e-01
2.9309309309309310443e+00,-3.3377919095489688717e-01
2.9339339339339338686e+00,-3.3184966615796651634e-01
2.9369369369369366929e+00,-3.2992192344162063478e-01
2.9399399399399399613e+00,-3.2799597040756484079e-01
2.9429429429429427856e+00,-3.2607181460829476327e-01
2.9459459459459460540e+00,-3.2414946353516987942e-01
2.9489489489489488783e+00,-3.2222892464699698367e-01
2.9519519519519521467e+00,-3.2031020537213217292e-01
2.9549549549549549710e+00,-3.1839331298847678431e-01
2.9579579579579577953e+00,-3.1647825476574825698e-01
2.9609609609609610636e+00,-3.1456503835917382084e-01
2.9639639639639638879e+00,-3.1265367058000248512e-01
2.9669669669669671563e+00,-3.1074415716683062572e-01
2.9699699699699699806e+00,-3.0883650903276133048e-01
2.9729729729729728049e+00,-3.0693073490952516025e-01
2.9759759759759760733e+00,-3.0502682090917887514e-01
2.9789789789789788976e+00,-3.0312479486552551533e-01
2.9819819819819821660e+00,-3.0122473664580334818e-01
2.9849849849849849903e+00,-2.9932645453879358488e-01
2.9879879879879878146e+00,-2.9742987332672504719e-01
2.9909909909909910830e+00,-2.9553608347716714411e-01
2.9939939939939939073e+00,-2.9364398808981478917e-01
2.9969969969969971757e+00,-2.9174984097843292830e-01
3.0000000000000000000e+00,-2.8986401060948818742e-01
