0.0000000000000000000e+00,4.5553956364285108638e-02
2.3023023023023021089e-03,-2.1412382835468901657e-10
4.6046046046046042177e-03,3.1588781186263359837e-12
6.9069069069069063266e-03,1.0952859781949564574e-10
9.2092092092092084354e-03,2.9735219384788797285e-10
1.1511511511511510544e-02,6.7810472862062446801e-10
1.3813813813813812653e-02,1.3827630167282118889e-09
1.6116116116116116497e-02,2.5254687459525833230e-09
1.8418418418418416871e-02,4.2684495721030947410e-09
2.0720720720720717245e-02,6.7995917463856941057e-09
2.3023023023023021089e-02,1.0316079635636060882e-08
2.5325325325325324932e-02,1.5063137443986799544e-08
2.7627627627627625306e-02,2.1272159497137200413e-08
2.9929929929929925680e-02,2.9243879077242927788e-08
3.2232232232232232993e-02,3.9250657185610976654e-08
3.4534534534534533368e-02,5.1640755888991667591e-08
3.6836836836836833742e-02,6.6733988985314454125e-08
3.9139139139139134116e-02,8.4918396880614005488e-08
4.1441441441441434490e-02,1.0656686584075426649e-07
4.3743743743743741803e-02,1.3210172923819055864e-07
4.6046046046046042177e-02,1.6195183928586079993e-07
4.8348348348348342551e-02,1.9657107034951415266e-07
5.0650650650650649864e-02,2.3644448030873505581e-07
5.2952952952952950239e-02,2.8205742473296460700e-07
5.5255255255255250613e-02,3.3394875011892799298e-07
5.7557557557557550987e-02,3.9263787442229168181e-07
5.9859859859859851361e-02,4.5871243744808096711e-07
6.2162162162162158674e-02,5.3273104962327307415e-07
6.4464464464464465987e-02,6.1532314178792597463e-07
6.6766766766766766361e-02,7.0709268412159190647e-07
6.9069069069069066735e-02,8.0870408378299955591e-07
7.1371371371371367109e-02,9.2081126131299351660e-07
7.3673673673673667484e-02,1.0441091401055534350e-06
7.5975975975975967858e-02,1.1793037381178331743e-06
7.8278278278278268232e-02,1.3271185488320854777e-06
8.0580580580580568606e-02,1.4883113553835134461e-06
8.2882882882882868980e-02,1.6636347551994025858e-06
8.5185185185185183232e-02,1.8538955301063323161e-06
8.7487487487487483606e-02,2.0598783475710804976e-06
8.9789789789789783980e-02,2.2824338559949711081e-06
9.2092092092092084354e-02,2.5223840576903651624e-06
9.4394394394394384729e-02,2.7806167059830609713e-06
9.6696696696696685103e-02,3.0579968547679133031e-06
9.8998998998998985477e-02,3.3554433065598975231e-06
1.0130130130130129973e-01,3.6738681099624800747e-06
1.0360360360360360010e-01,4.0142174068169652584e-06
1.0590590590590590048e-01,4.3774518337262266645e-06
1.0820820820820820085e-01,4.7645435348505739965e-06
1.1051051051051050123e-01,5.1765009874290372139e-06
1.1281281281281280160e-01,5.6143233419126666115e-06
1.1511511511511510197e-01,6.0790638712792742545e-06
1.1741741741741740235e-01,6.5717520229697961226e-06
1.1971971971971970272e-01,7.0934806387111097817e-06
1.2202202202202201697e-01,7.6453148005978415668e-06
1.2432432432432431735e-01,8.2283804196173448005e-06
1.2662662662662660384e-01,8.8437834800797618455e-06
1.2892892892892893197e-01,9.4926776063093551227e-06
1.3123123123123123235e-01,1.0176213064770132555e-05
1.3353353353353353272e-01,1.0895568119612255315e-05
1.3583583583583583310e-01,1.1651938441884884508e-05
1.3813813813813813347e-01,1.2446526117234741574e-05
1.4044044044044043384e-01,1.3280571121201482153e-05
1.4274274274274273422e-01,1.4155300761873318422e-05
1.4504504504504503459e-01,1.5071996040074002622e-05
1.4734734734734733497e-01,1.6031913057607737684e-05
1.4964964964964963534e-01,1.7036368547192276898e-05
1.5195195195195193572e-01,1.8086652731826518377e-05
1.5425425425425423609e-01,1.9184111893684447194e-05
1.5655655655655653646e-01,2.0330075186184752236e-05
1.5885885885885883684e-01,2.1525913734586713541e-05
1.6116116116116113721e-01,2.2772998487911846665e-05
1.6346346346346343759e-01,2.4072722899954658739e-05
1.6576576576576573796e-01,2.5426500421667120753e-05
1.6806806806806806609e-01,2.6835746472364715027e-05
1.7037037037037036646e-01,2.8301915589441488537e-05
1.7267267267267266684e-01,2.9826446908225777384e-05
1.7497497497497496721e-01,3.1410832558828707993e-05
1.7727727727727726759e-01,3.3056539211160303779e-05
1.7957957957957956796e-01,3.4765091265937248107e-05
1.8188188188188186833e-01,3.6537988150969950385e-05
1.8418418418418416871e-01,3.8376780725142277157e-05
1.8648648648648646908e-01,4.0283005526940091697e-05
1.8878878878878876946e-01,4.2258235764763019409e-05
1.9109109109109106983e-01,4.4304047476890557255e-05
1.9339339339339337021e-01,4.6422034208536167596e-05
1.9569569569569567058e-01,4.8613811823704774302e-05
1.9799799799799797095e-01,5.0880994248479418816e-05
2.0030030030030027133e-01,5.3225235469619015631e-05
2.0260260260260259946e-01,5.5648171854515732118e-05
2.0490490490490489983e-01,5.8151491826874765088e-05
2.0720720720720720021e-01,6.0736858223397699008e-05
2.0950950950950950058e-01,6.3405988588690476290e-05
2.1181181181181180095e-01,6.6160577266259604679e-05
2.1411411411411410133e-01,6.9002365531388538066e-05
2.1641641641641640170e-01,7.1933083132249189665e-05
2.1871871871871870208e-01,7.4954491508667683538e-05
2.2102102102102100245e-01,7.8068357766823990923e-05
2.2332332332332330282e-01,8.1276461952408359034e-05
2.2562562562562560320e-01,8.4580608503733559797e-05
2.2792792792792790357e-01,8.7982596482416396263e-05
2.3023023023023020395e-01,9.1484265692131077220e-05
2.3253253253253250432e-01,9.5087436548424070812e-05
2.3483483483483480470e-01,9.8793980363945217379e-05
2.3713713713713710507e-01,1.0260574310388587724e-04
2.3943943943943940544e-01,1.0652462231901058543e-04
2.4174174174174173357e-01,1.1055249430923846043e-04
2.4404404404404403395e-01,1.1469127792914664667e-04
2.4634634634634633432e-01,1.1894288326439277884e-04
2.4864864864864863470e-01,1.2330924740473346753e-04
2.5095095095095093507e-01,1.2779231577068531469e-04
2.5325325325325320769e-01,1.3239404254048820148e-04
2.5555555555555553582e-01,1.3711640812024734762e-04
2.5785785785785786395e-01,1.4196138451810915793e-04
2.6016016016016013657e-01,1.4693098491261598706e-04
2.6246246246246246470e-01,1.5202720173351037597e-04
2.6476476476476473731e-01,1.5725207692668033551e-04
2.6706706706706706544e-01,1.6260762765178156516e-04
2.6936936936936933806e-01,1.6809591944889836108e-04
2.7167167167167166619e-01,1.7371899868953046670e-04
2.7397397397397393881e-01,1.7947895004342314111e-04
2.7627627627627626694e-01,1.8537785211439350170e-04
2.7857857857857853956e-01,1.9141780608892077875e-04
2.8088088088088086769e-01,1.9760092397406428446e-04
2.8318318318318314031e-01,2.0392932270612193469e-04
2.8548548548548546844e-01,2.1040514704474935813e-04
2.8778778778778774106e-01,2.1703053072001139570e-04
2.9009009009009006919e-01,2.2380764880431508988e-04
2.9239239239239234180e-01,2.3073865464084882546e-04
2.9469469469469466993e-01,2.3782574949064353266e-04
2.9699699699699699806e-01,2.4507111066635761405e-04
2.9929929929929927068e-01,2.5247696059448705101e-04
3.0160160160160159881e-01,2.6004550470744720305e-04
3.0390390390390387143e-01,2.6777898260094574199e-04
3.0620620620620619956e-01,2.7567963043180477006e-04
3.0850850850850847218e-01,2.8374970277346921697e-04
3.1081081081081080031e-01,2.9199146732668241440e-04
3.1311311311311307293e-01,3.0040719322418809982e-04
3.1541541541541540106e-01,3.0899917877980141549e-04
3.1771771771771767368e-01,3.1776970900660529750e-04
3.2002002002002000181e-01,3.2672111018152289992e-04
3.2232232232232227442e-01,3.3585568622608325678e-04
3.2462462462462460255e-01,3.4517578716660482193e-04
3.2692692692692687517e-01,3.5468374016692162838e-04
3.2922922922922920330e-01,3.6438191418935143720e-04
3.3153153153153147592e-01,3.7427266343574751165e-04
3.3383383383383380405e-01,3.8435837226330834973e-04
3.3613613613613613218e-01,3.9464142412373254482e-04
3.3843843843843840480e-01,4.0512421696636547993e-04
3.4074074074074073293e-01,4.1580916398645462661e-04
3.4304304304304300555e-01,4.2669867662886289692e-04
3.4534534534534533368e-01,4.3779519663953900786e-04
3.4764764764764760629e-01,4.4910115053500300995e-04
3.4994994994994993442e-01,4.6061900576690269129e-04
3.5225225225225220704e-01,4.7235120713907035933e-04
3.5455455455455453517e-01,4.8430024354094712872e-04
3.5685685685685680779e-01,4.9646858230030391310e-04
3.5915915915915913592e-01,5.0885872920278219476e-04
3.6146146146146140854e-01,5.2147317753513974629e-04
3.6376376376376373667e-01,5.3431444686441529734e-04
3.6606606606606600929e-01,5.4738505827867632320e-04
3.6836836836836833742e-01,5.6068754368598016855e-04
3.7067067067067066555e-01,5.7422445216281502601e-04
3.7297297297297293817e-01,5.8799832815919985014e-04
3.7527527527527526630e-01,6.0201174730662397865e-04
3.7757757757757753891e-01,6.1626726840822803038e-04
3.7987987987987986704e-01,6.3076749063038144247e-04
3.8218218218218213966e-01,6.4551499050579871919e-04
3.8448448448448446779e-01,6.6051238645066056958e-04
3.8678678678678674041e-01,6.7576227679997519227e-04
3.8908908908908906854e-01,6.9126729499755976659e-04
3.9139139139139134116e-01,7.0703006425452085120e-04
3.9369369369369366929e-01,7.2305323032784650766e-04
3.9599599599599594191e-01,7.3933944280100613849e-04
3.9829829829829827004e-01,7.5589135864056566753e-04
4.0060060060060054266e-01,7.7271165370678513654e-04
4.0290290290290287079e-01,7.8980299665278388705e-04
4.0520520520520519892e-01,8.0716808795812400052e-04
4.0750750750750747153e-01,8.2480960998833655843e-04
4.0980980980980979966e-01,8.4273028466759199260e-04
4.1211211211211207228e-01,8.6093281157590686396e-04
4.1441441441441440041e-01,8.7941992982309687230e-04
4.1671671671671667303e-01,8.9819436006028621940e-04
4.1901901901901900116e-01,9.1725885471378879130e-04
4.2132132132132127378e-01,9.3661615822455642801e-04
4.2362362362362360191e-01,9.5626903399493180368e-04
4.2592592592592587453e-01,9.7622025142926171625e-04
4.2822822822822820266e-01,9.9647258411633427705e-04
4.3053053053053047527e-01,1.0170288260629434252e-03
4.3283283283283280340e-01,1.0378917617767931085e-03
4.3513513513513507602e-01,1.0590642080029375426e-03
4.3743743743743740415e-01,1.0805489623912267923e-03
4.3973973973973967677e-01,1.1023488611216786942e-03
4.4204204204204200490e-01,1.1244667185673433950e-03
4.4434434434434433303e-01,1.1469053861581123607e-03
4.4664664664664660565e-01,1.1696676985952524953e-03
4.4894894894894893378e-01,1.1927565190586674696e-03
4.5125125125125120640e-01,1.2161747049507672363e-03
4.5355355355355353453e-01,1.2399251292098251425e-03
4.5585585585585580715e-01,1.2640106728110107707e-03
4.5815815815815813528e-01,1.2884342179538407162e-03
4.6046046046046040789e-01,1.3131986685794166687e-03
4.6276276276276273602e-01,1.3383069171180922343e-03
4.6506506506506500864e-01,1.3637618884212846827e-03
4.6736736736736733677e-01,1.3895664875566598236e-03
4.6966966966966960939e-01,1.4157236568806178499e-03
4.7197197197197193752e-01,1.4422363177030170581e-03
4.7427427427427421014e-01,1.4691074258269939869e-03
4.7657657657657653827e-01,1.4963399221342411037e-03
4.7887887887887881089e-01,1.5239367727435100628e-03
4.8118118118118113902e-01,1.5519009401485394685e-03
4.8348348348348346715e-01,1.5802353991195984117e-03
4.8578578578578573977e-01,1.6089431343519042163e-03
4.8808808808808806790e-01,1.6380271290437637549e-03
4.9039039039039034051e-01,1.6674903892564974656e-03
4.9269269269269266864e-01,1.6973359078054507231e-03
4.9499499499499494126e-01,1.7275667098872525378e-03
4.9729729729729726939e-01,1.7581858005081877315e-03
4.9959959959959954201e-01,1.7891962205213625143e-03
5.0190190190190187014e-01,1.8206009906939870421e-03
5.0420420420420419827e-01,1.8524031636576374343e-03
5.0650650650650641538e-01,1.8846057789797298135e-03
5.0880880880880874351e-01,1.9172118982969761289e-03
5.1111111111111107164e-01,1.9502245817026844701e-03
5.1341341341341339977e-01,1.9836468984817572439e-03
5.1571571571571572790e-01,2.0174819295789361839e-03
5.1801801801801794500e-01,2.0517327519583260231e-03
5.2032032032032027313e-01,2.0864024663694033870e-03
5.2262262262262260126e-01,2.1214941588486128932e-03
5.2492492492492492939e-01,2.1570109475585524592e-03
5.2722722722722714650e-01,2.1929559303330817439e-03
5.2952952952952947463e-01,2.2293322392268250833e-03
5.3183183183183180276e-01,2.2661429873442650099e-03
5.3413413413413413089e-01,2.3033913169856262346e-03
5.3643643643643634800e-01,2.3410803592705670129e-03
5.3873873873873867613e-01,2.3792132643105255371e-03
5.4104104104104100426e-01,2.4177931826704023542e-03
5.4334334334334333239e-01,2.4568232712025069725e-03
5.4564564564564554949e-01,2.4963066999967213969e-03
5.4794794794794787762e-01,2.5362466329155318630e-03
5.5025025025025020575e-01,2.5766462583307800892e-03
5.5255255255255253388e-01,2.6175087486968629143e-03
5.5485485485485486201e-01,2.6588373081328849253e-03
5.5715715715715707912e-01,2.7006351205372046247e-03
5.5945945945945940725e-01,2.7429054022474492341e-03
5.6176176176176173538e-01,2.7856513519310525419e-03
5.6406406406406406351e-01,2.8288761947681136631e-03
5.6636636636636628062e-01,2.8725831466469516941e-03
5.6866866866866860875e-01,2.9167754394727411077e-03
5.7097097097097093688e-01,2.9614563075069100240e-03
5.7327327327327326500e-01,3.0066289885794946456e-03
5.7557557557557548211e-01,3.0522967351758385247e-03
5.7787787787787781024e-01,3.0984627915409740026e-03
5.8018018018018013837e-01,3.1451304269594750410e-03
5.8248248248248246650e-01,3.1923028938482264985e-03
5.8478478478478468361e-01,3.2399834756322376875e-03
5.8708708708708701174e-01,3.2881754358460874715e-03
5.8938938938938933987e-01,3.3368820685577096387e-03
5.9169169169169166800e-01,3.3861066515584207701e-03
5.9399399399399399613e-01,3.4358524864764013532e-03
5.9629629629629621324e-01,3.4861228675228720340e-03
5.9859859859859854136e-01,3.5369211020678291771e-03
6.0090090090090086949e-01,3.5882505016355172728e-03
6.0320320320320319762e-01,3.6401143787890919562e-03
6.0550550550550541473e-01,3.6925160620028697062e-03
6.0780780780780774286e-01,3.7454588697300884165e-03
6.1011011011011007099e-01,3.7989461458022592485e-03
6.1241241241241239912e-01,3.8529812164802292561e-03
6.1471471471471461623e-01,3.9075674381916086775e-03
6.1701701701701694436e-01,3.9627081480043992168e-03
6.1931931931931927249e-01,4.0184067115166029888e-03
6.2162162162162160062e-01,4.0746664795298153869e-03
6.2392392392392381772e-01,4.1314908240329554015e-03
6.2622622622622614585e-01,4.1888831114432322628e-03
6.2852852852852847398e-01,4.2468467186036135477e-03
6.3083083083083080211e-01,4.3053850281975199546e-03
6.3313313313313313024e-01,4.3645014216096931353e-03
6.3543543543543534735e-01,4.4241992972288120625e-03
6.3773773773773767548e-01,4.4844820418699273684e-03
6.4004004004004000361e-01,4.5453530678783854446e-03
6.4234234234234233174e-01,4.6068157695657680969e-03
6.4464464464464454885e-01,4.6688735703935739865e-03
6.4694694694694687698e-01,4.7315298751760288126e-03
6.4924924924924920511e-01,4.7947881151811340764e-03
6.5155155155155153324e-01,4.8586517084211354109e-03
6.5385385385385375034e-01,4.9231240914918480284e-03
6.5615615615615607847e-01,4.9882086972176751388e-03
6.5845845845845840660e-01,5.0539089662486975582e-03
6.6076076076076073473e-01,5.1202283466435299583e-03
6.6306306306306295184e-01,5.1871702830156418002e-03
6.6536536536536527997e-01,5.2547382379126350224e-03
6.6766766766766760810e-01,5.3229356609788410978e-03
6.6996996996996993623e-01,5.3917660273598566611e-03
6.7227227227227226436e-01,5.4612327939352438289e-03
6.7457457457457448147e-01,5.5313394455528165639e-03
6.7687687687687680960e-01,5.6020894492885510083e-03
6.7917917917917913773e-01,5.6734862965444445362e-03
6.8148148148148146586e-01,5.7455334670479746642e-03
6.8378378378378368296e-01,5.8182344565659068619e-03
6.8608608608608601109e-01,5.8915927588364001496e-03
6.8838838838838833922e-01,5.9656118729646450197e-03
6.9069069069069066735e-01,6.0402953069085005625e-03
6.9299299299299288446e-01,6.1156465632267176247e-03
6.9529529529529521259e-01,6.1916691631786358735e-03
6.9759759759759754072e-01,6.2683666140098100519e-03
6.9989989989989986885e-01,6.3457424482595715248e-03
7.0220220220220219698e-01,6.4238001801861831577e-03
7.0450450450450441409e-01,6.5025433506848443962e-03
7.0680680680680674222e-01,6.5819754838946824618e-03
7.0910910910910907035e-01,6.6621001261229417442e-03
7.1141141141141139848e-01,6.7429208136034939416e-03
7.1371371371371361558e-01,6.8244410961389558382e-03
7.1601601601601594371e-01,6.9066645231783572664e-03
7.1831831831831827184e-01,6.9895946472254555371e-03
7.2062062062062059997e-01,7.0732350309536118349e-03
7.2292292292292281708e-01,7.1575892298746911224e-03
7.2522522522522514521e-01,7.2426608188076333980e-03
7.2752752752752747334e-01,7.3284533576593721346e-03
7.2982982982982980147e-01,7.4149704312559639938e-03
7.3213213213213201858e-01,7.5022156063235647186e-03
7.3443443443443434671e-01,7.5901924747719335188e-03
7.3673673673673667484e-01,7.6789046128818289061e-03
7.3903903903903900297e-01,7.7683556169319319812e-03
7.4134134134134133109e-01,7.8585490747293124114e-03
7.4364364364364354820e-01,7.9494885852618973193e-03
7.4594594594594587633e-01,8.0411777487593791985e-03
7.4824824824824820446e-01,8.1336201663437471959e-03
7.5055055055055053259e-01,8.2268194504922856347e-03
7.5285285285285274970e-01,8.3207792049488620706e-03
7.5515515515515507783e-01,8.4155030532120835701e-03
7.5745745745745740596e-01,8.5109946031784889514e-03
7.5975975975975973409e-01,8.6072574871288980852e-03
7.6206206206206195120e-01,8.7042953196057055304e-03
7.6436436436436427933e-01,8.8021117387821774108e-03
7.6666666666666660745e-01,8.9007103684193168008e-03
7.6896896896896893558e-01,9.0000948501123070877e-03
7.7127127127127115269e-01,9.1002688185746402616e-03
7.7357357357357348082e-01,9.2012359174050740995e-03
7.7587587587587580895e-01,9.3029997929538026102e-03
7.7817817817817813708e-01,9.4055640904513928419e-03
7.8048048048048046521e-01,9.5089324675344862742e-03
7.8278278278278268232e-01,9.6131085717206920388e-03
7.8508508508508501045e-01,9.7180960705678144651e-03
7.8738738738738733858e-01,9.8238986155430082364e-03
7.8968968968968966671e-01,9.9305198818058736110e-03
7.9199199199199188381e-01,1.0037963527300361802e-02
7.9429429429429421194e-01,1.0146233231969378763e-02
7.9659659659659654007e-01,1.0255332662626090098e-02
7.9889889889889886820e-01,1.0365265501778044704e-02
8.0120120120120108531e-01,1.0476035426613664395e-02
8.0350350350350341344e-01,1.0587646121014183953e-02
8.0580580580580574157e-01,1.0700101273029389085e-02
8.0810810810810806970e-01,1.0813404567733176861e-02
8.1041041041041039783e-01,1.0927559703522571680e-02
8.1271271271271261494e-01,1.1042570367474873264e-02
8.1501501501501494307e-01,1.1158440266839398172e-02
8.1731731731731727120e-01,1.1275173092480427275e-02
8.1961961961961959933e-01,1.1392772558116621290e-02
8.2192192192192181643e-01,1.1511242360918324396e-02
8.2422422422422414456e-01,1.1630586218361264883e-02
8.2652652652652647269e-01,1.1750807836118388333e-02
8.2882882882882880082e-01,1.1871910933448913059e-02
8.3113113113113101793e-01,1.1993899225813561132e-02
8.3343343343343334606e-01,1.2116776433277584926e-02
8.3573573573573567419e-01,1.2240546281390127931e-02
8.3803803803803800232e-01,1.2365212491021957894e-02
8.4034034034034021943e-01,1.2490778797145720216e-02
8.4264264264264254756e-01,1.2617248922395494365e-02
8.4494494494494487569e-01,1.2744626609555746374e-02
8.4724724724724720382e-01,1.2872915584920584589e-02
8.4954954954954953195e-01,1.3002119596662937290e-02
8.5185185185185174905e-01,1.3132242377206301484e-02
8.5415415415415407718e-01,1.3263287677544558993e-02
8.5645645645645640531e-01,1.3395259238225669732e-02
8.5875875875875873344e-01,1.3528160811324591722e-02
8.6106106106106095055e-01,1.3661996146589534817e-02
8.6336336336336327868e-01,1.3796768996398556598e-02
8.6566566566566560681e-01,1.3932483119824730713e-02
8.6796796796796793494e-01,1.4069142269715350507e-02
8.7027027027027015205e-01,1.4206750213660052085e-02
8.7257257257257248018e-01,1.4345310706067086748e-02
8.7487487487487480831e-01,1.4484827521321665122e-02
8.7717717717717713644e-01,1.4625304417385399242e-02
8.7947947947947935354e-01,1.4766745172995629498e-02
8.8178178178178168167e-01,1.4909153552045801075e-02
8.8408408408408400980e-01,1.5052533335233996697e-02
8.8638638638638633793e-01,1.5196888294179068668e-02
8.8868868868868866606e-01,1.5342222210022390949e-02
8.9099099099099088317e-01,1.5488538862989663716e-02
8.9329329329329321130e-01,1.5635842034077789692e-02
8.9559559559559553943e-01,1.5784135512081489544e-02
8.9789789789789786756e-01,1.5933423078177470084e-02
9.0020020020020008467e-01,1.6083708528790440634e-02
9.0250250250250241280e-01,1.6234995646495709726e-02
9.0480480480480474093e-01,1.6387288233532266296e-02
9.0710710710710706906e-01,1.6540590075941965370e-02
9.0940940940940928616e-01,1.6694904979340605133e-02
9.1171171171171161429e-01,1.6850236735493604595e-02
9.1401401401401394242e-01,1.7006589151196165738e-02
9.1631631631631627055e-01,1.7163966025528314824e-02
9.1861861861861848766e-01,1.7322371165154198946e-02
9.2092092092092081579e-01,1.7481808377163593482e-02
9.2322322322322314392e-01,1.7642281467677364826e-02
9.2552552552552547205e-01,1.7803794251601855192e-02
9.2782782782782780018e-01,1.7966350534984219106e-02
9.3013013013013001729e-01,1.8129954139482755415e-02
9.3243243243243234541e-01,1.8294608872404839739e-02
9.3473473473473467354e-01,1.8460318560263345999e-02
9.3703703703703700167e-01,1.8627087013742108651e-02
9.3933933933933921878e-01,1.8794918061808787990e-02
9.4164164164164154691e-01,1.8963815520640046886e-02
9.4394394394394387504e-01,1.9133783219667944986e-02
9.4624624624624620317e-01,1.9304824981957544733e-02
9.4854854854854842028e-01,1.9476944636292643082e-02
9.5085085085085074841e-01,1.9650146013149297902e-02
9.5315315315315307654e-01,1.9824432940418693777e-02
9.5545545545545540467e-01,1.9999809255652201134e-02
9.5775775775775762177e-01,2.0176278786455566217e-02
9.6006006006005994990e-01,2.0353845376276671897e-02
9.6236236236236227803e-01,2.0532512853877579045e-02
9.6466466466466460616e-01,2.0712285066638073949e-02
9.6696696696696693429e-01,2.0893165846607678060e-02
9.6926926926926915140e-01,2.1075159042763341039e-02
9.7157157157157147953e-01,2.1258268492399767097e-02
9.7387387387387380766e-01,2.1442498044306673721e-02
9.7617617617617613579e-01,2.1627851542226472076e-02
9.7847847847847835290e-01,2.1814332833832619785e-02
9.8078078078078068103e-01,2.2001945769672189013e-02
9.8308308308308300916e-01,2.2190694196212282924e-02
9.8538538538538533729e-01,2.2380581970332005803e-02
9.8768768768768755439e-01,2.2571612938025172740e-02
9.8998998998998988252e-01,2.2763790961215921854e-02
9.9229229229229221065e-01,2.2957119886965540734e-02
9.9459459459459453878e-01,2.3151603580231498031e-02
9.9689689689689686691e-01,2.3347245891255429678e-02
9.9919919919919908402e-01,2.3544050685794241234e-02
1.0015015015015014122e+00,2.3742021819062274907e-02
1.0038038038038037403e+00,2.3941163156035075166e-02
1.0061061061061060684e+00,2.4141478557922067122e-02
1.0084084084084083965e+00,2.4342971888163332517e-02
1.0107107107107107247e+00,2.4545647014167719380e-02
1.0130130130130128308e+00,2.4749507797897262601e-02
1.0153153153153151589e+00,2.4954558112362773548e-02
1.0176176176176174870e+00,2.5160801818900842969e-02
1.0199199199199198151e+00,2.5368242794738704582e-02
1.0222222222222221433e+00,2.5576884902217354029e-02
1.0245245245245244714e+00,2.5786732020735999432e-02
1.0268268268268267995e+00,2.5997788015695130065e-02
1.0291291291291291277e+00,2.6210056766560598657e-02
1.0314314314314314558e+00,2.6423542143412543509e-02
1.0337337337337335619e+00,2.6638248024392296998e-02
1.0360360360360358900e+00,2.6854178285107568880e-02
1.0383383383383382181e+00,2.7071336801783519449e-02
1.0406406406406405463e+00,2.7289727455612398238e-02
1.0429429429429428744e+00,2.7509354121095615925e-02
1.0452452452452452025e+00,2.7730220684292164468e-02
1.0475475475475475307e+00,2.7952331018940752144e-02
1.0498498498498498588e+00,2.8175689014492463075e-02
1.0521521521521519649e+00,2.8400298545627606500e-02
1.0544544544544542930e+00,2.8626163503136823479e-02
1.0567567567567566211e+00,2.8853287764611934563e-02
1.0590590590590589493e+00,2.9081675220232357931e-02
1.0613613613613612774e+00,2.9311329751951515493e-02
1.0636636636636636055e+00,2.9542255248128847234e-02
1.0659659659659659336e+00,2.9774455595765969562e-02
1.0682682682682682618e+00,3.0007934680965547836e-02
1.0705705705705705899e+00,3.0242696395700131851e-02
1.0728728728728726960e+00,3.0478744624136924757e-02
1.0751751751751750241e+00,3.0716083262392831349e-02
1.0774774774774773523e+00,3.0954716193763557458e-02
1.0797797797797796804e+00,3.1194647316959648459e-02
1.0820820820820820085e+00,3.1435880516165130849e-02
1.0843843843843843366e+00,3.1678419690643500051e-02
1.0866866866866866648e+00,3.1922268727325897597e-02
1.0889889889889889929e+00,3.2167431524243540741e-02
1.0912912912912910990e+00,3.2413911972352917046e-02
1.0935935935935934271e+00,3.2661713967412797643e-02
1.0958958958958957552e+00,3.2910841404935976817e-02
1.0981981981981980834e+00,3.3161298178115083957e-02
1.1005005005005004115e+00,3.3413088186811712443e-02
1.1028028028028027396e+00,3.3666215322090790873e-02
1.1051051051051050678e+00,3.3920683487231317876e-02
1.1074074074074073959e+00,3.4176496572326638124e-02
1.1097097097097097240e+00,3.4433658482456219740e-02
1.1120120120120118301e+00,3.4692173108529747450e-02
1.1143143143143141582e+00,3.4952044355426203914e-02
1.1166166166166164864e+00,3.5213276116604706745e-02
1.1189189189189188145e+00,3.5475872295133333012e-02
1.1212212212212211426e+00,3.5739836788134707324e-02
1.1235235235235234708e+00,3.6005173495988064547e-02
1.1258258258258257989e+00,3.6271886319866976367e-02
1.1281281281281281270e+00,3.6539979157305037261e-02
1.1304304304304302331e+00,3.6809455913200971044e-02
1.1327327327327325612e+00,3.7080320482793222014e-02
1.1350350350350348894e+00,3.7352576773680805367e-02
1.1373373373373372175e+00,3.7626228680050478881e-02
1.1396396396396395456e+00,3.7901280110535187640e-02
1.1419419419419418738e+00,3.8177734960061007752e-02
1.1442442442442442019e+00,3.8455597136360923638e-02
1.1465465465465465300e+00,3.8734870536697059429e-02
1.1488488488488488581e+00,3.9015559066464818028e-02
1.1511511511511509642e+00,3.9297666626215671526e-02
1.1534534534534532924e+00,3.9581197118279322356e-02
1.1557557557557556205e+00,3.9866154446745356854e-02
1.1580580580580579486e+00,4.0152542510846385426e-02
1.1603603603603602767e+00,4.0440365217769842776e-02
1.1626626626626626049e+00,4.0729626464302670641e-02
1.1649649649649649330e+00,4.1020330159614905308e-02
1.1672672672672672611e+00,4.1312480199368319111e-02
1.1695695695695693672e+00,4.1606080493011225740e-02
1.1718718718718716953e+00,4.1901134936838585476e-02
1.1741741741741740235e+00,4.2197647438734976755e-02
1.1764764764764763516e+00,4.2495621897079137452e-02
1.1787787787787786797e+00,4.2795062216920837228e-02
1.1810810810810810079e+00,4.3095972299523763183e-02
1.1833833833833833360e+00,4.3398356046518558882e-02
1.1856856856856856641e+00,4.3702217362175894977e-02
1.1879879879879879923e+00,4.4007560144795863921e-02
1.1902902902902900983e+00,4.4314388301112776769e-02
1.1925925925925924265e+00,4.4622705726844076601e-02
1.1948948948948947546e+00,4.4932516329994093285e-02
1.1971971971971970827e+00,4.5243824005087765472e-02
1.1994994994994994109e+00,4.5556632659677527564e-02
1.2018018018018017390e+00,4.5870946188796155041e-02
1.2041041041041040671e+00,4.6186768497821099888e-02
1.2064064064064063952e+00,4.6504103483598749347e-02
1.2087087087087085013e+00,4.6822955048219892793e-02
1.2110110110110108295e+00,4.7143327091003411899e-02
1.2133133133133131576e+00,4.7465223510304493937e-02
1.2156156156156154857e+00,4.7788648207917887312e-02
1.2179179179179178139e+00,4.8113605078663149173e-02
1.2202202202202201420e+00,4.8440098026169706169e-02
1.2225225225225224701e+00,4.8768130942556150997e-02
1.2248248248248247982e+00,4.9097707732019373050e-02
1.2271271271271271264e+00,4.9428832285419568859e-02
1.2294294294294292325e+00,4.9761508505796553381e-02
1.2317317317317315606e+00,5.0095740284366731265e-02
1.2340340340340338887e+00,5.0431531521422462427e-02
1.2363363363363362168e+00,5.0768886109693336928e-02
1.2386386386386385450e+00,5.1107807945759475832e-02
1.2409409409409408731e+00,5.1448300924384342270e-02
1.2432432432432432012e+00,5.1790368938110849240e-02
1.2455455455455455294e+00,5.2134015883624228171e-02
1.2478478478478476354e+00,5.2479245649731852408e-02
1.2501501501501499636e+00,5.2826062134309376139e-02
1.2524524524524522917e+00,5.3174469223343935609e-02
1.2547547547547546198e+00,5.3524470814575612898e-02
1.2570570570570569480e+00,5.3876070792650949948e-02
1.2593593593593592761e+00,5.4229273053471707677e-02
1.2616616616616616042e+00,5.4584081481858524876e-02
1.2639639639639639324e+00,5.4940499970430288490e-02
1.2662662662662662605e+00,5.5298532405196096362e-02
1.2685685685685683666e+00,5.5658182674669064161e-02
1.2708708708708706947e+00,5.6019454666441183266e-02
1.2731731731731730228e+00,5.6382352264714191703e-02
1.2754754754754753510e+00,5.6746879358446966624e-02
1.2777777777777776791e+00,5.7113039827928674397e-02
1.2800800800800800072e+00,5.7480837562671936725e-02
1.2823823823823823354e+00,5.7850276440043736648e-02
1.2846846846846846635e+00,5.8221360348737774548e-02
1.2869869869869867696e+00,5.8594093164692793996e-02
1.2892892892892890977e+00,5.8968478774125115960e-02
1.2915915915915914258e+00,5.9344521052948427664e-02
1.2938938938938937540e+00,5.9722223883603611783e-02
1.2961961961961960821e+00,6.0101591142853107164e-02
1.2984984984984984102e+00,6.0482626708670300664e-02
1.3008008008008007383e+00,6.0865334458937471462e-02
1.3031031031031030665e+00,6.1249718267062984445e-02
1.3054054054054053946e+00,6.1635782011732233310e-02
1.3077077077077075007e+00,6.2023529562273665983e-02
1.3100100100100098288e+00,6.2412964797283268514e-02
1.3123123123123121569e+00,6.2804091583064505788e-02
1.3146146146146144851e+00,6.3196913796712647637e-02
1.3169169169169168132e+00,6.3591435302985666045e-02
1.3192192192192191413e+00,6.3987659975882973939e-02
1.3215215215215214695e+00,6.4385591679896089778e-02
1.3238238238238237976e+00,6.4785234284775589098e-02
1.3261261261261259037e+00,6.5186591655485862096e-02
1.3284284284284282318e+00,6.5589667656962086228e-02
1.3307307307307305599e+00,6.5994466154801673108e-02
1.3330330330330328881e+00,6.6400991009131063447e-02
1.3353353353353352162e+00,6.6809246085774084967e-02
1.3376376376376375443e+00,6.7219235240616376226e-02
1.3399399399399398725e+00,6.7630962338747477314e-02
1.3422422422422422006e+00,6.8044431232928345721e-02
1.3445445445445445287e+00,6.8459645786082323760e-02
1.3468468468468466348e+00,6.8876609849287381837e-02
1.3491491491491489629e+00,6.9295327281796326169e-02
1.3514514514514512911e+00,6.9715801934160118170e-02
1.3537537537537536192e+00,7.0138037660947852303e-02
1.3560560560560559473e+00,7.0562038312797698003e-02
1.3583583583583582755e+00,7.0987807739146785435e-02
1.3606606606606606036e+00,7.1415349790777002403e-02
1.3629629629629629317e+00,7.1844668312097390017e-02
1.3652652652652652598e+00,7.2275767153544362431e-02
1.3675675675675673659e+00,7.2708650155143050853e-02
1.3698698698698696941e+00,7.3143321165963420816e-02
1.3721721721721720222e+00,7.3579784022813524147e-02
1.3744744744744743503e+00,7.4018042571956113584e-02
1.3767767767767766784e+00,7.4458100648360878160e-02
1.3790790790790790066e+00,7.4899962094083338826e-02
1.3813813813813813347e+00,7.5343630743281889139e-02
1.3836836836836836628e+00,7.5789110432919887250e-02
1.3859859859859857689e+00,7.6236404996836204528e-02
1.3882882882882880970e+00,7.6685518266560837031e-02
1.3905905905905904252e+00,7.7136454075567795208e-02
1.3928928928928927533e+00,7.7589216250143686060e-02
1.3951951951951950814e+00,7.8043808622827462451e-02
1.3974974974974974096e+00,7.8500235015371983005e-02
1.3997997997997997377e+00,7.8958499258303851964e-02
1.4021021021021020658e+00,7.9418605170041955965e-02
1.4044044044044043940e+00,7.9880556577669709073e-02
1.4067067067067065000e+00,8.0344357297570820342e-02
1.4090090090090088282e+00,8.0810011152105926113e-02
1.4113113113113111563e+00,8.1277521956527515323e-02
1.4136136136136134844e+00,8.1746893527713165861e-02
1.4159159159159158126e+00,8.2218129680165466522e-02
1.4182182182182181407e+00,8.2691234225041293504e-02
1.4205205205205204688e+00,8.3166210975958151930e-02
1.4228228228228227970e+00,8.3643063738625789139e-02
1.4251251251251249030e+00,8.4121796325136846684e-02
1.4274274274274272312e+00,8.4602412536526436226e-02
1.4297297297297295593e+00,8.5084916182243827687e-02
1.4320320320320318874e+00,8.5569311059869035407e-02
1.4343343343343342156e+00,8.6055600974806620296e-02
1.4366366366366365437e+00,8.6543789722389311003e-02
1.4389389389389388718e+00,8.7033881102823631992e-02
1.4412412412412411999e+00,8.7525878909979717979e-02
1.4435435435435435281e+00,8.8019786938222710493e-02
1.4458458458458456342e+00,8.8515608980238288939e-02
1.4481481481481479623e+00,8.9013348824409976867e-02
1.4504504504504502904e+00,8.9513010262020881180e-02
1.4527527527527526185e+00,9.0014597075823557515e-02
1.4550550550550549467e+00,9.0518113054995991140e-02
1.4573573573573572748e+00,9.1023561977487885133e-02
1.4596596596596596029e+00,9.1530947629218886719e-02
1.4619619619619619311e+00,9.2040273784552040226e-02
1.4642642642642640372e+00,9.2551544224790435744e-02
1.4665665665665663653e+00,9.3064762721813687474e-02
1.4688688688688686934e+00,9.3579933051276695255e-02
1.4711711711711710215e+00,9.4097058983239972862e-02
1.4734734734734733497e+00,9.4616144287172798677e-02
1.4757757757757756778e+00,9.5137192731491959652e-02
1.4780780780780780059e+00,9.5660208079426586880e-02
1.4803803803803803341e+00,9.6185194097449827622e-02
1.4826826826826826622e+00,9.6712154542966333182e-02
1.4849849849849847683e+00,9.7241093179741153185e-02
1.4872872872872870964e+00,9.7772013760229647961e-02
1.4895895895895894245e+00,9.8304920044314639260e-02
1.4918918918918917527e+00,9.8839815780694825764e-02
1.4941941941941940808e+00,9.9376704724081041387e-02
1.4964964964964964089e+00,9.9915590620414565515e-02
1.4987987987987987371e+00,1.0045647721832558219e-01
1.5011011011011010652e+00,1.0099936826155210545e-01
1.5034034034034031713e+00,1.0154426749220973880e-01
1.5057057057057054994e+00,1.0209117865191982832e-01
1.5080080080080078275e+00,1.0264010547631186032e-01
1.5103103103103101557e+00,1.0319105170452058662e-01
1.5126126126126124838e+00,1.0374402106616915920e-01
1.5149149149149148119e+00,1.0429901729709141478e-01
1.5172172172172171400e+00,1.0485604412182278344e-01
1.5195195195195194682e+00,1.0541510527171527034e-01
1.5218218218218217963e+00,1.0597620446736613631e-01
1.5241241241241239024e+00,1.0653934543444167071e-01
1.5264264264264262305e+00,1.0710453189049504163e-01
1.5287287287287285587e+00,1.0767176755471477567e-01
1.5310310310310308868e+00,1.0824105614206208648e-01
1.5333333333333332149e+00,1.0881240136491023007e-01
1.5356356356356355430e+00,1.0938580693563262902e-01
1.5379379379379378712e+00,1.0996127655989317018e-01
1.5402402402402401993e+00,1.1053881394704480334e-01
1.5425425425425423054e+00,1.1111842279658000476e-01
1.5448448448448446335e+00,1.1170010681397429808e-01
1.5471471471471469616e+00,1.1228386969349975211e-01
1.5494494494494492898e+00,1.1286971513557512992e-01
1.5517517517517516179e+00,1.1345764683033691955e-01
1.5540540540540539460e+00,1.1404766847203592905e-01
1.5563563563563562742e+00,1.1463978374745598110e-01
1.5586586586586586023e+00,1.1523399634399160429e-01
1.5609609609609609304e+00,1.1583030994542418968e-01
1.5632632632632630365e+00,1.1642872823203896659e-01
1.5655655655655653646e+00,1.1702925488453638780e-01
1.5678678678678676928e+00,1.1763189357626351039e-01
1.5701701701701700209e+00,1.1823664798434280199e-01
1.5724724724724723490e+00,1.1884352177576729126e-01
1.5747747747747746772e+00,1.1945251862318466418e-01
1.5770770770770770053e+00,1.2006364218820007872e-01
1.5793793793793793334e+00,1.2067689613782703328e-01
1.5816816816816814395e+00,1.2129228412929282666e-01
1.5839839839839837676e+00,1.2190980982297199009e-01
1.5862862862862860958e+00,1.2252947687239391927e-01
1.5885885885885884239e+00,1.2315128893070788341e-01
1.5908908908908907520e+00,1.2377524964800704077e-01
1.5931931931931930801e+00,1.2440136267004599235e-01
1.5954954954954954083e+00,1.2502963164333305568e-01
1.5977977977977977364e+00,1.2566006020646380836e-01
1.6001001001001000645e+00,1.2629265200181433171e-01
1.6024024024024021706e+00,1.2692741066145044049e-01
1.6047047047047044988e+00,1.2756433982269504979e-01
1.6070070070070068269e+00,1.2820344311205544852e-01
1.6093093093093091550e+00,1.2884472416067807576e-01
1.6116116116116114831e+00,1.2948818659044053492e-01
1.6139139139139138113e+00,1.3013383402541622846e-01
1.6162162162162161394e+00,1.3078167008343447031e-01
1.6185185185185184675e+00,1.3143169838100587921e-01
1.6208208208208207957e+00,1.3208392253209141898e-01
1.6231231231231229017e+00,1.3273834614554663736e-01
1.6254254254254252299e+00,1.3339497283125265059e-01
1.6277277277277275580e+00,1.3405380619070453307e-01
1.6300300300300298861e+00,1.3471484982911183237e-01
1.6323323323323322143e+00,1.3537810734127903034e-01
1.6346346346346345424e+00,1.3604358232680860419e-01
1.6369369369369368705e+00,1.3671127837477425881e-01
1.6392392392392391987e+00,1.3738119907809992482e-01
1.6415415415415413047e+00,1.3805334802097093960e-01
1.6438438438438436329e+00,1.3872772878883832259e-01
1.6461461461461459610e+00,1.3940434496148124133e-01
1.6484484484484482891e+00,1.4008320011647132364e-01
1.6507507507507506173e+00,1.4076429782927754597e-01
1.6530530530530529454e+00,1.4144764166956508289e-01
1.6553553553553552735e+00,1.4213323520821638524e-01
1.6576576576576576016e+00,1.4282108200733037440e-01
1.6599599599599599298e+00,1.4351118563256506921e-01
1.6622622622622620359e+00,1.4420354963915019142e-01
1.6645645645645643640e+00,1.4489817758657122515e-01
1.6668668668668666921e+00,1.4559507302411103802e-01
1.6691691691691690203e+00,1.4629423950407152710e-01
1.6714714714714713484e+00,1.4699568057053527537e-01
1.6737737737737736765e+00,1.4769939976792584302e-01
1.6760760760760760046e+00,1.4840540063551760364e-01
1.6783783783783783328e+00,1.4911368670953281668e-01
1.6806806806806804389e+00,1.4982426152446420842e-01
1.6829829829829827670e+00,1.5053712860837004106e-01
1.6852852852852850951e+00,1.5125229149063468270e-01
1.6875875875875874232e+00,1.5196975369153828406e-01
1.6898898898898897514e+00,1.5268951873468716851e-01
1.6921921921921920795e+00,1.5341159013330740724e-01
1.6944944944944944076e+00,1.5413597140428447752e-01
1.6967967967967967358e+00,1.5486266605466672552e-01
1.6990990990990990639e+00,1.5559167759368852657e-01
1.7014014014014011700e+00,1.5632300952287814244e-01
1.7037037037037034981e+00,1.5705666534322018646e-01
1.7060060060060058262e+00,1.5779264855103383725e-01
1.7083083083083081544e+00,1.5853096263880736561e-01
1.7106106106106104825e+00,1.5927161109761578395e-01
1.7129129129129128106e+00,1.6001459741154722138e-01
1.7152152152152151388e+00,1.6075992506606068266e-01
1.7175175175175174669e+00,1.6150759753727209067e-01
1.7198198198198195730e+00,1.6225761830433046984e-01
1.7221221221221219011e+00,1.6300999083612052742e-01
1.7244244244244242292e+00,1.6376471860455654728e-01
1.7267267267267265574e+00,1.6452180507211100480e-01
1.7290290290290288855e+00,1.6528125370262142235e-01
1.7313313313313312136e+00,1.6604306795272055775e-01
1.7336336336336335417e+00,1.6680725127765927418e-01
1.7359359359359358699e+00,1.6757380712846792203e-01
1.7382382382382381980e+00,1.6834273895163601176e-01
1.7405405405405403041e+00,1.6911405019250042026e-01
1.7428428428428426322e+00,1.6988774428893707591e-01
1.7451451451451449604e+00,1.7066382468017365914e-01
1.7474474474474472885e+00,1.7144229479593003918e-01
1.7497497497497496166e+00,1.7222315806860405418e-01
1.7520520520520519447e+00,1.7300641792049820111e-01
1.7543543543543542729e+00,1.7379207777627661557e-01
1.7566566566566566010e+00,1.7458014105156904883e-01
1.7589589589589587071e+00,1.7537061116254643034e-01
1.7612612612612610352e+00,1.7616349151864579836e-01
1.7635635635635633633e+00,1.7695878552711016840e-01
1.7658658658658656915e+00,1.7775649659134246106e-01
1.7681681681681680196e+00,1.7855662810954014974e-01
1.7704704704704703477e+00,1.7935918347892057523e-01
1.7727727727727726759e+00,1.8016416608882407369e-01
1.7750750750750750040e+00,1.8097157932983012896e-01
1.7773773773773773321e+00,1.8178142658290702416e-01
1.7796796796796794382e+00,1.8259371123126719172e-01
1.7819819819819817663e+00,1.8340843664823747172e-01
1.7842842842842840945e+00,1.8422560620880126803e-01
1.7865865865865864226e+00,1.8504522327931632875e-01
1.7888888888888887507e+00,1.8586729122586923002e-01
1.7911911911911910789e+00,1.8669181340824939075e-01
1.7934934934934934070e+00,1.8751879318328831814e-01
1.7957957957957957351e+00,1.8834823390430413537e-01
1.7980980980980978412e+00,1.8918013891881443889e-01
1.8004004004004001693e+00,1.9001451157346974097e-01
1.8027027027027024975e+00,1.9085135520670437614e-01
1.8050050050050048256e+00,1.9169067315802174045e-01
1.8073073073073071537e+00,1.9253246875728180498e-01
1.8096096096096094819e+00,1.9337674533611229344e-01
1.8119119119119118100e+00,1.9422350621650807945e-01
1.8142142142142141381e+00,1.9507275472141319406e-01
1.8165165165165164662e+00,1.9592449416555665631e-01
1.8188188188188185723e+00,1.9677872786261951799e-01
1.8211211211211209005e+00,1.9763545912039298669e-01
1.8234234234234232286e+00,1.9849469124300714307e-01
1.8257257257257255567e+00,1.9935642753135732197e-01
1.8280280280280278848e+00,2.0022067128001783121e-01
1.8303303303303302130e+00,2.0108742578275365376e-01
1.8326326326326325411e+00,2.0195669432485066630e-01
1.8349349349349348692e+00,2.0282848019244381632e-01
1.8372372372372369753e+00,2.0370278666205865470e-01
1.8395395395395393034e+00,2.0457961701147966971e-01
1.8418418418418416316e+00,2.0545897450914810123e-01
1.8441441441441439597e+00,2.0634086242375571096e-01
1.8464464464464462878e+00,2.0722528401618742211e-01
1.8487487487487486160e+00,2.0811224254554280821e-01
1.8510510510510509441e+00,2.0900174126540951858e-01
1.8533533533533532722e+00,2.0989378342506670450e-01
1.8556556556556556004e+00,2.1078837227078564553e-01
1.8579579579579577064e+00,2.1168551104205904356e-01
1.8602602602602600346e+00,2.1258520297756366979e-01
1.8625625625625623627e+00,2.1348745130729432362e-01
1.8648648648648646908e+00,2.1439225926180743853e-01
1.8671671671671670190e+00,2.1529963006213012622e-01
1.8694694694694693471e+00,2.1620956692998449800e-01
1.8717717717717716752e+00,2.1712207307804959333e-01
1.8740740740740740033e+00,2.1803715171853230159e-01
1.8763763763763761094e+00,2.1895480605620823433e-01
1.8786786786786784376e+00,2.1987503929333873653e-01
1.8809809809809807657e+00,2.2079785462698398035e-01
1.8832832832832830938e+00,2.2172325524928773732e-01
1.8855855855855854220e+00,2.2265124434953134647e-01
1.8878878878878877501e+00,2.2358182510981572388e-01
1.8901901901901900782e+00,2.2451500071133836944e-01
1.8924924924924924063e+00,2.2545077432647067650e-01
1.8947947947947947345e+00,2.2638914912779170563e-01
1.8970970970970968406e+00,2.2733012827847559612e-01
1.8993993993993991687e+00,2.2827371494179651834e-01
1.9017017017017014968e+00,2.2921991227229701615e-01
1.9040040040040038249e+00,2.3016872342334135371e-01
1.9063063063063061531e+00,2.3112015154121659521e-01
1.9086086086086084812e+00,2.3207419976901702552e-01
1.9109109109109108093e+00,2.3303087124490748372e-01
1.9132132132132131375e+00,2.3399016910159350924e-01
1.9155155155155152435e+00,2.3495209646901588085e-01
1.9178178178178175717e+00,2.3591665646960344183e-01
1.9201201201201198998e+00,2.3688385222474661607e-01
1.9224224224224222279e+00,2.3785368684693064534e-01
1.9247247247247245561e+00,2.3882616344846030465e-01
1.9270270270270268842e+00,2.3980128513240275834e-01
1.9293293293293292123e+00,2.4077905500132662509e-01
1.9316316316316315405e+00,2.4175947614938983476e-01
1.9339339339339338686e+00,2.4274255166889668889e-01
1.9362362362362359747e+00,2.4372828464540791105e-01
1.9385385385385383028e+00,2.4471667816066897116e-01
1.9408408408408406309e+00,2.4570773529172837413e-01
1.9431431431431429591e+00,2.4670145910970145420e-01
1.9454454454454452872e+00,2.4769785268299140957e-01
1.9477477477477476153e+00,2.4869691907222815641e-01
1.9500500500500499435e+00,2.4969866133682755427e-01
1.9523523523523522716e+00,2.5070308252728279452e-01
1.9546546546546545997e+00,2.5171018569349418170e-01
1.9569569569569567058e+00,2.5271997387632777476e-01
1.9592592592592590339e+00,2.5373245011556311290e-01
1.9615615615615613621e+00,2.5474761744289070586e-01
1.9638638638638636902e+00,2.5576547888751133275e-01
1.9661661661661660183e+00,2.5678603747218864406e-01
1.9684684684684683464e+00,2.5780929621529974360e-01
1.9707707707707706746e+00,2.5883525813071023292e-01
1.9730730730730730027e+00,2.5986392622593507129e-01
1.9753753753753751088e+00,2.6089530350576778384e-01
1.9776776776776774369e+00,2.6192939296702083540e-01
1.9799799799799797650e+00,2.6296619760505063335e-01
1.9822822822822820932e+00,2.6400572040631403725e-01
1.9845845845845844213e+00,2.6504796435620125994e-01
1.9868868868868867494e+00,2.6609293243128362416e-01
1.9891891891891890776e+00,2.6714062760642004468e-01
1.9914914914914914057e+00,2.6819105284867422734e-01
1.9937937937937937338e+00,2.6924421112197821637e-01
1.9960960960960958399e+00,2.7030010538407384102e-01
1.9983983983983981680e+00,2.7135873858777259660e-01
2.0007007007007007182e+00,2.7242011368148544292e-01
2.0030030030030028243e+00,2.7348423360690038431e-01
2.0053053053053049304e+00,2.7455110130290205639e-01
2.0076076076076074806e+00,2.7562071970023621637e-01
2.0099099099099095866e+00,2.7669309172788947304e-01
2.0122122122122121368e+00,2.7776822030601544533e-01
2.0145145145145142429e+00,2.7884610835319495470e-01
2.0168168168168167931e+00,2.7992675877942163609e-01
2.0191191191191188992e+00,2.8101017449236498358e-01
2.0214214214214214493e+00,2.8209635839217850339e-01
2.0237237237237235554e+00,2.8318531337528890512e-01
2.0260260260260256615e+00,2.8427704233214662333e-01
2.0283283283283282117e+00,2.8537154814779081002e-01
2.0306306306306303178e+00,2.8646883370292702820e-01
2.0329329329329328679e+00,2.8756890187123551605e-01
2.0352352352352349740e+00,2.8867175552346691081e-01
2.0375375375375375242e+00,2.8977739752213760305e-01
2.0398398398398396303e+00,2.9088583072767426607e-01
2.0421421421421421805e+00,2.9199705799177805288e-01
2.0444444444444442865e+00,2.9311108216406939198e-01
2.0467467467467463926e+00,2.9422790608582438665e-01
2.0490490490490489428e+00,2.9534753259541579595e-01
2.0513513513513510489e+00,2.9646996452395951716e-01
2.0536536536536535991e+00,2.9759520469830758049e-01
2.0559559559559557052e+00,2.9872325593951259970e-01
2.0582582582582582553e+00,2.9985412106280240341e-01
2.0605605605605603614e+00,3.0098780287909976394e-01
2.0628628628628629116e+00,3.0212430419206426357e-01
2.0651651651651650177e+00,3.0326362780226856497e-01
2.0674674674674671238e+00,3.0440577650201128268e-01
2.0697697697697696739e+00,3.0555075308115331456e-01
2.0720720720720717800e+00,3.0669856032097264631e-01
2.0743743743743743302e+00,3.0784920100016943678e-01
2.0766766766766764363e+00,3.0900267788934782098e-01
2.0789789789789789864e+00,3.1015899375566857721e-01
2.0812812812812810925e+00,3.1131815135927903837e-01
2.0835835835835831986e+00,3.1248015345557861311e-01
2.0858858858858857488e+00,3.1364500279431600793e-01
2.0881881881881878549e+00,3.1481270211905504341e-01
2.0904904904904904051e+00,3.1598325416904277096e-01
2.0927927927927925111e+00,3.1715666167607514669e-01
2.0950950950950950613e+00,3.1833292736865581585e-01
2.0973973973973971674e+00,3.1951205396701276573e-01
2.0996996996996997176e+00,3.2069404418854208227e-01
2.1020020020020018237e+00,3.2187890074221442438e-01
2.1043043043043039297e+00,3.2306662633389454653e-01
2.1066066066066064799e+00,3.2425722366158010734e-01
2.1089089089089085860e+00,3.2545069541927201806e-01
2.1112112112112111362e+00,3.2664704429414842535e-01
2.1135135135135132423e+00,3.2784627296816271080e-01
2.1158158158158157924e+00,3.2904838411768611017e-01
2.1181181181181178985e+00,3.3025338041257740196e-01
2.1204204204204204487e+00,3.3146126451828178405e-01
2.1227227227227225548e+00,3.3267203909264531081e-01
2.1250250250250246609e+00,3.3388570678994500263e-01
2.1273273273273272110e+00,3.3510227025621541763e-01
2.1296296296296293171e+00,3.3632173213421862057e-01
2.1319319319319318673e+00,3.3754409505846233452e-01
2.1342342342342339734e+00,3.3876936165981680338e-01
2.1365365365365365236e+00,3.3999753456149750530e-01
2.1388388388388386296e+00,3.4122861638220858271e-01
2.1411411411411411798e+00,3.4246260973398551242e-01
2.1434434434434432859e+00,3.4369951722322361620e-01
2.1457457457457453920e+00,3.4493934145076476927e-01
2.1480480480480479422e+00,3.4618208501067632143e-01
2.1503503503503500482e+00,3.4742775049247653918e-01
2.1526526526526525984e+00,3.4867634047799644925e-01
2.1549549549549547045e+00,3.4992785754519523111e-01
2.1572572572572572547e+00,3.5118230426386409793e-01
2.1595595595595593608e+00,3.5243968320008062234e-01
2.1618618618618614668e+00,3.5369999691185050050e-01
2.1641641641641640170e+00,3.5496324795304262656e-01
2.1664664664664661231e+00,3.5622943887006686126e-01
2.1687687687687686733e+00,3.5749857220436093153e-01
2.1710710710710707794e+00,3.5877065049081646730e-01
2.1733733733733733295e+00,3.6004567625833405753e-01
2.1756756756756754356e+00,3.6132365203025457179e-01
2.1779779779779779858e+00,3.6260458032294334840e-01
2.1802802802802800919e+00,3.6388846364805599309e-01
2.1825825825825821980e+00,3.6517530450952240262e-01
2.1848848848848847481e+00,3.6646510540708693293e-01
2.1871871871871868542e+00,3.6775786883243305470e-01
2.1894894894894894044e+00,3.6905359727310116380e-01
2.1917917917917915105e+00,3.7035229320874918368e-01
2.1940940940940940607e+00,3.7165395911443677157e-01
2.1963963963963961668e+00,3.7295859745794668338e-01
2.1986986986986987169e+00,3.7426621070168270000e-01
2.2010010010010008230e+00,3.7557680130160092657e-01
2.2033033033033029291e+00,3.7689037170737643700e-01
2.2056056056056054793e+00,3.7820692436309322204e-01
2.2079079079079075854e+00,3.7952646170571652240e-01
2.2102102102102101355e+00,3.8084898616732043575e-01
2.2125125125125122416e+00,3.8217450017226556325e-01
2.2148148148148147918e+00,3.8350300614040983005e-01
2.2171171171171168979e+00,3.8483450648367972802e-01
2.2194194194194194480e+00,3.8616900360939843129e-01
2.2217217217217215541e+00,3.8750649991719554599e-01
2.2240240240240236602e+00,3.8884699780175524531e-01
2.2263263263263262104e+00,3.9019049965066704422e-01
2.2286286286286283165e+00,3.9153700784543354896e-01
2.2309309309309308667e+00,3.9288652476091334709e-01
2.2332332332332329727e+00,3.9423905276637172257e-01
2.2355355355355355229e+00,3.9559459422658388439e-01
2.2378378378378376290e+00,3.9695315149656862364e-01
2.2401401401401397351e+00,3.9831472692090935661e-01
2.2424424424424422853e+00,3.9967932284220991646e-01
2.2447447447447443913e+00,4.0104694161924508977e-01
2.2470470470470469415e+00,4.0241758559340584656e-01
2.2493493493493490476e+00,4.0379125702343676707e-01
2.2516516516516515978e+00,4.0516795816106171424e-01
2.2539539539539537039e+00,4.0654769151650221870e-01
2.2562562562562562540e+00,4.0793045969591940070e-01
2.2585585585585583601e+00,4.0931626446686597554e-01
2.2608608608608604662e+00,4.1070510690739098214e-01
2.2631631631631630164e+00,4.1209699049898984580e-01
2.2654654654654651225e+00,4.1349192206033369423e-01
2.2677677677677676726e+00,4.1488990216231846908e-01
2.2700700700700697787e+00,4.1629091704063009294e-01
2.2723723723723723289e+00,4.1769496653578991330e-01
2.2746746746746744350e+00,4.1910210692845578651e-01
2.2769769769769769852e+00,4.2051237378582800863e-01
2.2792792792792790912e+00,4.2192559791044076389e-01
2.2815815815815811973e+00,4.2334159683326877399e-01
2.2838838838838837475e+00,4.2476087542704160649e-01
2.2861861861861858536e+00,4.2618425580356056326e-01
2.2884884884884884038e+00,4.2761042272860888547e-01
2.2907907907907905098e+00,4.2903612186340650547e-01
2.2930930930930930600e+00,4.3046418102154659913e-01
2.2953953953953951661e+00,4.3190663717140287403e-01
2.2976976976976977163e+00,4.3336016111689873442e-01
2.2999999999999998224e+00,4.3478260869565205082e-01
