0.0000000000000000000e+00,-5.4713929089725221733e-02
2.3023023023023021089e-03,-3.5986553485037579816e-12
4.6046046046046042177e-03,-2.1371293276180500310e-13
6.9069069069069063266e-03,5.6357991245030510291e-13
9.2092092092092084354e-03,1.1724528950126802713e-12
1.1511511511511510544e-02,2.9731739907783225753e-12
1.3813813813813812653e-02,7.3519887301329571384e-12
1.6116116116116116497e-02,1.5482503143898205393e-11
1.8418418418418416871e-02,2.9731162750943203479e-11
2.0720720720720717245e-02,5.3079109414709522263e-11
2.3023023023023021089e-02,8.9199127899666378235e-11
2.5325325325325324932e-02,1.4314415519499233003e-10
2.7627627627627625306e-02,2.2015210672395723301e-10
2.9929929929929925680e-02,3.2783401520659734524e-10
3.2232232232232232993e-02,4.7346481858483624983e-10
3.4534534534534533368e-02,6.6745037821675136204e-10
3.6836836836836833742e-02,9.1971710000058441374e-10
3.9139139139139134116e-02,1.2435863212315029693e-09
4.1441441441441434490e-02,1.6523211594572784614e-09
4.3743743743743741803e-02,2.1622452491884830751e-09
4.6046046046046042177e-02,2.7906086285830152509e-09
4.8348348348348342551e-02,3.5568810662269970311e-09
5.0650650650650649864e-02,4.4828725874436020472e-09
5.2952952952952950239e-02,5.5914439163318890456e-09
5.5255255255255250613e-02,6.9093823732542377062e-09
5.7557557557557550987e-02,8.4633576538252488675e-09
5.9859859859859851361e-02,1.0285348006611662120e-08
6.2162162162162158674e-02,1.2406475131133729578e-08
6.4464464464464465987e-02,1.4863889057386972836e-08
6.6766766766766766361e-02,1.7693985850871602635e-08
6.9069069069069066735e-02,2.0938959268889355026e-08
7.1371371371371367109e-02,2.4641292833989290886e-08
7.3673673673673667484e-02,2.8848169944852043163e-08
7.5975975975975967858e-02,3.3608853190506520484e-08
7.8278278278278268232e-02,3.8975606408800835777e-08
8.0580580580580568606e-02,4.5004981793084507845e-08
8.2882882882882868980e-02,5.1754614600051485823e-08
8.5185185185185183232e-02,5.9288622793621088758e-08
8.7487487487487483606e-02,6.7670556815581477388e-08
8.9789789789789783980e-02,7.6972086611235852785e-08
9.2092092092092084354e-02,8.7263527418848697912e-08
9.4394394394394384729e-02,9.8623820678347175320e-08
9.6696696696696685103e-02,1.1113104422546543197e-07
9.8998998998998985477e-02,1.2487108879937059707e-07
1.0130130130130129973e-01,1.3993070018865470622e-07
1.0360360360360360010e-01,1.5640256413152797185e-07
1.0590590590590590048e-01,1.7438279163407479901e-07
1.0820820820820820085e-01,1.9397093742143131018e-07
1.1051051051051050123e-01,2.1527290891900799221e-07
1.1281281281281280160e-01,2.3839549061054596961e-07
1.1511511511511510197e-01,2.6345450186225282111e-07
1.1741741741741740235e-01,2.9056465229305531075e-07
1.1971971971971970272e-01,3.1985142542044886740e-07
1.2202202202202201697e-01,3.5143851253167001232e-07
1.2432432432432431735e-01,3.8546053605105946111e-07
1.2662662662662660384e-01,4.2205131904119715893e-07
1.2892892892892893197e-01,4.6135414674964723004e-07
1.3123123123123123235e-01,5.0351393882677941493e-07
1.3353353353353353272e-01,5.4868242546184145453e-07
1.3583583583583583310e-01,5.9701629690672176317e-07
1.3813813813813813347e-01,6.4867582060717744976e-07
1.4044044044044043384e-01,7.0382978665943472508e-07
1.4274274274274273422e-01,7.6264745518914107667e-07
1.4504504504504503459e-01,8.2530965314052385956e-07
1.4734734734734733497e-01,8.9199550106385059292e-07
1.4964964964964963534e-01,9.6289737712496217584e-07
1.5195195195195193572e-01,1.0382055220116562179e-06
1.5425425425425423609e-01,1.1181231182455749062e-06
1.5655655655655653646e-01,1.2028527982311413545e-06
1.5885885885885883684e-01,1.2926079590231819021e-06
1.6116116116116113721e-01,1.3876046196681266560e-06
1.6346346346346343759e-01,1.4880661439941639413e-06
1.6576576576576573796e-01,1.5942225615031751743e-06
1.6806806806806806609e-01,1.7063073414992883620e-06
1.7037037037037036646e-01,1.8245647312966814790e-06
1.7267267267267266684e-01,1.9492388809251809646e-06
1.7497497497497496721e-01,2.0805879959732478483e-06
1.7727727727727726759e-01,2.2188679660688249171e-06
1.7957957957957956796e-01,2.3643502304345222435e-06
1.8188188188188186833e-01,2.5173038682312832703e-06
1.8418418418418416871e-01,2.6780126132513645832e-06
1.8648648648648646908e-01,2.8467600946783123278e-06
1.8878878878878876946e-01,3.0238416782661419367e-06
1.9109109109109106983e-01,3.2095565369829466191e-06
1.9339339339339337021e-01,3.4042114190368094843e-06
1.9569569569569567058e-01,3.6081215949129549841e-06
1.9799799799799797095e-01,3.8216054062809789250e-06
2.0030030030030027133e-01,4.0449942845415406032e-06
2.0260260260260259946e-01,4.2786188814064040633e-06
2.0490490490490489983e-01,4.5228263198069153453e-06
2.0720720720720720021e-01,4.7779608279514087138e-06
2.0950950950950950058e-01,5.0443842572946102353e-06
2.1181181181181180095e-01,5.3224560275670243059e-06
2.1411411411411410133e-01,5.6125516286800909366e-06
2.1641641641641640170e-01,5.9150470898742423374e-06
2.1871871871871870208e-01,6.2303308333282996165e-06
2.2102102102102100245e-01,6.5587964670302337719e-06
2.2332332332332330282e-01,6.9008451229924609372e-06
2.2562562562562560320e-01,7.2568884455976294338e-06
2.2792792792792790357e-01,7.6273405838055979511e-06
2.3023023023023020395e-01,8.0126311210063949663e-06
2.3253253253253250432e-01,8.4131881009238111978e-06
2.3483483483483480470e-01,8.8294583552003043803e-06
2.3713713713713710507e-01,9.2618853040535784862e-06
2.3943943943943940544e-01,9.7109318327969139205e-06
2.4174174174174173357e-01,1.0177058491729435791e-05
2.4404404404404403395e-01,1.0660743019540542271e-05
2.4634634634634633432e-01,1.1162464539846725123e-05
2.4864864864864863470e-01,1.1682714925343065079e-05
2.5095095095095093507e-01,1.2221992791493973353e-05
2.5325325325325320769e-01,1.2780803974713155055e-05
2.5555555555555553582e-01,1.3359666925564416540e-05
2.5785785785785786395e-01,1.3959101867871131030e-05
2.6016016016016013657e-01,1.4579646811348454750e-05
2.6246246246246246470e-01,1.5221837425344284395e-05
2.6476476476476473731e-01,1.5886230354358512874e-05
2.6706706706706706544e-01,1.6573378413045272158e-05
2.6936936936936933806e-01,1.7283855473501215193e-05
2.7167167167167166619e-01,1.8018233352013370826e-05
2.7397397397397393881e-01,1.8777101877650972033e-05
2.7627627627627626694e-01,1.9561053308260957544e-05
2.7857857857857853956e-01,2.0370692723125663709e-05
2.8088088088088086769e-01,2.1206633667658661934e-05
2.8318318318318314031e-01,2.2069496377595875056e-05
2.8548548548548546844e-01,2.2959915893089792398e-05
2.8778778778778774106e-01,2.3878528166654283032e-05
2.9009009009009006919e-01,2.4825989263430647326e-05
2.9239239239239234180e-01,2.5802952106628399155e-05
2.9469469469469466993e-01,2.6810092624328802626e-05
2.9699699699699699806e-01,2.7848082618875453944e-05
2.9929929929929927068e-01,2.8917616284421730191e-05
3.0160160160160159881e-01,3.0019386228978288866e-05
3.0390390390390387143e-01,3.1154103609208174731e-05
3.0620620620620619956e-01,3.2322483247632244894e-05
3.0850850850850847218e-01,3.3525252594572782787e-05
3.1081081081081080031e-01,3.4763149438101337404e-05
3.1311311311311307293e-01,3.6036917525534145352e-05
3.1541541541541540106e-01,3.7347317665398529726e-05
3.1771771771771767368e-01,3.8695110617465479092e-05
3.2002002002002000181e-01,4.0081079530016772855e-05
3.2232232232232227442e-01,4.1506003641865907728e-05
3.2462462462462460255e-01,4.2970687039328962374e-05
3.2692692692692687517e-01,4.4475929536757139967e-05
3.2922922922922920330e-01,4.6022554406801352068e-05
3.3153153153153147592e-01,4.7611384001243511237e-05
3.3383383383383380405e-01,4.9243259476326807261e-05
3.3613613613613613218e-01,5.0919027074516170475e-05
3.3843843843843840480e-01,5.2639545225814937809e-05
3.4074074074074073293e-01,5.4405684700294995170e-05
3.4304304304304300555e-01,5.6218321322770518076e-05
3.4534534534534533368e-01,5.8078350275118469017e-05
3.4764764764764760629e-01,5.9986665665283383933e-05
3.4994994994994993442e-01,6.1944186181710756724e-05
3.5225225225225220704e-01,6.3951825907474787276e-05
3.5455455455455453517e-01,6.6010525400412697265e-05
3.5685685685685680779e-01,6.8121220970502143724e-05
3.5915915915915913592e-01,7.0284873182126464289e-05
3.6146146146146140854e-01,7.2502442539244119145e-05
3.6376376376376373667e-01,7.4774908335211896174e-05
3.6606606606606600929e-01,7.7103256543437206699e-05
3.6836836836836833742e-01,7.9488484657611144669e-05
3.7067067067067066555e-01,8.1931604624292878459e-05
3.7297297297297293817e-01,8.4433632395014646750e-05
3.7527527527527526630e-01,8.6995605586835401393e-05
3.7757757757757753891e-01,8.9618559686410574627e-05
3.7987987987987986704e-01,9.2303556840226205380e-05
3.8218218218218213966e-01,9.5051653995240878480e-05
3.8448448448448446779e-01,9.7863935964942060271e-05
3.8678678678678674041e-01,1.0074148352577149497e-04
3.8908908908908906854e-01,1.0368540222980822483e-04
3.9139139139139134116e-01,1.0669679862541399254e-04
3.9369369369369366929e-01,1.0977679777418384557e-04
3.9599599599599594191e-01,1.1292653317285837134e-04
3.9829829829829827004e-01,1.1614714896614593493e-04
4.0060060060060054266e-01,1.1943980595276407360e-04
4.0290290290290287079e-01,1.2280566777048260076e-04
4.0520520520520519892e-01,1.2624592201671623972e-04
4.0750750750750747153e-01,1.2976175310260381788e-04
4.0980980980980979966e-01,1.3335437403888644975e-04
4.1211211211211207228e-01,1.3702499216876472981e-04
4.1441441441441440041e-01,1.4077484384588203649e-04
4.1671671671671667303e-01,1.4460516179269693139e-04
4.1901901901901900116e-01,1.4851720375629238438e-04
4.2132132132132127378e-01,1.5251222972766776244e-04
4.2362362362362360191e-01,1.5659151768874514897e-04
4.2592592592592587453e-01,1.6075635595799730743e-04
4.2822822822822820266e-01,1.6500804244609813950e-04
4.3053053053053047527e-01,1.6934789398551856453e-04
4.3283283283283280340e-01,1.7377722899486813877e-04
4.3513513513513507602e-01,1.7829739210314284590e-04
4.3743743743743740415e-01,1.8290972373295795602e-04
4.3973973973973967677e-01,1.8761559467703382452e-04
4.4204204204204200490e-01,1.9241636974274834966e-04
4.4434434434434433303e-01,1.9731344363478414087e-04
4.4664664664664660565e-01,2.0230820803233357593e-04
4.4894894894894893378e-01,2.0740207962231796608e-04
4.5125125125125120640e-01,2.1259647876482599721e-04
4.5355355355355353453e-01,2.1789284305972225981e-04
4.5585585585585580715e-01,2.2329262247325860967e-04
4.5815815815815813528e-01,2.2879727534931009630e-04
4.6046046046046040789e-01,2.3440828126498260034e-04
4.6276276276276273602e-01,2.4012712007189841463e-04
4.6506506506506500864e-01,2.4595530001222904804e-04
4.6736736736736733677e-01,2.5189432417097176124e-04
4.6966966966966960939e-01,2.5794572757609793246e-04
4.7197197197197193752e-01,2.6411103912511686232e-04
4.7427427427427421014e-01,2.7039181823611301361e-04
4.7657657657657653827e-01,2.7678962210807967316e-04
4.7887887887887881089e-01,2.8330603267220152031e-04
4.8118118118118113902e-01,2.8994263713651857598e-04
4.8348348348348346715e-01,2.9670103898428272504e-04
4.8578578578578573977e-01,3.0358285620647209018e-04
4.8808808808808806790e-01,3.1058971382334017632e-04
4.9039039039039034051e-01,3.1772326041777220612e-04
4.9269269269269266864e-01,3.2498514350832264979e-04
4.9499499499499494126e-01,3.3237704108547006096e-04
4.9729729729729726939e-01,3.3990062513256991735e-04
4.9959959959959954201e-01,3.4755760092634781916e-04
5.0190190190190187014e-01,3.5534966765826469593e-04
5.0420420420420419827e-01,3.6327855539730787016e-04
5.0650650650650641538e-01,3.7134599299988704573e-04
5.0880880880880874351e-01,3.7955373353031789715e-04
5.1111111111111107164e-01,3.8790353709569397236e-04
5.1341341341341339977e-01,3.9639717891993143505e-04
5.1571571571571572790e-01,4.0503645096832963102e-04
5.1801801801801794500e-01,4.1382315077819143085e-04
5.2032032032032027313e-01,4.2275910177364564536e-04
5.2262262262262260126e-01,4.3184612497762926405e-04
5.2492492492492492939e-01,4.4108607383926357265e-04
5.2722722722722714650e-01,4.5048079508338802679e-04
5.2952952952952947463e-01,4.6003216983247320138e-04
5.3183183183183180276e-01,4.6974207337454671656e-04
5.3413413413413413089e-01,4.7961241196673332510e-04
5.3643643643643634800e-01,4.8964509185442318864e-04
5.3873873873873867613e-01,4.9984204273193725415e-04
5.4104104104104100426e-01,5.1020520324993490647e-04
5.4334334334334333239e-01,5.2073652584503304051e-04
5.4564564564564554949e-01,5.3143798200032063301e-04
5.4794794794794787762e-01,5.4231154723205314810e-04
5.5025025025025020575e-01,5.5335922523539957107e-04
5.5255255255255253388e-01,5.6458301600118747463e-04
5.5485485485485486201e-01,5.7598495374717355658e-04
5.5715715715715707912e-01,5.8756706540506005096e-04
5.5945945945945940725e-01,5.9933141315196797154e-04
5.6176176176176173538e-01,6.1128005379258634061e-04
5.6406406406406406351e-01,6.2341507493137999617e-04
5.6636636636636628062e-01,6.3573856555072089623e-04
5.6866866866866860875e-01,6.4825263710071732905e-04
5.7097097097097093688e-01,6.6095941203524568360e-04
5.7327327327327326500e-01,6.7386102511259634695e-04
5.7557557557557548211e-01,6.8695963249203965267e-04
5.7787787787787781024e-01,7.0025739277289951890e-04
5.8018018018018013837e-01,7.1375649496794788245e-04
5.8248248248248246650e-01,7.2745912314663835601e-04
5.8478478478478468361e-01,7.4136749722691257583e-04
5.8708708708708701174e-01,7.5548382945400931882e-04
5.8938938938938933987e-01,7.6981036790436355340e-04
5.9169169169169166800e-01,7.8434935595721438223e-04
5.9399399399399399613e-01,7.9910306736731789683e-04
5.9629629629629621324e-01,8.1407377883739974814e-04
5.9859859859859854136e-01,8.2926378835127348161e-04
6.0090090090090086949e-01,8.4467540706128086802e-04
6.0320320320320319762e-01,8.6031095681378031391e-04
6.0550550550550541473e-01,8.7617278323894173461e-04
6.0780780780780774286e-01,8.9226323278649430967e-04
6.1011011011011007099e-01,9.0858468447084625354e-04
6.1241241241241239912e-01,9.2513951121807758843e-04
6.1471471471471461623e-01,9.4193012322192637160e-04
6.1701701701701694436e-01,9.5895892280793975249e-04
6.1931931931931927249e-01,9.7622834845496398500e-04
6.2162162162162160062e-01,9.9374083483073634253e-04
6.2392392392392381772e-01,1.0114988463092913079e-03
6.2622622622622614585e-01,1.0295048519522659921e-03
6.2852852852852847398e-01,1.0477613407278607745e-03
6.3083083083083080211e-01,1.0662708170364196616e-03
6.3313313313313313024e-01,1.0850357942577373068e-03
6.3543543543543534735e-01,1.1040588119430557509e-03
6.3773773773773767548e-01,1.1233424088435807822e-03
6.4004004004004000361e-01,1.1428891583162899964e-03
6.4234234234234233174e-01,1.1627016266102358465e-03
6.4464464464464454885e-01,1.1827824184333704787e-03
6.4694694694694687698e-01,1.2031341306379293114e-03
6.4924924924924920511e-01,1.2237593962878279014e-03
6.5155155155155153324e-01,1.2446608457276975897e-03
6.5385385385385375034e-01,1.2658411381073733822e-03
6.5615615615615607847e-01,1.2873029391595282919e-03
6.5845845845845840660e-01,1.3090489329801529260e-03
6.6076076076076073473e-01,1.3310818214417232536e-03
6.6306306306306295184e-01,1.3534043136001370697e-03
6.6536536536536527997e-01,1.3760191470524438164e-03
6.6766766766766760810e-01,1.3989290570043471339e-03
6.6996996996996993623e-01,1.4221368151727503248e-03
6.7227227227227226436e-01,1.4456451853018417557e-03
6.7457457457457448147e-01,1.4694569705346906523e-03
6.7687687687687680960e-01,1.4935749663941167570e-03
6.7917917917917913773e-01,1.5180020044098939576e-03
6.8148148148148146586e-01,1.5427409146854397133e-03
6.8378378378378368296e-01,1.5677945550078590739e-03
6.8608608608608601109e-01,1.5931657917855181292e-03
6.8838838838838833922e-01,1.6188575080976013408e-03
6.9069069069069066735e-01,1.6448726072045085928e-03
6.9299299299299288446e-01,1.6712139976986183348e-03
6.9529529529529521259e-01,1.6978846190402103501e-03
6.9759759759759754072e-01,1.7248874067641148302e-03
6.9989989989989986885e-01,1.7522253346593113805e-03
7.0220220220220219698e-01,1.7799013678572507026e-03
7.0450450450450441409e-01,1.8079185115611794230e-03
7.0680680680680674222e-01,1.8362797638194002132e-03
7.0910910910910907035e-01,1.8649881582255955353e-03
7.1141141141141139848e-01,1.8940467284317785788e-03
7.1371371371371361558e-01,1.9234585344471595569e-03
7.1601601601601594371e-01,1.9532266470683652161e-03
7.1831831831831827184e-01,1.9833541519418199095e-03
7.2062062062062059997e-01,2.0138441573402726323e-03
7.2292292292292281708e-01,2.0446997749861885868e-03
7.2522522522522514521e-01,2.0759241497307020542e-03
7.2752752752752747334e-01,2.1075204210496850145e-03
7.2982982982982980147e-01,2.1394917682322238048e-03
7.3213213213213201858e-01,2.1718413614196002866e-03
7.3443443443443434671e-01,2.2045724112301798119e-03
7.3673673673673667484e-01,2.2376881218189093904e-03
7.3903903903903900297e-01,2.2711917321767234254e-03
7.4134134134134133109e-01,2.3050864830177742425e-03
7.4364364364364354820e-01,2.3393756398983360165e-03
7.4594594594594587633e-01,2.3740624814378372132e-03
7.4824824824824820446e-01,2.4091502991778683367e-03
7.5055055055055053259e-01,2.4446424097503607203e-03
7.5285285285285274970e-01,2.4805421313492687779e-03
7.5515515515515507783e-01,2.5168528174671985116e-03
7.5745745745745740596e-01,2.5535778148851298770e-03
7.5975975975975973409e-01,2.5907205115484697316e-03
7.6206206206206195120e-01,2.6282842859752229316e-03
7.6436436436436427933e-01,2.6662725572968917070e-03
7.6666666666666660745e-01,2.7046887390966543353e-03
7.6896896896896893558e-01,2.7435362788467429832e-03
7.7127127127127115269e-01,2.7828186275772170272e-03
7.7357357357357348082e-01,2.8225392594732308729e-03
7.7587587587587580895e-01,2.8627016641519027924e-03
7.7817817817817813708e-01,2.9033093421397008702e-03
7.8048048048048046521e-01,2.9443658215134592589e-03
7.8278278278278268232e-01,2.9858746300449310641e-03
7.8508508508508501045e-01,3.0278393328566038760e-03
7.8738738738738733858e-01,3.0702634871641936928e-03
7.8968968968968966671e-01,3.1131506924682028625e-03
7.9199199199199188381e-01,3.1565045387843956512e-03
7.9429429429429421194e-01,3.2003286566120387260e-03
7.9659659659659654007e-01,3.2446266720327870785e-03
7.9889889889889886820e-01,3.2894022438462217246e-03
8.0120120120120108531e-01,3.3346590364001196978e-03
8.0350350350350341344e-01,3.3804007353575261582e-03
8.0580580580580574157e-01,3.4266310442566351099e-03
8.0810810810810806970e-01,3.4733536754707294673e-03
8.1041041041041039783e-01,3.5205723713580940396e-03
8.1271271271271261494e-01,3.5682908721513151469e-03
8.1501501501501494307e-01,3.6165129573451542180e-03
8.1731731731731727120e-01,3.6652423975010628605e-03
8.1961961961961959933e-01,3.7144830063332687393e-03
8.2192192192192181643e-01,3.7642385882479469268e-03
8.2422422422422414456e-01,3.8145129877415009413e-03
8.2652652652652647269e-01,3.8653100462304225415e-03
8.2882882882882880082e-01,3.9166336364655201380e-03
8.3113113113113101793e-01,3.9684876388758954721e-03
8.3343343343343334606e-01,4.0208759532314895455e-03
8.3573573573573567419e-01,4.0738024996737013522e-03
8.3803803803803800232e-01,4.1272712050660987151e-03
8.4034034034034021943e-01,4.1812860286419423206e-03
8.4264264264264254756e-01,4.2358509257611060006e-03
8.4494494494494487569e-01,4.2909698927902509627e-03
8.4724724724724720382e-01,4.3466469163323789154e-03
8.4954954954954953195e-01,4.4028860267385965324e-03
8.5185185185185174905e-01,4.4596912454733621256e-03
8.5415415415415407718e-01,4.5170666334407522449e-03
8.5645645645645640531e-01,4.5750162500003375976e-03
8.5875875875875873344e-01,4.6335441842669600546e-03
8.6106106106106095055e-01,4.6926545352889937820e-03
8.6336336336336327868e-01,4.7523514193671114944e-03
8.6566566566566560681e-01,4.8126389757040567707e-03
8.6796796796796793494e-01,4.8735213480968573446e-03
8.7027027027027015205e-01,4.9350027150235229942e-03
8.7257257257257248018e-01,4.9970872494397022834e-03
8.7487487487487480831e-01,5.0597791668614616398e-03
8.7717717717717713644e-01,5.1230826724231832633e-03
8.7947947947947935354e-01,5.1870020153215951400e-03
8.8178178178178168167e-01,5.2515414365299955060e-03
8.8408408408408400980e-01,5.3167052155613913483e-03
8.8638638638638633793e-01,5.3824976321038232527e-03
8.8868868868868866606e-01,5.4489229938403903331e-03
8.9099099099099088317e-01,5.5159856207502690542e-03
8.9329329329329321130e-01,5.5836898478826973991e-03
8.9559559559559553943e-01,5.6520400357325164403e-03
8.9789789789789786756e-01,5.7210405472697808613e-03
9.0020020020020008467e-01,5.7906957823617433156e-03
9.0250250250250241280e-01,5.8610101338290787262e-03
9.0480480480480474093e-01,5.9319880383969158730e-03
9.0710710710710706906e-01,6.0036339220150038154e-03
9.0940940940940928616e-01,6.0759522547343238277e-03
9.1171171171171161429e-01,6.1489474992812414439e-03
9.1401401401401394242e-01,6.2226241557860034054e-03
9.1631631631631627055e-01,6.2969867264449754310e-03
9.1861861861861848766e-01,6.3720397395266243148e-03
9.2092092092092081579e-01,6.4477877380465292365e-03
9.2322322322322314392e-01,6.5242352778355702791e-03
9.2552552552552547205e-01,6.6013869427034993498e-03
9.2782782782782780018e-01,6.6792473168489265717e-03
9.3013013013013001729e-01,6.7578210234603185505e-03
9.3243243243243234541e-01,6.8371126773061766460e-03
9.3473473473473467354e-01,6.9171269381679565194e-03
9.3703703703703700167e-01,6.9978684548923060851e-03
9.3933933933933921878e-01,7.0793419201907190411e-03
9.4164164164164154691e-01,7.1615520205751213162e-03
9.4394394394394387504e-01,7.2445034786008718347e-03
9.4624624624624620317e-01,7.3282010209374248699e-03
9.4854854854854842028e-01,7.4126493982580362457e-03
9.5085085085085074841e-01,7.4978533785048651072e-03
9.5315315315315307654e-01,7.5838177401304808500e-03
9.5545545545545540467e-01,7.6705472920689616798e-03
9.5775775775775762177e-01,7.7580468416158596817e-03
9.6006006006005994990e-01,7.8463212370050890165e-03
9.6236236236236227803e-01,7.9353753168552743774e-03
9.6466466466466460616e-01,8.0252139656536401746e-03
9.6696696696696693429e-01,8.1158420570378014131e-03
9.6926926926926915140e-01,8.2072645080058497652e-03
9.7157157157157147953e-01,8.2994862306973119642e-03
9.7387387387387380766e-01,8.3925121717250746739e-03
9.7617617617617613579e-01,8.4863472840045212769e-03
9.7847847847847835290e-01,8.5809965422597202223e-03
9.8078078078078068103e-01,8.6764649410541721392e-03
9.8308308308308300916e-01,8.7727574831276220607e-03
9.8538538538538533729e-01,8.8698792041475345987e-03
9.8768768768768755439e-01,8.9678351361962525823e-03
9.8998998998998988252e-01,9.0666303540702843783e-03
9.9229229229229221065e-01,9.1662699219580180687e-03
9.9459459459459453878e-01,9.2667589504940514611e-03
9.9689689689689686691e-01,9.3681025398010646377e-03
9.9919919919919908402e-01,9.4703058325945992102e-03
1.0015015015015014122e+00,9.5733739682756866657e-03
1.0038038038038037403e+00,9.6773121189545150550e-03
1.0061061061061060684e+00,9.7821254653560948261e-03
1.0084084084084083965e+00,9.8878192077128460036e-03
1.0107107107107107247e+00,9.9943985686973737387e-03
1.0130130130130128308e+00,1.0101868776819886153e-02
1.0153153153153151589e+00,1.0210235095888491388e-02
1.0176176176176174870e+00,1.0319502784287937908e-02
1.0199199199199198151e+00,1.0429677144700721936e-02
1.0222222222222221433e+00,1.0540763468434079589e-02
1.0245245245245244714e+00,1.0652767093530256942e-02
1.0268268268268267995e+00,1.0765693348113357375e-02
1.0291291291291291277e+00,1.0879547601879755933e-02
1.0314314314314314558e+00,1.0994335222944984568e-02
1.0337337337337335619e+00,1.1110061610191344569e-02
1.0360360360360358900e+00,1.1226732173533702716e-02
1.0383383383383382181e+00,1.1344352340005406030e-02
1.0406406406406405463e+00,1.1462927561687208389e-02
1.0429429429429428744e+00,1.1582463294174942525e-02
1.0452452452452452025e+00,1.1702965030628125973e-02
1.0475475475475475307e+00,1.1824438257075717967e-02
1.0498498498498498588e+00,1.1946888505208832360e-02
1.0521521521521519649e+00,1.2070321294811911170e-02
1.0544544544544542930e+00,1.2194742192401407041e-02
1.0567567567567566211e+00,1.2320156755417258770e-02
1.0590590590590589493e+00,1.2446570581608388736e-02
1.0613613613613612774e+00,1.2573989269051528278e-02
1.0636636636636636055e+00,1.2702418444487249133e-02
1.0659659659659659336e+00,1.2831863748193141767e-02
1.0682682682682682618e+00,1.2962330835111576452e-02
1.0705705705705705899e+00,1.3093825387826552031e-02
1.0728728728728726960e+00,1.3226353090156474021e-02
1.0751751751751750241e+00,1.3359919665626168381e-02
1.0774774774774773523e+00,1.3494530829080213577e-02
1.0797797797797796804e+00,1.3630192342156529847e-02
1.0820820820820820085e+00,1.3766909954300165717e-02
1.0843843843843843366e+00,1.3904689461402986589e-02
1.0866866866866866648e+00,1.4043536651359664683e-02
1.0889889889889889929e+00,1.4183457350884012826e-02
1.0912912912912910990e+00,1.4324457389085398090e-02
1.0935935935935934271e+00,1.4466542621491508200e-02
1.0958958958958957552e+00,1.4609718919738886450e-02
1.0981981981981980834e+00,1.4753992167629688403e-02
1.1005005005005004115e+00,1.4899368279164338855e-02
1.1028028028028027396e+00,1.5045853167360040414e-02
1.1051051051051050678e+00,1.5193452786930966222e-02
1.1074074074074073959e+00,1.5342173082541741419e-02
1.1097097097097097240e+00,1.5492020046520752971e-02
1.1120120120120118301e+00,1.5642999658968034099e-02
1.1143143143143141582e+00,1.5795117945864807496e-02
1.1166166166166164864e+00,1.5948380926497539994e-02
1.1189189189189188145e+00,1.6102794657267723022e-02
1.1212212212212211426e+00,1.6258365199181595145e-02
1.1235235235235234708e+00,1.6415098637294140566e-02
1.1258258258258257989e+00,1.6573001075387262804e-02
1.1281281281281281270e+00,1.6732078626886963402e-02
1.1304304304304302331e+00,1.6892337437915540960e-02
1.1327327327327325612e+00,1.7053783651483227918e-02
1.1350350350350348894e+00,1.7216423454115645925e-02
1.1373373373373372175e+00,1.7380263021126517164e-02
1.1396396396396395456e+00,1.7545308576089581332e-02
1.1419419419419418738e+00,1.7711566330574395750e-02
1.1442442442442442019e+00,1.7879042541199277605e-02
1.1465465465465465300e+00,1.8047743459401792421e-02
1.1488488488488488581e+00,1.8217675371836390685e-02
1.1511511511511509642e+00,1.8388844572096420260e-02
1.1534534534534532924e+00,1.8561257375351664090e-02
1.1557557557557556205e+00,1.8734920118143393031e-02
1.1580580580580579486e+00,1.8909839144135163341e-02
1.1603603603603602767e+00,1.9086020832102562617e-02
1.1626626626626626049e+00,1.9263471555691098064e-02
1.1649649649649649330e+00,1.9442197733681242100e-02
1.1672672672672672611e+00,1.9622205772708303795e-02
1.1695695695695693672e+00,1.9803502127964847657e-02
1.1718718718718716953e+00,1.9986093243126272501e-02
1.1741741741741740235e+00,2.0169985605819090724e-02
1.1764764764764763516e+00,2.0355185700196704035e-02
1.1787787787787786797e+00,2.0541700043548535848e-02
1.1810810810810810079e+00,2.0729535162540359966e-02
1.1833833833833833360e+00,2.0918697602856532042e-02
1.1856856856856856641e+00,2.1109193934199924070e-02
1.1879879879879879923e+00,2.1301030730895269966e-02
1.1902902902902900983e+00,2.1494214604688172132e-02
1.1925925925925924265e+00,2.1688752160311946388e-02
1.1948948948948947546e+00,2.1884650049034285596e-02
1.1971971971971970827e+00,2.2081914909290630000e-02
1.1994994994994994109e+00,2.2280553428069199695e-02
1.2018018018018017390e+00,2.2480572281589245726e-02
1.2041041041041040671e+00,2.2681978188676749780e-02
1.2064064064064063952e+00,2.2884777866572926508e-02
1.2087087087087085013e+00,2.3088978063415255271e-02
1.2110110110110108295e+00,2.3294585539242587680e-02
1.2133133133133131576e+00,2.3501607070494180685e-02
1.2156156156156154857e+00,2.3710049460259705750e-02
1.2179179179179178139e+00,2.3919919513796267241e-02
1.2202202202202201420e+00,2.4131224075964533005e-02
1.2225225225225224701e+00,2.4343969982889960418e-02
1.2248248248248247982e+00,2.4558164118393777803e-02
1.2271271271271271264e+00,2.4773813353030690182e-02
1.2294294294294292325e+00,2.4990924605606906067e-02
1.2317317317317315606e+00,2.5209504785155406603e-02
1.2340340340340338887e+00,2.5429560841735910498e-02
1.2363363363363362168e+00,2.5651099725872809898e-02
1.2386386386386385450e+00,2.5874128416601950564e-02
1.2409409409409408731e+00,2.6098653907448848138e-02
1.2432432432432432012e+00,2.6324683205676872866e-02
1.2455455455455455294e+00,2.6552223347787864277e-02
1.2478478478478476354e+00,2.6781281370062026692e-02
1.2501501501501499636e+00,2.7011864350409212077e-02
1.2524524524524522917e+00,2.7243979356462506847e-02
1.2547547547547546198e+00,2.7477633504450166974e-02
1.2570570570570569480e+00,2.7712833897157125584e-02
1.2593593593593592761e+00,2.7949587685028358386e-02
1.2616616616616616042e+00,2.8187902009963915900e-02
1.2639639639639639324e+00,2.8427784053092708394e-02
1.2662662662662662605e+00,2.8669240998201391685e-02
1.2685685685685683666e+00,2.8912280055080775282e-02
1.2708708708708706947e+00,2.9156908450645259434e-02
1.2731731731731730228e+00,2.9403133422866278152e-02
1.2754754754754753510e+00,2.9650962241481258058e-02
1.2777777777777776791e+00,2.9900402173709553222e-02
1.2800800800800800072e+00,3.0151460530253117176e-02
1.2823823823823823354e+00,3.0404144610203538007e-02
1.2846846846846846635e+00,3.0658461761872424223e-02
1.2869869869869867696e+00,3.0914419320215706655e-02
1.2892892892892890977e+00,3.1172024666982989238e-02
1.2915915915915914258e+00,3.1431285176826008476e-02
1.2938938938938937540e+00,3.1692208261629620236e-02
1.2961961961961960821e+00,3.1954801338255678367e-02
1.2984984984984984102e+00,3.2219071846961135075e-02
1.3008008008008007383e+00,3.2485027247784063753e-02
1.3031031031031030665e+00,3.2752675009140919116e-02
1.3054054054054053946e+00,3.3022022633656090973e-02
1.3077077077077075007e+00,3.3293077619251973398e-02
1.3100100100100098288e+00,3.3565847508985759140e-02
1.3123123123123121569e+00,3.3840339833198222752e-02
1.3146146146146144851e+00,3.4116562171775381695e-02
1.3169169169169168132e+00,3.4394522091600619740e-02
1.3192192192192191413e+00,3.4674227205210343683e-02
1.3215215215215214695e+00,3.4955685119689071383e-02
1.3238238238238237976e+00,3.5238903477171193424e-02
1.3261261261261259037e+00,3.5523889927189897242e-02
1.3284284284284282318e+00,3.5810652139978700614e-02
1.3307307307307305599e+00,3.6099197808208943750e-02
1.3330330330330328881e+00,3.6389534630274819604e-02
1.3353353353353352162e+00,3.6681670341109952338e-02
1.3376376376376375443e+00,3.6975612668898642788e-02
1.3399399399399398725e+00,3.7271369388389319344e-02
1.3422422422422422006e+00,3.7568948260758794344e-02
1.3445445445445445287e+00,3.7868357096743694712e-02
1.3468468468468466348e+00,3.8169603694700807162e-02
1.3491491491491489629e+00,3.8472695897245230701e-02
1.3514514514514512911e+00,3.8777641543370967858e-02
1.3537537537537536192e+00,3.9084448504778268596e-02
1.3560560560560559473e+00,3.9393124663075131109e-02
1.3583583583583582755e+00,3.9703677917816558585e-02
1.3606606606606606036e+00,4.0016116193634210241e-02
1.3629629629629629317e+00,4.0330447418276453575e-02
1.3652652652652652598e+00,4.0646679558234928564e-02
1.3675675675675673659e+00,4.0964820571365752333e-02
1.3698698698698696941e+00,4.1284878463281465821e-02
1.3721721721721720222e+00,4.1606861225428108664e-02
1.3744744744744743503e+00,4.1930776898520732976e-02
1.3767767767767766784e+00,4.2256633511775887335e-02
1.3790790790790790066e+00,4.2584439137033650025e-02
1.3813813813813813347e+00,4.2914201844509509975e-02
1.3836836836836836628e+00,4.3245929734636624764e-02
1.3859859859859857689e+00,4.3579630920328661647e-02
1.3882882882882880970e+00,4.3915313529651008040e-02
1.3905905905905904252e+00,4.4252985718339729604e-02
1.3928928928928927533e+00,4.4592655642708124708e-02
1.3951951951951950814e+00,4.4934331499858086445e-02
1.3974974974974974096e+00,4.5278021476549266955e-02
1.3997997997997997377e+00,4.5623733808223279618e-02
1.4021021021021020658e+00,4.5971476715821475711e-02
1.4044044044044043940e+00,4.6321258468957848820e-02
1.4067067067067065000e+00,4.6673087326868943625e-02
1.4090090090090088282e+00,4.7026971589551970487e-02
1.4113113113113111563e+00,4.7382919557519963261e-02
1.4136136136136134844e+00,4.7740939558888903504e-02
1.4159159159159158126e+00,4.8101039936869351143e-02
1.4182182182182181407e+00,4.8463229047009545591e-02
1.4205205205205204688e+00,4.8827515275056833366e-02
1.4228228228228227970e+00,4.9193907004888806633e-02
1.4251251251251249030e+00,4.9562412663041378880e-02
1.4274274274274272312e+00,4.9933040664207214987e-02
1.4297297297297295593e+00,5.0305799472412933426e-02
1.4320320320320318874e+00,5.0680697537118971074e-02
1.4343343343343342156e+00,5.1057743355578728839e-02
1.4366366366366365437e+00,5.1436945416015469879e-02
1.4389389389389388718e+00,5.1818312245349391898e-02
1.4412412412412411999e+00,5.2201852373285326236e-02
1.4435435435435435281e+00,5.2587574354416577460e-02
1.4458458458458456342e+00,5.2975486761069716379e-02
1.4481481481481479623e+00,5.3365598175102037237e-02
1.4504504504504502904e+00,5.3757917211014361047e-02
1.4527527527527526185e+00,5.4152452479107965333e-02
1.4550550550550549467e+00,5.4549212634017685275e-02
1.4573573573573572748e+00,5.4948206317261792664e-02
1.4596596596596596029e+00,5.5349442220054022312e-02
1.4619619619619619311e+00,5.5752929019245896225e-02
1.4642642642642640372e+00,5.6158675438327476659e-02
1.4665665665665663653e+00,5.6566690193313021173e-02
1.4688688688688686934e+00,5.6976982036662474074e-02
1.4711711711711710215e+00,5.7389559725994389316e-02
1.4734734734734733497e+00,5.7804432041016019783e-02
1.4757757757757756778e+00,5.8221607781803574877e-02
1.4780780780780780059e+00,5.8641095755178680726e-02
1.4803803803803803341e+00,5.9062904802935696502e-02
1.4826826826826826622e+00,5.9487043760471570997e-02
1.4849849849849847683e+00,5.9913521508962432061e-02
1.4872872872872870964e+00,6.0342346915439264154e-02
1.4895895895895894245e+00,6.0773528896671431820e-02
1.4918918918918917527e+00,6.1207076355538195256e-02
1.4941941941941940808e+00,6.1642998240134763699e-02
1.4964964964964964089e+00,6.2081303492820483214e-02
1.4987987987987987371e+00,6.2522001089980086541e-02
1.5011011011011010652e+00,6.2965100015613992279e-02
1.5034034034034031713e+00,6.3410609272950224646e-02
1.5057057057057054994e+00,6.3858537888198271815e-02
1.5080080080080078275e+00,6.4308894891577053632e-02
1.5103103103103101557e+00,6.4761689350476214777e-02
1.5126126126126124838e+00,6.5216930323850799689e-02
1.5149149149149148119e+00,6.5674626917642975332e-02
1.5172172172172171400e+00,6.6134788222886084497e-02
1.5195195195195194682e+00,6.6597423380082301780e-02
1.5218218218218217963e+00,6.7062541516583709655e-02
1.5241241241241239024e+00,6.7530151803293220203e-02
1.5264264264264262305e+00,6.8000263407288707995e-02
1.5287287287287285587e+00,6.8472885527112087312e-02
1.5310310310310308868e+00,6.8948027371444953193e-02
1.5333333333333332149e+00,6.9425698165300475662e-02
1.5356356356356355430e+00,6.9905907159245592175e-02
1.5379379379379378712e+00,7.0388663605194259909e-02
1.5402402402402401993e+00,7.0873976794280549307e-02
1.5425425425425423054e+00,7.1361856007349164233e-02
1.5448448448448446335e+00,7.1852310573187930243e-02
1.5471471471471469616e+00,7.2345349805180966807e-02
1.5494494494494492898e+00,7.2840983065607489699e-02
1.5517517517517516179e+00,7.3339219704587732540e-02
1.5540540540540539460e+00,7.3840069113899675646e-02
1.5563563563563562742e+00,7.4343540683555309201e-02
1.5586586586586586023e+00,7.4849643832342938055e-02
1.5609609609609609304e+00,7.5358387991755204638e-02
1.5632632632632630365e+00,7.5869782606699409655e-02
1.5655655655655653646e+00,7.6383837150138425565e-02
1.5678678678678676928e+00,7.6900561093807037749e-02
1.5701701701701700209e+00,7.7419963950525444440e-02
1.5724724724724723490e+00,7.7942055221166511858e-02
1.5747747747747746772e+00,7.8466844455215650767e-02
1.5770770770770770053e+00,7.8994341186524777432e-02
1.5793793793793793334e+00,7.9524554996961635545e-02
1.5816816816816814395e+00,8.0057495457453789478e-02
1.5839839839839837676e+00,8.0593172178477390233e-02
1.5862862862862860958e+00,8.1131594770925977156e-02
1.5885885885885884239e+00,8.1672772871674570450e-02
1.5908908908908907520e+00,8.2216716132884795631e-02
1.5931931931931930801e+00,8.2763434217220363531e-02
1.5954954954954954083e+00,8.3312936817812169310e-02
1.5977977977977977364e+00,8.3865233624103266430e-02
1.6001001001001000645e+00,8.4420334368291841121e-02
1.6024024024024021706e+00,8.4978248769194270062e-02
1.6047047047047044988e+00,8.5538986594624583093e-02
1.6070070070070068269e+00,8.6102557596804824014e-02
1.6093093093093091550e+00,8.6668971574818259862e-02
1.6116116116116114831e+00,8.7238238318240970970e-02
1.6139139139139138113e+00,8.7810367653905360696e-02
1.6162162162162161394e+00,8.8385369411354372526e-02
1.6185185185185184675e+00,8.8963253443240866702e-02
1.6208208208208207957e+00,8.9544029620089671262e-02
1.6231231231231229017e+00,9.0127707820045671605e-02
1.6254254254254252299e+00,9.0714297954028813575e-02
1.6277277277277275580e+00,9.1303809926949641707e-02
1.6300300300300298861e+00,9.1896253687932430432e-02
1.6323323323323322143e+00,9.2491639171530415364e-02
1.6346346346346345424e+00,9.3089976361382748005e-02
1.6369369369369368705e+00,9.3691275225850856323e-02
1.6392392392392391987e+00,9.4295545778743605769e-02
1.6415415415415413047e+00,9.4902798025990942055e-02
1.6438438438438436329e+00,9.5513042008323278953e-02
1.6461461461461459610e+00,9.6126287771562582418e-02
1.6484484484484482891e+00,9.6742545381709843522e-02
1.6507507507507506173e+00,9.7361824925200679548e-02
1.6530530530530529454e+00,9.7984136493256199230e-02
1.6553553553553552735e+00,9.8609490212045333712e-02
1.6576576576576576016e+00,9.9237896199560221566e-02
1.6599599599599599298e+00,9.9869364619220107882e-02
1.6622622622622620359e+00,1.0050390561894068098e-01
1.6645645645645643640e+00,1.0114152939548354260e-01
1.6668668668668666921e+00,1.0178224613090973427e-01
1.6691691691691690203e+00,1.0242606605104781492e-01
1.6714714714714713484e+00,1.0307299937564029513e-01
1.6737737737737736765e+00,1.0372305635661552281e-01
1.6760760760760760046e+00,1.0437624725343074006e-01
1.6783783783783783328e+00,1.0503258234274573391e-01
1.6806806806806804389e+00,1.0569207192416534002e-01
1.6829829829829827670e+00,1.0635472629931219668e-01
1.6852852852852850951e+00,1.0702055580677125035e-01
1.6875875875875874232e+00,1.0768957077495890096e-01
1.6898898898898897514e+00,1.0836178157867444594e-01
1.6921921921921920795e+00,1.0903719857655101710e-01
1.6944944944944944076e+00,1.0971583217551386658e-01
1.6967967967967967358e+00,1.1039769276862357317e-01
1.6990990990990990639e+00,1.1108279079080084217e-01
1.7014014014014011700e+00,1.1177113667282612131e-01
1.7037037037037034981e+00,1.1246274087493270122e-01
1.7060060060060058262e+00,1.1315761386736504501e-01
1.7083083083083081544e+00,1.1385576613458336936e-01
1.7106106106106104825e+00,1.1455720818644170300e-01
1.7129129129129128106e+00,1.1526195053214008390e-01
1.7152152152152151388e+00,1.1597000371968883836e-01
1.7175175175175174669e+00,1.1668137828513834575e-01
1.7198198198198195730e+00,1.1739608481161604991e-01
1.7221221221221219011e+00,1.1811413386569345751e-01
1.7244244244244242292e+00,1.1883553606138838599e-01
1.7267267267267265574e+00,1.1956030199993021579e-01
1.7290290290290288855e+00,1.2028844232229776723e-01
1.7313313313313312136e+00,1.2101996766740913403e-01
1.7336336336336335417e+00,1.2175488870080629356e-01
1.7359359359359358699e+00,1.2249321610055148579e-01
1.7382382382382381980e+00,1.2323496055594800047e-01
1.7405405405405403041e+00,1.2398013278406140592e-01
1.7428428428428426322e+00,1.2472874349874861488e-01
1.7451451451451449604e+00,1.2548080345433726412e-01
1.7474474474474472885e+00,1.2623632339162171867e-01
1.7497497497497496166e+00,1.2699531409888628608e-01
1.7520520520520519447e+00,1.2775778634773796161e-01
1.7543543543543542729e+00,1.2852375095609669398e-01
1.7566566566566566010e+00,1.2929321873038468471e-01
1.7589589589589587071e+00,1.3006620051446471376e-01
1.7612612612612610352e+00,1.3084270715232151905e-01
1.7635635635635633633e+00,1.3162274951164254500e-01
1.7658658658658656915e+00,1.3240633847513341714e-01
1.7681681681681680196e+00,1.3319348493378113663e-01
1.7704704704704703477e+00,1.3398419980857839695e-01
1.7727727727727726759e+00,1.3477849401487787540e-01
1.7750750750750750040e+00,1.3557637850993328743e-01
1.7773773773773773321e+00,1.3637786423611991671e-01
1.7796796796796794382e+00,1.3718296218340589321e-01
1.7819819819819817663e+00,1.3799168332522407376e-01
1.7842842842842840945e+00,1.3880403867990745437e-01
1.7865865865865864226e+00,1.3962003925577443075e-01
1.7888888888888887507e+00,1.4043969609610235105e-01
1.7911911911911910789e+00,1.4126302024655557066e-01
1.7934934934934934070e+00,1.4209002277352247856e-01
1.7957957957957957351e+00,1.4292071476088405446e-01
1.7980980980980978412e+00,1.4375510729789561792e-01
1.8004004004004001693e+00,1.4459321150593656968e-01
1.8027027027027024975e+00,1.4543503849847269627e-01
1.8050050050050048256e+00,1.4628059943207591398e-01
1.8073073073073071537e+00,1.4712990544735154996e-01
1.8096096096096094819e+00,1.4798296773230068535e-01
1.8119119119119118100e+00,1.4883979745879918899e-01
1.8142142142142141381e+00,1.4970040584196733779e-01
1.8165165165165164662e+00,1.5056480408857125797e-01
1.8188188188188185723e+00,1.5143300343771662342e-01
1.8211211211211209005e+00,1.5230501513322988738e-01
1.8234234234234232286e+00,1.5318085043665352618e-01
1.8257257257257255567e+00,1.5406052062945863046e-01
1.8280280280280278848e+00,1.5494403699566089427e-01
1.8303303303303302130e+00,1.5583141085337626208e-01
1.8326326326326325411e+00,1.5672265351071260064e-01
1.8349349349349348692e+00,1.5761777631985013359e-01
1.8372372372372369753e+00,1.5851679061618548228e-01
1.8395395395395393034e+00,1.5941970778201097758e-01
1.8418418418418416316e+00,1.6032653918416781003e-01
1.8441441441441439597e+00,1.6123729623086338614e-01
1.8464464464464462878e+00,1.6215199032376961807e-01
1.8487487487487486160e+00,1.6307063289416273699e-01
1.8510510510510509441e+00,1.6399323538042342996e-01
1.8533533533533532722e+00,1.6491980923562815642e-01
1.8556556556556556004e+00,1.6585036593515667391e-01
1.8579579579579577064e+00,1.6678491695419375707e-01
1.8602602602602600346e+00,1.6772347380383070825e-01
1.8625625625625623627e+00,1.6866604798324397185e-01
1.8648648648648646908e+00,1.6961265103637909735e-01
1.8671671671671670190e+00,1.7056329448984536290e-01
1.8694694694694693471e+00,1.7151798991632893898e-01
1.8717717717717716752e+00,1.7247674887397393406e-01
1.8740740740740740033e+00,1.7343958296017800147e-01
1.8763763763763761094e+00,1.7440650376774058383e-01
1.8786786786786784376e+00,1.7537752291620697931e-01
1.8809809809809807657e+00,1.7635265203461275574e-01
1.8832832832832830938e+00,1.7733190276366248006e-01
1.8855855855855854220e+00,1.7831528676863447891e-01
1.8878878878878877501e+00,1.7930281571197526080e-01
1.8901901901901900782e+00,1.8029450129364152366e-01
1.8924924924924924063e+00,1.8129035519997435677e-01
1.8947947947947947345e+00,1.8229038916249468150e-01
1.8970970970970968406e+00,1.8329461489510048833e-01
1.8993993993993991687e+00,1.8430304415665701989e-01
1.9017017017017014968e+00,1.8531568869261633159e-01
1.9040040040040038249e+00,1.8633256028538378035e-01
1.9063063063063061531e+00,1.8735367071481418000e-01
1.9086086086086084812e+00,1.8837903178457704456e-01
1.9109109109109108093e+00,1.8940865531022227364e-01
1.9132132132132131375e+00,1.9044255311597593772e-01
1.9155155155155152435e+00,1.9148073705280876933e-01
1.9178178178178175717e+00,1.9252321896636023779e-01
1.9201201201201198998e+00,1.9357001074118485029e-01
1.9224224224224222279e+00,1.9462112424675237499e-01
1.9247247247247245561e+00,1.9567657139784844222e-01
1.9270270270270268842e+00,1.9673636409161671112e-01
1.9293293293293292123e+00,1.9780051426879974308e-01
1.9316316316316315405e+00,1.9886903385805915212e-01
1.9339339339339338686e+00,1.9994193482255206984e-01
1.9362362362362359747e+00,2.0101922912502437346e-01
1.9385385385385383028e+00,2.0210092874905899452e-01
1.9408408408408406309e+00,2.0318704569249368408e-01
1.9431431431431429591e+00,2.0427759195890782262e-01
1.9454454454454452872e+00,2.0537257958068014241e-01
1.9477477477477476153e+00,2.0647202058251440393e-01
1.9500500500500499435e+00,2.0757592702922447736e-01
1.9523523523523522716e+00,2.0868431096931910895e-01
1.9546546546546545997e+00,2.0979718449647727363e-01
1.9569569569569567058e+00,2.1091455968698200052e-01
1.9592592592592590339e+00,2.1203644865911211448e-01
1.9615615615615613621e+00,2.1316286352057869924e-01
1.9638638638638636902e+00,2.1429381641099723432e-01
1.9661661661661660183e+00,2.1542931947178139973e-01
1.9684684684684683464e+00,2.1656938486217197637e-01
1.9707707707707706746e+00,2.1771402475799905840e-01
1.9730730730730730027e+00,2.1886325133796730169e-01
1.9753753753753751088e+00,2.2001707681148646722e-01
1.9776776776776774369e+00,2.2117551337811144907e-01
1.9799799799799797650e+00,2.2233857327844958052e-01
1.9822822822822820932e+00,2.2350626873583392951e-01
1.9845845845845844213e+00,2.2467861201829650297e-01
1.9868868868868867494e+00,2.2585561537696632883e-01
1.9891891891891890776e+00,2.2703729110310003070e-01
1.9914914914914914057e+00,2.2822365147904072336e-01
1.9937937937937937338e+00,2.2941470881629144607e-01
1.9960960960960958399e+00,2.3061047543038645791e-01
1.9983983983983981680e+00,2.3181096365164455264e-01
2.0007007007007007182e+00,2.3301618582922431488e-01
2.0030030030030028243e+00,2.3422615431237012174e-01
2.0053053053053049304e+00,2.3544088148275721384e-01
2.0076076076076074806e+00,2.3666037971020567610e-01
2.0099099099099095866e+00,2.3788466140626476908e-01
2.0122122122122121368e+00,2.3911373896450535681e-01
2.0145145145145142429e+00,2.4034762482241808779e-01
2.0168168168168167931e+00,2.4158633140132809713e-01
2.0191191191191188992e+00,2.4282987116061288679e-01
2.0214214214214214493e+00,2.4407825655252338160e-01
2.0237237237237235554e+00,2.4533150005563575391e-01
2.0260260260260256615e+00,2.4658961415481639445e-01
2.0283283283283282117e+00,2.4785261134669014926e-01
2.0306306306306303178e+00,2.4912050414889347350e-01
2.0329329329329328679e+00,2.5039330507647994395e-01
2.0352352352352349740e+00,2.5167102667848295638e-01
2.0375375375375375242e+00,2.5295368149029190397e-01
2.0398398398398396303e+00,2.5424128208944785090e-01
2.0421421421421421805e+00,2.5553384103507803538e-01
2.0444444444444442865e+00,2.5683137092917673883e-01
2.0467467467467463926e+00,2.5813388435853701353e-01
2.0490490490490489428e+00,2.5944139394575455038e-01
2.0513513513513510489e+00,2.6075391230819705557e-01
2.0536536536536535991e+00,2.6207145208666066116e-01
2.0559559559559557052e+00,2.6339402593049515700e-01
2.0582582582582582553e+00,2.6472164649782370383e-01
2.0605605605605603614e+00,2.6605432646986099110e-01
2.0628628628628629116e+00,2.6739207852270413523e-01
2.0651651651651650177e+00,2.6873491536779775535e-01
2.0674674674674671238e+00,2.7008284970137569347e-01
2.0697697697697696739e+00,2.7143589426199099535e-01
2.0720720720720717800e+00,2.7279406176961018549e-01
2.0743743743743743302e+00,2.7415736498576609437e-01
2.0766766766766764363e+00,2.7552581665795944366e-01
2.0789789789789789864e+00,2.7689942956709456823e-01
2.0812812812812810925e+00,2.7827821649084366618e-01
2.0835835835835831986e+00,2.7966219022736543698e-01
2.0858858858858857488e+00,2.8105136358562837762e-01
2.0881881881881878549e+00,2.8244574938043920387e-01
2.0904904904904904051e+00,2.8384536045166286478e-01
2.0927927927927925111e+00,2.8525020963165426124e-01
2.0950950950950950613e+00,2.8666030978926865247e-01
2.0973973973973971674e+00,2.8807567377680959320e-01
2.0996996996996997176e+00,2.8949631448877316542e-01
2.1020020020020018237e+00,2.9092224480114359242e-01
2.1043043043043039297e+00,2.9235347762989627451e-01
2.1066066066066064799e+00,2.9379002587831143378e-01
2.1089089089089085860e+00,2.9523190248049419049e-01
2.1112112112112111362e+00,2.9667912036935989439e-01
2.1135135135135132423e+00,2.9813169249530085958e-01
2.1158158158158157924e+00,2.9958963182170189610e-01
2.1181181181181178985e+00,3.0105295131490106275e-01
2.1204204204204204487e+00,3.0252166396808771731e-01
2.1227227227227225548e+00,3.0399578276470123894e-01
2.1250250250250246609e+00,3.0547532072557687099e-01
2.1273273273273272110e+00,3.0696029085389997526e-01
2.1296296296296293171e+00,3.0845070619461001371e-01
2.1319319319319318673e+00,3.0994657977445722041e-01
2.1342342342342339734e+00,3.1144792465836812489e-01
2.1365365365365365236e+00,3.1295475390006310956e-01
2.1388388388388386296e+00,3.1446708058139372088e-01
2.1411411411411411798e+00,3.1598491778510517936e-01
2.1434434434434432859e+00,3.1750827860840902250e-01
2.1457457457457453920e+00,3.1903717616363580500e-01
2.1480480480480479422e+00,3.2057162356328311459e-01
2.1503503503503500482e+00,3.2211163394834085860e-01
2.1526526526526525984e+00,3.2365722044799871693e-01
2.1549549549549547045e+00,3.2520839622950381553e-01
2.1572572572572572547e+00,3.2676517444161912174e-01
2.1595595595595593608e+00,3.2832756827414433243e-01
2.1618618618618614668e+00,3.2989559089925502011e-01
2.1641641641641640170e+00,3.3146925552529760139e-01
2.1664664664664661231e+00,3.3304857535103343791e-01
2.1687687687687686733e+00,3.3463356360058194028e-01
2.1710710710710707794e+00,3.3622423350106406259e-01
2.1733733733733733295e+00,3.3782059829108190829e-01
2.1756756756756754356e+00,3.3942267122640917831e-01
2.1779779779779779858e+00,3.4103046556031707537e-01
2.1802802802802800919e+00,3.4264399457605371202e-01
2.1825825825825821980e+00,3.4426327154321401114e-01
2.1848848848848847481e+00,3.4588830976988016452e-01
2.1871871871871868542e+00,3.4751912254507738576e-01
2.1894894894894894044e+00,3.4915572319788806821e-01
2.1917917917917915105e+00,3.5079812504056373523e-01
2.1940940940940940607e+00,3.5244634141935249350e-01
2.1963963963963961668e+00,3.5410038567265811338e-01
2.1986986986986987169e+00,3.5576027116140657158e-01
2.2010010010010008230e+00,3.5742601125165041065e-01
2.2033033033033029291e+00,3.5909761931797656853e-01
2.2056056056056054793e+00,3.6077510875411855640e-01
2.2079079079079075854e+00,3.6245849294876764102e-01
2.2102102102102101355e+00,3.6414778532190550386e-01
2.2125125125125122416e+00,3.6584299927822810927e-01
2.2148148148148147918e+00,3.6754414826111581061e-01
2.2171171171171168979e+00,3.6925124569457212775e-01
2.2194194194194194480e+00,3.7096430504136396200e-01
2.2217217217217215541e+00,3.7268333974842854373e-01
2.2240240240240236602e+00,3.7440836329452570341e-01
2.2263263263263262104e+00,3.7613938915245037631e-01
2.2286286286286283165e+00,3.7787643081405680734e-01
2.2309309309309308667e+00,3.7961950177800524164e-01
2.2332332332332329727e+00,3.8136861555020962200e-01
2.2355355355355355229e+00,3.8312378565963373100e-01
2.2378378378378376290e+00,3.8488502562344695246e-01
2.2401401401401397351e+00,3.8665234898209366321e-01
2.2424424424424422853e+00,3.8842576926912025792e-01
2.2447447447447443913e+00,3.9020530009287612838e-01
2.2470470470470469415e+00,3.9199095502576586370e-01
2.2493493493493490476e+00,3.9378274754396702662e-01
2.2516516516516515978e+00,3.9558069110987115202e-01
2.2539539539539537039e+00,3.9738479966917372721e-01
2.2562562562562562540e+00,3.9919508734056280419e-01
2.2585585585585583601e+00,4.0101156682716948554e-01
2.2608608608608604662e+00,4.0283424966619363339e-01
2.2631631631631630164e+00,4.0466315154413085020e-01
2.2654654654654651225e+00,4.0649829392149194884e-01
2.2677677677677676726e+00,4.0833968751294291710e-01
2.2700700700700697787e+00,4.1018731841338068600e-01
2.2723723723723723289e+00,4.1204119611872208617e-01
2.2746746746746744350e+00,4.1390142727199291661e-01
2.2769769769769769852e+00,4.1576808287458139057e-01
2.2792792792792790912e+00,4.1764088169490465319e-01
2.2815815815815811973e+00,4.1951951966829065244e-01
2.2838838838838837475e+00,4.2140487527221898167e-01
2.2861861861861858536e+00,4.2329837277326365363e-01
2.2884884884884884038e+00,4.2519775936412002038e-01
2.2907907907907905098e+00,4.2709744621660333808e-01
2.2930930930930930600e+00,4.2900230827367441533e-01
2.2953953953953951661e+00,4.3093306397953851095e-01
2.2976976976976977163e+00,4.3288399576852032435e-01
2.2999999999999998224e+00,4.3478260869565193980e-01
