0.0000000000000000000e+00,-8.7314759234905784522e-27
2.3023023023023021089e-03,-4.2410333897890073871e-14
4.6046046046046042177e-03,0.0000000000000000000e+00
6.9069069069069063266e-03,6.8287825767789105606e-15
9.2092092092092084354e-03,6.9485857798802946381e-15
1.1511511511511510544e-02,1.3256224423168185172e-14
1.3813813813813812653e-02,4.1931121085484537562e-14
1.6116116116116116497e-02,1.0049991200167382813e-13
1.8418418418418416871e-02,2.1696360081660714967e-13
2.0720720720720717245e-02,4.3650421844992641937e-13
2.3023023023023021089e-02,8.1250532343358908229e-13
2.5325325325325324932e-02,1.4326858340634032702e-12
2.7627627627627625306e-02,2.3944267515853026185e-12
2.9929929929929925680e-02,3.8608333169312607771e-12
3.2232232232232232993e-02,5.9946784473004714058e-12
3.4534534534534533368e-02,9.0545663527984971857e-12
3.6836836836836833742e-02,1.3296261156104627242e-11
3.9139139139139134116e-02,1.9100915300683360110e-11
4.1441441441441434490e-02,2.6862398994395641476e-11
4.3743743743743741803e-02,3.7103758208853874289e-11
4.6046046046046042177e-02,5.0402277537110121842e-11
4.8348348348348342551e-02,6.7452238360557983111e-11
5.0650650650650649864e-02,8.9066048986756718397e-11
5.2952952952952950239e-02,1.1613813142375767372e-10
5.5255255255255250613e-02,1.4977166919441437008e-10
5.7557557557557550987e-02,1.9110263220447986034e-10
5.9859859859859851361e-02,2.4157058893324706410e-10
6.2162162162162158674e-02,3.0261011646292185059e-10
6.4464464464464465987e-02,3.7603463133955907338e-10
6.6766766766766766361e-02,4.6365736415432453587e-10
6.9069069069069066735e-02,5.6769214223395070623e-10
7.1371371371371367109e-02,6.9041683172223162480e-10
7.3673673673673667484e-02,8.3447633235835963690e-10
7.5975975975975967858e-02,1.0027041494371277268e-09
7.8278278278278268232e-02,1.1982136103862624242e-09
8.0580580580580568606e-02,1.4244802174828403591e-09
8.2882882882882868980e-02,1.6851389959469402396e-09
8.5185185185185183232e-02,1.9843831182155174417e-09
8.7487487487487483606e-02,2.3264459604089566056e-09
8.9789789789789783980e-02,2.7162910200381226138e-09
9.2092092092092084354e-02,3.1588600324291948680e-09
9.4394394394394384729e-02,3.6599173052708137646e-09
9.6696696696696685103e-02,4.2252451546190925199e-09
9.8998998998998985477e-02,4.8614314129171365003e-09
1.0130130130130129973e-01,5.5752380461947972019e-09
1.0360360360360360010e-01,6.3741078351342518244e-09
1.0590590590590590048e-01,7.2659134695609099244e-09
1.0820820820820820085e-01,8.2590023000546390286e-09
1.1051051051051050123e-01,9.3624719272699043961e-09
1.1281281281281280160e-01,1.0585657164496057697e-08
1.1511511511511510197e-01,1.1938964316189844081e-08
1.1741741741741740235e-01,1.3432835631924457494e-08
1.1971971971971970272e-01,1.5079033641864272234e-08
1.2202202202202201697e-01,1.6889281134957802630e-08
1.2432432432432431735e-01,1.8876706698515609534e-08
1.2662662662662660384e-01,2.1054509696442368795e-08
1.2892892892892893197e-01,2.3437191861420359084e-08
1.3123123123123123235e-01,2.6039620583603247116e-08
1.3353353353353353272e-01,2.8877703151671632174e-08
1.3583583583583583310e-01,3.1968142470486314410e-08
1.3813813813813813347e-01,3.5328317596070183122e-08
1.4044044044044043384e-01,3.8976899100307881400e-08
1.4274274274274273422e-01,4.2932853736387145141e-08
1.4504504504504503459e-01,4.7216904187870737457e-08
1.4734734734734733497e-01,5.1849782977365709384e-08
1.4964964964964963534e-01,5.6854286745785046931e-08
1.5195195195195193572e-01,6.2253160167666962156e-08
1.5425425425425423609e-01,6.8071252374945541908e-08
1.5655655655655653646e-01,7.4333585018762453933e-08
1.5885885885885883684e-01,8.1067048188663667771e-08
1.6116116116116113721e-01,8.8299183632249377608e-08
1.6346346346346343759e-01,9.6058954151556738558e-08
1.6576576576576573796e-01,1.0437662059087407068e-07
1.6806806806806806609e-01,1.1328330541418589347e-07
1.7037037037037036646e-01,1.2281213019705972362e-07
1.7267267267267266684e-01,1.3299653766691480333e-07
1.7497497497497496721e-01,1.4387257642780947926e-07
1.7727727727727726759e-01,1.5547625820150846802e-07
1.7957957957957956796e-01,1.6784654295399739314e-07
1.8188188188188186833e-01,1.8102234184387770730e-07
1.8418418418418416871e-01,1.9504546141675510118e-07
1.8648648648648646908e-01,2.0995804860625689215e-07
1.8878878878878876946e-01,2.2580472605937900941e-07
1.9109109109109106983e-01,2.4263116658781904494e-07
1.9339339339339337021e-01,2.6048484282690617598e-07
1.9569569569569567058e-01,2.7941517740901052930e-07
1.9799799799799797095e-01,2.9947260865684599767e-07
2.0030030030030027133e-01,3.2071044666982999628e-07
2.0260260260260259946e-01,3.4318231150295667489e-07
2.0490490490490489983e-01,3.6694543538694794133e-07
2.0720720720720720021e-01,3.9205695358952655653e-07
2.0950950950950950058e-01,4.1857795045807982016e-07
2.1181181181181180095e-01,4.4656949927171153685e-07
2.1411411411411410133e-01,4.7609642438636500624e-07
2.1641641641641640170e-01,5.0722414360173348174e-07
2.1871871871871870208e-01,5.4002117168287992112e-07
2.2102102102102100245e-01,5.7455760344989955614e-07
2.2332332332332330282e-01,6.1090568633561724781e-07
2.2562562562562560320e-01,6.4914043047976981038e-07
2.2792792792792790357e-01,6.8933796894058243375e-07
2.3023023023023020395e-01,7.3157834815606214763e-07
2.3253253253253250432e-01,7.7594187064672109582e-07
2.3483483483483480470e-01,8.2251360681644518724e-07
2.3713713713713710507e-01,8.7137846304433661070e-07
2.3943943943943940544e-01,9.2262639273795817051e-07
2.4174174174174173357e-01,9.7634742611940894552e-07
2.4404404404404403395e-01,1.0326362397326933756e-06
2.4634634634634633432e-01,1.0915884593375727168e-06
2.4864864864864863470e-01,1.1533034207501155985e-06
2.5095095095095093507e-01,1.2178827135638853891e-06
2.5325325325325320769e-01,1.2854303891323531579e-06
2.5555555555555553582e-01,1.3560542422232650259e-06
2.5785785785785786395e-01,1.4298632405911327736e-06
2.6016016016016013657e-01,1.5069714748430707394e-06
2.6246246246246246470e-01,1.5874931971025568827e-06
2.6476476476476473731e-01,1.6715487133779060780e-06
2.6706706706706706544e-01,1.7592581097284777834e-06
2.6936936936936933806e-01,1.8507476879851721621e-06
2.7167167167167166619e-01,1.9461439835451180893e-06
2.7397397397397393881e-01,2.0455790882809331986e-06
2.7627627627627626694e-01,2.1491865204352397462e-06
2.7857857857857853956e-01,2.2571040869855687397e-06
2.8088088088088086769e-01,2.3694726830227322925e-06
2.8318318318318314031e-01,2.4864359124037228650e-06
2.8548548548548546844e-01,2.6081422778777789808e-06
2.8778778778778774106e-01,2.7347414416562499214e-06
2.9009009009009006919e-01,2.8663895577171822813e-06
2.9239239239239234180e-01,3.0032428134929897763e-06
2.9469469469469466993e-01,3.1454648508540056904e-06
2.9699699699699699806e-01,3.2932190585018940951e-06
2.9929929929929927068e-01,3.4466762585349568150e-06
3.0160160160160159881e-01,3.6060077511463801336e-06
3.0390390390390387143e-01,3.7713912916075410206e-06
3.0620620620620619956e-01,3.9430066776321497522e-06
3.0850850850850847218e-01,4.1210385205523628768e-06
3.1081081081081080031e-01,4.3056755249737108159e-06
3.1311311311311307293e-01,4.4971092746905691009e-06
3.1541541541541540106e-01,4.6955375870993233540e-06
3.1771771771771767368e-01,4.9011593557322072795e-06
3.2002002002002000181e-01,5.1141814883426738134e-06
3.2232232232232227442e-01,5.3348107731901183999e-06
3.2462462462462460255e-01,5.5632629448432475571e-06
3.2692692692692687517e-01,5.7997534956690445466e-06
3.2922922922922920330e-01,6.0445065894826872048e-06
3.3153153153153147592e-01,6.2977472210107784414e-06
3.3383383383383380405e-01,6.5597077033990623671e-06
3.3613613613613613218e-01,6.8306231632480338402e-06
3.3843843843843840480e-01,7.1107339917071459975e-06
3.4074074074074073293e-01,7.4002858583744421942e-06
3.4304304304304300555e-01,7.6995273971372065255e-06
3.4534534534534533368e-01,8.0087149862404218514e-06
3.4764764764764760629e-01,8.3281059308990747106e-06
3.4994994994994993442e-01,8.6579672102359547993e-06
3.5225225225225220704e-01,8.9985655217381700372e-06
3.5455455455455453517e-01,9.3501780669636453677e-06
3.5685685685685680779e-01,9.7130818804512887089e-06
3.5915915915915913592e-01,1.0087563902257898148e-05
3.6146146146146140854e-01,1.0473912382778928132e-05
3.6376376376376373667e-01,1.0872423695393169355e-05
3.6606606606606600929e-01,1.1283397967539734660e-05
3.6836836836836833742e-01,1.1707140952095291639e-05
3.7067067067067066555e-01,1.2143965052262705543e-05
3.7297297297297293817e-01,1.2594185627405301143e-05
3.7527527527527526630e-01,1.3058127464340788524e-05
3.7757757757757753891e-01,1.3536116066159999789e-05
3.7987987987987986704e-01,1.4028488390569885511e-05
3.8218218218218213966e-01,1.4535580958969839137e-05
3.8448448448448446779e-01,1.5057742394257761547e-05
3.8678678678678674041e-01,1.5595321313813957284e-05
3.8908908908908906854e-01,1.6148677443234032329e-05
3.9139139139139134116e-01,1.6718172444228731791e-05
3.9369369369369366929e-01,1.7304176825279379799e-05
3.9599599599599594191e-01,1.7907065972222527262e-05
3.9829829829829827004e-01,1.8527221152636304605e-05
4.0060060060060054266e-01,1.9165031847526792984e-05
4.0290290290290287079e-01,1.9820890388019282393e-05
4.0520520520520519892e-01,2.0495200381578906667e-05
4.0750750750750747153e-01,2.1188365886961544595e-05
4.0980980980980979966e-01,2.1900804300536633862e-05
4.1211211211211207228e-01,2.2632932454745665929e-05
4.1441441441441440041e-01,2.3385180892120449657e-05
4.1671671671671667303e-01,2.4157980419186871561e-05
4.1901901901901900116e-01,2.4951774098309143700e-05
4.2132132132132127378e-01,2.5767007716546601787e-05
4.2362362362362360191e-01,2.6604136531528766683e-05
4.2592592592592587453e-01,2.7463621994541393702e-05
4.2822822822822820266e-01,2.8345931579377051888e-05
4.3053053053053047527e-01,2.9251542727622668205e-05
4.3283283283283280340e-01,3.0180935528404001126e-05
4.3513513513513507602e-01,3.1134603348431115944e-05
4.3743743743743740415e-01,3.2113039702370360998e-05
4.3973973973973967677e-01,3.3116753401609883337e-05
4.4204204204204200490e-01,3.4146252614217970144e-05
4.4434434434434433303e-01,3.5202060812748411402e-05
4.4664664664664660565e-01,3.6284702132561801979e-05
4.4894894894894893378e-01,3.7394714031942196460e-05
4.5125125125125120640e-01,3.8532637661809845974e-05
4.5355355355355353453e-01,3.9699024150074383333e-05
4.5585585585585580715e-01,4.0894432336462337412e-05
4.5815815815815813528e-01,4.2119427099169237628e-05
4.6046046046046040789e-01,4.3374585228935775671e-05
4.6276276276276273602e-01,4.4660485866426995834e-05
4.6506506506506500864e-01,4.5977723570539006032e-05
4.6736736736736733677e-01,4.7326892722863352363e-05
4.6966966966966960939e-01,4.8708605008830301703e-05
4.7197197197197193752e-01,5.0123471464705357645e-05
4.7427427427427421014e-01,5.1572119983138747150e-05
4.7657657657657653827e-01,5.3055179667877546345e-05
4.7887887887887881089e-01,5.4573293910305626330e-05
4.8118118118118113902e-01,5.6127110956423993736e-05
4.8348348348348346715e-01,5.7717289402858709246e-05
4.8578578578578573977e-01,5.9344497282962034622e-05
4.8808808808808806790e-01,6.1009408556151012394e-05
4.9039039039039034051e-01,6.2712711222404353591e-05
4.9269269269269266864e-01,6.4455095248617809184e-05
4.9499499499499494126e-01,6.6237268278654238651e-05
4.9729729729729726939e-01,6.8059937454519576854e-05
4.9959959959959954201e-01,6.9923829246621552777e-05
5.0190190190190187014e-01,7.1829669569171042507e-05
5.0420420420420419827e-01,7.3778202675394680046e-05
5.0650650650650641538e-01,7.5770174747017882588e-05
5.0880880880880874351e-01,7.7806347094404575832e-05
5.1111111111111107164e-01,7.9887487251561393976e-05
5.1341341341341339977e-01,8.2014373331065082038e-05
5.1571571571571572790e-01,8.4187794817761261415e-05
5.1801801801801794500e-01,8.6408546879016928611e-05
5.2032032032032027313e-01,8.8677441025972948588e-05
5.2262262262262260126e-01,9.0995290278581125449e-05
5.2492492492492492939e-01,9.3362927689082689199e-05
5.2722722722722714650e-01,9.5781185509095576047e-05
5.2952952952952947463e-01,9.8250917326737197523e-05
5.3183183183183180276e-01,1.0077297639297062913e-04
5.3413413413413413089e-01,1.0334823568447139709e-04
5.3643643643643634800e-01,1.0597757101129787508e-04
5.3873873873873867613e-01,1.0866187401132491126e-04
5.4104104104104100426e-01,1.1140204413136781906e-04
5.4334334334334333239e-01,1.1419899147047757012e-04
5.4564564564564554949e-01,1.1705363964497737144e-04
5.4794794794794787762e-01,1.1996691758247744405e-04
5.5025025025025020575e-01,1.2293977301864266426e-04
5.5255255255255253388e-01,1.2597315468173175997e-04
5.5485485485485486201e-01,1.2906803375738166062e-04
5.5715715715715707912e-01,1.3222538038325842217e-04
5.5945945945945940725e-01,1.3544618799514389720e-04
5.6176176176176173538e-01,1.3873145006048040353e-04
5.6406406406406406351e-01,1.4208218103933190827e-04
5.6636636636636628062e-01,1.4549939933418144225e-04
5.6866866866866860875e-01,1.4898413971531864180e-04
5.7097097097097093688e-01,1.5253744657219576032e-04
5.7327327327327326500e-01,1.5616037485932014826e-04
5.7557557557557548211e-01,1.5985399539987193269e-04
5.7787787787787781024e-01,1.6361938383425457533e-04
5.8018018018018013837e-01,1.6745763722092720785e-04
5.8248248248248246650e-01,1.7136985305582722191e-04
5.8478478478478468361e-01,1.7535715375799939674e-04
5.8708708708708701174e-01,1.7942066052955258997e-04
5.8938938938938933987e-01,1.8356151975649999180e-04
5.9169169169169166800e-01,1.8778087839847556030e-04
5.9399399399399399613e-01,1.9207990553089389590e-04
5.9629629629629621324e-01,1.9645977550045623430e-04
5.9859859859859854136e-01,2.0092167938838651430e-04
6.0090090090090086949e-01,2.0546681993570601568e-04
6.0320320320320319762e-01,2.1009641019654502758e-04
6.0550550550550541473e-01,2.1481168164503043269e-04
6.0780780780780774286e-01,2.1961386996608434617e-04
6.1011011011011007099e-01,2.2450423499698865569e-04
6.1241241241241239912e-01,2.2948403644339901235e-04
6.1471471471471461623e-01,2.3455456140824228650e-04
6.1701701701701694436e-01,2.3971709571370716481e-04
6.1931931931931927249e-01,2.4497295214915388532e-04
6.2162162162162160062e-01,2.5032344481287088517e-04
6.2392392392392381772e-01,2.5576991087782773764e-04
6.2622622622622614585e-01,2.6131369434980041781e-04
6.2852852852852847398e-01,2.6695615615155088773e-04
6.3083083083083080211e-01,2.7269867113796761229e-04
6.3313313313313313024e-01,2.7854262406196270054e-04
6.3543543543543534735e-01,2.8448942083684336654e-04
6.3773773773773767548e-01,2.9054047088154924062e-04
6.4004004004004000361e-01,2.9669721060183572997e-04
6.4234234234234233174e-01,3.0296107571767488895e-04
6.4464464464464454885e-01,3.0933353179127287026e-04
6.4694694694694687698e-01,3.1581604317755139141e-04
6.4924924924924920511e-01,3.2241010285046607046e-04
6.5155155155155153324e-01,3.2911720604130156051e-04
6.5385385385385375034e-01,3.3593887183278471186e-04
6.5615615615615607847e-01,3.4287662794437666043e-04
6.5845845845845840660e-01,3.4993201900225876086e-04
6.6076076076076073473e-01,3.5710660606916045387e-04
6.6306306306306295184e-01,3.6440195952975516737e-04
6.6536536536536527997e-01,3.7181967384585261002e-04
6.6766766766766760810e-01,3.7936134619819634681e-04
6.6996996996996993623e-01,3.8702860366117501070e-04
6.7227227227227226436e-01,3.9482307211627539183e-04
6.7457457457457448147e-01,4.0274640966452414197e-04
6.7687687687687680960e-01,4.1080027344088290275e-04
6.7917917917917913773e-01,4.1898635069352499049e-04
6.8148148148148146586e-01,4.2730633210765508849e-04
6.8378378378378368296e-01,4.3576193279784840740e-04
6.8608608608608601109e-01,4.4435487857006722391e-04
6.8838838838838833922e-01,4.5308691192887069277e-04
6.9069069069069066735e-01,4.6195979454708975629e-04
6.9299299299299288446e-01,4.7097529669093293964e-04
6.9529529529529521259e-01,4.8013521577898671602e-04
6.9759759759759754072e-01,4.8944135110243658544e-04
6.9989989989989986885e-01,4.9889553479316294665e-04
7.0220220220220219698e-01,5.0849959736407501949e-04
7.0450450450450441409e-01,5.1825540381934234908e-04
7.0680680680680674222e-01,5.2816481863550207229e-04
7.0910910910910907035e-01,5.3822973771418681620e-04
7.1141141141141139848e-01,5.4845206182102068746e-04
7.1371371371371361558e-01,5.5883371651602197806e-04
7.1601601601601594371e-01,5.6937664036171061616e-04
7.1831831831831827184e-01,5.8008278821054489512e-04
7.2062062062062059997e-01,5.9095413703634221483e-04
7.2292292292292281708e-01,6.0199267153524470796e-04
7.2522522522522514521e-01,6.1320040676893249922e-04
7.2752752752752747334e-01,6.2457935879122719516e-04
7.2982982982982980147e-01,6.3613157945110836416e-04
7.3213213213213201858e-01,6.4785911866318190641e-04
7.3443443443443434671e-01,6.5976406297057229970e-04
7.3673673673673667484e-01,6.7184849904632472709e-04
7.3903903903903900297e-01,6.8411454609742323920e-04
7.4134134134134133109e-01,6.9656432988194987542e-04
7.4364364364364354820e-01,7.0920000109432645204e-04
7.4594594594594587633e-01,7.2202372600025971523e-04
7.4824824824824820446e-01,7.3503768654813097117e-04
7.5055055055055053259e-01,7.4824408997036537337e-04
7.5285285285285274970e-01,7.6164515022439881458e-04
7.5515515515515507783e-01,7.7524311495838515475e-04
7.5745745745745740596e-01,7.8904023192884599567e-04
7.5975975975975973409e-01,8.0303878761140399817e-04
7.6206206206206195120e-01,8.1724106637562463247e-04
7.6436436436436427933e-01,8.3164939119244872014e-04
7.6666666666666660745e-01,8.4626608606194037542e-04
7.6896896896896893558e-01,8.6109350840446192542e-04
7.7127127127127115269e-01,8.7613402415004306041e-04
7.7357357357357348082e-01,8.9139002407563183022e-04
7.7587587587587580895e-01,9.0686391735609250472e-04
7.7817817817817813708e-01,9.2255812804694725757e-04
7.8048048048048046521e-01,9.3847510884629788998e-04
7.8278278278278268232e-01,9.5461731807175193194e-04
7.8508508508508501045e-01,9.7098725113983210770e-04
7.8738738738738733858e-01,9.8758740272249971939e-04
7.8968968968968966671e-01,1.0044203090632545985e-03
7.9199199199199188381e-01,1.0214885043042661820e-03
7.9429429429429421194e-01,1.0387945629704222351e-03
7.9659659659659654007e-01,1.0563410617750036528e-03
7.9889889889889886820e-01,1.0741306114993363734e-03
8.0120120120120108531e-01,1.0921658336729956305e-03
8.0350350350350341344e-01,1.1104493743470552052e-03
8.0580580580580574157e-01,1.1289839010503437827e-03
8.0810810810810806970e-01,1.1477720952049754420e-03
8.1041041041041039783e-01,1.1668166704119074025e-03
8.1271271271271261494e-01,1.1861203447011958983e-03
8.1501501501501494307e-01,1.2056858766604603306e-03
8.1731731731731727120e-01,1.2255160233486555362e-03
8.1961961961961959933e-01,1.2456135861344528378e-03
8.2192192192192181643e-01,1.2659813645000497252e-03
8.2422422422422414456e-01,1.2866221998740019674e-03
8.2652652652652647269e-01,1.3075389373090407288e-03
8.2882882882882880082e-01,1.3287344563210950945e-03
8.3113113113113101793e-01,1.3502116496976722133e-03
8.3343343343343334606e-01,1.3719734341844013956e-03
8.3573573573573567419e-01,1.3940227513303930524e-03
8.3803803803803800232e-01,1.4163625554162121573e-03
8.4034034034034021943e-01,1.4389958365938512568e-03
8.4264264264264254756e-01,1.4619255881957002492e-03
8.4494494494494487569e-01,1.4851548475836001250e-03
8.4724724724724720382e-01,1.5086866499181669950e-03
8.4954954954954953195e-01,1.5325240772465478691e-03
8.5185185185185174905e-01,1.5566702101904470942e-03
8.5415415415415407718e-01,1.5811281726385364998e-03
8.5645645645645640531e-01,1.6059010938317918021e-03
8.5875875875875873344e-01,1.6309921376055805213e-03
8.6106106106106095055e-01,1.6564044838785687164e-03
8.6336336336336327868e-01,1.6821413357277833090e-03
8.6566566566566560681e-01,1.7082059245948197270e-03
8.6796796796796793494e-01,1.7346014933327595208e-03
8.7027027027027015205e-01,1.7613313244889063254e-03
8.7257257257257248018e-01,1.7883987025150418701e-03
8.7487487487487480831e-01,1.8158069593385193184e-03
8.7717717717717713644e-01,1.8435594241606207289e-03
8.7947947947947935354e-01,1.8716594754490851766e-03
8.8178178178178168167e-01,1.9001104909778790061e-03
8.8408408408408400980e-01,1.9289158928454278128e-03
8.8638638638638633793e-01,1.9580791105332931781e-03
8.8868868868868866606e-01,1.9876036079767189953e-03
8.9099099099099088317e-01,2.0174928682932130077e-03
8.9329329329329321130e-01,2.0477503967275909741e-03
8.9559559559559553943e-01,2.0783797306711047741e-03
8.9789789789789786756e-01,2.1093844174674613798e-03
9.0020020020020008467e-01,2.1407680480794691498e-03
9.0250250250250241280e-01,2.1725342141060690823e-03
9.0480480480480474093e-01,2.2046865580018083601e-03
9.0710710710710706906e-01,2.2372287191532698805e-03
9.0940940940940928616e-01,2.2701643883675883852e-03
9.1171171171171161429e-01,2.3034972567827333677e-03
9.1401401401401394242e-01,2.3372310606380292640e-03
9.1631631631631627055e-01,2.3713695458992831502e-03
9.1861861861861848766e-01,2.4059164925685594220e-03
9.2092092092092081579e-01,2.4408757032119703274e-03
9.2322322322322314392e-01,2.4762510012695622061e-03
9.2552552552552547205e-01,2.5120462463116516143e-03
9.2782782782782780018e-01,2.5482653062866597420e-03
9.3013013013013001729e-01,2.5849120967534047408e-03
9.3243243243243234541e-01,2.6219905326856445503e-03
9.3473473473473467354e-01,2.6595045831803820584e-03
9.3703703703703700167e-01,2.6974582141426075264e-03
9.3933933933933921878e-01,2.7358554447982400513e-03
9.4164164164164154691e-01,2.7747002960387032698e-03
9.4394394394394387504e-01,2.8139968343383419368e-03
9.4624624624624620317e-01,2.8537491385594946497e-03
9.4854854854854842028e-01,2.8939613209049853265e-03
9.5085085085085074841e-01,2.9346375197994568722e-03
9.5315315315315307654e-01,2.9757818930780167467e-03
9.5545545545545540467e-01,3.0173986388707827941e-03
9.5775775775775762177e-01,3.0594919620239870682e-03
9.6006006006005994990e-01,3.1020661190164660649e-03
9.6236236236236227803e-01,3.1451253646113419039e-03
9.6466466466466460616e-01,3.1886740108038463815e-03
9.6696696696696693429e-01,3.2327163665280341139e-03
9.6926926926926915140e-01,3.2772567956600925920e-03
9.7157157157157147953e-01,3.3222996654022800625e-03
9.7387387387387380766e-01,3.3678493887146741803e-03
9.7617617617617613579e-01,3.4139103939278565153e-03
9.7847847847847835290e-01,3.4604871417399383007e-03
9.8078078078078068103e-01,3.5075841229931111441e-03
9.8308308308308300916e-01,3.5552058462819040134e-03
9.8538538538538533729e-01,3.6033568648144373436e-03
9.8768768768768755439e-01,3.6520417367961184422e-03
9.8998998998998988252e-01,3.7012650760738924349e-03
9.9229229229229221065e-01,3.7510314937868292906e-03
9.9459459459459453878e-01,3.8013456612024849358e-03
9.9689689689689686691e-01,3.8522122469507921044e-03
9.9919919919919908402e-01,3.9036359759203687406e-03
1.0015015015015014122e+00,3.9556215783249646170e-03
1.0038038038038037403e+00,4.0081738299957503716e-03
1.0061061061061060684e+00,4.0612975254376935258e-03
1.0084084084084083965e+00,4.1149974902789628398e-03
1.0107107107107107247e+00,4.1692785844643477991e-03
1.0130130130130128308e+00,4.2241456838592325931e-03
1.0153153153153151589e+00,4.2796037133863602808e-03
1.0176176176176174870e+00,4.3356576012263626715e-03
1.0199199199199198151e+00,4.3923123351551074389e-03
1.0222222222222221433e+00,4.4495728994339836179e-03
1.0245245245245244714e+00,4.5074443410906897545e-03
1.0268268268268267995e+00,4.5659317052645885526e-03
1.0291291291291291277e+00,4.6250400943459351114e-03
1.0314314314314314558e+00,4.6847746183972752837e-03
1.0337337337337335619e+00,4.7451404326371649303e-03
1.0360360360360358900e+00,4.8061427145781251968e-03
1.0383383383383382181e+00,4.8677866713479926372e-03
1.0406406406406405463e+00,4.9300775487950299764e-03
1.0429429429429428744e+00,4.9930206067050628485e-03
1.0452452452452452025e+00,5.0566211584546563729e-03
1.0475475475475475307e+00,5.1208845189572678100e-03
1.0498498498498498588e+00,5.1858160665713328580e-03
1.0521521521521519649e+00,5.2514211755582971067e-03
1.0544544544544542930e+00,5.3177052852913780229e-03
1.0567567567567566211e+00,5.3846738343521294637e-03
1.0590590590590589493e+00,5.4523323192231252024e-03
1.0613613613613612774e+00,5.5206862467615793952e-03
1.0636636636636636055e+00,5.5897411681965734898e-03
1.0659659659659659336e+00,5.6595026609803878934e-03
1.0682682682682682618e+00,5.7299763304229332783e-03
1.0705705705705705899e+00,5.8011678251676697393e-03
1.0728728728728726960e+00,5.8730828056907666626e-03
1.0751751751751750241e+00,5.9457269906458224545e-03
1.0774774774774773523e+00,6.0191060985654151402e-03
1.0797797797797796804e+00,6.0932259151270408426e-03
1.0820820820820820085e+00,6.1680922215906390862e-03
1.0843843843843843366e+00,6.2437108663558260266e-03
1.0866866866866866648e+00,6.3200876984911974477e-03
1.0889889889889889929e+00,6.3972286252637613688e-03
1.0912912912912910990e+00,6.4751395673755081026e-03
1.0935935935935934271e+00,6.5538264887945694992e-03
1.0958958958958957552e+00,6.6332953839403872853e-03
1.0981981981981980834e+00,6.7135522730971917971e-03
1.1005005005005004115e+00,6.7946032246786513056e-03
1.1028028028028027396e+00,6.8764543167347189079e-03
1.1051051051051050678e+00,6.9591116900886941174e-03
1.1074074074074073959e+00,7.0425814838950655250e-03
1.1097097097097097240e+00,7.1268699079483988426e-03
1.1120120120120118301e+00,7.2119831676044658317e-03
1.1143143143143141582e+00,7.2979275370411269067e-03
1.1166166166166164864e+00,7.3847092929430089778e-03
1.1189189189189188145e+00,7.4723347701268908252e-03
1.1212212212212211426e+00,7.5608103202624461769e-03
1.1235235235235234708e+00,7.6501423368634602698e-03
1.1258258258258257989e+00,7.7403372484062277908e-03
1.1281281281281281270e+00,7.8314015070247624400e-03
1.1304304304304302331e+00,7.9233416179315570294e-03
1.1327327327327325612e+00,8.0161640937238647087e-03
1.1350350350350348894e+00,8.1098755143335383294e-03
1.1373373373373372175e+00,8.2044824566385177178e-03
1.1396396396396395456e+00,8.2999915713949032336e-03
1.1419419419419418738e+00,8.3964095052382076850e-03
1.1442442442442442019e+00,8.4937429749420423342e-03
1.1465465465465465300e+00,8.5919987020134803296e-03
1.1488488488488488581e+00,8.6911834656575245872e-03
1.1511511511511509642e+00,8.7913040657053853622e-03
1.1534534534534532924e+00,8.8923673421022735724e-03
1.1557557557557556205e+00,8.9943801745332434966e-03
1.1580580580580579486e+00,9.0973494639432044007e-03
1.1603603603603602767e+00,9.2012821694233571518e-03
1.1626626626626626049e+00,9.3061852551825276908e-03
1.1649649649649649330e+00,9.4120657572384497369e-03
1.1672672672672672611e+00,9.5189307073880041754e-03
1.1695695695695693672e+00,9.6267872142267903179e-03
1.1718718718718716953e+00,9.7356423829251057672e-03
1.1741741741741740235e+00,9.8455033897167400225e-03
1.1764764764764763516e+00,9.9563774181902296029e-03
1.1787787787787786797e+00,1.0068271708824686611e-02
1.1810810810810810079e+00,1.0181193526845079556e-02
1.1833833833833833360e+00,1.0295150175564052319e-02
1.1856856856856856641e+00,1.0410149003052843186e-02
1.1879879879879879923e+00,1.0526197376081755305e-02
1.1902902902902900983e+00,1.0643302724714935950e-02
1.1925925925925924265e+00,1.0761472481895654682e-02
1.1948948948948947546e+00,1.0880714156712593954e-02
1.1971971971971970827e+00,1.1001035253133744155e-02
1.1994994994994994109e+00,1.1122443354486215641e-02
1.2018018018018017390e+00,1.1244946041773548617e-02
1.2041041041041040671e+00,1.1368550967584307651e-02
1.2064064064064063952e+00,1.1493265794883309253e-02
1.2087087087087085013e+00,1.1619098242349272174e-02
1.2110110110110108295e+00,1.1746056057863782721e-02
1.2133133133133131576e+00,1.1874147025091204982e-02
1.2156156156156154857e+00,1.2003378977691051693e-02
1.2179179179179178139e+00,1.2133759765330869029e-02
1.2202202202202201420e+00,1.2265297306159142834e-02
1.2225225225225224701e+00,1.2397999519041327104e-02
1.2248248248248247982e+00,1.2531874403135577142e-02
1.2271271271271271264e+00,1.2666929951886058206e-02
1.2294294294294292325e+00,1.2803174240268243300e-02
1.2317317317317315606e+00,1.2940615342456860543e-02
1.2340340340340338887e+00,1.3079261404317397283e-02
1.2363363363363362168e+00,1.3219120585512255869e-02
1.2386386386386385450e+00,1.3360201099874062514e-02
1.2409409409409408731e+00,1.3502511195215947601e-02
1.2432432432432432012e+00,1.3646059152567805925e-02
1.2455455455455455294e+00,1.3790853308375636277e-02
1.2478478478478476354e+00,1.3936902012305766793e-02
1.2501501501501499636e+00,1.4084213687682254831e-02
1.2524524524524522917e+00,1.4232796756511850375e-02
1.2547547547547546198e+00,1.4382659724993992686e-02
1.2570570570570569480e+00,1.4533811093366193895e-02
1.2593593593593592761e+00,1.4686259445155766534e-02
1.2616616616616616042e+00,1.4840013365044420895e-02
1.2639639639639639324e+00,1.4995081509088306615e-02
1.2662662662662662605e+00,1.5151472550957556518e-02
1.2685685685685683666e+00,1.5309195216591511488e-02
1.2708708708708706947e+00,1.5468258270991349507e-02
1.2731731731731730228e+00,1.5628670509574019154e-02
1.2754754754754753510e+00,1.5790440788746050449e-02
1.2777777777777776791e+00,1.5953577975292527330e-02
1.2800800800800800072e+00,1.6118091014775629694e-02
1.2823823823823823354e+00,1.6283988849591497089e-02
1.2846846846846846635e+00,1.6451280509926172885e-02
1.2869869869869867696e+00,1.6619975020142261496e-02
1.2892892892892890977e+00,1.6790081489218070671e-02
1.2915915915915914258e+00,1.6961609029682453431e-02
1.2938938938938937540e+00,1.7134566824698896359e-02
1.2961961961961960821e+00,1.7308964079252329993e-02
1.2984984984984984102e+00,1.7484810048350819811e-02
1.3008008008008007383e+00,1.7662114031426683763e-02
1.3031031031031030665e+00,1.7840885355318993749e-02
1.3054054054054053946e+00,1.8021133413543246465e-02
1.3077077077077075007e+00,1.8202867607139707612e-02
1.3100100100100098288e+00,1.8386097420930839347e-02
1.3123123123123121569e+00,1.8570832334968302019e-02
1.3146146146146144851e+00,1.8757081920322958568e-02
1.3169169169169168132e+00,1.8944855742805535859e-02
1.3192192192192191413e+00,1.9134163453710630737e-02
1.3215215215215214695e+00,1.9325014710723630723e-02
1.3238238238238237976e+00,1.9517419240997473107e-02
1.3261261261261259037e+00,1.9711386798091139194e-02
1.3284284284284282318e+00,1.9906927183009424931e-02
1.3307307307307305599e+00,2.0104050246796827811e-02
1.3330330330330328881e+00,2.0302765864718439609e-02
1.3353353353353352162e+00,2.0503083984472564305e-02
1.3376376376376375443e+00,2.0705014558464653746e-02
1.3399399399399398725e+00,2.0908567627715805848e-02
1.3422422422422422006e+00,2.1113753227177737420e-02
1.3445445445445445287e+00,2.1320581485624465895e-02
1.3468468468468466348e+00,2.1529062527596915660e-02
1.3491491491491489629e+00,2.1739206563518513604e-02
1.3514514514514512911e+00,2.1951023813490268266e-02
1.3537537537537536192e+00,2.2164524565495110492e-02
1.3560560560560559473e+00,2.2379719138872052053e-02
1.3583583583583582755e+00,2.2596617897520251961e-02
1.3606606606606606036e+00,2.2815231261219436759e-02
1.3629629629629629317e+00,2.3035569670644805845e-02
1.3652652652652652598e+00,2.3257643644687835821e-02
1.3675675675675673659e+00,2.3481463704219059097e-02
1.3698698698698696941e+00,2.3707040463332211544e-02
1.3721721721721720222e+00,2.3934384529105859341e-02
1.3744744744744743503e+00,2.4163506604784272536e-02
1.3767767767767766784e+00,2.4394417390887837560e-02
1.3790790790790790066e+00,2.4627127673738959113e-02
1.3813813813813813347e+00,2.4861648253067768211e-02
1.3836836836836836628e+00,2.5097989994488017346e-02
1.3859859859859857689e+00,2.5336163800264929064e-02
1.3882882882882880970e+00,2.5576180614051442080e-02
1.3905905905905904252e+00,2.5818051441409896329e-02
1.3928928928928927533e+00,2.6061787305371085510e-02
1.3951951951951950814e+00,2.6307399312936706470e-02
1.3974974974974974096e+00,2.6554898570501982852e-02
1.3997997997997997377e+00,2.6804296282001909696e-02
1.4021021021021020658e+00,2.7055603643801575536e-02
1.4044044044044043940e+00,2.7308831950286476670e-02
1.4067067067067065000e+00,2.7563992495116870080e-02
1.4090090090090088282e+00,2.7821096657188282980e-02
1.4113113113113111563e+00,2.8080155832969140584e-02
1.4136136136136134844e+00,2.8341181482411530873e-02
1.4159159159159158126e+00,2.8604185107736553040e-02
1.4182182182182181407e+00,2.8869178249121867780e-02
1.4205205205205204688e+00,2.9136172514834357550e-02
1.4228228228228227970e+00,2.9405179527125693828e-02
1.4251251251251249030e+00,2.9676210997893037041e-02
1.4274274274274272312e+00,2.9949278636046561958e-02
1.4297297297297295593e+00,3.0224394252006014927e-02
1.4320320320320318874e+00,3.0501569648499961274e-02
1.4343343343343342156e+00,3.0780816727629278784e-02
1.4366366366366365437e+00,3.1062147393265022999e-02
1.4389389389389388718e+00,3.1345573633465545482e-02
1.4412412412412411999e+00,3.1631107458454377213e-02
1.4435435435435435281e+00,3.1918760939156222423e-02
1.4458458458458456342e+00,3.2208546194681116071e-02
1.4481481481481479623e+00,3.2500475378439974694e-02
1.4504504504504502904e+00,3.2794560718223515761e-02
1.4527527527527526185e+00,3.3090814452316368033e-02
1.4550550550550549467e+00,3.3389248914187340256e-02
1.4573573573573572748e+00,3.3689876432206160295e-02
1.4596596596596596029e+00,3.3992709439811176486e-02
1.4619619619619619311e+00,3.4297760363101947867e-02
1.4642642642642640372e+00,3.4605041728379998256e-02
1.4665665665665663653e+00,3.4914566066709791514e-02
1.4688688688688686934e+00,3.5226345991814442260e-02
1.4711711711711710215e+00,3.5540394144585665814e-02
1.4734734734734733497e+00,3.5856723223467133754e-02
1.4757757757757756778e+00,3.6175345981268938744e-02
1.4780780780780780059e+00,3.6496275201253397524e-02
1.4803803803803803341e+00,3.6819523747412034875e-02
1.4826826826826826622e+00,3.7145104490779512485e-02
1.4849849849849847683e+00,3.7473030402906878922e-02
1.4872872872872870964e+00,3.7803314448467469078e-02
1.4895895895895894245e+00,3.8135969700276918515e-02
1.4918918918918917527e+00,3.8471009224676187832e-02
1.4941941941941940808e+00,3.8808446188496777129e-02
1.4964964964964964089e+00,3.9148293766818956230e-02
1.4987987987987987371e+00,3.9490565215379337671e-02
1.5011011011011010652e+00,3.9835273822477861028e-02
1.5034034034034031713e+00,4.0182432930476005839e-02
1.5057057057057054994e+00,4.0532055942514105817e-02
1.5080080080080078275e+00,4.0884156288185660721e-02
1.5103103103103101557e+00,4.1238747484175365676e-02
1.5126126126126124838e+00,4.1595843050859677981e-02
1.5149149149149148119e+00,4.1955456614201275256e-02
1.5172172172172171400e+00,4.2317601791903691755e-02
1.5195195195195194682e+00,4.2682292312354527808e-02
1.5218218218218217963e+00,4.3049541898875449963e-02
1.5241241241241239024e+00,4.3419364375023382363e-02
1.5264264264264262305e+00,4.3791773576579366700e-02
1.5287287287287285587e+00,4.4166783417521157662e-02
1.5310310310310308868e+00,4.4544407850157237416e-02
1.5333333333333332149e+00,4.4924660877056557529e-02
1.5356356356356355430e+00,4.5307556568175345879e-02
1.5379379379379378712e+00,4.5693109015819202701e-02
1.5402402402402401993e+00,4.6081332405707990663e-02
1.5425425425425423054e+00,4.6472240924061374023e-02
1.5448448448448446335e+00,4.6865848867432551017e-02
1.5471471471471469616e+00,4.7262170523174953929e-02
1.5494494494494492898e+00,4.7661220291310021913e-02
1.5517517517517516179e+00,4.8063012568754961973e-02
1.5540540540540539460e+00,4.8467561851859471134e-02
1.5563563563563562742e+00,4.8874882653650718323e-02
1.5586586586586586023e+00,4.9284989562447562017e-02
1.5609609609609609304e+00,4.9697897211010116925e-02
1.5632632632632630365e+00,5.0113620278273977859e-02
1.5655655655655653646e+00,5.0532173517319360634e-02
1.5678678678678676928e+00,5.0953571699409234974e-02
1.5701701701701700209e+00,5.1377829695438199942e-02
1.5724724724724723490e+00,5.1804962373826715649e-02
1.5747747747747746772e+00,5.2234984717677623856e-02
1.5770770770770770053e+00,5.2667911700430836142e-02
1.5793793793793793334e+00,5.3103758409593054823e-02
1.5816816816816814395e+00,5.3542539932079684373e-02
1.5839839839839837676e+00,5.3984271452887117038e-02
1.5862862862862860958e+00,5.4428968178603431838e-02
1.5885885885885884239e+00,5.4876645387776396001e-02
1.5908908908908907520e+00,5.5327318409817201339e-02
1.5931931931931930801e+00,5.5781002615981394033e-02
1.5954954954954954083e+00,5.6237713458529875465e-02
1.5977977977977977364e+00,5.6697466403732653395e-02
1.6001001001001000645e+00,5.7160277023547312325e-02
1.6024024024024021706e+00,5.7626160884771862603e-02
1.6047047047047044988e+00,5.8095133672782087175e-02
1.6070070070070068269e+00,5.8567211063348383060e-02
1.6093093093093091550e+00,5.9042408847117380799e-02
1.6116116116116114831e+00,5.9520742817210356423e-02
1.6139139139139138113e+00,6.0002228862944831378e-02
1.6162162162162161394e+00,6.0486882900591593115e-02
1.6185185185185184675e+00,6.0974720914651642234e-02
1.6208208208208207957e+00,6.1465758947193457895e-02
1.6231231231231229017e+00,6.1960013077595625652e-02
1.6254254254254252299e+00,6.2457499473161808001e-02
1.6277277277277275580e+00,6.2958234311080260581e-02
1.6300300300300298861e+00,6.3462233880059656932e-02
1.6323323323323322143e+00,6.3969514461324025745e-02
1.6346346346346345424e+00,6.4480092458049434456e-02
1.6369369369369368705e+00,6.4993984264426277186e-02
1.6392392392392391987e+00,6.5511206389730583521e-02
1.6415415415415413047e+00,6.6031775349326471414e-02
1.6438438438438436329e+00,6.6555707752368034602e-02
1.6461461461461459610e+00,6.7083020240748636454e-02
1.6484484484484482891e+00,6.7613729520489856961e-02
1.6507507507507506173e+00,6.8147852362126601355e-02
1.6530530530530529454e+00,6.8685405568806243148e-02
1.6553553553553552735e+00,6.9226406038519650021e-02
1.6576576576576576016e+00,6.9770870675122415028e-02
1.6599599599599599298e+00,7.0318816499522360242e-02
1.6622622622622620359e+00,7.0870260523245076634e-02
1.6645645645645643640e+00,7.1425219882539511818e-02
1.6668668668668666921e+00,7.1983711705882844067e-02
1.6691691691691690203e+00,7.2545753236423066168e-02
1.6714714714714713484e+00,7.3111361727540208344e-02
1.6737737737737736765e+00,7.3680554523480337736e-02
1.6760760760760760046e+00,7.4253349007405641813e-02
1.6783783783783783328e+00,7.4829762622158429997e-02
1.6806806806806804389e+00,7.5409812882233362430e-02
1.6829829829829827670e+00,7.5993517329922641301e-02
1.6852852852852850951e+00,7.6580893609219422014e-02
1.6875875875875874232e+00,7.7171959366129472269e-02
1.6898898898898897514e+00,7.7766732368876823056e-02
1.6921921921921920795e+00,7.8365230374892652643e-02
1.6944944944944944076e+00,7.8967471268465747047e-02
1.6967967967967967358e+00,7.9573472927943852961e-02
1.6990990990990990639e+00,8.0183253345320365524e-02
1.7014014014014011700e+00,8.0796830527486859785e-02
1.7037037037037034981e+00,8.1414222568792188328e-02
1.7060060060060058262e+00,8.2035447609046227568e-02
1.7083083083083081544e+00,8.2660523842989275245e-02
1.7106106106106104825e+00,8.3289469544309033266e-02
1.7129129129129128106e+00,8.3922303009614937497e-02
1.7152152152152151388e+00,8.4559042643961648822e-02
1.7175175175175174669e+00,8.5199706850801582014e-02
1.7198198198198195730e+00,8.5844314160547482984e-02
1.7221221221221219011e+00,8.6492883091937783346e-02
1.7244244244244242292e+00,8.7145432292055624579e-02
1.7267267267267265574e+00,8.7801980404490484466e-02
1.7290290290290288855e+00,8.8462546184852053344e-02
1.7313313313313312136e+00,8.9127148408820161540e-02
1.7336336336336335417e+00,8.9795805935663025599e-02
1.7359359359359358699e+00,9.0468537676991325758e-02
1.7382382382382381980e+00,9.1145362594335491147e-02
1.7405405405405403041e+00,9.1826299735576849548e-02
1.7428428428428426322e+00,9.2511368166637339416e-02
1.7451451451451449604e+00,9.3200587068449983197e-02
1.7474474474474472885e+00,9.3893975617036329329e-02
1.7497497497497496166e+00,9.4591553119624985357e-02
1.7520520520520519447e+00,9.5293338871454261185e-02
1.7543543543543542729e+00,9.5999352296927742412e-02
1.7566566566566566010e+00,9.6709612820009560608e-02
1.7589589589589587071e+00,9.7424139974458465185e-02
1.7612612612612610352e+00,9.8142953319752160302e-02
1.7635635635635633633e+00,9.8866072494642590063e-02
1.7658658658658656915e+00,9.9593517197391553952e-02
1.7681681681681680196e+00,1.0032530717093890438e-01
1.7704704704704703477e+00,1.0106146225201605160e-01
1.7727727727727726759e+00,1.0180200229055631767e-01
1.7750750750750750040e+00,1.0254694725780580389e-01
1.7773773773773773321e+00,1.0329631711716248665e-01
1.7796796796796794382e+00,1.0405013196689920363e-01
1.7819819819819817663e+00,1.0480841189358484911e-01
1.7842842842842840945e+00,1.0557117711309237096e-01
1.7865865865865864226e+00,1.0633844784450501020e-01
1.7888888888888887507e+00,1.0711024441389280226e-01
1.7911911911911910789e+00,1.0788658717914456631e-01
1.7934934934934934070e+00,1.0866749657270441398e-01
1.7957957957957957351e+00,1.0945299309394451726e-01
1.7980980980980978412e+00,1.1024309728150091803e-01
1.8004004004004001693e+00,1.1103782977523697639e-01
1.8027027027027024975e+00,1.1183721122349414567e-01
1.8050050050050048256e+00,1.1264126240191039974e-01
1.8073073073073071537e+00,1.1345000407579466928e-01
1.8096096096096094819e+00,1.1426345714836483314e-01
1.8119119119119118100e+00,1.1508164251206599860e-01
1.8142142142142141381e+00,1.1590458118811412802e-01
1.8165165165165164662e+00,1.1673229420517113042e-01
1.8188188188188185723e+00,1.1756480269552589679e-01
1.8211211211211209005e+00,1.1840212782981272832e-01
1.8234234234234232286e+00,1.1924429084813829849e-01
1.8257257257257255567e+00,1.2009131306516544757e-01
1.8280280280280278848e+00,1.2094321582928868608e-01
1.8303303303303302130e+00,1.2180002059750218157e-01
1.8326326326326325411e+00,1.2266174883073675816e-01
1.8349349349349348692e+00,1.2352842212281538170e-01
1.8372372372372369753e+00,1.2440006205528068850e-01
1.8395395395395393034e+00,1.2527669034992186536e-01
1.8418418418418416316e+00,1.2615832871936566439e-01
1.8441441441441439597e+00,1.2704499900380583632e-01
1.8464464464464462878e+00,1.2793672305568803971e-01
1.8487487487487486160e+00,1.2883352282719739978e-01
1.8510510510510509441e+00,1.2973542031578610967e-01
1.8533533533533532722e+00,1.3064243758296886777e-01
1.8556556556556556004e+00,1.3155459677260347706e-01
1.8579579579579577064e+00,1.3247192005667793313e-01
1.8602602602602600346e+00,1.3339442972301918111e-01
1.8625625625625623627e+00,1.3432214805909231670e-01
1.8648648648648646908e+00,1.3525509749038072682e-01
1.8671671671671670190e+00,1.3619330042870536612e-01
1.8694694694694693471e+00,1.3713677942773089269e-01
1.8717717717717716752e+00,1.3808555703424135741e-01
1.8740740740740740033e+00,1.3903965592069797430e-01
1.8763763763763761094e+00,1.3999909877715344120e-01
1.8786786786786784376e+00,1.4096390838898928410e-01
1.8809809809809807657e+00,1.4193410759411187461e-01
1.8832832832832830938e+00,1.4290971928878348773e-01
1.8855855855855854220e+00,1.4389076645948453703e-01
1.8878878878878877501e+00,1.4487727211520662340e-01
1.8901901901901900782e+00,1.4586925938780706535e-01
1.8924924924924924063e+00,1.4686675140479785173e-01
1.8947947947947947345e+00,1.4786977143629184694e-01
1.8970970970970968406e+00,1.4887834273796823892e-01
1.8993993993993991687e+00,1.4989248870820573445e-01
1.9017017017017014968e+00,1.5091223274145060262e-01
1.9040040040040038249e+00,1.5193759835528514168e-01
1.9063063063063061531e+00,1.5296860909074000423e-01
1.9086086086086084812e+00,1.5400528857929557391e-01
1.9109109109109108093e+00,1.5504766051252699688e-01
1.9132132132132131375e+00,1.5609574863442443604e-01
1.9155155155155152435e+00,1.5714957678712193623e-01
1.9178178178178175717e+00,1.5820916882970137429e-01
1.9201201201201198998e+00,1.5927454875087199149e-01
1.9224224224224222279e+00,1.6034574053141054106e-01
1.9247247247247245561e+00,1.6142276829868096311e-01
1.9270270270270268842e+00,1.6250565616549439429e-01
1.9293293293293292123e+00,1.6359442838748272653e-01
1.9316316316316315405e+00,1.6468910921995050245e-01
1.9339339339339338686e+00,1.6578972303817257616e-01
1.9362362362362359747e+00,1.6689629424721957873e-01
1.9385385385385383028e+00,1.6800884733730278575e-01
1.9408408408408406309e+00,1.6912740686656713152e-01
1.9431431431431429591e+00,1.7025199743945090836e-01
1.9454454454454452872e+00,1.7138264376645556686e-01
1.9477477477477476153e+00,1.7251937056958790984e-01
1.9500500500500499435e+00,1.7366220270691068439e-01
1.9523523523523522716e+00,1.7481116502544166713e-01
1.9546546546546545997e+00,1.7596628252210708143e-01
1.9569569569569567058e+00,1.7712758017985089087e-01
1.9592592592592590339e+00,1.7829508312382930102e-01
1.9615615615615613621e+00,1.7946881648311432955e-01
1.9638638638638636902e+00,1.8064880550298473283e-01
1.9661661661661660183e+00,1.8183507546531896271e-01
1.9684684684684683464e+00,1.8302765173143217825e-01
1.9707707707707706746e+00,1.8422655973862811507e-01
1.9730730730730730027e+00,1.8543182496424781558e-01
1.9753753753753751088e+00,1.8664347299953390480e-01
1.9776776776776774369e+00,1.8786152944197173631e-01
1.9799799799799797650e+00,1.8908602003110028256e-01
1.9822822822822820932e+00,1.9031697049284562739e-01
1.9845845845845844213e+00,1.9155440670559525929e-01
1.9868868868868867494e+00,1.9279835453503851861e-01
1.9891891891891890776e+00,1.9404883998770011688e-01
1.9914914914914914057e+00,1.9530588907886406447e-01
1.9937937937937937338e+00,1.9656952793565238280e-01
1.9960960960960958399e+00,1.9783978272898705697e-01
1.9983983983983981680e+00,1.9911667970315288789e-01
2.0007007007007007182e+00,2.0040024518662094555e-01
2.0030030030030028243e+00,2.0169050554155826260e-01
2.0053053053053049304e+00,2.0298748725171264495e-01
2.0076076076076074806e+00,2.0429121680206169254e-01
2.0099099099099095866e+00,2.0560172082512709335e-01
2.0122122122122121368e+00,2.0691902593786618003e-01
2.0145145145145142429e+00,2.0824315891144271062e-01
2.0168168168168167931e+00,2.0957414650634700881e-01
2.0191191191191188992e+00,2.1091201562179814899e-01
2.0214214214214214493e+00,2.1225679317120496603e-01
2.0237237237237235554e+00,2.1360850617490434455e-01
2.0260260260260256615e+00,2.1496718170460971109e-01
2.0283283283283282117e+00,2.1633284689902237963e-01
2.0306306306306303178e+00,2.1770552898933609454e-01
2.0329329329329328679e+00,2.1908525523409372315e-01
2.0352352352352349740e+00,2.2047205302088740408e-01
2.0375375375375375242e+00,2.2186594973386106200e-01
2.0398398398398396303e+00,2.2326697290963701259e-01
2.0421421421421421805e+00,2.2467515006798047250e-01
2.0444444444444442865e+00,2.2609050888380963218e-01
2.0467467467467463926e+00,2.2751307702412398859e-01
2.0490490490490489428e+00,2.2894288229184689420e-01
2.0513513513513510489e+00,2.3037995251007625797e-01
2.0536536536536535991e+00,2.3182431560343294552e-01
2.0559559559559557052e+00,2.3327599955581801439e-01
2.0582582582582582553e+00,2.3473503241150156517e-01
2.0605605605605603614e+00,2.3620144231560560866e-01
2.0628628628628629116e+00,2.3767525743431031082e-01
2.0651651651651650177e+00,2.3915650607004076966e-01
2.0674674674674671238e+00,2.4064521651750531150e-01
2.0697697697697696739e+00,2.4214141722820367586e-01
2.0720720720720717800e+00,2.4364513663618117545e-01
2.0743743743743743302e+00,2.4515640333078930757e-01
2.0766766766766764363e+00,2.4667524589692835235e-01
2.0789789789789789864e+00,2.4820169305194600406e-01
2.0812812812812810925e+00,2.4973577353987899685e-01
2.0835835835835831986e+00,2.5127751620041949288e-01
2.0858858858858857488e+00,2.5282694994073390271e-01
2.0881881881881878549e+00,2.5438410372153696937e-01
2.0904904904904904051e+00,2.5594900661274522236e-01
2.0927927927927925111e+00,2.5752168769915573243e-01
2.0950950950950950613e+00,2.5910217620864578469e-01
2.0973973973973971674e+00,2.6069050135758353726e-01
2.0996996996996997176e+00,2.6228669252272251988e-01
2.1020020020020018237e+00,2.6389077906348501479e-01
2.1043043043043039297e+00,2.6550279049392128128e-01
2.1066066066066064799e+00,2.6712275632777637835e-01
2.1089089089089085860e+00,2.6875070620707464109e-01
2.1112112112112111362e+00,2.7038666980750974966e-01
2.1135135135135132423e+00,2.7203067689410481700e-01
2.1158158158158157924e+00,2.7368275730774610510e-01
2.1181181181181178985e+00,2.7534294093588712604e-01
2.1204204204204204487e+00,2.7701125778341684214e-01
2.1227227227227225548e+00,2.7868773786410633297e-01
2.1250250250250246609e+00,2.8037241134117468766e-01
2.1273273273273272110e+00,2.8206530836310172994e-01
2.1296296296296293171e+00,2.8376645924154225709e-01
2.1319319319319318673e+00,2.8547589427170227960e-01
2.1342342342342339734e+00,2.8719364390192503311e-01
2.1365365365365365236e+00,2.8891973858505037853e-01
2.1388388388388386296e+00,2.9065420889740894994e-01
2.1411411411411411798e+00,2.9239708545641585058e-01
2.1434434434434432859e+00,2.9414839896212174875e-01
2.1457457457457453920e+00,2.9590818019899894908e-01
2.1480480480480479422e+00,2.9767645999103198307e-01
2.1503503503503500482e+00,2.9945326928772525443e-01
2.1526526526526525984e+00,3.0123863904173636685e-01
2.1549549549549547045e+00,3.0303260036102663832e-01
2.1572572572572572547e+00,3.0483518433623835175e-01
2.1595595595595593608e+00,3.0664642222313798214e-01
2.1618618618618614668e+00,3.0846634526271637933e-01
2.1641641641641640170e+00,3.1029498484683576409e-01
2.1664664664664661231e+00,3.1213237237728413964e-01
2.1687687687687686733e+00,3.1397853937398029212e-01
2.1710710710710707794e+00,3.1583351740573767374e-01
2.1733733733733733295e+00,3.1769733811699835124e-01
2.1756756756756754356e+00,3.1957003324529759114e-01
2.1779779779779779858e+00,3.2145163456061870422e-01
2.1802802802802800919e+00,3.2334217396633946340e-01
2.1825825825825821980e+00,3.2524168336360004261e-01
2.1848848848848847481e+00,3.2715019481412671576e-01
2.1871871871871868542e+00,3.2906774036044766918e-01
2.1894894894894894044e+00,3.3099435221130329987e-01
2.1917917917917915105e+00,3.3293006256312368540e-01
2.1940940940940940607e+00,3.3487490376019218852e-01
2.1963963963963961668e+00,3.3682890816274901891e-01
2.1986986986986987169e+00,3.3879210824327032903e-01
2.2010010010010008230e+00,3.4076453653129518129e-01
2.2033033033033029291e+00,3.4274622562472017995e-01
2.2056056056056054793e+00,3.4473720822327386104e-01
2.2079079079079075854e+00,3.4673751705211969254e-01
2.2102102102102101355e+00,3.4874718497740714307e-01
2.2125125125125122416e+00,3.5076624485808488574e-01
2.2148148148148147918e+00,3.5279472971833991668e-01
2.2171171171171168979e+00,3.5483267256201139750e-01
2.2194194194194194480e+00,3.5688010655928437131e-01
2.2217217217217215541e+00,3.5893706487127624571e-01
2.2240240240240236602e+00,3.6100358080344824296e-01
2.2263263263263262104e+00,3.6307968768388576564e-01
2.2286286286286283165e+00,3.6516541894566006965e-01
2.2309309309309308667e+00,3.6726080808673666755e-01
2.2332332332332329727e+00,3.6936588866838515610e-01
2.2355355355355355229e+00,3.7148069436550906763e-01
2.2378378378378376290e+00,3.7360525886503670456e-01
2.2401401401401397351e+00,3.7573961598844957122e-01
2.2424424424424422853e+00,3.7788379956025286432e-01
2.2447447447447443913e+00,3.8003784362837650379e-01
2.2470470470470469415e+00,3.8220178219530359653e-01
2.2493493493493490476e+00,3.8437564922912464960e-01
2.2516516516516515978e+00,3.8655947869414947204e-01
2.2539539539539537039e+00,3.8875330537498686834e-01
2.2562562562562562540e+00,3.9095716435136901312e-01
2.2585585585585583601e+00,3.9317108865531691375e-01
2.2608608608608604662e+00,3.9539510963163615465e-01
2.2631631631631630164e+00,3.9762926489323108248e-01
2.2654654654654651225e+00,3.9987360079238015720e-01
2.2677677677677676726e+00,4.0212814760161641470e-01
2.2700700700700697787e+00,4.0439289879793105520e-01
2.2723723723723723289e+00,4.0666788294352212985e-01
2.2746746746746744350e+00,4.0895327432177813742e-01
2.2769769769769769852e+00,4.1124919380420704718e-01
2.2792792792792790912e+00,4.1355523443861569310e-01
2.2815815815815811973e+00,4.1587095506964977254e-01
2.2838838838838837475e+00,4.1819768705703486145e-01
2.2861861861861858536e+00,4.2053757984180584195e-01
2.2884884884884884038e+00,4.2288727165620942916e-01
2.2907907907907905098e+00,4.2523840069658624952e-01
2.2930930930930930600e+00,4.2759828853698023110e-01
2.2953953953953951661e+00,4.2999800343378730139e-01
2.2976976976976977163e+00,4.3242899078847141237e-01
2.2999999999999998224e+00,4.3478260869565182878e-01
