0.0000000000000000000e+00,-1.1826246928952215132e-01
2.3023023023023021089e-03,1.0290449321859546012e-06
4.6046046046046042177e-03,8.2207537139962863390e-06
6.9069069069069063266e-03,1.9198380555900700686e-05
9.2092092092092084354e-03,3.4024992035835956649e-05
1.1511511511511510544e-02,5.2742239055409369697e-05
1.3813813813813812653e-02,7.5446061626939915591e-05
1.6116116116116116497e-02,1.0222183363370896119e-04
1.8418418418418416871e-02,1.3306248538443734924e-04
2.0720720720720717245e-02,1.6791733563421338648e-04
2.3023023023023021089e-02,2.0675030263195401294e-04
2.5325325325325324932e-02,2.4953289020122009336e-04
2.7627627627627625306e-02,2.9624007865793647006e-04
2.9929929929929925680e-02,3.4684103425790420699e-04
3.2232232232232232993e-02,4.0130933873929608294e-04
3.4534534534534533368e-02,4.5961600149337566643e-04
3.6836836836836833742e-02,5.2173561981287480335e-04
3.9139139139139134116e-02,5.8764042938622455207e-04
4.1441441441441434490e-02,6.5730479090290495642e-04
4.3743743743743741803e-02,7.3070212541377068879e-04
4.6046046046046042177e-02,8.0780668736586528668e-04
4.8348348348348342551e-02,8.8859296194700632295e-04
5.0650650650650649864e-02,9.7303510921809845645e-04
5.2952952952952950239e-02,1.0611084685798802523e-03
5.5255255255255250613e-02,1.1527872724277094668e-03
5.7557557557557550987e-02,1.2480474938679100676e-03
5.9859859859859851361e-02,1.3468636349320110574e-03
6.2162162162162158674e-02,1.4492120580276025409e-03
6.4464464464464465987e-02,1.5550677448276568372e-03
6.6766766766766766361e-02,1.6644072392828983091e-03
6.9069069069069066735e-02,1.7772061535103937744e-03
7.1371371371371367109e-02,1.8934410995963490108e-03
7.3673673673673667484e-02,2.0130883712149668686e-03
7.5975975975975967858e-02,2.1361246248528874096e-03
7.8278278278278268232e-02,2.2625268123531772947e-03
8.0580580580580568606e-02,2.3922716749132880848e-03
8.2882882882882868980e-02,2.5253367466048066113e-03
8.5185185185185183232e-02,2.6616989384917904594e-03
8.7487487487487483606e-02,2.8013362542126628296e-03
8.9789789789789783980e-02,2.9442258902054509878e-03
9.2092092092092084354e-02,3.0903461835475021756e-03
9.4394394394394384729e-02,3.2396747395759895385e-03
9.6696696696696685103e-02,3.3921901098623746286e-03
9.8998998998998985477e-02,3.5478703949132733668e-03
1.0130130130130129973e-01,3.7066942945435266826e-03
1.0360360360360360010e-01,3.8686404335779326844e-03
1.0590590590590590048e-01,4.0336876445436244121e-03
1.0820820820820820085e-01,4.2018150610236967499e-03
1.1051051051051050123e-01,4.3730016717668180118e-03
1.1281281281281280160e-01,4.5472270695081345310e-03
1.1511511511511510197e-01,4.7244704523413567909e-03
1.1741741741741740235e-01,4.9047117968215921818e-03
1.1971971971971970272e-01,5.0879305848291972794e-03
1.2202202202202201697e-01,5.2741070849567908349e-03
1.2432432432432431735e-01,5.4632211417908593115e-03
1.2662662662662660384e-01,5.6552532387289930135e-03
1.2892892892892893197e-01,5.8501836343710141713e-03
1.3123123123123123235e-01,6.0479929843623254568e-03
1.3353353353353353272e-01,6.2486619762635317935e-03
1.3583583583583583310e-01,6.4521714280733480709e-03
1.3813813813813813347e-01,6.6585024420287713953e-03
1.4044044044044043384e-01,6.8676360146975442764e-03
1.4274274274274273422e-01,7.0795536254667276038e-03
1.4504504504504503459e-01,7.2942364864024816090e-03
1.4734734734734733497e-01,7.5116663981602592795e-03
1.4964964964964963534e-01,7.7318248402817963891e-03
1.5195195195195193572e-01,7.9546938682162893208e-03
1.5425425425425423609e-01,8.1802552822070901534e-03
1.5655655655655653646e-01,8.4084913392583407465e-03
1.5885885885885883684e-01,8.6393841917814691300e-03
1.6116116116116113721e-01,8.8729162696732331861e-03
1.6346346346346343759e-01,9.1090700842598893577e-03
1.6576576576576573796e-01,9.3478282321994426995e-03
1.6806806806806806609e-01,9.5891735701302775047e-03
1.7037037037037036646e-01,9.8330888738508044622e-03
1.7267267267267266684e-01,1.0079557315062197959e-02
1.7497497497497496721e-01,1.0328561876222405388e-02
1.7727727727727726759e-01,1.0580086000307079713e-02
1.7957957957957956796e-01,1.0834112914648886053e-02
1.8188188188188186833e-01,1.1090626283542395422e-02
1.8418418418418416871e-01,1.1349609616203081702e-02
1.8648648648648646908e-01,1.1611046760175753809e-02
1.8878878878878876946e-01,1.1874921526200949221e-02
1.9109109109109106983e-01,1.2141217925184327742e-02
1.9339339339339337021e-01,1.2409920071375438178e-02
1.9569569569569567058e-01,1.2681012135437728927e-02
1.9799799799799797095e-01,1.2954478522315284947e-02
2.0030030030030027133e-01,1.3230303572561885606e-02
2.0260260260260259946e-01,1.3508471956608996203e-02
2.0490490490490489983e-01,1.3788968206418566673e-02
2.0720720720720720021e-01,1.4071777222411829128e-02
2.0950950950950950058e-01,1.4356883757135315352e-02
2.1181181181181180095e-01,1.4644272902695206623e-02
2.1411411411411410133e-01,1.4933929658395805190e-02
2.1641641641641640170e-01,1.5225839280112092936e-02
2.1871871871871870208e-01,1.5519987026236163261e-02
2.2102102102102100245e-01,1.5816358302340828568e-02
2.2332332332332330282e-01,1.6114938625160803859e-02
2.2562562562562560320e-01,1.6415713548182685189e-02
2.2792792792792790357e-01,1.6718668834544245239e-02
2.3023023023023020395e-01,1.7023790194271488235e-02
2.3253253253253250432e-01,1.7331063615435546993e-02
2.3483483483483480470e-01,1.7640474982154898814e-02
2.3713713713713710507e-01,1.7952010478120550979e-02
2.3943943943943940544e-01,1.8265656184374513826e-02
2.4174174174174173357e-01,1.8581398450406395179e-02
2.4404404404404403395e-01,1.8899223572903925406e-02
2.4634634634634633432e-01,1.9219118046338030947e-02
2.4864864864864863470e-01,1.9541068390754885026e-02
2.5095095095095093507e-01,1.9865061235622660102e-02
2.5325325325325320769e-01,2.0191083322017459867e-02
2.5555555555555553582e-01,2.0519121413865953202e-02
2.5785785785785786395e-01,2.0849162462239553134e-02
2.6016016016016013657e-01,2.1181193373195097290e-02
2.6246246246246246470e-01,2.1515201289269220847e-02
2.6476476476476473731e-01,2.1851173273362525101e-02
2.6706706706706706544e-01,2.2189096634947693548e-02
2.6936936936936933806e-01,2.2528958611994501920e-02
2.7167167167167166619e-01,2.2870746657478326080e-02
2.7397397397397393881e-01,2.3214448197934861584e-02
2.7627627627627626694e-01,2.3560050814159124583e-02
2.7857857857857853956e-01,2.3907542125938249788e-02
2.8088088088088086769e-01,2.4256909834798300041e-02
2.8318318318318314031e-01,2.4608141750579463208e-02
2.8548548548548546844e-01,2.4961225695974829930e-02
2.8778778778778774106e-01,2.5316149660743147293e-02
2.9009009009009006919e-01,2.5672901595737134678e-02
2.9239239239239234180e-01,2.6031469654437266320e-02
2.9469469469469466993e-01,2.6391841928440507720e-02
2.9699699699699699806e-01,2.6754006714261695243e-02
2.9929929929929927068e-01,2.7117952258996921855e-02
3.0160160160160159881e-01,2.7483666983699230058e-02
3.0390390390390387143e-01,2.7851139300757717793e-02
3.0620620620620619956e-01,2.8220357743892893199e-02
3.0850850850850847218e-01,2.8591310893433235368e-02
3.1081081081081080031e-01,2.8963987390758023227e-02
3.1311311311311307293e-01,2.9338375980460108805e-02
3.1541541541541540106e-01,2.9714465412744611728e-02
3.1771771771771767368e-01,3.0092244587194661581e-02
3.2002002002002000181e-01,3.0471702369404173733e-02
3.2232232232232227442e-01,3.0852827799692832123e-02
3.2462462462462460255e-01,3.1235609869974034769e-02
3.2692692692692687517e-01,3.1620037743796000629e-02
3.2922922922922920330e-01,3.2006100551343091842e-02
3.3153153153153147592e-01,3.2393787564666515211e-02
3.3383383383383380405e-01,3.2783088059367374023e-02
3.3613613613613613218e-01,3.3173991407043933177e-02
3.3843843843843840480e-01,3.3566487030035833949e-02
3.4074074074074073293e-01,3.3960564396128656295e-02
3.4304304304304300555e-01,3.4356213070500553342e-02
3.4534534534534533368e-01,3.4753422618766460772e-02
3.4764764764764760629e-01,3.5152182740388053517e-02
3.4994994994994993442e-01,3.5552483104971971395e-02
3.5225225225225220704e-01,3.5954313533585961771e-02
3.5455455455455453517e-01,3.6357663809513801612e-02
3.5685685685685680779e-01,3.6762523860714726998e-02
3.5915915915915913592e-01,3.7168883593870424842e-02
3.6146146146146140854e-01,3.7576733032124484679e-02
3.6376376376376373667e-01,3.7986062210722752741e-02
3.6606606606606600929e-01,3.8396861241166771461e-02
3.6836836836836833742e-01,3.8809120287621123868e-02
3.7067067067067066555e-01,3.9222829547784422710e-02
3.7297297297297293817e-01,3.9637979310783284792e-02
3.7527527527527526630e-01,4.0054559862614795562e-02
3.7757757757757753891e-01,4.0472561609533878879e-02
3.7987987987987986704e-01,4.0891974931711719266e-02
3.8218218218218213966e-01,4.1312790341218492973e-02
3.8448448448448446779e-01,4.1734998320958151263e-02
3.8678678678678674041e-01,4.2158589476418574515e-02
3.8908908908908906854e-01,4.2583554401056412930e-02
3.9139139139139134116e-01,4.3009883784421380770e-02
3.9369369369369366929e-01,4.3437568334264993475e-02
3.9599599599599594191e-01,4.3866598819083342520e-02
3.9829829829829827004e-01,4.4296966060650921904e-02
4.0060060060060054266e-01,4.4728660905242273449e-02
4.0290290290290287079e-01,4.5161674284732174212e-02
4.0520520520520519892e-01,4.5595997125552310825e-02
4.0750750750750747153e-01,4.6031620462438381514e-02
4.0980980980980979966e-01,4.6468535307541601609e-02
4.1211211211211207228e-01,4.6906732788316016225e-02
4.1441441441441440041e-01,4.7346204010208725599e-02
4.1671671671671667303e-01,4.7786940182995417403e-02
4.1901901901901900116e-01,4.8228932511716754439e-02
4.2132132132132127378e-01,4.8672172281060965826e-02
4.2362362362362360191e-01,4.9116650798343208795e-02
4.2592592592592587453e-01,4.9562359419380662418e-02
4.2822822822822820266e-01,5.0009289553019822816e-02
4.3053053053053047527e-01,5.0457432625748824262e-02
4.3283283283283280340e-01,5.0906780144083355055e-02
4.3513513513513507602e-01,5.1357323607760116402e-02
4.3743743743743740415e-01,5.1809054614260323379e-02
4.3973973973973967677e-01,5.2261964741839847526e-02
4.4204204204204200490e-01,5.2716045669880653990e-02
4.4434434434434433303e-01,5.3171289061872670234e-02
4.4664664664664660565e-01,5.3627686670443021344e-02
4.4894894894894893378e-01,5.4085230249335203290e-02
4.5125125125125120640e-01,5.4543911618558246768e-02
4.5355355355355353453e-01,5.5003722623956960436e-02
4.5585585585585580715e-01,5.5464655150164750286e-02
4.5815815815815813528e-01,5.5926701134044520813e-02
4.6046046046046040789e-01,5.6389852524954847679e-02
4.6276276276276273602e-01,5.6854101347012346579e-02
4.6506506506506500864e-01,5.7319439617010879695e-02
4.6736736736736733677e-01,5.7785859440110595719e-02
4.6966966966966960939e-01,5.8253352905531331773e-02
4.7197197197197193752e-01,5.8721912191419055327e-02
4.7427427427427421014e-01,5.9191529465309845881e-02
4.7657657657657653827e-01,5.9662196971148759306e-02
4.7887887887887881089e-01,6.0133906958739609394e-02
4.8118118118118113902e-01,6.0606651733203294186e-02
4.8348348348348346715e-01,6.1080423627814697807e-02
4.8578578578578573977e-01,6.1555215006932055555e-02
4.8808808808808806790e-01,6.2031018285977221338e-02
4.9039039039039034051e-01,6.2507825889075205317e-02
4.9269269269269266864e-01,6.2985630310151641265e-02
4.9499499499499494126e-01,6.3464424035893071685e-02
4.9729729729729726939e-01,6.3944199632963633073e-02
4.9959959959959954201e-01,6.4424949655300378648e-02
5.0190190190190187014e-01,6.4906666735193033202e-02
5.0420420420420419827e-01,6.5389343498922461451e-02
5.0650650650650641538e-01,6.5872972638456511740e-02
5.0880880880880874351e-01,6.6357546855497676064e-02
5.1111111111111107164e-01,6.6843058898076873620e-02
5.1341341341341339977e-01,6.7329501544016262526e-02
5.1571571571571572790e-01,6.7816867596121307993e-02
5.1801801801801794500e-01,6.8305149906839307539e-02
5.2032032032032027313e-01,6.8794341334606462501e-02
5.2262262262262260126e-01,6.9284434802984726232e-02
5.2492492492492492939e-01,6.9775423228867664016e-02
5.2722722722722714650e-01,7.0267299601574767509e-02
5.2952952952952947463e-01,7.0760056900822723702e-02
5.3183183183183180276e-01,7.1253688175466164956e-02
5.3413413413413413089e-01,7.1748186472377128986e-02
5.3643643643643634800e-01,7.2243544895046446497e-02
5.3873873873873867613e-01,7.2739756559869236940e-02
5.4104104104104100426e-01,7.3236814622172352607e-02
5.4334334334334333239e-01,7.3734712268170299332e-02
5.4564564564564554949e-01,7.4233442704252763922e-02
5.4794794794794787762e-01,7.4732999184840970264e-02
5.5025025025025020575e-01,7.5233374968482688572e-02
5.5255255255255253388e-01,7.5734563374433599980e-02
5.5485485485485486201e-01,7.6236557716210726077e-02
5.5715715715715707912e-01,7.6739351372935291073e-02
5.5945945945945940725e-01,7.7242937717119389274e-02
5.6176176176176173538e-01,7.7747310182356199615e-02
5.6406406406406406351e-01,7.8252462203778766492e-02
5.6636636636636628062e-01,7.8758387265443791092e-02
5.6866866866866860875e-01,7.9265078866888299958e-02
5.7097097097097093688e-01,7.9772530540489758333e-02
5.7327327327327326500e-01,8.0280735850166831669e-02
5.7557557557557548211e-01,8.0789688376247295598e-02
5.7787787787787781024e-01,8.1299381745337365168e-02
5.8018018018018013837e-01,8.1809809586979254092e-02
5.8248248248248246650e-01,8.2320965587234520844e-02
5.8478478478478468361e-01,8.2832843427611560494e-02
5.8708708708708701174e-01,8.3345436849040319127e-02
5.8938938938938933987e-01,8.3858739588661246334e-02
5.9169169169169166800e-01,8.4372745437637203247e-02
5.9399399399399399613e-01,8.4887448191729414360e-02
5.9629629629629621324e-01,8.5402841689081729348e-02
5.9859859859859854136e-01,8.5918919785384087473e-02
6.0090090090090086949e-01,8.6435676364155639151e-02
6.0320320320320319762e-01,8.6953105340736649986e-02
6.0550550550550541473e-01,8.7471200643959287624e-02
6.0780780780780774286e-01,8.7989956247069775475e-02
6.1011011011011007099e-01,8.8509366125587254914e-02
6.1241241241241239912e-01,8.9029424307569757224e-02
6.1471471471471461623e-01,8.9550124817876927685e-02
6.1701701701701694436e-01,9.0071461735171304275e-02
6.1931931931931927249e-01,9.0593429136942890678e-02
6.2162162162162160062e-01,9.1116021148507114757e-02
6.2392392392392381772e-01,9.1639231902398587959e-02
6.2622622622622614585e-01,9.2163055567959922820e-02
6.2852852852852847398e-01,9.2687486333694987795e-02
6.3083083083083080211e-01,9.3212518411815450947e-02
6.3313313313313313024e-01,9.3738146046323175820e-02
6.3543543543543534735e-01,9.4264363492486402674e-02
6.3773773773773767548e-01,9.4791165048039402463e-02
6.4004004004004000361e-01,9.5318545012738911670e-02
6.4234234234234233174e-01,9.5846497735093058590e-02
6.4464464464464454885e-01,9.6375017561869308347e-02
6.4694694694694687698e-01,9.6904098888524511923e-02
6.4924924924924920511e-01,9.7433736111735683161e-02
6.5155155155155153324e-01,9.7963923670559269197e-02
6.5385385385385375034e-01,9.8494656013494052971e-02
6.5615615615615607847e-01,9.9025927621092565967e-02
6.5845845845845840660e-01,9.9557732994271258553e-02
6.6076076076076073473e-01,1.0009006665426289917e-01
6.6306306306306295184e-01,1.0062292315377799334e-01
6.6536536536536527997e-01,1.0115629705510978398e-01
6.6766766766766760810e-01,1.0169018296100829080e-01
6.6996996996996993623e-01,1.0222457547631284835e-01
6.7227227227227226436e-01,1.0275946925101181462e-01
6.7457457457457448147e-01,1.0329485893486092807e-01
6.7687687687687680960e-01,1.0383073922165111935e-01
6.7917917917917913773e-01,1.0436710480855336536e-01
6.8148148148148146586e-01,1.0490395043033716449e-01
6.8378378378378368296e-01,1.0544127083306899240e-01
6.8608608608608601109e-01,1.0597906079081892416e-01
6.8838838838838833922e-01,1.0651731509887300831e-01
6.9069069069069066735e-01,1.0705602857005766526e-01
6.9299299299299288446e-01,1.0759519604812832483e-01
6.9529529529529521259e-01,1.0813481238517548555e-01
6.9759759759759754072e-01,1.0867487247168038100e-01
6.9989989989989986885e-01,1.0921537120047730696e-01
7.0220220220220219698e-01,1.0975630350611616237e-01
7.0450450450450441409e-01,1.1029766432439078172e-01
7.0680680680680674222e-01,1.1083944863088972255e-01
7.0910910910910907035e-01,1.1138165140650221896e-01
7.1141141141141139848e-01,1.1192426766551993866e-01
7.1371371371371361558e-01,1.1246729243505751428e-01
7.1601601601601594371e-01,1.1301072076679162526e-01
7.1831831831831827184e-01,1.1355454773416236158e-01
7.2062062062062059997e-01,1.1409876842589623813e-01
7.2292292292292281708e-01,1.1464337796090970367e-01
7.2522522522522514521e-01,1.1518837146557145412e-01
7.2752752752752747334e-01,1.1573374410255259093e-01
7.2982982982982980147e-01,1.1627949103730711444e-01
7.3213213213213201858e-01,1.1682560747374892696e-01
7.3443443443443434671e-01,1.1737208861843788366e-01
7.3673673673673667484e-01,1.1791892971386655486e-01
7.3903903903903900297e-01,1.1846612600946246352e-01
7.4134134134134133109e-01,1.1901367278435226460e-01
7.4364364364364354820e-01,1.1956156533166856226e-01
7.4594594594594587633e-01,1.2010979896615868456e-01
7.4824824824824820446e-01,1.2065836902460100322e-01
7.5055055055055053259e-01,1.2120727085722933503e-01
7.5285285285285274970e-01,1.2175649984357483913e-01
7.5515515515515507783e-01,1.2230605137003532079e-01
7.5745745745745740596e-01,1.2285592085722572830e-01
7.5975975975975973409e-01,1.2340610372909588399e-01
7.6206206206206195120e-01,1.2395659544499181004e-01
7.6436436436436427933e-01,1.2450739146822467629e-01
7.6666666666666660745e-01,1.2505848729454580037e-01
7.6896896896896893558e-01,1.2560987842804366421e-01
7.7127127127127115269e-01,1.2616156039926082477e-01
7.7357357357357348082e-01,1.2671352875364258472e-01
7.7587587587587580895e-01,1.2726577905573729921e-01
7.7817817817817813708e-01,1.2781830689213510843e-01
7.8048048048048046521e-01,1.2837110786137956309e-01
7.8278278278278268232e-01,1.2892417759026203461e-01
7.8508508508508501045e-01,1.2947751171202656617e-01
7.8738738738738733858e-01,1.3003110589204541769e-01
7.8968968968968966671e-01,1.3058495579960321953e-01
7.9199199199199188381e-01,1.3113905713649259832e-01
7.9429429429429421194e-01,1.3169340560966216747e-01
7.9659659659659654007e-01,1.3224799695534400490e-01
7.9889889889889886820e-01,1.3280282691928979588e-01
8.0120120120120108531e-01,1.3335789127087024908e-01
8.0350350350350341344e-01,1.3391318579501781949e-01
8.0580580580580574157e-01,1.3446870629365198502e-01
8.0810810810810806970e-01,1.3502444859055498516e-01
8.1041041041041039783e-01,1.3558040852027147816e-01
8.1271271271271261494e-01,1.3613658194445327210e-01
8.1501501501501494307e-01,1.3669296473097966582e-01
8.1731731731731727120e-01,1.3724955277779765650e-01
8.1961961961961959933e-01,1.3780634198736732565e-01
8.2192192192192181643e-01,1.3836332829194514238e-01
8.2422422422422414456e-01,1.3892050762997154578e-01
8.2652652652652647269e-01,1.3947787596630814577e-01
8.2882882882882880082e-01,1.4003542927624557102e-01
8.3113113113113101793e-01,1.4059316355618142746e-01
8.3343343343343334606e-01,1.4115107481846664306e-01
8.3573573573573567419e-01,1.4170915909061190807e-01
8.3803803803803800232e-01,1.4226741242162443957e-01
8.4034034034034021943e-01,1.4282583087030573110e-01
8.4264264264264254756e-01,1.4338441052134864862e-01
8.4494494494494487569e-01,1.4394314746557751450e-01
8.4724724724724720382e-01,1.4450203782187634460e-01
8.4954954954954953195e-01,1.4506107771426660080e-01
8.5185185185185174905e-01,1.4562026329404834102e-01
8.5415415415415407718e-01,1.4617959071962297046e-01
8.5645645645645640531e-01,1.4673905617325286310e-01
8.5875875875875873344e-01,1.4729865584835899472e-01
8.6106106106106095055e-01,1.4785838595728512113e-01
8.6336336336336327868e-01,1.4841824272852965905e-01
8.6566566566566560681e-01,1.4897822240420807716e-01
8.6796796796796793494e-01,1.4953832124741608944e-01
8.7027027027027015205e-01,1.5009853553025914730e-01
8.7257257257257248018e-01,1.5065886154944957420e-01
8.7487487487487480831e-01,1.5121929560778996082e-01
8.7717717717717713644e-01,1.5177983403417197317e-01
8.7947947947947935354e-01,1.5234047316315943443e-01
8.8178178178178168167e-01,1.5290120935423331949e-01
8.8408408408408400980e-01,1.5346203897470406252e-01
8.8638638638638633793e-01,1.5402295841342431015e-01
8.8868868868868866606e-01,1.5458396407092581115e-01
8.9099099099099088317e-01,1.5514505236474213090e-01
8.9329329329329321130e-01,1.5570621972858850190e-01
8.9559559559559553943e-01,1.5626746260848964343e-01
8.9789789789789786756e-01,1.5682877747083062703e-01
9.0020020020020008467e-01,1.5739016079040524243e-01
9.0250250250250241280e-01,1.5795160906531435785e-01
9.0480480480480474093e-01,1.5851311879980900521e-01
9.0710710710710706906e-01,1.5907468652234879603e-01
9.0940940940940928616e-01,1.5963630876758766464e-01
9.1171171171171161429e-01,1.6019798209292793190e-01
9.1401401401401394242e-01,1.6075970306420747646e-01
9.1631631631631627055e-01,1.6132146826673463003e-01
9.1861861861861848766e-01,1.6188327429784232780e-01
9.2092092092092081579e-01,1.6244511777017972554e-01
9.2322322322322314392e-01,1.6300699531243489915e-01
9.2552552552552547205e-01,1.6356890356447389978e-01
9.2782782782782780018e-01,1.6413083918578291742e-01
9.3013013013013001729e-01,1.6469279884373164147e-01
9.3243243243243234541e-01,1.6525477922765971495e-01
9.3473473473473467354e-01,1.6581677703309594119e-01
9.3703703703703700167e-01,1.6637878897796301580e-01
9.3933933933933921878e-01,1.6694081178680181266e-01
9.4164164164164154691e-01,1.6750284220489497500e-01
9.4394394394394387504e-01,1.6806487698642075257e-01
9.4624624624624620317e-01,1.6862691290316994541e-01
9.4854854854854842028e-01,1.6918894673915793603e-01
9.5085085085085074841e-01,1.6975097529224952853e-01
9.5315315315315307654e-01,1.7031299537610064543e-01
9.5545545545545540467e-01,1.7087500381460649090e-01
9.5775775775775762177e-01,1.7143699745049623129e-01
9.6006006006005994990e-01,1.7199897313400253074e-01
9.6236236236236227803e-01,1.7256092773601150459e-01
9.6466466466466460616e-01,1.7312285813369571175e-01
9.6696696696696693429e-01,1.7368476122490889013e-01
9.6926926926926915140e-01,1.7424663391449099481e-01
9.7157157157157147953e-01,1.7480847312618943978e-01
9.7387387387387380766e-01,1.7537027579297453928e-01
9.7617617617617613579e-01,1.7593203886376360123e-01
9.7847847847847835290e-01,1.7649375929974411847e-01
9.8078078078078068103e-01,1.7705543407465001993e-01
9.8308308308308300916e-01,1.7761706017762332599e-01
9.8538538538538533729e-01,1.7817863460720401170e-01
9.8768768768768755439e-01,1.7874015437990148358e-01
9.8998998998998988252e-01,1.7930161651937079337e-01
9.9229229229229221065e-01,1.7986301806860266472e-01
9.9459459459459453878e-01,1.8042435607693971256e-01
9.9689689689689686691e-01,1.8098562761277789401e-01
9.9919919919919908402e-01,1.8154682975177763304e-01
1.0015015015015014122e+00,1.8210795958682549078e-01
1.0038038038038037403e+00,1.8266901422024803270e-01
1.0061061061061060684e+00,1.8322999076883420000e-01
1.0084084084084083965e+00,1.8379088636159174319e-01
1.0107107107107107247e+00,1.8435169813894980440e-01
1.0130130130130128308e+00,1.8491242325630466437e-01
1.0153153153153151589e+00,1.8547305887776704969e-01
1.0176176176176174870e+00,1.8603360218454115249e-01
1.0199199199199198151e+00,1.8659405036472559436e-01
1.0222222222222221433e+00,1.8715440062448004954e-01
1.0245245245245244714e+00,1.8771465017640232009e-01
1.0268268268268267995e+00,1.8827479625062079616e-01
1.0291291291291291277e+00,1.8883483608474041504e-01
1.0314314314314314558e+00,1.8939476693206117042e-01
1.0337337337337335619e+00,1.8995458605542500652e-01
1.0360360360360358900e+00,1.9051429073080322629e-01
1.0383383383383382181e+00,1.9107387824621357986e-01
1.0406406406406405463e+00,1.9163334590008515579e-01
1.0429429429429428744e+00,1.9219269100527880401e-01
1.0452452452452452025e+00,1.9275191088273582740e-01
1.0475475475475475307e+00,1.9331100286957622614e-01
1.0498498498498498588e+00,1.9386996430955436010e-01
1.0521521521521519649e+00,1.9442879256323639114e-01
1.0544544544544542930e+00,1.9498748499766424547e-01
1.0567567567567566211e+00,1.9554603899597908234e-01
1.0590590590590589493e+00,1.9610445194892622833e-01
1.0613613613613612774e+00,1.9666272126155029398e-01
1.0636636636636636055e+00,1.9722084434845416068e-01
1.0659659659659659336e+00,1.9777881863618246294e-01
1.0682682682682682618e+00,1.9833664156309083193e-01
1.0705705705705705899e+00,1.9889431057707432360e-01
1.0728728728728726960e+00,1.9945182313989795464e-01
1.0751751751751750241e+00,2.0000917672089346677e-01
1.0774774774774773523e+00,2.0056636880467029749e-01
1.0797797797797796804e+00,2.0112339688229372014e-01
1.0820820820820820085e+00,2.0168025846045475880e-01
1.0843843843843843366e+00,2.0223695105236536018e-01
1.0866866866866866648e+00,2.0279347218601648239e-01
1.0889889889889889929e+00,2.0334981939707671983e-01
1.0912912912912910990e+00,2.0390599023425193259e-01
1.0935935935935934271e+00,2.0446198225573875007e-01
1.0958958958958957552e+00,2.0501779303061232196e-01
1.0981981981981980834e+00,2.0557342013944218673e-01
1.1005005005005004115e+00,2.0612886117155154730e-01
1.1028028028028027396e+00,2.0668411372951669969e-01
1.1051051051051050678e+00,2.0723917542299616357e-01
1.1074074074074073959e+00,2.0779404387601183024e-01
1.1097097097097097240e+00,2.0834871671883148370e-01
1.1120120120120118301e+00,2.0890319159620063250e-01
1.1143143143143141582e+00,2.0945746615936247648e-01
1.1166166166166164864e+00,2.1001153807310399269e-01
1.1189189189189188145e+00,2.1056540500988171760e-01
1.1212212212212211426e+00,2.1111906465403579292e-01
1.1235235235235234708e+00,2.1167251469925926766e-01
1.1258258258258257989e+00,2.1222575284916989080e-01
1.1281281281281281270e+00,2.1277877681851917191e-01
1.1304304304304302331e+00,2.1333158433012544553e-01
1.1327327327327325612e+00,2.1388417311943488941e-01
1.1350350350350348894e+00,2.1443654092857336591e-01
1.1373373373373372175e+00,2.1498868551314534447e-01
1.1396396396396395456e+00,2.1554060463484986387e-01
1.1419419419419418738e+00,2.1609229606878935237e-01
1.1442442442442442019e+00,2.1664375759655474241e-01
1.1465465465465465300e+00,2.1719498701215780856e-01
1.1488488488488488581e+00,2.1774598211724607855e-01
1.1511511511511509642e+00,2.1829674072432131426e-01
1.1534534534534532924e+00,2.1884726065505480386e-01
1.1557557557557556205e+00,2.1939753974019884919e-01
1.1580580580580579486e+00,2.1994757582123794504e-01
1.1603603603603602767e+00,2.2049736674711237217e-01
1.1626626626626626049e+00,2.2104691037874477089e-01
1.1649649649649649330e+00,2.2159620458336423687e-01
1.1672672672672672611e+00,2.2214524724080456086e-01
1.1695695695695693672e+00,2.2269403623681849336e-01
1.1718718718718716953e+00,2.2324256946953474623e-01
1.1741741741741740235e+00,2.2379084484348521489e-01
1.1764764764764763516e+00,2.2433886027457008994e-01
1.1787787787787786797e+00,2.2488661368620591063e-01
1.1810810810810810079e+00,2.2543410301171001864e-01
1.1833833833833833360e+00,2.2598132619332175763e-01
1.1856856856856856641e+00,2.2652828118158788162e-01
1.1879879879879879923e+00,2.2707496593735132517e-01
1.1902902902902900983e+00,2.2762137842835719614e-01
1.1925925925925924265e+00,2.2816751663368753378e-01
1.1948948948948947546e+00,2.2871337853839890375e-01
1.1971971971971970827e+00,2.2925896213931318268e-01
1.1994994994994994109e+00,2.2980426543902124359e-01
1.2018018018018017390e+00,2.3034928645153429638e-01
1.2041041041041040671e+00,2.3089402319718704826e-01
1.2064064064064063952e+00,2.3143847370673278907e-01
1.2087087087087085013e+00,2.3198263601831489722e-01
1.2110110110110108295e+00,2.3252650817913605996e-01
1.2133133133133131576e+00,2.3307008824506342259e-01
1.2156156156156154857e+00,2.3361337427960493507e-01
1.2179179179179178139e+00,2.3415636435612444122e-01
1.2202202202202201420e+00,2.3469905655441733461e-01
1.2225225225225224701e+00,2.3524144896498058732e-01
1.2248248248248247982e+00,2.3578353968399803908e-01
1.2271271271271271264e+00,2.3632532681861434520e-01
1.2294294294294292325e+00,2.3686680848159080703e-01
1.2317317317317315606e+00,2.3740798279621411204e-01
1.2340340340340338887e+00,2.3794884789197476294e-01
1.2363363363363362168e+00,2.3848940190790299254e-01
1.2386386386386385450e+00,2.3902964299023454764e-01
1.2409409409409408731e+00,2.3956956929348460772e-01
1.2432432432432432012e+00,2.4010917898051842290e-01
1.2455455455455455294e+00,2.4064847022120916531e-01
1.2478478478478476354e+00,2.4118744119481252963e-01
1.2501501501501499636e+00,2.4172609008655690510e-01
1.2524524524524522917e+00,2.4226441509173507471e-01
1.2547547547547546198e+00,2.4280241441103886380e-01
1.2570570570570569480e+00,2.4334008625534650494e-01
1.2593593593593592761e+00,2.4387742884098728702e-01
1.2616616616616616042e+00,2.4441444039397952626e-01
1.2639639639639639324e+00,2.4495111914640563255e-01
1.2662662662662662605e+00,2.4548746333908622042e-01
1.2685685685685683666e+00,2.4602347121984827205e-01
1.2708708708708706947e+00,2.4655914104410259213e-01
1.2731731731731730228e+00,2.4709447107529466936e-01
1.2754754754754753510e+00,2.4762945958333076879e-01
1.2777777777777776791e+00,2.4816410484703929629e-01
1.2800800800800800072e+00,2.4869840515083710408e-01
1.2823823823823823354e+00,2.4923235878859895109e-01
1.2846846846846846635e+00,2.4976596405936432599e-01
1.2869869869869867696e+00,2.5029921927163722994e-01
1.2892892892892890977e+00,2.5083212273923577440e-01
1.2915915915915914258e+00,2.5136467278490470800e-01
1.2938938938938937540e+00,2.5189686773731617686e-01
1.2961961961961960821e+00,2.5242870593316046879e-01
1.2984984984984984102e+00,2.5296018571592154833e-01
1.3008008008008007383e+00,2.5349130543604408983e-01
1.3031031031031030665e+00,2.5402206345167605006e-01
1.3054054054054053946e+00,2.5455245812693066965e-01
1.3077077077077075007e+00,2.5508248783437598162e-01
1.3100100100100098288e+00,2.5561215095180644941e-01
1.3123123123123121569e+00,2.5614144586587478392e-01
1.3146146146146144851e+00,2.5667037096815348285e-01
1.3169169169169168132e+00,2.5719892465898308576e-01
1.3192192192192191413e+00,2.5772710534383608261e-01
1.3215215215215214695e+00,2.5825491143638767966e-01
1.3238238238238237976e+00,2.5878234135605315824e-01
1.3261261261261259037e+00,2.5930939352958742861e-01
1.3284284284284282318e+00,2.5983606639029177554e-01
1.3307307307307305599e+00,2.6036235837784610370e-01
1.3330330330330328881e+00,2.6088826793928809877e-01
1.3353353353353352162e+00,2.6141379352716198614e-01
1.3376376376376375443e+00,2.6193893360200570797e-01
1.3399399399399398725e+00,2.6246368662925484427e-01
1.3422422422422422006e+00,2.6298805108263045849e-01
1.3445445445445445287e+00,2.6351202544055757349e-01
1.3468468468468466348e+00,2.6403560818958154988e-01
1.3491491491491489629e+00,2.6455879782122060373e-01
1.3514514514514512911e+00,2.6508159283453985866e-01
1.3537537537537536192e+00,2.6560399173417265084e-01
1.3560560560560559473e+00,2.6612599303149075958e-01
1.3583583583583582755e+00,2.6664759524417647185e-01
1.3606606606606606036e+00,2.6716879689578482138e-01
1.3629629629629629317e+00,2.6768959651689727686e-01
1.3652652652652652598e+00,2.6820999264321288003e-01
1.3675675675675673659e+00,2.6872998381798579581e-01
1.3698698698698696941e+00,2.6924956858909737667e-01
1.3721721721721720222e+00,2.6976874551217511211e-01
1.3744744744744743503e+00,2.7028751314736759737e-01
1.3767767767767766784e+00,2.7080587006234346781e-01
1.3790790790790790066e+00,2.7132381482958822794e-01
1.3813813813813813347e+00,2.7184134602853343710e-01
1.3836836836836836628e+00,2.7235846224399234972e-01
1.3859859859859857689e+00,2.7287516206696527110e-01
1.3882882882882880970e+00,2.7339144409450599760e-01
1.3905905905905904252e+00,2.7390730692906983812e-01
1.3928928928928927533e+00,2.7442274917978959348e-01
1.3951951951951950814e+00,2.7493776946053705146e-01
1.3974974974974974096e+00,2.7545236639229375708e-01
1.3997997997997997377e+00,2.7596653860038000694e-01
1.4021021021021020658e+00,2.7648028471733260281e-01
1.4044044044044043940e+00,2.7699360337999884285e-01
1.4067067067067065000e+00,2.7750649323217196907e-01
1.4090090090090088282e+00,2.7801895292228023804e-01
1.4113113113113111563e+00,2.7853098110513485608e-01
1.4136136136136134844e+00,2.7904257644072588684e-01
1.4159159159159158126e+00,2.7955373759472096351e-01
1.4182182182182181407e+00,2.8006446323858175118e-01
1.4205205205205204688e+00,2.8057475204874376962e-01
1.4228228228228227970e+00,2.8108460270798291125e-01
1.4251251251251249030e+00,2.8159401390348159921e-01
1.4274274274274272312e+00,2.8210298432911135036e-01
1.4297297297297295593e+00,2.8261151268284284699e-01
1.4320320320320318874e+00,2.8311959766937178085e-01
1.4343343343343342156e+00,2.8362723799753225551e-01
1.4366366366366365437e+00,2.8413443238258123680e-01
1.4389389389389388718e+00,2.8464117954425638413e-01
1.4412412412412411999e+00,2.8514747820817470947e-01
1.4435435435435435281e+00,2.8565332710494895085e-01
1.4458458458458456342e+00,2.8615872497042449396e-01
1.4481481481481479623e+00,2.8666367054599800612e-01
1.4504504504504502904e+00,2.8716816257767607823e-01
1.4527527527527526185e+00,2.8767219981748881619e-01
1.4550550550550549467e+00,2.8817578102159741027e-01
1.4573573573573572748e+00,2.8867890495245512872e-01
1.4596596596596596029e+00,2.8918157037641267770e-01
1.4619619619619619311e+00,2.8968377606608558539e-01
1.4642642642642640372e+00,2.9018552079806791966e-01
1.4665665665665663653e+00,2.9068680335489199829e-01
1.4688688688688686934e+00,2.9118762252340707475e-01
1.4711711711711710215e+00,2.9168797709587657163e-01
1.4734734734734733497e+00,2.9218786586935735494e-01
1.4757757757757756778e+00,2.9268728764571894096e-01
1.4780780780780780059e+00,2.9318624123212078114e-01
1.4803803803803803341e+00,2.9368472543997425905e-01
1.4826826826826826622e+00,2.9418273908638248315e-01
1.4849849849849847683e+00,2.9468028099228910088e-01
1.4872872872872870964e+00,2.9517734998453265538e-01
1.4895895895895894245e+00,2.9567394489362663901e-01
1.4918918918918917527e+00,2.9617006455590377811e-01
1.4941941941941940808e+00,2.9666570781149792513e-01
1.4964964964964964089e+00,2.9716087350602288231e-01
1.4987987987987987371e+00,2.9765556048923663690e-01
1.5011011011011010652e+00,2.9814976761587747012e-01
1.5034034034034031713e+00,2.9864349374527671133e-01
1.5057057057057054994e+00,2.9913673774119708959e-01
1.5080080080080078275e+00,2.9962949847244102486e-01
1.5103103103103101557e+00,3.0012177481174889815e-01
1.5126126126126124838e+00,3.0061356563724378477e-01
1.5149149149149148119e+00,3.0110486983064738142e-01
1.5172172172172171400e+00,3.0159568627920785300e-01
1.5195195195195194682e+00,3.0208601387367156610e-01
1.5218218218218217963e+00,3.0257585151019600334e-01
1.5241241241241239024e+00,3.0306519808859622156e-01
1.5264264264264262305e+00,3.0355405251375677800e-01
1.5287287287287285587e+00,3.0404241369455881072e-01
1.5310310310310308868e+00,3.0453028054448422202e-01
1.5333333333333332149e+00,3.0501765198142816171e-01
1.5356356356356355430e+00,3.0550452692739155092e-01
1.5379379379379378712e+00,3.0599090430918518546e-01
1.5402402402402401993e+00,3.0647678305729947335e-01
1.5425425425425423054e+00,3.0696216210731891438e-01
1.5448448448448446335e+00,3.0744704039823611552e-01
1.5471471471471469616e+00,3.0793141687422553865e-01
1.5494494494494492898e+00,3.0841529048281429715e-01
1.5517517517517516179e+00,3.0889866017656264496e-01
1.5540540540540539460e+00,3.0938152491155351820e-01
1.5563563563563562742e+00,3.0986388364856087829e-01
1.5586586586586586023e+00,3.1034573535220055795e-01
1.5609609609609609304e+00,3.1082707899133621421e-01
1.5632632632632630365e+00,3.1130791353905029606e-01
1.5655655655655653646e+00,3.1178823797221821845e-01
1.5678678678678676928e+00,3.1226805127228074443e-01
1.5701701701701700209e+00,3.1274735242409140712e-01
1.5724724724724723490e+00,3.1322614041730145740e-01
1.5747747747747746772e+00,3.1370441424474970749e-01
1.5770770770770770053e+00,3.1418217290411537546e-01
1.5793793793793793334e+00,3.1465941539625552625e-01
1.5816816816816814395e+00,3.1513614072669415833e-01
1.5839839839839837676e+00,3.1561234790432396435e-01
1.5862862862862860958e+00,3.1608803594236761780e-01
1.5885885885885884239e+00,3.1656320385772818149e-01
1.5908908908908907520e+00,3.1703785067122552954e-01
1.5931931931931930801e+00,3.1751197540770853545e-01
1.5954954954954954083e+00,3.1798557709553426642e-01
1.5977977977977977364e+00,3.1845865476739498856e-01
1.6001001001001000645e+00,3.1893120745916547776e-01
1.6024024024024021706e+00,3.1940323421124305892e-01
1.6047047047047044988e+00,3.1987473406703731404e-01
1.6070070070070068269e+00,3.2034570607448359381e-01
1.6093093093093091550e+00,3.2081614928456064773e-01
1.6116116116116114831e+00,3.2128606275258392300e-01
1.6139139139139138113e+00,3.2175544553711393769e-01
1.6162162162162161394e+00,3.2222429670072427754e-01
1.6185185185185184675e+00,3.2269261530953163852e-01
1.6208208208208207957e+00,3.2316040043328653208e-01
1.6231231231231229017e+00,3.2362765114559954860e-01
1.6254254254254252299e+00,3.2409436652335532614e-01
1.6277277277277275580e+00,3.2456054564756281478e-01
1.6300300300300298861e+00,3.2502618760223328520e-01
1.6323323323323322143e+00,3.2549129147564720421e-01
1.6346346346346345424e+00,3.2595585635896651144e-01
1.6369369369369368705e+00,3.2641988134759425400e-01
1.6392392392392391987e+00,3.2688336553987690225e-01
1.6415415415415413047e+00,3.2734630803820291556e-01
1.6438438438438436329e+00,3.2780870794810162971e-01
1.6461461461461459610e+00,3.2827056437883278539e-01
1.6484484484484482891e+00,3.2873187644306667288e-01
1.6507507507507506173e+00,3.2919264325685226869e-01
1.6530530530530529454e+00,3.2965286393992709879e-01
1.6553553553553552735e+00,3.3011253761508146942e-01
1.6576576576576576016e+00,3.3057166340901611434e-01
1.6599599599599599298e+00,3.3103024045124795904e-01
1.6622622622622620359e+00,3.3148826787530760729e-01
1.6645645645645643640e+00,3.3194574481745148242e-01
1.6668668668668666921e+00,3.3240267041789089975e-01
1.6691691691691690203e+00,3.3285904381963921095e-01
1.6714714714714713484e+00,3.3331486416945715900e-01
1.6737737737737736765e+00,3.3377013061710658626e-01
1.6760760760760760046e+00,3.3422484231579885350e-01
1.6783783783783783328e+00,3.3467899842200460325e-01
1.6806806806806804389e+00,3.3513259809532097711e-01
1.6829829829829827670e+00,3.3558564049885802882e-01
1.6852852852852850951e+00,3.3603812479856526307e-01
1.6875875875875874232e+00,3.3649005016409483382e-01
1.6898898898898897514e+00,3.3694141576774494506e-01
1.6921921921921920795e+00,3.3739222078558767093e-01
1.6944944944944944076e+00,3.3784246439628884406e-01
1.6967967967967967358e+00,3.3829214578220845322e-01
1.6990990990990990639e+00,3.3874126412839805633e-01
1.7014014014014011700e+00,3.3918981862339447897e-01
1.7037037037037034981e+00,3.3963780845862562296e-01
1.7060060060060058262e+00,3.4008523282872621385e-01
1.7083083083083081544e+00,3.4053209093146230568e-01
1.7106106106106104825e+00,3.4097838196751772966e-01
1.7129129129129128106e+00,3.4142410514093274321e-01
1.7152152152152151388e+00,3.4186925965841929997e-01
1.7175175175175174669e+00,3.4231384473020343151e-01
1.7198198198198195730e+00,3.4275785956903104257e-01
1.7221221221221219011e+00,3.4320130339120336060e-01
1.7244244244244242292e+00,3.4364417541552383373e-01
1.7267267267267265574e+00,3.4408647486425586459e-01
1.7290290290290288855e+00,3.4452820096227709801e-01
1.7313313313313312136e+00,3.4496935293772301723e-01
1.7336336336336335417e+00,3.4540993002153552727e-01
1.7359359359359358699e+00,3.4584993144766129625e-01
1.7382382382382381980e+00,3.4628935645307146185e-01
1.7405405405405403041e+00,3.4672820427748957117e-01
1.7428428428428426322e+00,3.4716647416385387759e-01
1.7451451451451449604e+00,3.4760416535764254720e-01
1.7474474474474472885e+00,3.4804127710766885606e-01
1.7497497497497496166e+00,3.4847780866515903897e-01
1.7520520520520519447e+00,3.4891375928468604251e-01
1.7543543543543542729e+00,3.4934912822323277437e-01
1.7566566566566566010e+00,3.4978391474101855341e-01
1.7589589589589587071e+00,3.5021811810078112837e-01
1.7612612612612610352e+00,3.5065173756829509655e-01
1.7635635635635633633e+00,3.5108477241202773467e-01
1.7658658658658656915e+00,3.5151722190324297124e-01
1.7681681681681680196e+00,3.5194908531609031543e-01
1.7704704704704703477e+00,3.5238036192728178220e-01
1.7727727727727726759e+00,3.5281105101658077894e-01
1.7750750750750750040e+00,3.5324115186612886630e-01
1.7773773773773773321e+00,3.5367066376121553128e-01
1.7796796796796794382e+00,3.5409958598941393415e-01
1.7819819819819817663e+00,3.5452791784143666831e-01
1.7842842842842840945e+00,3.5495565861030070609e-01
1.7865865865865864226e+00,3.5538280759204493586e-01
1.7888888888888887507e+00,3.5580936408512853220e-01
1.7911911911911910789e+00,3.5623532739084218246e-01
1.7934934934934934070e+00,3.5666069681306455941e-01
1.7957957957957957351e+00,3.5708547165828680159e-01
1.7980980980980978412e+00,3.5750965123576328164e-01
1.8004004004004001693e+00,3.5793323485715677901e-01
1.8027027027027024975e+00,3.5835622183703647048e-01
1.8050050050050048256e+00,3.5877861149222783910e-01
1.8073073073073071537e+00,3.5920040314253542935e-01
1.8096096096096094819e+00,3.5962159610995686476e-01
1.8119119119119118100e+00,3.6004218971944240701e-01
1.8142142142142141381e+00,3.6046218329817564241e-01
1.8165165165165164662e+00,3.6088157617617366846e-01
1.8188188188188185723e+00,3.6130036768580453543e-01
1.8211211211211209005e+00,3.6171855716209355691e-01
1.8234234234234232286e+00,3.6213614394257287454e-01
1.8257257257257255567e+00,3.6255312736723888101e-01
1.8280280280280278848e+00,3.6296950677874906255e-01
1.8303303303303302130e+00,3.6338528152205329391e-01
1.8326326326326325411e+00,3.6380045094488100421e-01
1.8349349349349348692e+00,3.6421501439713532822e-01
1.8372372372372369753e+00,3.6462897123154835999e-01
1.8395395395395393034e+00,3.6504232080299103824e-01
1.8418418418418416316e+00,3.6545506246912334847e-01
1.8441441441441439597e+00,3.6586719558979913236e-01
1.8464464464464462878e+00,3.6627871952754564866e-01
1.8487487487487486160e+00,3.6668963364719436848e-01
1.8510510510510509441e+00,3.6709993731609169565e-01
1.8533533533533532722e+00,3.6750962990401708774e-01
1.8556556556556556004e+00,3.6791871078309140719e-01
1.8579579579579577064e+00,3.6832717932799252658e-01
1.8602602602602600346e+00,3.6873503491558745626e-01
1.8625625625625623627e+00,3.6914227692538909009e-01
1.8648648648648646908e+00,3.6954890473899792980e-01
1.8671671671671670190e+00,3.6995491774068617330e-01
1.8694694694694693471e+00,3.7036031531678614837e-01
1.8717717717717716752e+00,3.7076509685625047563e-01
1.8740740740740740033e+00,3.7116926175014108846e-01
1.8763763763763761094e+00,3.7157280939202319558e-01
1.8786786786786784376e+00,3.7197573917767207119e-01
1.8809809809809807657e+00,3.7237805050521582961e-01
1.8832832832832830938e+00,3.7277974277511166656e-01
1.8855855855855854220e+00,3.7318081539001668467e-01
1.8878878878878877501e+00,3.7358126775502598083e-01
1.8901901901901900782e+00,3.7398109927730605051e-01
1.8924924924924924063e+00,3.7438030936653421410e-01
1.8947947947947947345e+00,3.7477889743438108638e-01
1.8970970970970968406e+00,3.7517686289503998642e-01
1.8993993993993991687e+00,3.7557420516468886795e-01
1.9017017017017014968e+00,3.7597092366197026880e-01
1.9040040040040038249e+00,3.7636701780756937064e-01
1.9063063063063061531e+00,3.7676248702452519446e-01
1.9086086086086084812e+00,3.7715733073801466224e-01
1.9109109109109108093e+00,3.7755154837543586366e-01
1.9132132132132131375e+00,3.7794513936643120422e-01
1.9155155155155152435e+00,3.7833810314273386144e-01
1.9178178178178175717e+00,3.7873043913841375474e-01
1.9201201201201198998e+00,3.7912214678952899094e-01
1.9224224224224222279e+00,3.7951322553452848663e-01
1.9247247247247245561e+00,3.7990367481379599957e-01
1.9270270270270268842e+00,3.8029349407010426543e-01
1.9293293293293292123e+00,3.8068268274816896568e-01
1.9316316316316315405e+00,3.8107124029503547380e-01
1.9339339339339338686e+00,3.8145916615975061781e-01
1.9362362362362359747e+00,3.8184645979359282952e-01
1.9385385385385383028e+00,3.8223312064992898129e-01
1.9408408408408406309e+00,3.8261914818424508367e-01
1.9431431431431429591e+00,3.8300454185420468312e-01
1.9454454454454452872e+00,3.8338930111948837931e-01
1.9477477477477476153e+00,3.8377342544202530661e-01
1.9500500500500499435e+00,3.8415691428568726762e-01
1.9523523523523522716e+00,3.8453976711663084842e-01
1.9546546546546545997e+00,3.8492198340292366199e-01
1.9569569569569567058e+00,3.8530356261490683600e-01
1.9592592592592590339e+00,3.8568450422485267559e-01
1.9615615615615613621e+00,3.8606480770725060125e-01
1.9638638638638636902e+00,3.8644447253857128199e-01
1.9661661661661660183e+00,3.8682349819741812524e-01
1.9684684684684683464e+00,3.8720188416443657164e-01
1.9707707707707706746e+00,3.8757962992230821087e-01
1.9730730730730730027e+00,3.8795673495581894930e-01
1.9753753753753751088e+00,3.8833319875170230207e-01
1.9776776776776774369e+00,3.8870902079884350755e-01
1.9799799799799797650e+00,3.8908420058801052033e-01
1.9822822822822820932e+00,3.8945873761214055975e-01
1.9845845845845844213e+00,3.8983263136602552823e-01
1.9868868868868867494e+00,3.9020588134660449953e-01
1.9891891891891890776e+00,3.9057848705268372047e-01
1.9914914914914914057e+00,3.9095044798516009887e-01
1.9937937937937937338e+00,3.9132176364683901593e-01
1.9960960960960958399e+00,3.9169243354253918676e-01
1.9983983983983981680e+00,3.9206245717904258941e-01
2.0007007007007007182e+00,3.9243183406506404465e-01
2.0030030030030028243e+00,3.9280056371133181825e-01
2.0053053053053049304e+00,3.9316864563043874004e-01
2.0076076076076074806e+00,3.9353607933702566823e-01
2.0099099099099095866e+00,3.9390286434755089617e-01
2.0122122122122121368e+00,3.9426900018052934982e-01
2.0145145145145142429e+00,3.9463448635627867978e-01
2.0168168168168167931e+00,3.9499932239714835580e-01
2.0191191191191188992e+00,3.9536350782730805831e-01
2.0214214214214214493e+00,3.9572704217290899376e-01
2.0237237237237235554e+00,3.9608992496195943867e-01
2.0260260260260256615e+00,3.9645215572438763374e-01
2.0283283283283282117e+00,3.9681373399202235497e-01
2.0306306306306303178e+00,3.9717465929855044759e-01
2.0329329329329328679e+00,3.9753493117959720626e-01
2.0352352352352349740e+00,3.9789454917259753364e-01
2.0375375375375375242e+00,3.9825351281694609806e-01
2.0398398398398396303e+00,3.9861182165381914277e-01
2.0421421421421421805e+00,3.9896947522635128891e-01
2.0444444444444442865e+00,3.9932647307945645654e-01
2.0467467467467463926e+00,3.9968281475998224117e-01
2.0490490490490489428e+00,4.0003849981657402246e-01
2.0513513513513510489e+00,4.0039352779977127605e-01
2.0536536536536535991e+00,4.0074789826193990550e-01
2.0559559559559557052e+00,4.0110161075729688918e-01
2.0582582582582582553e+00,4.0145466484191394407e-01
2.0605605605605603614e+00,4.0180706007367622545e-01
2.0628628628628629116e+00,4.0215879601234383323e-01
2.0651651651651650177e+00,4.0250987221946471495e-01
2.0674674674674671238e+00,4.0286028825846892376e-01
2.0697697697697696739e+00,4.0321004369456497907e-01
2.0720720720720717800e+00,4.0355913809483473509e-01
2.0743743743743743302e+00,4.0390757102814356383e-01
2.0766766766766764363e+00,4.0425534206521102076e-01
2.0789789789789789864e+00,4.0460245077855538920e-01
2.0812812812812810925e+00,4.0494889674252521061e-01
2.0835835835835831986e+00,4.0529467953327935614e-01
2.0858858858858857488e+00,4.0563979872878591637e-01
2.0881881881881878549e+00,4.0598425390882308950e-01
2.0904904904904904051e+00,4.0632804465495586665e-01
2.0927927927927925111e+00,4.0667117055055562735e-01
2.0950950950950950613e+00,4.0701363118076255843e-01
2.0973973973973971674e+00,4.0735542613251418675e-01
2.0996996996996997176e+00,4.0769655499450579983e-01
2.1020020020020018237e+00,4.0803701735721542576e-01
2.1043043043043039297e+00,4.0837681281287313562e-01
2.1066066066066064799e+00,4.0871594095547431058e-01
2.1089089089089085860e+00,4.0905440138076265555e-01
2.1112112112112111362e+00,4.0939219368623025463e-01
2.1135135135135132423e+00,4.0972931747111274170e-01
2.1158158158158157924e+00,4.1006577233638058511e-01
2.1181181181181178985e+00,4.1040155788473903220e-01
2.1204204204204204487e+00,4.1073667372062011571e-01
2.1227227227227225548e+00,4.1107111945017815735e-01
2.1250250250250246609e+00,4.1140489468128954575e-01
2.1273273273273272110e+00,4.1173799902353858116e-01
2.1296296296296293171e+00,4.1207043208822885516e-01
2.1319319319319318673e+00,4.1240219348835838176e-01
2.1342342342342339734e+00,4.1273328283863996990e-01
2.1365365365365365236e+00,4.1306369975547108098e-01
2.1388388388388386296e+00,4.1339344385695542261e-01
2.1411411411411411798e+00,4.1372251476287763561e-01
2.1434434434434432859e+00,4.1405091209471422964e-01
2.1457457457457453920e+00,4.1437863547562547861e-01
2.1480480480480479422e+00,4.1470568453044448498e-01
2.1503503503503500482e+00,4.1503205888569560944e-01
2.1526526526526525984e+00,4.1535775816955367024e-01
2.1549549549549547045e+00,4.1568278201189490240e-01
2.1572572572572572547e+00,4.1600713004422562591e-01
2.1595595595595593608e+00,4.1633080189975846253e-01
2.1618618618618614668e+00,4.1665379721332485019e-01
2.1641641641641640170e+00,4.1697611562145692199e-01
2.1664664664664661231e+00,4.1729775676230751458e-01
2.1687687687687686733e+00,4.1761872027571200761e-01
2.1710710710710707794e+00,4.1793900580314019555e-01
2.1733733733733733295e+00,4.1825861298771715990e-01
2.1756756756756754356e+00,4.1857754147422499003e-01
2.1779779779779779858e+00,4.1889579090906714498e-01
2.1802802802802800919e+00,4.1921336094033212483e-01
2.1825825825825821980e+00,4.1953025121769488281e-01
2.1848848848848847481e+00,4.1984646139253950503e-01
2.1871871871871868542e+00,4.2016199111781310505e-01
2.1894894894894894044e+00,4.2047684004818075554e-01
2.1917917917917915105e+00,4.2079100783986589374e-01
2.1940940940940940607e+00,4.2110449415079875823e-01
2.1963963963963961668e+00,4.2141729864048554921e-01
2.1986986986986987169e+00,4.2172942097010734930e-01
2.2010010010010008230e+00,4.2204086080245739598e-01
2.2033033033033029291e+00,4.2235161780195823455e-01
2.2056056056056054793e+00,4.2266169163469097247e-01
2.2079079079079075854e+00,4.2297108196831567639e-01
2.2102102102102101355e+00,4.2327978847219910330e-01
2.2125125125125122416e+00,4.2358781081723984041e-01
2.2148148148148147918e+00,4.2389514867607147597e-01
2.2171171171171168979e+00,4.2420180172283178388e-01
2.2194194194194194480e+00,4.2450776963338932024e-01
2.2217217217217215541e+00,4.2481305208511799254e-01
2.2240240240240236602e+00,4.2511764875708546452e-01
2.2263263263263262104e+00,4.2542155932989367262e-01
2.2286286286286283165e+00,4.2572478348579062546e-01
2.2309309309309308667e+00,4.2602732090861039627e-01
2.2332332332332329727e+00,4.2632917128374014926e-01
2.2355355355355355229e+00,4.2663033429817520670e-01
2.2378378378378376290e+00,4.2693080964046925541e-01
2.2401401401401397351e+00,4.2723059700096394087e-01
2.2424424424424422853e+00,4.2752969607133700647e-01
2.2447447447447443913e+00,4.2782810654453673482e-01
2.2470470470470469415e+00,4.2812582811513755221e-01
2.2493493493493490476e+00,4.2842286048101341223e-01
2.2516516516516515978e+00,4.2871920334146823572e-01
2.2539539539539537039e+00,4.2901485639201669686e-01
2.2562562562562562540e+00,4.2930981932753320418e-01
2.2585585585585583601e+00,4.2960409186165521289e-01
2.2608608608608604662e+00,4.2989767372365506048e-01
2.2631631631631630164e+00,4.3019056459460158770e-01
2.2654654654654651225e+00,4.3048276408821689598e-01
2.2677677677677676726e+00,4.3077427194838707747e-01
2.2700700700700697787e+00,4.3106508821625633132e-01
2.2723723723723723289e+00,4.3135521265355930565e-01
2.2746746746746744350e+00,4.3164464385939049773e-01
2.2769769769769769852e+00,4.3193338086132232467e-01
2.2792792792792790912e+00,4.3222142691231302258e-01
2.2815815815815811973e+00,4.3250878554032140544e-01
2.2838838838838837475e+00,4.3279544609656600551e-01
2.2861861861861858536e+00,4.3308139138967527426e-01
2.2884884884884884038e+00,4.3336664831813587195e-01
2.2907907907907905098e+00,4.3365128378101375217e-01
2.2930930930930930600e+00,4.3393523921814769473e-01
2.2953953953953951661e+00,4.3421826610758712528e-01
2.2976976976976977163e+00,4.3450043289656586909e-01
2.2999999999999998224e+00,4.3478260869565205082e-01
