0.0000000000000000000e+00,8.7932247827549101515e+00
2.3023023023023021089e-03,8.9156292781952100057e+00
4.6046046046046042177e-03,8.8541357152701891664e+00
6.9069069069069063266e-03,8.7929844528835996442e+00
9.2092092092092084354e-03,8.7321738207193071446e+00
1.1511511511511510544e-02,8.6717028320178872747e+00
1.3813813813813812653e-02,8.6115701544075751173e+00
1.6116116116116116497e-02,8.5517746201357258684e+00
1.8418418418418416871e-02,8.4923150424770170730e+00
2.0720720720720717245e-02,8.4331902066016120045e+00
2.3023023023023021089e-02,8.3743989697837228903e+00
2.5325325325325324932e-02,8.3159400229725903841e+00
2.7627627627627625306e-02,8.2578122126860780128e+00
2.9929929929929925680e-02,8.2000141771745660435e+00
3.2232232232232232993e-02,8.1425447317128067937e+00
3.4534534534534533368e-02,8.0854024884360224945e+00
3.6836836836836833742e-02,8.0285862096105589103e+00
3.9139139139139134116e-02,7.9720945035084049834e+00
4.1441441441441434490e-02,7.9159260701107108105e+00
4.3743743743743741803e-02,7.8600795242498326942e+00
4.6046046046046042177e-02,7.8045535036127207107e+00
4.8348348348348342551e-02,7.7493466314653289828e+00
5.0650650650650649864e-02,7.6944574901496292085e+00
5.2952952952952950239e-02,7.6398847072907667410e+00
5.5255255255255250613e-02,7.5856268215596793780e+00
5.7557557557557550987e-02,7.5316824565490367860e+00
5.9859859859859851361e-02,7.4780501223176738534e+00
6.2162162162162158674e-02,7.4247284269306366156e+00
6.4464464464464465987e-02,7.3717158683401278196e+00
6.6766766766766766361e-02,7.3190110280636115903e+00
6.9069069069069066735e-02,7.2666124054275362809e+00
7.1371371371371367109e-02,7.2145185495009238608e+00
7.3673673673673667484e-02,7.1627279681682924917e+00
7.5975975975975967858e-02,7.1112391776783585584e+00
7.8278278278278268232e-02,7.0600506964292346623e+00
8.0580580580580568606e-02,7.0091610118859080103e+00
8.2882882882882868980e-02,6.9585686507908190990e+00
8.5185185185185183232e-02,6.9082720793028329354e+00
8.7487487487487483606e-02,6.8582698270843884814e+00
8.9789789789789783980e-02,6.8085603490958250816e+00
9.2092092092092084354e-02,6.7591421700690581531e+00
9.4394394394394384729e-02,6.7100137449444536841e+00
9.6696696696696685103e-02,6.6611735862868046709e+00
9.8998998998998985477e-02,6.6126201577873136017e+00
1.0130130130130129973e-01,6.5643519561335246237e+00
1.0360360360360360010e-01,6.5163674583345674307e+00
1.0590590590590590048e-01,6.4686651451832215542e+00
1.0820820820820820085e-01,6.4212435080321208503e+00
1.1051051051051050123e-01,6.3741010148034877858e+00
1.1281281281281280160e-01,6.3272361693107539438e+00
1.1511511511511510197e-01,6.2806474320967273783e+00
1.1741741741741740235e-01,6.2343333151798017155e+00
1.1971971971971970272e-01,6.1882922791220122960e+00
1.2202202202202201697e-01,6.1425228381964362967e+00
1.2432432432432431735e-01,6.0970234609561497763e+00
1.2662662662662660384e-01,6.0517926588428245793e+00
1.2892892892892893197e-01,6.0068289142465083330e+00
1.3123123123123123235e-01,5.9621307333433417597e+00
1.3353353353353353272e-01,5.9176966152071424077e+00
1.3583583583583583310e-01,5.8735250609454627835e+00
1.3813813813813813347e-01,5.8296145866287050197e+00
1.4044044044044043384e-01,5.7859636906929345912e+00
1.4274274274274273422e-01,5.7425709043994199732e+00
1.4504504504504503459e-01,5.6994347277219050696e+00
1.4734734734734733497e-01,5.6565537035498634211e+00
1.4964964964964963534e-01,5.6139263389816225214e+00
1.5195195195195193572e-01,5.5715511838616382789e+00
1.5425425425425423609e-01,5.5294267581826410662e+00
1.5655655655655653646e-01,5.4875516150559509043e+00
1.5885885885885883684e-01,5.4459242912749150634e+00
1.6116116116116113721e-01,5.4045433415787291764e+00
1.6346346346346343759e-01,5.3634073212703299305e+00
1.6576576576576573796e-01,5.3225147870158346919e+00
1.6806806806806806609e-01,5.2818643124681328160e+00
1.7037037037037036646e-01,5.2414544581489064257e+00
1.7267267267267266684e-01,5.2012838143255564205e+00
1.7497497497497496721e-01,5.1613509486693516237e+00
1.7727727727727726759e-01,5.1216544650097990399e+00
1.7957957957957956796e-01,5.0821929424393923469e+00
1.8188188188188186833e-01,5.0429649946376482461e+00
1.8418418418418416871e-01,5.0039692162930657915e+00
1.8648648648648646908e-01,4.9652042282165309572e+00
1.8878878878878876946e-01,4.9266686432853701305e+00
1.9109109109109106983e-01,4.8883610883221138010e+00
1.9339339339339337021e-01,4.8502801953416652125e+00
1.9569569569569567058e-01,4.8124245975039787737e+00
1.9799799799799797095e-01,4.7747929455124440423e+00
2.0030030030030027133e-01,4.7373838804401948721e+00
2.0260260260260259946e-01,4.7001960700410236882e+00
2.0490490490490489983e-01,4.6632281658922458689e+00
2.0720720720720720021e-01,4.6264788501543439025e+00
2.0950950950950950058e-01,4.5899467882049762579e+00
2.1181181181181180095e-01,4.5536306736710905341e+00
2.1411411411411410133e-01,4.5175291887219941600e+00
2.1641641641641640170e-01,4.4816410364194947391e+00
2.1871871871871870208e-01,4.4459649174143383021e+00
2.2102102102102100245e-01,4.4104995434245211072e+00
2.2332332332332330282e-01,4.3752436340360985056e+00
2.2562562562562560320e-01,4.3401959099615483595e+00
2.2792792792792790357e-01,4.3053551091057382649e+00
2.3023023023023020395e-01,4.2707199624411638084e+00
2.3253253253253250432e-01,4.2362892246626122628e+00
2.3483483483483480470e-01,4.2020616390799583328e+00
2.3713713713713710507e-01,4.1680359749068109920e+00
2.3943943943943940544e-01,4.1342109903223080991e+00
2.4174174174174173357e-01,4.1005854667194654439e+00
2.4404404404404403395e-01,4.0671581792636963826e+00
2.4634634634634633432e-01,4.0339279200002557957e+00
2.4864864864864863470e-01,4.0008934821578341356e+00
2.5095095095095093507e-01,3.9680536678986628729e+00
2.5325325325325320769e-01,3.9354072886390674135e+00
2.5555555555555553582e-01,3.9029531569678641567e+00
2.5785785785785786395e-01,3.8706901017893096117e+00
2.6016016016016013657e-01,3.8386169471573468037e+00
2.6246246246246246470e-01,3.8067325380643852739e+00
2.6476476476476473731e-01,3.7750357116910122635e+00
2.6706706706706706544e-01,3.7435253271679491682e+00
2.6936936936936933806e-01,3.7122002367460029681e+00
2.7167167167167166619e-01,3.6810593118403533985e+00
2.7397397397397393881e-01,3.6501014212487286059e+00
2.7627627627627626694e-01,3.6193254475177836227e+00
2.7857857857857853956e-01,3.5887302766424449274e+00
2.8088088088088086769e-01,3.5583148019249746241e+00
2.8318318318318314031e-01,3.5280779264734878353e+00
2.8548548548548546844e-01,3.4980185546332531743e+00
2.8778778778778774106e-01,3.4681356059022112603e+00
2.9009009009009006919e-01,3.4384279965217161568e+00
2.9239239239239234180e-01,3.4088946611078849713e+00
2.9469469469469466993e-01,3.3795345291258107601e+00
2.9699699699699699806e-01,3.3503465486440413557e+00
2.9929929929929927068e-01,3.3213296638390423787e+00
3.0160160160160159881e-01,3.2924828347698107400e+00
3.0390390390390387143e-01,3.2638050213366631702e+00
3.0620620620620619956e-01,3.2352951947163841595e+00
3.0850850850850847218e-01,3.2069523308884466672e+00
3.1081081081081080031e-01,3.1787754118771620604e+00
3.1311311311311307293e-01,3.1507634295259703272e+00
3.1541541541541540106e-01,3.1229153769681388120e+00
3.1771771771771767368e-01,3.0952302612003563809e+00
3.2002002002002000181e-01,3.0677070871765392823e+00
3.2232232232232227442e-01,3.0403448759051419081e+00
3.2462462462462460255e-01,3.0131426452235077207e+00
3.2692692692692687517e-01,2.9860994287394047042e+00
3.2922922922922920330e-01,2.9592142582935574424e+00
3.3153153153153147592e-01,2.9324861789330518569e+00
3.3383383383383380405e-01,2.9059142371811876870e+00
3.3613613613613613218e-01,2.8794974888651241329e+00
3.3843843843843840480e-01,2.8532349953528681752e+00
3.4074074074074073293e-01,2.8271258230665363698e+00
3.4304304304304300555e-01,2.8011690479276571963e+00
3.4534534534534533368e-01,2.7753637471812031556e+00
3.4764764764764760629e-01,2.7497090106177468627e+00
3.4994994994994993442e-01,2.7242039268952695785e+00
3.5225225225225220704e-01,2.6988475986511235583e+00
3.5455455455455453517e-01,2.6736391268159906964e+00
3.5685685685685680779e-01,2.6485776256954256525e+00
3.5915915915915913592e-01,2.6236622093279002854e+00
3.6146146146146140854e-01,2.5988920027704685012e+00
3.6376376376376373667e-01,2.5742661336060228550e+00
3.6606606606606600929e-01,2.5497837371346987467e+00
3.6836836836836833742e-01,2.5254439545120286326e+00
3.7067067067067066555e-01,2.5012459311529733341e+00
3.7297297297297293817e-01,2.4771888214571995412e+00
3.7527527527527526630e-01,2.4532717811621806980e+00
3.7757757757757753891e-01,2.4294939772720045568e+00
3.7987987987987986704e-01,2.4058545763423908603e+00
3.8218218218218213966e-01,2.3823527570727156544e+00
3.8448448448448446779e-01,2.3589876975259769232e+00
3.8678678678678674041e-01,2.3357585871155182033e+00
3.8908908908908906854e-01,2.3126646160201107527e+00
3.9139139139139134116e-01,2.2897049836394032241e+00
3.9369369369369366929e-01,2.2668788925365093156e+00
3.9599599599599594191e-01,2.2441855517083304505e+00
3.9829829829829827004e-01,2.2216241760463568689e+00
4.0060060060060054266e-01,2.1991939840620866597e+00
4.0290290290290287079e-01,2.1768942026331283834e+00
4.0520520520520519892e-01,2.1547240599700456798e+00
4.0750750750750747153e-01,2.1326827943431072576e+00
4.0980980980980979966e-01,2.1107696440778611624e+00
4.1211211211211207228e-01,2.0889838580323369932e+00
4.1441441441441440041e-01,2.0673246851990745299e+00
4.1671671671671667303e-01,2.0457913842131651982e+00
4.1901901901901900116e-01,2.0243832151705585254e+00
4.2132132132132127378e-01,2.0030994459082527293e+00
4.2362362362362360191e-01,1.9819393477764284395e+00
4.2592592592592587453e-01,1.9609021975151721406e+00
4.2822822822822820266e-01,1.9399872776180173695e+00
4.3053053053053047527e-01,1.9191938736758620276e+00
4.3283283283283280340e-01,1.8985212789837253577e+00
4.3513513513513507602e-01,1.8779687881486315515e+00
4.3743743743743740415e-01,1.8575357047223925999e+00
4.3973973973973967677e-01,1.8372213326795296950e+00
4.4204204204204200490e-01,1.8170249851219639758e+00
4.4434434434434433303e-01,1.7969459758328114596e+00
4.4664664664664660565e-01,1.7769836267984349121e+00
4.4894894894894893378e-01,1.7571372619148670768e+00
4.5125125125125120640e-01,1.7374062115966912856e+00
4.5355355355355353453e-01,1.7177898099208934735e+00
4.5585585585585580715e-01,1.6982873954999258004e+00
4.5815815815815813528e-01,1.6788983124479250897e+00
4.6046046046046040789e-01,1.6596219075463189974e+00
4.6276276276276273602e-01,1.6404575346151053505e+00
4.6506506506506500864e-01,1.6214045487540431623e+00
4.6736736736736733677e-01,1.6024623129925232856e+00
4.6966966966966960939e-01,1.5836301910470444998e+00
4.7197197197197193752e-01,1.5649075545410136012e+00
4.7427427427427421014e-01,1.5462937761563080308e+00
4.7657657657657653827e-01,1.5277882355647496304e+00
4.7887887887887881089e-01,1.5093903146185119191e+00
4.8118118118118113902e-01,1.4910994006753306440e+00
4.8348348348348346715e-01,1.4729148847688871005e+00
4.8578578578578573977e-01,1.4548361617660310330e+00
4.8808808808808806790e-01,1.4368626317203967435e+00
4.9039039039039034051e-01,1.4189936969967591462e+00
4.9269269269269266864e-01,1.4012287663537519311e+00
4.9499499499499494126e-01,1.3835672497900570743e+00
4.9729729729729726939e-01,1.3660085643187360738e+00
4.9959959959959954201e-01,1.3485521278261587419e+00
5.0190190190190187014e-01,1.3311973650482102904e+00
5.0420420420420419827e-01,1.3139437020304047810e+00
5.0650650650650641538e-01,1.2967905707849423091e+00
5.0880880880880874351e-01,1.2797374056481747306e+00
5.1111111111111107164e-01,1.2627836456204328819e+00
5.1341341341341339977e-01,1.2459287333017270427e+00
5.1571571571571572790e-01,1.2291721145456375730e+00
5.1801801801801794500e-01,1.2125132400466536176e+00
5.2032032032032027313e-01,1.1959515625138539274e+00
5.2262262262262260126e-01,1.1794865404405312503e+00
5.2492492492492492939e-01,1.1631176335157606960e+00
5.2722722722722714650e-01,1.1468443076239367429e+00
5.2952952952952947463e-01,1.1306660296500372631e+00
5.3183183183183180276e-01,1.1145822724142686599e+00
5.3413413413413413089e-01,1.0985925102046458779e+00
5.3643643643643634800e-01,1.0826962224122131939e+00
5.3873873873873867613e-01,1.0668928908066213079e+00
5.4104104104104100426e-01,1.0511820011204686676e+00
5.4334334334334333239e-01,1.0355630425525008675e+00
5.4564564564564554949e-01,1.0200355070749673736e+00
5.4794794794794787762e-01,1.0045988911455727699e+00
5.5025025025025020575e-01,9.8925269298865603496e-01
5.5255255255255253388e-01,9.7399641604565878605e-01
5.5485485485485486201e-01,9.5882956490734172483e-01
5.5715715715715707912e-01,9.4375164963139446250e-01
5.5945945945945940725e-01,9.2876218135835908463e-01
5.6176176176176173538e-01,9.1386067637506174233e-01
5.6406406406406406351e-01,8.9904665252619520022e-01
5.6636636636636628062e-01,8.8431963202973162819e-01
5.6866866866866860875e-01,8.6967913947486719106e-01
5.7097097097097093688e-01,8.5512470282832386825e-01
5.7327327327327326500e-01,8.4065585335508452580e-01
5.7557557557557548211e-01,8.2627212469478994450e-01
5.7787787787787781024e-01,8.1197305462142377319e-01
5.8018018018018013837e-01,7.9775818246767482567e-01
5.8248248248248246650e-01,7.8362705226180395801e-01
5.8478478478478468361e-01,7.6957920913465138746e-01
5.8708708708708701174e-01,7.5561420303913195973e-01
5.8938938938938933987e-01,7.4173158505914227323e-01
5.9169169169169166800e-01,7.2793091074495586135e-01
5.9399399399399399613e-01,7.1421173724537700966e-01
5.9629629629629621324e-01,7.0057362546506840584e-01
5.9859859859859854136e-01,6.8701613863072708011e-01
6.0090090090090086949e-01,6.7353884285659382236e-01
6.0320320320320319762e-01,6.6014130736886689199e-01
6.0550550550550541473e-01,6.4682310343621096660e-01
6.0780780780780774286e-01,6.3358380612354703310e-01
6.1011011011011007099e-01,6.2042299187987381970e-01
6.1241241241241239912e-01,6.0734024137398168186e-01
6.1471471471471461623e-01,5.9433513633171086710e-01
6.1701701701701694436e-01,5.8140726273178477967e-01
6.1931931931931927249e-01,5.6855620770657100405e-01
6.2162162162162160062e-01,5.5578156226923347560e-01
6.2392392392392381772e-01,5.4308291903673155954e-01
6.2622622622622614585e-01,5.3045987385871862241e-01
6.2852852852852847398e-01,5.1791202483031861803e-01
6.3083083083083080211e-01,5.0543897252321046132e-01
6.3313313313313313024e-01,4.9304032042721701590e-01
6.3543543543543534735e-01,4.8071567379744217785e-01
6.3773773773773767548e-01,4.6846464136524773592e-01
6.4004004004004000361e-01,4.5628683309934237045e-01
6.4234234234234233174e-01,4.4418186275660936913e-01
6.4464464464464454885e-01,4.3214934510774749565e-01
6.4694694694694687698e-01,4.2018889867485731404e-01
6.4924924924924920511e-01,4.0830014313767060141e-01
6.5155155155155153324e-01,3.9648270155242698598e-01
6.5385385385385375034e-01,3.8473619855960777825e-01
6.5615615615615607847e-01,3.7306026158849459051e-01
6.5845845845845840660e-01,3.6145452022019997074e-01
6.6076076076076073473e-01,3.4991860616698394759e-01
6.6306306306306295184e-01,3.3845215386515015155e-01
6.6536536536536527997e-01,3.2705479928456154814e-01
6.6766766766766760810e-01,3.1572618157202381184e-01
6.6996996996996993623e-01,3.0446594098842305609e-01
6.7227227227227226436e-01,2.9327372119276040596e-01
6.7457457457457448147e-01,2.8214916681758861472e-01
6.7687687687687680960e-01,2.7109192580548491236e-01
6.7917917917917913773e-01,2.6010164724718753959e-01
6.8148148148148146586e-01,2.4917798317555017729e-01
6.8378378378378368296e-01,2.3832058717108151047e-01
6.8608608608608601109e-01,2.2752911522594190807e-01
6.8838838838838833922e-01,2.1680322538084212391e-01
6.9069069069069066735e-01,2.0614257751696343779e-01
6.9299299299299288446e-01,1.9554683404991660134e-01
6.9529529529529521259e-01,1.8501565873501737980e-01
6.9759759759759754072e-01,1.7454871822678982851e-01
6.9989989989989986885e-01,1.6414568019022432455e-01
7.0220220220220219698e-01,1.5380621533699351255e-01
7.0450450450450441409e-01,1.4352999531492691143e-01
7.0680680680680674222e-01,1.3331669469376872250e-01
7.0910910910910907035e-01,1.2316598917235219157e-01
7.1141141141141139848e-01,1.1307755701724302166e-01
7.1371371371371361558e-01,1.0305107799472600083e-01
7.1601601601601594371e-01,9.3086233961885714305e-02
7.1831831831831827184e-01,8.3182708716550521344e-02
7.2062062062062059997e-01,7.3340187652097960092e-02
7.2292292292292281708e-01,6.3558358514173809994e-02
7.2522522522522514521e-01,5.3836910225916551065e-02
7.2752752752752747334e-01,4.4175534353476285376e-02
7.2982982982982980147e-01,3.4573923386478189190e-02
7.3213213213213201858e-01,2.5031772545525254187e-02
7.3443443443443434671e-01,1.5548777952428564572e-02
7.3673673673673667484e-01,6.1246383100516431711e-03
7.3903903903903900297e-01,-3.2409465755367304445e-03
7.4134134134134133109e-01,-1.2548274653434120934e-02
7.4364364364364354820e-01,-2.1797642428226904343e-02
7.4594594594594587633e-01,-3.0989344587017034205e-02
7.4824824824824820446e-01,-4.0123673985003618925e-02
7.5055055055055053259e-01,-4.9200922088412632482e-02
7.5285285285285274970e-01,-5.8221378184248745447e-02
7.5515515515515507783e-01,-6.7185330517783969917e-02
7.5745745745745740596e-01,-7.6093064926695139216e-02
7.5975975975975973409e-01,-8.4944866398209958880e-02
7.6206206206206195120e-01,-9.3741017471662343996e-02
7.6436436436436427933e-01,-1.0248179981800989435e-01
7.6666666666666660745e-01,-1.1116749282629384554e-01
7.6896896896896893558e-01,-1.1979837481286564893e-01
7.7127127127127115269e-01,-1.2837472212792191972e-01
7.7357357357357348082e-01,-1.3689680973663448382e-01
7.7587587587587580895e-01,-1.4536491101973197937e-01
7.7817817817817813708e-01,-1.5377929763356204540e-01
7.8048048048048046521e-01,-1.6214024001984803092e-01
7.8278278278278268232e-01,-1.7044800660418374383e-01
7.8508508508508501045e-01,-1.7870286488398795521e-01
7.8738738738738733858e-01,-1.8690508016486367948e-01
7.8968968968968966671e-01,-1.9505491696320900741e-01
7.9199199199199188381e-01,-2.0315263760108290270e-01
7.9429429429429421194e-01,-2.1119850356315633677e-01
7.9659659659659654007e-01,-2.1919277431462011463e-01
7.9889889889889886820e-01,-2.2713570828158924364e-01
8.0120120120120108531e-01,-2.3502756216473524864e-01
8.0350350350350341344e-01,-2.4286859134139732186e-01
8.0580580580580574157e-01,-2.5065904980338055141e-01
8.0810810810810806970e-01,-2.5839918992279981014e-01
8.1041041041041039783e-01,-2.6608926300438118240e-01
8.1271271271271261494e-01,-2.7372951848961379895e-01
8.1501501501501494307e-01,-2.8132020498678089737e-01
8.1731731731731727120e-01,-2.8886156910982074830e-01
8.1961961961961959933e-01,-2.9635385673483927160e-01
8.2192192192192181643e-01,-3.0379731177057828218e-01
8.2422422422422414456e-01,-3.1119217731775705715e-01
8.2652652652652647269e-01,-3.1853869468780565688e-01
8.2882882882882880082e-01,-3.2583710418856526303e-01
8.3113113113113101793e-01,-3.3308764461044121363e-01
8.3343343343343334606e-01,-3.4029055348284914517e-01
8.3573573573573567419e-01,-3.4744606711949571620e-01
8.3803803803803800232e-01,-3.5455442031527073521e-01
8.4034034034034021943e-01,-3.6161584692199177926e-01
8.4264264264264254756e-01,-3.6863057907103052857e-01
8.4494494494494487569e-01,-3.7559884813991717412e-01
8.4724724724724720382e-01,-3.8252088369238679277e-01
8.4954954954954953195e-01,-3.8939691459754510738e-01
8.5185185185185174905e-01,-3.9622716796029505693e-01
8.5415415415415407718e-01,-4.0301187010558597867e-01
8.5645645645645640531e-01,-4.0975124577105265233e-01
8.5875875875875873344e-01,-4.1644551872742008314e-01
8.6106106106106095055e-01,-4.2309491140791927188e-01
8.6336336336336327868e-01,-4.2969964504686913864e-01
8.6566566566566560681e-01,-4.3625993980802785233e-01
8.6796796796796793494e-01,-4.4277601443287156746e-01
8.7027027027027015205e-01,-4.4924808682478295507e-01
8.7257257257257248018e-01,-4.5567637329968507798e-01
8.7487487487487480831e-01,-4.6206108948590046692e-01
8.7717717717717713644e-01,-4.6840244936271319132e-01
8.7947947947947935354e-01,-4.7470066625125117987e-01
8.8178178178178168167e-01,-4.8095595189003409464e-01
8.8408408408408400980e-01,-4.8716851726444987403e-01
8.8638638638638633793e-01,-4.9333857194973645965e-01
8.8868868868868866606e-01,-4.9946632459139583826e-01
8.9099099099099088317e-01,-5.0555198265312895067e-01
8.9329329329329321130e-01,-5.1159575246082744648e-01
8.9559559559559553943e-01,-5.1759783939392056684e-01
8.9789789789789786756e-01,-5.2355844750153734957e-01
9.0020020020020008467e-01,-5.2947778008344414946e-01
9.0250250250250241280e-01,-5.3535603897568140308e-01
9.0480480480480474093e-01,-5.4119342538218462302e-01
9.0710710710710706906e-01,-5.4699013900806814359e-01
9.0940940940940928616e-01,-5.5274637893175038172e-01
9.1171171171171161429e-01,-5.5846234281127149490e-01
9.1401401401401394242e-01,-5.6413822757754217285e-01
9.1631631631631627055e-01,-5.6977422890681972412e-01
9.1861861861861848766e-01,-5.7537054158294365092e-01
9.2092092092092081579e-01,-5.8092735934274630782e-01
9.2322322322322314392e-01,-5.8644487484487450857e-01
9.2552552552552547205e-01,-5.9192327990758319967e-01
9.2782782782782780018e-01,-5.9736276510604979784e-01
9.3013013013013001729e-01,-6.0276352034087132825e-01
9.3243243243243234541e-01,-6.0812573416379633873e-01
9.3473473473473467354e-01,-6.1344959454073166860e-01
9.3703703703703700167e-01,-6.1873528807548194841e-01
9.3933933933933921878e-01,-6.2398300077250823392e-01
9.4164164164164154691e-01,-6.2919291736063021059e-01
9.4394394394394387504e-01,-6.3436522186679977775e-01
9.4624624624624620317e-01,-6.3950009719978895273e-01
9.4854854854854842028e-01,-6.4459772541314752647e-01
9.5085085085085074841e-01,-6.4965828763020816439e-01
9.5315315315315307654e-01,-6.5468196395410260813e-01
9.5545545545545540467e-01,-6.5966893373840418402e-01
9.5775775775775762177e-01,-6.6461937517627689420e-01
9.6006006006005994990e-01,-6.6953346584961470622e-01
9.6236236236236227803e-01,-6.7441138209818285443e-01
9.6466466466466460616e-01,-6.7925329971481118729e-01
9.6696696696696693429e-01,-6.8405939325467624013e-01
9.6926926926926915140e-01,-6.8882983669794073389e-01
9.7157157157157147953e-01,-6.9356480287823740749e-01
9.7387387387387380766e-01,-6.9826446395202490525e-01
9.7617617617617613579e-01,-7.0292899107738382458e-01
9.7847847847847835290e-01,-7.0755855459394934037e-01
9.8078078078078068103e-01,-7.1215332401227748882e-01
9.8308308308308300916e-01,-7.1671346787870549022e-01
9.8538538538538533729e-01,-7.2123915406758998259e-01
9.8768768768768755439e-01,-7.2573054937091507899e-01
9.8998998998998988252e-01,-7.3018782002266924280e-01
9.9229229229229221065e-01,-7.3461113111368758766e-01
9.9459459459459453878e-01,-7.3900064722043301568e-01
9.9689689689689686691e-01,-7.4335653179485905451e-01
9.9919919919919908402e-01,-7.4767894773580834133e-01
1.0015015015015014122e+00,-7.5196805691066848087e-01
1.0038038038038037403e+00,-7.5622402053393056320e-01
1.0061061061061060684e+00,-7.6044699892691636212e-01
1.0084084084084083965e+00,-7.6463715162885992349e-01
1.0107107107107107247e+00,-7.6879463743765086292e-01
1.0130130130130128308e+00,-7.7291961424106292444e-01
1.0153153153153151589e+00,-7.7701223932143992368e-01
1.0176176176176174870e+00,-7.8107266895250804239e-01
1.0199199199199198151e+00,-7.8510105889520387379e-01
1.0222222222222221433e+00,-7.8909756385915430510e-01
1.0245245245245244714e+00,-7.9306233806725301427e-01
1.0268268268268267995e+00,-7.9699553472074180505e-01
1.0291291291291291277e+00,-8.0089730648790979917e-01
1.0314314314314314558e+00,-8.0476780510813550329e-01
1.0337337337337335619e+00,-8.0860718169179690573e-01
1.0360360360360358900e+00,-8.1241558654846834919e-01
1.0383383383383382181e+00,-8.1619316924130735913e-01
1.0406406406406405463e+00,-8.1994007866811302598e-01
1.0429429429429428744e+00,-8.2365646286851446067e-01
1.0452452452452452025e+00,-8.2734246933351995867e-01
1.0475475475475475307e+00,-8.3099824461497684425e-01
1.0498498498498498588e+00,-8.3462393479002783270e-01
1.0521521521521519649e+00,-8.3821968496947130145e-01
1.0544544544544542930e+00,-8.4178563980093767949e-01
1.0567567567567566211e+00,-8.4532194300369800644e-01
1.0590590590590589493e+00,-8.4882873778287049049e-01
1.0613613613613612774e+00,-8.5230616650598700623e-01
1.0636636636636636055e+00,-8.5575437093521267151e-01
1.0659659659659659336e+00,-8.5917349211305449330e-01
1.0682682682682682618e+00,-8.6256367037066838943e-01
1.0705705705705705899e+00,-8.6592504543983483956e-01
1.0728728728728726960e+00,-8.6925775624415291265e-01
1.0751751751751750241e+00,-8.7256194120742769371e-01
1.0774774774774773523e+00,-8.7583773787982999171e-01
1.0797797797797796804e+00,-8.7908528336935110037e-01
1.0820820820820820085e+00,-8.8230471389624898215e-01
1.0843843843843843366e+00,-8.8549616523826524261e-01
1.0866866866866866648e+00,-8.8865977232935911001e-01
1.0889889889889889929e+00,-8.9179566960725642488e-01
1.0912912912912910990e+00,-8.9490399075343962654e-01
1.0935935935935934271e+00,-8.9798486886740136459e-01
1.0958958958958957552e+00,-9.0103843640024883221e-01
1.0981981981981980834e+00,-9.0406482512599917190e-01
1.1005005005005004115e+00,-9.0706416627648756013e-01
1.1028028028028027396e+00,-9.1003659032321360112e-01
1.1051051051051050678e+00,-9.1298222727960820500e-01
1.1074074074074073959e+00,-9.1590120634706984060e-01
1.1097097097097097240e+00,-9.1879365631231879608e-01
1.1120120120120118301e+00,-9.2165970514684103509e-01
1.1143143143143141582e+00,-9.2449948039774920705e-01
1.1166166166166164864e+00,-9.2731310884484441370e-01
1.1189189189189188145e+00,-9.3010071678886774293e-01
1.1212212212212211426e+00,-9.3286242984668554801e-01
1.1235235235235234708e+00,-9.3559837307630866476e-01
1.1258258258258257989e+00,-9.3830867094997372213e-01
1.1281281281281281270e+00,-9.4099344729632794504e-01
1.1304304304304302331e+00,-9.4365282545153161831e-01
1.1327327327327325612e+00,-9.4628692803728042815e-01
1.1350350350350348894e+00,-9.4889587725313628841e-01
1.1373373373373372175e+00,-9.5147979454463738058e-01
1.1396396396396395456e+00,-9.5403880096636062280e-01
1.1419419419419418738e+00,-9.5657301682456896685e-01
1.1442442442442442019e+00,-9.5908256201770714089e-01
1.1465465465465465300e+00,-9.6156755574610297543e-01
1.1488488488488488581e+00,-9.6402811674786603735e-01
1.1511511511511509642e+00,-9.6646436314171113580e-01
1.1534534534534532924e+00,-9.6887641251044953616e-01
1.1557557557557556205e+00,-9.7126438190618880064e-01
1.1580580580580579486e+00,-9.7362838777010241031e-01
1.1603603603603602767e+00,-9.7596854609405203629e-01
1.1626626626626626049e+00,-9.7828497219925503181e-01
1.1649649649649649330e+00,-9.8057778101564385675e-01
1.1672672672672672611e+00,-9.8284708677359478024e-01
1.1695695695695693672e+00,-9.8509300333281291095e-01
1.1718718718718716953e+00,-9.8731564386627190810e-01
1.1741741741741740235e+00,-9.8951512115413997606e-01
1.1764764764764763516e+00,-9.9169154734085673830e-01
1.1787787787787786797e+00,-9.9384503412501157271e-01
1.1810810810810810079e+00,-9.9597569264307439507e-01
1.1833833833833833360e+00,-9.9808363351823981002e-01
1.1856856856856856641e+00,-1.0001689668913369413e+00
1.1879879879879879923e+00,-1.0022318023240077700e+00
1.1902902902902900983e+00,-1.0042722489660962371e+00
1.1925925925925924265e+00,-1.0062904153386438288e+00
1.1948948948948947546e+00,-1.0082864095980397234e+00
1.1971971971971970827e+00,-1.0102603392522406800e+00
1.1994994994994994109e+00,-1.0122123114562837642e+00
1.2018018018018017390e+00,-1.0141424327351415968e+00
1.2041041041041040671e+00,-1.0160508092351621112e+00
1.2064064064064063952e+00,-1.0179375465233140297e+00
1.2087087087087085013e+00,-1.0198027497370156791e+00
1.2110110110110108295e+00,-1.0216465235026215286e+00
1.2133133133133131576e+00,-1.0234689719556850918e+00
1.2156156156156154857e+00,-1.0252701987920262994e+00
1.2179179179179178139e+00,-1.0270503071591725597e+00
1.2202202202202201420e+00,-1.0288093998256286898e+00
1.2225225225225224701e+00,-1.0305475789710119017e+00
1.2248248248248247982e+00,-1.0322649464334072711e+00
1.2271271271271271264e+00,-1.0339616034503225084e+00
1.2294294294294292325e+00,-1.0356376509220410753e+00
1.2317317317317315606e+00,-1.0372931891707612984e+00
1.2340340340340338887e+00,-1.0389283181534629819e+00
1.2363363363363362168e+00,-1.0405431372985014526e+00
1.2386386386386385450e+00,-1.0421377456207181478e+00
1.2409409409409408731e+00,-1.0437122416692339311e+00
1.2432432432432432012e+00,-1.0452667235244001986e+00
1.2455455455455455294e+00,-1.0468012888642188596e+00
1.2478478478478476354e+00,-1.0483160348482325475e+00
1.2501501501501499636e+00,-1.0498110582854001116e+00
1.2524524524524522917e+00,-1.0512864554337288947e+00
1.2547547547547546198e+00,-1.0527423222297107586e+00
1.2570570570570569480e+00,-1.0541787540539271362e+00
1.2593593593593592761e+00,-1.0555958459637946323e+00
1.2616616616616616042e+00,-1.0569936924862288752e+00
1.2639639639639639324e+00,-1.0583723877958408632e+00
1.2662662662662662605e+00,-1.0597320255843474257e+00
1.2685685685685683666e+00,-1.0610726991459176194e+00
1.2708708708708706947e+00,-1.0623945013493862888e+00
1.2731731731731730228e+00,-1.0636975246165965014e+00
1.2754754754754753510e+00,-1.0649818610000576502e+00
1.2777777777777776791e+00,-1.0662476020627484896e+00
1.2800800800800800072e+00,-1.0674948390420504474e+00
1.2823823823823823354e+00,-1.0687236626605041145e+00
1.2846846846846846635e+00,-1.0699341633367935867e+00
1.2869869869869867696e+00,-1.0711264309753809609e+00
1.2892892892892890977e+00,-1.0723005551705422356e+00
1.2915915915915914258e+00,-1.0734566250296049272e+00
1.2938938938938937540e+00,-1.0745947293202473549e+00
1.2961961961961960821e+00,-1.0757149563684706983e+00
1.2984984984984984102e+00,-1.0768173941186125475e+00
1.3008008008008007383e+00,-1.0779021301256404008e+00
1.3031031031031030665e+00,-1.0789692515189048816e+00
1.3054054054054053946e+00,-1.0800188450875256585e+00
1.3077077077077075007e+00,-1.0810509971589665756e+00
1.3100100100100098288e+00,-1.0820657937569297946e+00
1.3123123123123121569e+00,-1.0830633204244901613e+00
1.3146146146146144851e+00,-1.0840436624163083401e+00
1.3169169169169168132e+00,-1.0850069045115529054e+00
1.3192192192192191413e+00,-1.0859531311910710638e+00
1.3215215215215214695e+00,-1.0868824264884318076e+00
1.3238238238238237976e+00,-1.0877948741098111274e+00
1.3261261261261259037e+00,-1.0886905573567058347e+00
1.3284284284284282318e+00,-1.0895695591646257228e+00
1.3307307307307305599e+00,-1.0904319621116549399e+00
1.3330330330330328881e+00,-1.0912778483711709221e+00
1.3353353353353352162e+00,-1.0921072998019698552e+00
1.3376376376376375443e+00,-1.0929203978280330745e+00
1.3399399399399398725e+00,-1.0937172235887813176e+00
1.3422422422422422006e+00,-1.0944978577754265192e+00
1.3445445445445445287e+00,-1.0952623808045438558e+00
1.3468468468468466348e+00,-1.0960108726532191703e+00
1.3491491491491489629e+00,-1.0967434130114868118e+00
1.3514514514514512911e+00,-1.0974600811583103965e+00
1.3537537537537536192e+00,-1.0981609560574527862e+00
1.3560560560560559473e+00,-1.0988461163013529820e+00
1.3583583583583582755e+00,-1.0995156401320869133e+00
1.3606606606606606036e+00,-1.1001696054628451460e+00
1.3629629629629629317e+00,-1.1008080898226140221e+00
1.3652652652652652598e+00,-1.1014311704485908461e+00
1.3675675675675673659e+00,-1.1020389241689934057e+00
1.3698698698698696941e+00,-1.1026314275445534552e+00
1.3721721721721720222e+00,-1.1032087567184460930e+00
1.3744744744744743503e+00,-1.1037709875716854580e+00
1.3767767767767766784e+00,-1.1043181955791765425e+00
1.3790790790790790066e+00,-1.1048504559395293523e+00
1.3813813813813813347e+00,-1.1053678434732570057e+00
1.3836836836836836628e+00,-1.1058704326976978027e+00
1.3859859859859857689e+00,-1.1063582977888442027e+00
1.3882882882882880970e+00,-1.1068315125877188354e+00
1.3905905905905904252e+00,-1.1072901506318368892e+00
1.3928928928928927533e+00,-1.1077342850944151831e+00
1.3951951951951950814e+00,-1.1081639888769692082e+00
1.3974974974974974096e+00,-1.1085793344967200813e+00
1.3997997997997997377e+00,-1.1089803942183917851e+00
1.4021021021021020658e+00,-1.1093672399179517196e+00
1.4044044044044043940e+00,-1.1097399432204315683e+00
1.4067067067067065000e+00,-1.1100985753755412411e+00
1.4090090090090088282e+00,-1.1104432073669650016e+00
1.4113113113113111563e+00,-1.1107739098302276126e+00
1.4136136136136134844e+00,-1.1110907531095470802e+00
1.4159159159159158126e+00,-1.1113938072347266939e+00
1.4182182182182181407e+00,-1.1116831419157864325e+00
1.4205205205205204688e+00,-1.1119588265818802775e+00
1.4228228228228227970e+00,-1.1122209303172427841e+00
1.4251251251251249030e+00,-1.1124695219522944267e+00
1.4274274274274272312e+00,-1.1127046699568106103e+00
1.4297297297297295593e+00,-1.1129264425615494893e+00
1.4320320320320318874e+00,-1.1131349076356031880e+00
1.4343343343343342156e+00,-1.1133301328076163905e+00
1.4366366366366365437e+00,-1.1135121853593441532e+00
1.4389389389389388718e+00,-1.1136811323165922705e+00
1.4412412412412411999e+00,-1.1138370403842656753e+00
1.4435435435435435281e+00,-1.1139799759878039609e+00
1.4458458458458456342e+00,-1.1141100052625270145e+00
1.4481481481481479623e+00,-1.1142271940389811835e+00
1.4504504504504502904e+00,-1.1143316078871592367e+00
1.4527527527527526185e+00,-1.1144233120509667856e+00
1.4550550550550549467e+00,-1.1145023715365331984e+00
1.4573573573573572748e+00,-1.1145688510119353687e+00
1.4596596596596596029e+00,-1.1146228149184100875e+00
1.4619619619619619311e+00,-1.1146643273609266878e+00
1.4642642642642640372e+00,-1.1146934522138229884e+00
1.4665665665665663653e+00,-1.1147102530307164692e+00
1.4688688688688686934e+00,-1.1147147931190752868e+00
1.4711711711711710215e+00,-1.1147071354901969542e+00
1.4734734734734733497e+00,-1.1146873428875634371e+00
1.4757757757757756778e+00,-1.1146554777863288965e+00
1.4780780780780780059e+00,-1.1146116023715189058e+00
1.4803803803803803341e+00,-1.1145557785856639033e+00
1.4826826826826826622e+00,-1.1144880680633220127e+00
1.4849849849849847683e+00,-1.1144085322154497764e+00
1.4872872872872870964e+00,-1.1143172321363952193e+00
1.4895895895895894245e+00,-1.1142142287045380122e+00
1.4918918918918917527e+00,-1.1140995824856880780e+00
1.4941941941941940808e+00,-1.1139733538242104771e+00
1.4964964964964964089e+00,-1.1138356027677491777e+00
1.4987987987987987371e+00,-1.1136863891273729443e+00
1.5011011011011010652e+00,-1.1135257724403990753e+00
1.5034034034034031713e+00,-1.1133538119878398920e+00
1.5057057057057054994e+00,-1.1131705668020004385e+00
1.5080080080080078275e+00,-1.1129760956394141314e+00
1.5103103103103101557e+00,-1.1127704570303393883e+00
1.5126126126126124838e+00,-1.1125537092145736384e+00
1.5149149149149148119e+00,-1.1123259102211189298e+00
1.5172172172172171400e+00,-1.1120871177827729159e+00
1.5195195195195194682e+00,-1.1118373894263808843e+00
1.5218218218218217963e+00,-1.1115767823883644372e+00
1.5241241241241239024e+00,-1.1113053536925594500e+00
1.5264264264264262305e+00,-1.1110231600881415037e+00
1.5287287287287285587e+00,-1.1107302580972102657e+00
1.5310310310310308868e+00,-1.1104267039885127311e+00
1.5333333333333332149e+00,-1.1101125537859120040e+00
1.5356356356356355430e+00,-1.1097878632823088285e+00
1.5379379379379378712e+00,-1.1094526880088904086e+00
1.5402402402402401993e+00,-1.1091070832852247818e+00
1.5425425425425423054e+00,-1.1087511041572899462e+00
1.5448448448448446335e+00,-1.1083848054719114273e+00
1.5471471471471469616e+00,-1.1080082417990462229e+00
1.5494494494494492898e+00,-1.1076214675119833153e+00
1.5517517517517516179e+00,-1.1072245367142017347e+00
1.5540540540540539460e+00,-1.1068175033051117495e+00
1.5563563563563562742e+00,-1.1064004209296705028e+00
1.5586586586586586023e+00,-1.1059733430150699984e+00
1.5609609609609609304e+00,-1.1055363227536210147e+00
1.5632632632632630365e+00,-1.1050894131039221691e+00
1.5655655655655653646e+00,-1.1046326668095376444e+00
1.5678678678678676928e+00,-1.1041661363659149853e+00
1.5701701701701700209e+00,-1.1036898740699494503e+00
1.5724724724724723490e+00,-1.1032039319610522643e+00
1.5747747747747746772e+00,-1.1027083618898638750e+00
1.5770770770770770053e+00,-1.1022032154483389910e+00
1.5793793793793793334e+00,-1.1016885440402721663e+00
1.5816816816816814395e+00,-1.1011643988187154175e+00
1.5839839839839837676e+00,-1.1006308307408052549e+00
1.5862862862862860958e+00,-1.1000878905276736397e+00
1.5885885885885884239e+00,-1.0995356286918129829e+00
1.5908908908908907520e+00,-1.0989740955275610901e+00
1.5931931931931930801e+00,-1.0984033411065079466e+00
1.5954954954954954083e+00,-1.0978234152995844930e+00
1.5977977977977977364e+00,-1.0972343677428137987e+00
1.6001001001001000645e+00,-1.0966362478855029572e+00
1.6024024024024021706e+00,-1.0960291049349142334e+00
1.6047047047047044988e+00,-1.0954129879190814822e+00
1.6070070070070068269e+00,-1.0947879456245013241e+00
1.6093093093093091550e+00,-1.0941540266575950913e+00
1.6116116116116114831e+00,-1.0935112793917336482e+00
1.6139139139139138113e+00,-1.0928597520123761733e+00
1.6162162162162161394e+00,-1.0921994924858977605e+00
1.6185185185185184675e+00,-1.0915305485790798290e+00
1.6208208208208207957e+00,-1.0908529678557858933e+00
1.6231231231231229017e+00,-1.0901667976679185745e+00
1.6254254254254252299e+00,-1.0894720851797878858e+00
1.6277277277277275580e+00,-1.0887688773336148262e+00
1.6300300300300298861e+00,-1.0880572208957017821e+00
1.6323323323323322143e+00,-1.0873371624050722772e+00
1.6346346346346345424e+00,-1.0866087482303552481e+00
1.6369369369369368705e+00,-1.0858720245147728267e+00
1.6392392392392391987e+00,-1.0851270372292094457e+00
1.6415415415415413047e+00,-1.0843738321278804104e+00
1.6438438438438436329e+00,-1.0836124547849297350e+00
1.6461461461461459610e+00,-1.0828429505709020741e+00
1.6484484484484482891e+00,-1.0820653646656321900e+00
1.6507507507507506173e+00,-1.0812797420598663223e+00
1.6530530530530529454e+00,-1.0804861275428849776e+00
1.6553553553553552735e+00,-1.0796845657281728403e+00
1.6576576576576576016e+00,-1.0788751010194383984e+00
1.6599599599599599298e+00,-1.0780577776542012991e+00
1.6622622622622620359e+00,-1.0772326396567017959e+00
1.6645645645645643640e+00,-1.0763997308887933713e+00
1.6668668668668666921e+00,-1.0755590950019717766e+00
1.6691691691691690203e+00,-1.0747107754826008552e+00
1.6714714714714713484e+00,-1.0738548156154108515e+00
1.6737737737737736765e+00,-1.0729912585125875868e+00
1.6760760760760760046e+00,-1.0721201470967804958e+00
1.6783783783783783328e+00,-1.0712415241085671003e+00
1.6806806806806804389e+00,-1.0703554321119308490e+00
1.6829829829829827670e+00,-1.0694619134795726456e+00
1.6852852852852850951e+00,-1.0685610104190508274e+00
1.6875875875875874232e+00,-1.0676527649399885078e+00
1.6898898898898897514e+00,-1.0667372188946830924e+00
1.6921921921921920795e+00,-1.0658144139354470692e+00
1.6944944944944944076e+00,-1.0648843915596770682e+00
1.6967967967967967358e+00,-1.0639471930684891721e+00
1.6990990990990990639e+00,-1.0630028596048544109e+00
1.7014014014014011700e+00,-1.0620514321239944433e+00
1.7037037037037034981e+00,-1.0610929514160167830e+00
1.7060060060060058262e+00,-1.0601274580943829129e+00
1.7083083083083081544e+00,-1.0591549925989980352e+00
1.7106106106106104825e+00,-1.0581755952045885927e+00
1.7129129129129128106e+00,-1.0571893060045294277e+00
1.7152152152152151388e+00,-1.0561961649368107885e+00
1.7175175175175174669e+00,-1.0551962117528772556e+00
1.7198198198198195730e+00,-1.0541894860550493629e+00
1.7221221221221219011e+00,-1.0531760272582644244e+00
1.7244244244244242292e+00,-1.0521558746296173492e+00
1.7267267267267265574e+00,-1.0511290672530684276e+00
1.7290290290290288855e+00,-1.0500956440612372322e+00
1.7313313313313312136e+00,-1.0490556438118077143e+00
1.7336336336336335417e+00,-1.0480091051046753758e+00
1.7359359359359358699e+00,-1.0469560663749113427e+00
1.7382382382382381980e+00,-1.0458965658923946584e+00
1.7405405405405403041e+00,-1.0448306417722768025e+00
1.7428428428428426322e+00,-1.0437583319579930574e+00
1.7451451451451449604e+00,-1.0426796742465367362e+00
1.7474474474474472885e+00,-1.0415947062592538774e+00
1.7497497497497496166e+00,-1.0405034654759164336e+00
1.7520520520520519447e+00,-1.0394059892007951884e+00
1.7543543543543542729e+00,-1.0383023145969407786e+00
1.7566566566566566010e+00,-1.0371924786564674648e+00
1.7589589589589587071e+00,-1.0360765182266480355e+00
1.7612612612612610352e+00,-1.0349544699915544932e+00
1.7635635635635633633e+00,-1.0338263704845247482e+00
1.7658658658658656915e+00,-1.0326922560847862087e+00
1.7681681681681680196e+00,-1.0315521630144144360e+00
1.7704704704704703477e+00,-1.0304061273501503582e+00
1.7727727727727726759e+00,-1.0292541850062402187e+00
1.7750750750750750040e+00,-1.0280963717585220873e+00
1.7773773773773773321e+00,-1.0269327232175364806e+00
1.7796796796796794382e+00,-1.0257632748591303251e+00
1.7819819819819817663e+00,-1.0245880619947915768e+00
1.7842842842842840945e+00,-1.0234071198010030734e+00
1.7865865865865864226e+00,-1.0222204832946060193e+00
1.7888888888888887507e+00,-1.0210281873538786801e+00
1.7911911911911910789e+00,-1.0198302667046663661e+00
1.7934934934934934070e+00,-1.0186267559289836626e+00
1.7957957957957957351e+00,-1.0174176894645361457e+00
1.7980980980980978412e+00,-1.0162031015997328165e+00
1.8004004004004001693e+00,-1.0149830264862669260e+00
1.8027027027027024975e+00,-1.0137574981222519099e+00
1.8050050050050048256e+00,-1.0125265503748286378e+00
1.8073073073073071537e+00,-1.0112902169557200782e+00
1.8096096096096094819e+00,-1.0100485314484175525e+00
1.8119119119119118100e+00,-1.0088015272825390234e+00
1.8142142142142141381e+00,-1.0075492377586896531e+00
1.8165165165165164662e+00,-1.0062916960283239121e+00
1.8188188188188185723e+00,-1.0050289351104892965e+00
1.8211211211211209005e+00,-1.0037609878817261855e+00
1.8234234234234232286e+00,-1.0024878870815252530e+00
1.8257257257257255567e+00,-1.0012096653140787339e+00
1.8280280280280278848e+00,-9.9992635504193727591e-01
1.8303303303303302130e+00,-9.9863798859887775716e-01
1.8326326326326325411e+00,-9.9734459817368947832e-01
1.8349349349349348692e+00,-9.9604621583109331784e-01
1.8372372372372369753e+00,-9.9474287348980017232e-01
1.8395395395395393034e+00,-9.9343460294638630259e-01
1.8418418418418416316e+00,-9.9212143585340217822e-01
1.8441441441441439597e+00,-9.9080340374018316396e-01
1.8464464464464462878e+00,-9.8948053799664603680e-01
1.8487487487487486160e+00,-9.8815286988632577980e-01
1.8510510510510509441e+00,-9.8682043053939660915e-01
1.8533533533533532722e+00,-9.8548325095559075049e-01
1.8556556556556556004e+00,-9.8414136200759905204e-01
1.8579579579579577064e+00,-9.8279479443386397186e-01
1.8602602602602600346e+00,-9.8144357885130972807e-01
1.8625625625625623627e+00,-9.8008774574007651026e-01
1.8648648648648646908e+00,-9.7872732546255336583e-01
1.8671671671671670190e+00,-9.7736234824398771082e-01
1.8694694694694693471e+00,-9.7599284419312115624e-01
1.8717717717717716752e+00,-9.7461884328381753750e-01
1.8740740740740740033e+00,-9.7324037537215923876e-01
1.8763763763763761094e+00,-9.7185747018372792283e-01
1.8786786786786784376e+00,-9.7047015732344210637e-01
1.8809809809809807657e+00,-9.6907846627115690197e-01
1.8832832832832830938e+00,-9.6768242638261992017e-01
1.8855855855855854220e+00,-9.6628206689400797380e-01
1.8878878878878877501e+00,-9.6487741691433592806e-01
1.8901901901901900782e+00,-9.6346850543769291253e-01
1.8924924924924924063e+00,-9.6205536132919822201e-01
1.8947947947947947345e+00,-9.6063801334203491322e-01
1.8970970970970968406e+00,-9.5921649010060727747e-01
1.8993993993993991687e+00,-9.5779082011812299857e-01
1.9017017017017014968e+00,-9.5636103178144238335e-01
1.9040040040040038249e+00,-9.5492715336490707756e-01
1.9063063063063061531e+00,-9.5348921302060685168e-01
1.9086086086086084812e+00,-9.5204723878557595551e-01
1.9109109109109108093e+00,-9.5060125857943611472e-01
1.9132132132132131375e+00,-9.4915130020389004706e-01
1.9155155155155152435e+00,-9.4769739134796471269e-01
1.9178178178178175717e+00,-9.4623955958038130643e-01
1.9201201201201198998e+00,-9.4477783236105805642e-01
1.9224224224224222279e+00,-9.4331223702841793255e-01
1.9247247247247245561e+00,-9.4184280081441784649e-01
1.9270270270270268842e+00,-9.4036955083013273882e-01
1.9293293293293292123e+00,-9.3889251408053786552e-01
1.9316316316316315405e+00,-9.3741171745221874012e-01
1.9339339339339338686e+00,-9.3592718772437533126e-01
1.9362362362362359747e+00,-9.3443895156159095805e-01
1.9385385385385383028e+00,-9.3294703551888191750e-01
1.9408408408408406309e+00,-9.3145146604091666465e-01
1.9431431431431429591e+00,-9.2995226946046916083e-01
1.9454454454454452872e+00,-9.2844947200401695131e-01
1.9477477477477476153e+00,-9.2694309978434408226e-01
1.9500500500500499435e+00,-9.2543317881113662526e-01
1.9523523523523522716e+00,-9.2391973497971646712e-01
1.9546546546546545997e+00,-9.2240279408410497108e-01
1.9569569569569567058e+00,-9.2088238180487880236e-01
1.9592592592592590339e+00,-9.1935852372142645716e-01
1.9615615615615613621e+00,-9.1783124530215853820e-01
1.9638638638638636902e+00,-9.1630057191309288722e-01
1.9661661661661660183e+00,-9.1476652881268905038e-01
1.9684684684684683464e+00,-9.1322914115516373723e-01
1.9707707707707706746e+00,-9.1168843399087728940e-01
1.9730730730730730027e+00,-9.1014443226409458276e-01
1.9753753753753751088e+00,-9.0859716081862773596e-01
1.9776776776776774369e+00,-9.0704664439089666139e-01
1.9799799799799797650e+00,-9.0549290761944689621e-01
1.9822822822822820932e+00,-9.0393597503518219316e-01
1.9845845845845844213e+00,-9.0237587107245387230e-01
1.9868868868868867494e+00,-9.0081262005909423785e-01
1.9891891891891890776e+00,-8.9924624622630555670e-01
1.9914914914914914057e+00,-8.9767677370111975677e-01
1.9937937937937937338e+00,-8.9610422651287935381e-01
1.9960960960960958399e+00,-8.9452862858979187433e-01
1.9983983983983981680e+00,-8.9295000376089772587e-01
2.0007007007007007182e+00,-8.9136837575727623229e-01
2.0030030030030028243e+00,-8.8978376820945936920e-01
2.0053053053053049304e+00,-8.8819620465284876420e-01
2.0076076076076074806e+00,-8.8660570852146181053e-01
2.0099099099099095866e+00,-8.8501230315625745160e-01
2.0122122122122121368e+00,-8.8341601179691009449e-01
2.0145145145145142429e+00,-8.8181685759101235966e-01
2.0168168168168167931e+00,-8.8021486358611855660e-01
2.0191191191191188992e+00,-8.7861005273755687917e-01
2.0214214214214214493e+00,-8.7700244790280257323e-01
2.0237237237237235554e+00,-8.7539207184624057145e-01
2.0260260260260256615e+00,-8.7377894723706250879e-01
2.0283283283283282117e+00,-8.7216309665024460696e-01
2.0306306306306303178e+00,-8.7054454256826085956e-01
2.0329329329329328679e+00,-8.6892330737840373089e-01
2.0352352352352349740e+00,-8.6729941337779592470e-01
2.0375375375375375242e+00,-8.6567288276792753177e-01
2.0398398398398396303e+00,-8.6404373766176645333e-01
2.0421421421421421805e+00,-8.6241200007701479535e-01
2.0444444444444442865e+00,-8.6077769194357101057e-01
2.0467467467467463926e+00,-8.5914083509736305366e-01
2.0490490490490489428e+00,-8.5750145128636667824e-01
2.0513513513513510489e+00,-8.5585956216657699258e-01
2.0536536536536535991e+00,-8.5421518930538009595e-01
2.0559559559559557052e+00,-8.5256835418047516306e-01
2.0582582582582582553e+00,-8.5091907818015966036e-01
2.0605605605605603614e+00,-8.4926738260529277547e-01
2.0628628628628629116e+00,-8.4761328866672924764e-01
2.0651651651651650177e+00,-8.4595681748978601711e-01
2.0674674674674671238e+00,-8.4429799010964168282e-01
2.0697697697697696739e+00,-8.4263682747723778199e-01
2.0720720720720717800e+00,-8.4097335045393473152e-01
2.0743743743743743302e+00,-8.3930757981739634310e-01
2.0766766766766764363e+00,-8.3763953625698528427e-01
2.0789789789789789864e+00,-8.3596924037826580989e-01
2.0812812812812810925e+00,-8.3429671270027161434e-01
2.0835835835835831986e+00,-8.3262197365778778391e-01
2.0858858858858857488e+00,-8.3094504360100929219e-01
2.0881881881881878549e+00,-8.2926594279537502175e-01
2.0904904904904904051e+00,-8.2758469142356350101e-01
2.0927927927927925111e+00,-8.2590130958319596388e-01
2.0950950950950950613e+00,-8.2421581729063209121e-01
2.0973973973973971674e+00,-8.2252823447728884432e-01
2.0996996996996997176e+00,-8.2083858099431505906e-01
2.1020020020020018237e+00,-8.1914687660858842566e-01
2.1043043043043039297e+00,-8.1745314100712351824e-01
2.1066066066066064799e+00,-8.1575739379386214001e-01
2.1089089089089085860e+00,-8.1405965449284689583e-01
2.1112112112112111362e+00,-8.1235994254655785607e-01
2.1135135135135132423e+00,-8.1065827731734119155e-01
2.1158158158158157924e+00,-8.0895467808756438277e-01
2.1181181181181178985e+00,-8.0724916405924684870e-01
2.1204204204204204487e+00,-8.0554175435588659671e-01
2.1227227227227225548e+00,-8.0383246802061836256e-01
2.1250250250250246609e+00,-8.0212132401923086356e-01
2.1273273273273272110e+00,-8.0040834123746895656e-01
2.1296296296296293171e+00,-7.9869353848451218880e-01
2.1319319319319318673e+00,-7.9697693449023088164e-01
2.1342342342342339734e+00,-7.9525854790828998109e-01
2.1365365365365365236e+00,-7.9353839731413144953e-01
2.1388388388388386296e+00,-7.9181650120707669505e-01
2.1411411411411411798e+00,-7.9009287800948357905e-01
2.1434434434434432859e+00,-7.8836754606757997177e-01
2.1457457457457453920e+00,-7.8664052365189385263e-01
2.1480480480480479422e+00,-7.8491182895686950616e-01
2.1503503503503500482e+00,-7.8318148010238775036e-01
2.1526526526526525984e+00,-7.8144949513246242390e-01
2.1549549549549547045e+00,-7.7971589201745450382e-01
2.1572572572572572547e+00,-7.7798068865232661295e-01
2.1595595595595593608e+00,-7.7624390285901490039e-01
2.1618618618618614668e+00,-7.7450555238480245368e-01
2.1641641641641640170e+00,-7.7276565490430781935e-01
2.1664664664664661231e+00,-7.7102422801844372469e-01
2.1687687687687686733e+00,-7.6928128925567729191e-01
2.1710710710710707794e+00,-7.6753685607178256944e-01
2.1733733733733733295e+00,-7.6579094585028928410e-01
2.1756756756756754356e+00,-7.6404357590300842062e-01
2.1779779779779779858e+00,-7.6229476346977820267e-01
2.1802802802802800919e+00,-7.6054452571957564810e-01
2.1825825825825821980e+00,-7.5879287974981046716e-01
2.1848848848848847481e+00,-7.5703984258772771820e-01
2.1871871871871868542e+00,-7.5528543118957147673e-01
2.1894894894894894044e+00,-7.5352966244194963252e-01
2.1917917917917915105e+00,-7.5177255316117841399e-01
2.1940940940940940607e+00,-7.5001412009434031969e-01
2.1963963963963961668e+00,-7.4825437991901189161e-01
2.1986986986986987169e+00,-7.4649334924389809665e-01
2.2010010010010008230e+00,-7.4473104460897487922e-01
2.2033033033033029291e+00,-7.4296748248573962758e-01
2.2056056056056054793e+00,-7.4120267927767302663e-01
2.2079079079079075854e+00,-7.3943665132024249953e-01
2.2102102102102101355e+00,-7.3766941488152604212e-01
2.2125125125125122416e+00,-7.3590098616212562543e-01
2.2148148148148147918e+00,-7.3413138129577382163e-01
2.2171171171171168979e+00,-7.3236061634933768971e-01
2.2194194194194194480e+00,-7.3058870732329517228e-01
2.2217217217217215541e+00,-7.2881567015188419845e-01
2.2240240240240236602e+00,-7.2704152070330807511e-01
2.2263263263263262104e+00,-7.2526627478010785577e-01
2.2286286286286283165e+00,-7.2348994811959133067e-01
2.2309309309309308667e+00,-7.2171255639413012251e-01
2.2332332332332329727e+00,-7.1993411521050254542e-01
2.2355355355355355229e+00,-7.1815464010996299393e-01
2.2378378378378376290e+00,-7.1637414657129960815e-01
2.2401401401401397351e+00,-7.1459265001286054186e-01
2.2424424424424422853e+00,-7.1281016578523170857e-01
2.2447447447447443913e+00,-7.1102670915992849388e-01
2.2470470470470469415e+00,-7.0924229535235872035e-01
2.2493493493493490476e+00,-7.0745693957053767953e-01
2.2516516516516515978e+00,-7.0567065695960673466e-01
2.2539539539539537039e+00,-7.0388346241130794745e-01
2.2562562562562562540e+00,-7.0209537068097860324e-01
2.2585585585585583601e+00,-7.0030639706261377242e-01
2.2608608608608604662e+00,-6.9851655728145711777e-01
2.2631631631631630164e+00,-6.9672586526166435661e-01
2.2654654654654651225e+00,-6.9493433245296765133e-01
2.2677677677677676726e+00,-6.9314197474854688519e-01
2.2700700700700697787e+00,-6.9134881832304140303e-01
2.2723723723723723289e+00,-6.8955487946605409366e-01
2.2746746746746744350e+00,-6.8776013366573252039e-01
2.2769769769769769852e+00,-6.8596457129557830701e-01
2.2792792792792790912e+00,-6.8416833045708813632e-01
2.2815815815815811973e+00,-6.8237155876638488916e-01
2.2838838838838837475e+00,-6.8057390767466374726e-01
2.2861861861861858536e+00,-6.7877479959650999231e-01
2.2884884884884884038e+00,-6.7697519954939888720e-01
2.2907907907907905098e+00,-6.7517747206981115760e-01
2.2930930930930930600e+00,-6.7337959173209205321e-01
2.2953953953953951661e+00,-6.7157288618041621753e-01
2.2976976976976977163e+00,-6.6975977379208795348e-01
2.2999999999999998224e+00,-6.6797068825693473038e-01
