0.0000000000000000000e+00,7.3381993352353333537e-02
2.3023023023023021089e-03,-5.9464865442461799907e-09
4.6046046046046042177e-03,1.0028459360295563594e-08
6.9069069069069063266e-03,3.7868725144764079786e-08
9.2092092092092084354e-03,8.8751200839464240671e-08
1.1511511511511510544e-02,1.6929351337184583663e-07
1.3813813813813812653e-02,2.8856440127349647100e-07
1.6116116116116116497e-02,4.5451639016003253234e-07
1.8418418418418416871e-02,6.7491636660464299224e-07
2.0720720720720717245e-02,9.5756530584719238124e-07
2.3023023023023021089e-02,1.3095874749747892439e-06
2.5325325325325324932e-02,1.7389394419300021699e-06
2.7627627627627625306e-02,2.2525059146363187770e-06
2.9929929929929925680e-02,2.8581924810750455833e-06
3.2232232232232232993e-02,3.5627924935072170794e-06
3.4534534534534533368e-02,4.3740360016915367660e-06
3.6836836836836833742e-02,5.2987476081671531532e-06
3.9139139139139134116e-02,6.3443976208628741862e-06
4.1441441441441434490e-02,7.5178907240455020481e-06
4.3743743743743741803e-02,8.8264186711091321117e-06
4.6046046046046042177e-02,1.0276965972197748148e-05
4.8348348348348342551e-02,1.1876466916369323704e-05
5.0650650650650649864e-02,1.3631954833356904155e-05
5.2952952952952950239e-02,1.5550150351129362047e-05
5.5255255255255250613e-02,1.7638087414559629619e-05
5.7557557557557550987e-02,1.9902329969674922405e-05
5.9859859859859851361e-02,2.2349854514507929288e-05
6.2162162162162158674e-02,2.4987132396750921185e-05
6.4464464464464465987e-02,2.7821023310061007721e-05
6.6766766766766766361e-02,3.0857962289415726204e-05
6.9069069069069066735e-02,3.4104649470902931676e-05
7.1371371371371367109e-02,3.7567514613419146898e-05
7.3673673673673667484e-02,4.1253083280966222472e-05
7.5975975975975967858e-02,4.5167786771209227472e-05
7.8278278278278268232e-02,4.9317981853072155769e-05
8.0580580580580568606e-02,5.3710090575849574396e-05
8.2882882882882868980e-02,5.8350321485137646334e-05
8.5185185185185183232e-02,6.3245064064936171709e-05
8.7487487487487483606e-02,6.8400409716300351946e-05
8.9789789789789783980e-02,7.3822683311425859980e-05
9.2092092092092084354e-02,7.9517897092432353367e-05
9.4394394394394384729e-02,8.5492276686332483327e-05
9.6696696696696685103e-02,9.1751788696761975728e-05
9.8998998998998985477e-02,9.8302534975242296107e-05
1.0130130130130129973e-01,1.0515045544142958655e-04
1.0360360360360360010e-01,1.1230151950171346508e-04
1.0590590590590590048e-01,1.1976164513131729841e-04
1.0820820820820820085e-01,1.2753667317580636483e-04
1.1051051051051050123e-01,1.3563249329858227199e-04
1.1281281281281280160e-01,1.4405483138398247791e-04
1.1511511511511510197e-01,1.5280953382780656461e-04
1.1741741741741740235e-01,1.6190223262673464366e-04
1.1971971971971970272e-01,1.7133870960912660469e-04
1.2202202202202201697e-01,1.8112452889734574233e-04
1.2432432432432431735e-01,1.9126538486373189990e-04
1.2662662662662660384e-01,2.0176679583228468115e-04
1.2892892892892893197e-01,2.1263435348637483918e-04
1.3123123123123123235e-01,2.2387354261235156488e-04
1.3353353353353353272e-01,2.3548984729373636051e-04
1.3583583583583583310e-01,2.4748872165032779211e-04
1.3813813813813813347e-01,2.5987554566790865927e-04
1.4044044044044043384e-01,2.7265573804267993329e-04
1.4274274274274273422e-01,2.8583458496928503510e-04
1.4504504504504503459e-01,2.9941745880071807609e-04
1.4734734734734733497e-01,3.1340956772445827247e-04
1.4964964964964963534e-01,3.2781622223453571246e-04
1.5195195195195193572e-01,3.4264257157661881601e-04
1.5425425425425423609e-01,3.5789384828909583808e-04
1.5655655655655653646e-01,3.7357515802065159073e-04
1.5885885885885883684e-01,3.8969164547470477953e-04
1.6116116116116113721e-01,4.0624838091200425388e-04
1.6346346346346343759e-01,4.2325041853185637686e-04
1.6576576576576573796e-01,4.4070279477344633835e-04
1.6806806806806806609e-01,4.5861047667352527893e-04
1.7037037037037036646e-01,4.7697846287995943190e-04
1.7267267267267266684e-01,4.9581164161184305538e-04
1.7497497497497496721e-01,5.1511496514752982360e-04
1.7727727727727726759e-01,5.3489325537661171987e-04
1.7957957957957956796e-01,5.5515140629856731154e-04
1.8188188188188186833e-01,5.7589418793210366172e-04
1.8418418418418416871e-01,5.9712642431166145125e-04
1.8648648648648646908e-01,6.1885284459058478336e-04
1.8878878878878876946e-01,6.4107819627198803225e-04
1.9109109109109106983e-01,6.6380717323846402927e-04
1.9339339339339337021e-01,6.8704444517162475969e-04
1.9569569569569567058e-01,7.1079467136440487723e-04
1.9799799799799797095e-01,7.3506244687776231030e-04
2.0030030030030027133e-01,7.5985239291388728677e-04
2.0260260260260259946e-01,7.8516903691921817454e-04
2.0490490490490489983e-01,8.1101695496179032445e-04
2.0720720720720720021e-01,8.3740061707785710000e-04
2.0950950950950950058e-01,8.6432454476954227555e-04
2.1181181181181180095e-01,8.9179316182165567582e-04
2.1411411411411410133e-01,9.1981092656097200849e-04
2.1641641641641640170e-01,9.4838222455731382553e-04
2.1871871871871870208e-01,9.7751144654519808892e-04
2.2102102102102100245e-01,1.0072029437137644797e-03
2.2332332332332330282e-01,1.0374610387941746257e-03
2.2562562562562560320e-01,1.0682900486707874038e-03
2.2792792792792790357e-01,1.0996942311139116643e-03
2.3023023023023020395e-01,1.1316778655320633255e-03
2.3253253253253250432e-01,1.1642451507428573827e-03
2.3483483483483480470e-01,1.1974003227487801156e-03
2.3713713713713710507e-01,1.2311475299078065808e-03
2.3943943943943940544e-01,1.2654909572062740704e-03
2.4174174174174173357e-01,1.3004347112345678202e-03
2.4404404404404403395e-01,1.3359829195855310851e-03
2.4634634634634633432e-01,1.3721396530058868612e-03
2.4864864864864863470e-01,1.4089089787337953467e-03
2.5095095095095093507e-01,1.4462949342832235808e-03
2.5325325325325320769e-01,1.4843015266921978212e-03
2.5555555555555553582e-01,1.5229327599050300219e-03
2.5785785785785786395e-01,1.5621925836302738913e-03
2.6016016016016013657e-01,1.6020849653400391719e-03
2.6246246246246246470e-01,1.6426138026398261465e-03
2.6476476476476473731e-01,1.6837830214548139482e-03
2.6706706706706706544e-01,1.7255964744187395673e-03
2.6936936936936933806e-01,1.7680580397275850232e-03
2.7167167167167166619e-01,1.8111715318388302287e-03
2.7397397397397393881e-01,1.8549407764991349742e-03
2.7627627627627626694e-01,1.8993695543733379611e-03
2.7857857857857853956e-01,1.9444616368101911436e-03
2.8088088088088086769e-01,1.9902207724195120422e-03
2.8318318318318314031e-01,2.0366506786766319127e-03
2.8548548548548546844e-01,2.0837550715284060970e-03
2.8778778778778774106e-01,2.1315376172681473749e-03
2.9009009009009006919e-01,2.1800019965149122422e-03
2.9239239239239234180e-01,2.2291518289629772172e-03
2.9469469469469466993e-01,2.2789907555275292633e-03
2.9699699699699699806e-01,2.3295223553022811891e-03
2.9929929929929927068e-01,2.3807502244782645894e-03
3.0160160160160159881e-01,2.4326779068705502856e-03
3.0390390390390387143e-01,2.4853089504752595706e-03
3.0620620620620619956e-01,2.5386468670696147633e-03
3.0850850850850847218e-01,2.5926951552257327706e-03
3.1081081081081080031e-01,2.6474572957862901879e-03
3.1311311311311307293e-01,2.7029367386586641495e-03
3.1541541541541540106e-01,2.7591369329742717643e-03
3.1771771771771767368e-01,2.8160612824876421305e-03
3.2002002002002000181e-01,2.8737132021784380156e-03
3.2232232232232227442e-01,2.9320960536932663340e-03
3.2462462462462460255e-01,2.9912132140800691549e-03
3.2692692692692687517e-01,3.0510680079041956232e-03
3.2922922922922920330e-01,3.1116637702286930808e-03
3.3153153153153147592e-01,3.1730037926925884137e-03
3.3383383383383380405e-01,3.2350913658536015888e-03
3.3613613613613613218e-01,3.2979297508122246835e-03
3.3843843843843840480e-01,3.3615221929151509021e-03
3.4074074074074073293e-01,3.4258719233792108046e-03
3.4304304304304300555e-01,3.4909821432436319126e-03
3.4534534534534533368e-01,3.5568560529607561732e-03
3.4764764764764760629e-01,3.6234968115886807306e-03
3.4994994994994993442e-01,3.6909075865846178999e-03
3.5225225225225220704e-01,3.7590914986034237345e-03
3.5455455455455453517e-01,3.8280516788570112530e-03
3.5685685685685680779e-01,3.8977912137828489049e-03
3.5915915915915913592e-01,3.9683131951284214556e-03
3.6146146146146140854e-01,4.0396206783520861514e-03
3.6376376376376373667e-01,4.1117167139280881571e-03
3.6606606606606600929e-01,4.1846043280731335182e-03
3.6836836836836833742e-01,4.2582865296581220646e-03
3.7067067067067066555e-01,4.3327663159850446015e-03
3.7297297297297293817e-01,4.4080466553081485565e-03
3.7527527527527526630e-01,4.4841305150959114706e-03
3.7757757757757753891e-01,4.5610208251368631813e-03
3.7987987987987986704e-01,4.6387205210478175618e-03
3.8218218218218213966e-01,4.7172324973131845791e-03
3.8448448448448446779e-01,4.7965596549183909386e-03
3.8678678678678674041e-01,4.8767048564909466768e-03
3.8908908908908906854e-01,4.9576709658666123434e-03
3.9139139139139134116e-01,5.0394608163228833686e-03
3.9369369369369366929e-01,5.1220772332834455659e-03
3.9599599599599594191e-01,5.2055230219283810805e-03
3.9829829829829827004e-01,5.2898009692166425913e-03
4.0060060060060054266e-01,5.3749138523349077740e-03
4.0290290290290287079e-01,5.4608644208003027584e-03
4.0520520520520519892e-01,5.5476554228852427431e-03
4.0750750750750747153e-01,5.6352895726380523508e-03
4.0980980980980979966e-01,5.7237695876013253149e-03
4.1211211211211207228e-01,5.8130981491332179775e-03
4.1441441441441440041e-01,5.9032779416962844962e-03
4.1671671671671667303e-01,5.9943116167693851273e-03
4.1901901901901900116e-01,6.0862018238130805373e-03
4.2132132132132127378e-01,6.1789511863604403355e-03
4.2362362362362360191e-01,6.2725623180257712719e-03
4.2592592592592587453e-01,6.3670378152845376676e-03
4.2822822822822820266e-01,6.4623802560483277133e-03
4.3053053053053047527e-01,6.5585922096795465364e-03
4.3283283283283280340e-01,6.6556762194105107203e-03
4.3513513513513507602e-01,6.7536348265984083236e-03
4.3743743743743740415e-01,6.8524705415942601533e-03
4.3973973973973967677e-01,6.9521858761403551932e-03
4.4204204204204200490e-01,7.0527833101283309708e-03
4.4434434434434433303e-01,7.1542653237331166327e-03
4.4664664664664660565e-01,7.2566343686610882899e-03
4.4894894894894893378e-01,7.3598928920894680916e-03
4.5125125125125120640e-01,7.4640433190174661562e-03
4.5355355355355353453e-01,7.5690880630953109517e-03
4.5585585585585580715e-01,7.6750295232277821605e-03
4.5815815815815813528e-01,7.7818700798194546248e-03
4.6046046046046040789e-01,7.8896121055226781094e-03
4.6276276276276273602e-01,7.9982579484956829730e-03
4.6506506506506500864e-01,8.1078099542964566365e-03
4.6736736736736733677e-01,8.2182704404685710808e-03
4.6966966966966960939e-01,8.3296417240714248215e-03
4.7197197197197193752e-01,8.4419260941199711357e-03
4.7427427427427421014e-01,8.5551258375870884582e-03
4.7657657657657653827e-01,8.6692432167792717046e-03
4.7887887887887881089e-01,8.7842804875503666118e-03
4.8118118118118113902e-01,8.9002398866166038127e-03
4.8348348348348346715e-01,9.0171236384237896805e-03
4.8578578578578573977e-01,9.1349339545081613412e-03
4.8808808808808806790e-01,9.2536730282803750236e-03
4.9039039039039034051e-01,9.3733430458779447986e-03
4.9269269269269266864e-01,9.4939461706338278829e-03
4.9499499499499494126e-01,9.6154845625142683352e-03
4.9729729729729726939e-01,9.7379603562440485154e-03
4.9959959959959954201e-01,9.8613756844127941487e-03
5.0190190190190187014e-01,9.9857326549082168349e-03
5.0420420420420419827e-01,1.0111033371686693749e-02
5.0650650650650641538e-01,1.0237279917239962973e-02
5.0880880880880874351e-01,1.0364474366174981218e-02
5.1111111111111107164e-01,1.0492618776426633487e-02
5.1341341341341339977e-01,1.0621715193144923989e-02
5.1571571571571572790e-01,1.0751765649969833097e-02
5.1801801801801794500e-01,1.0882772163023872805e-02
5.2032032032032027313e-01,1.1014736741405311074e-02
5.2262262262262260126e-01,1.1147661373111360933e-02
5.2492492492492492939e-01,1.1281548042006674798e-02
5.2722722722722714650e-01,1.1416398709275060036e-02
5.2952952952952947463e-01,1.1552215332534469805e-02
5.3183183183183180276e-01,1.1688999847632322235e-02
5.3413413413413413089e-01,1.1826754184980105972e-02
5.3643643643643634800e-01,1.1965480256218716942e-02
5.3873873873873867613e-01,1.2105179964085660896e-02
5.4104104104104100426e-01,1.2245855196639501491e-02
5.4334334334334333239e-01,1.2387507828968085874e-02
5.4564564564564554949e-01,1.2530139725705408127e-02
5.4794794794794787762e-01,1.2673752734749070548e-02
5.5025025025025020575e-01,1.2818348697056768451e-02
5.5255255255255253388e-01,1.2963929434172431418e-02
5.5485485485485486201e-01,1.3110496762774048046e-02
5.5715715715715707912e-01,1.3258052479209034638e-02
5.5945945945945940725e-01,1.3406598375047240265e-02
5.6176176176176173538e-01,1.3556136222650146464e-02
5.6406406406406406351e-01,1.3706667787779151443e-02
5.6636636636636628062e-01,1.3858194819687526950e-02
5.6866866866866860875e-01,1.4010719058051577038e-02
5.7097097097097093688e-01,1.4164242229475879770e-02
5.7327327327327326500e-01,1.4318766047671838831e-02
5.7557557557557548211e-01,1.4474292216681870077e-02
5.7787787787787781024e-01,1.4630822424717847621e-02
5.8018018018018013837e-01,1.4788358353022295136e-02
5.8248248248248246650e-01,1.4946901665071909288e-02
5.8478478478478468361e-01,1.5106454018798509686e-02
5.8708708708708701174e-01,1.5267017053947879932e-02
5.8938938938938933987e-01,1.5428592404487382478e-02
5.9169169169169166800e-01,1.5591181687407699302e-02
5.9399399399399399613e-01,1.5754786512231708229e-02
5.9629629629629621324e-01,1.5919408473870317461e-02
5.9859859859859854136e-01,1.6085049157272567066e-02
6.0090090090090086949e-01,1.6251710135606341201e-02
6.0320320320320319762e-01,1.6419392969430773171e-02
6.0550550550550541473e-01,1.6588099210211679907e-02
6.0780780780780774286e-01,1.6757830394573302452e-02
6.1011011011011007099e-01,1.6928588052068253844e-02
6.1241241241241239912e-01,1.7100373696071560076e-02
6.1471471471471461623e-01,1.7273188833806851772e-02
6.1701701701701694436e-01,1.7447034956254717925e-02
6.1931931931931927249e-01,1.7621913547817710799e-02
6.2162162162162160062e-01,1.7797826077855512933e-02
6.2392392392392381772e-01,1.7974774007649376578e-02
6.2622622622622614585e-01,1.8152758785450612278e-02
6.2852852852852847398e-01,1.8331781849401863199e-02
6.3083083083083080211e-01,1.8511844626895007648e-02
6.3313313313313313024e-01,1.8692948533159753355e-02
6.3543543543543534735e-01,1.8875094974746899762e-02
6.3773773773773767548e-01,1.9058285344404929385e-02
6.4004004004004000361e-01,1.9242521027667401634e-02
6.4234234234234233174e-01,1.9427803395405410236e-02
6.4464464464464454885e-01,1.9614133811813923985e-02
6.4694694694694687698e-01,1.9801513626595851347e-02
6.4924924924924920511e-01,1.9989944182263408301e-02
6.5155155155155153324e-01,2.0179426807952382389e-02
6.5385385385385375034e-01,2.0369962824334331836e-02
6.5615615615615607847e-01,2.0561553540363850662e-02
6.5845845845845840660e-01,2.0754200254933310998e-02
6.6076076076076073473e-01,2.0947904256998866462e-02
6.6306306306306295184e-01,2.1142666823920942820e-02
6.6536536536536527997e-01,2.1338489224669163896e-02
6.6766766766766760810e-01,2.1535372715472754501e-02
6.6996996996996993623e-01,2.1733318545187455678e-02
6.7227227227227226436e-01,2.1932327949435632269e-02
6.7457457457457448147e-01,2.2132402156730422715e-02
6.7687687687687680960e-01,2.2333542382660127174e-02
6.7917917917917913773e-01,2.2535749835182014578e-02
6.8148148148148146586e-01,2.2739025710307260442e-02
6.8378378378378368296e-01,2.2943371195388601730e-02
6.8608608608608601109e-01,2.3148787467146998698e-02
6.8838838838838833922e-01,2.3355275692446466479e-02
6.9069069069069066735e-01,2.3562837028854172194e-02
6.9299299299299288446e-01,2.3771472622996284857e-02
6.9529529529529521259e-01,2.3981183613301211566e-02
6.9759759759759754072e-01,2.4191971126515353363e-02
6.9989989989989986885e-01,2.4403836281847848810e-02
7.0220220220220219698e-01,2.4616780186606321973e-02
7.0450450450450441409e-01,2.4830803940644515654e-02
7.0680680680680674222e-01,2.5045908632282253004e-02
7.0910910910910907035e-01,2.5262095341924705599e-02
7.1141141141141139848e-01,2.5479365139250462202e-02
7.1371371371371361558e-01,2.5697719085251220089e-02
7.1601601601601594371e-01,2.5917158231179023009e-02
7.1831831831831827184e-01,2.6137683618761942822e-02
7.2062062062062059997e-01,2.6359296280931698853e-02
7.2292292292292281708e-01,2.6581997240393652471e-02
7.2522522522522514521e-01,2.6805787511784816973e-02
7.2752752752752747334e-01,2.7030668099098081186e-02
7.2982982982982980147e-01,2.7256639998643274886e-02
7.3213213213213201858e-01,2.7483704196056498587e-02
7.3443443443443434671e-01,2.7711861669266986408e-02
7.3673673673673667484e-01,2.7941113385891593046e-02
7.3903903903903900297e-01,2.8171460305478724512e-02
7.4134134134134133109e-01,2.8402903377877715407e-02
7.4364364364364354820e-01,2.8635443544351827511e-02
7.4594594594594587633e-01,2.8869081737147011396e-02
7.4824824824824820446e-01,2.9103818879414881243e-02
7.5055055055055053259e-01,2.9339655885895394444e-02
7.5285285285285274970e-01,2.9576593661856543510e-02
7.5515515515515507783e-01,2.9814633104583512097e-02
7.5745745745745740596e-01,3.0053775101723086138e-02
7.5975975975975973409e-01,3.0294020533123702799e-02
7.6206206206206195120e-01,3.0535370269083445677e-02
7.6436436436436427933e-01,3.0777825172035318257e-02
7.6666666666666660745e-01,3.1021386095167177710e-02
7.6896896896896893558e-01,3.1266053883568650784e-02
7.7127127127127115269e-01,3.1511829373494081030e-02
7.7357357357357348082e-01,3.1758713392823996469e-02
7.7587587587587580895e-01,3.2006706761002694239e-02
7.7817817817817813708e-01,3.2255810288878854208e-02
7.8048048048048046521e-01,3.2506024779176884154e-02
7.8278278278278268232e-01,3.2757351025914233089e-02
7.8508508508508501045e-01,3.3009789815169367222e-02
7.8738738738738733858e-01,3.3263341924337136435e-02
7.8968968968968966671e-01,3.3518008122924651537e-02
7.9199199199199188381e-01,3.3773789171901769102e-02
7.9429429429429421194e-01,3.4030685824300105358e-02
7.9659659659659654007e-01,3.4288698824828031664e-02
7.9889889889889886820e-01,3.4547828910175618078e-02
8.0120120120120108531e-01,3.4808076808917516598e-02
8.0350350350350341344e-01,3.5069443241563032221e-02
8.0580580580580574157e-01,3.5331928920652518056e-02
8.0810810810810806970e-01,3.5595534550685294095e-02
8.1041041041041039783e-01,3.5860260828256898535e-02
8.1271271271271261494e-01,3.6126108442024046363e-02
8.1501501501501494307e-01,3.6393078072736444184e-02
8.1731731731731727120e-01,3.6661170393358664954e-02
8.1961961961961959933e-01,3.6930386068916909448e-02
8.2192192192192181643e-01,3.7200725756804046973e-02
8.2422422422422414456e-01,3.7472190106475115889e-02
8.2652652652652647269e-01,3.7744779759846296130e-02
8.2882882882882880082e-01,3.8018495350971973079e-02
8.3113113113113101793e-01,3.8293337506375368928e-02
8.3343343343343334606e-01,3.8569306844884194974e-02
8.3573573573573567419e-01,3.8846403977716242872e-02
8.3803803803803800232e-01,3.9124629508634496677e-02
8.4034034034034021943e-01,3.9403984033656844210e-02
8.4264264264264254756e-01,3.9684468141618592374e-02
8.4494494494494487569e-01,3.9966082413474011970e-02
8.4724724724724720382e-01,4.0248827423229729949e-02
8.4954954954954953195e-01,4.0532703736952842288e-02
8.5185185185185174905e-01,4.0817711913879804742e-02
8.5415415415415407718e-01,4.1103852505389969207e-02
8.5645645645645640531e-01,4.1391126055991496469e-02
8.5875875875875873344e-01,4.1679533102569422953e-02
8.6106106106106095055e-01,4.1969074174954691669e-02
8.6336336336336327868e-01,4.2259749795710607745e-02
8.6566566566566560681e-01,4.2551560480069014480e-02
8.6796796796796793494e-01,4.2844506736411304415e-02
8.7027027027027015205e-01,4.3138589065486183938e-02
8.7257257257257248018e-01,4.3433807961587939106e-02
8.7487487487487480831e-01,4.3730163911148443867e-02
8.7717717717717713644e-01,4.4027657394413943770e-02
8.7947947947947935354e-01,4.4326288883717264444e-02
8.8178178178178168167e-01,4.4626058845254952534e-02
8.8408408408408400980e-01,4.4926967737499254318e-02
8.8638638638638633793e-01,4.5229016012602353547e-02
8.8868868868868866606e-01,4.5532204115388018317e-02
8.9099099099099088317e-01,4.5836532484002989740e-02
8.9329329329329321130e-01,4.6142001549794080251e-02
8.9559559559559553943e-01,4.6448611736986847309e-02
8.9789789789789786756e-01,4.6756363463571155858e-02
9.0020020020020008467e-01,4.7065257139992204560e-02
9.0250250250250241280e-01,4.7375293170940531440e-02
9.0480480480480474093e-01,4.7686471953283064706e-02
9.0710710710710706906e-01,4.7998793878395770718e-02
9.0940940940940928616e-01,4.8312259329822193621e-02
9.1171171171171161429e-01,4.8626868685570277806e-02
9.1401401401401394242e-01,4.8942622316119004100e-02
9.1631631631631627055e-01,4.9259520586081025073e-02
9.1861861861861848766e-01,4.9577563853084351264e-02
9.2092092092092081579e-01,4.9896752468370747513e-02
9.2322322322322314392e-01,5.0217086776872504883e-02
9.2552552552552547205e-01,5.0538567116546924407e-02
9.2782782782782780018e-01,5.0861193819718583664e-02
9.3013013013013001729e-01,5.1184967211218242167e-02
9.3243243243243234541e-01,5.1509887610774254818e-02
9.3473473473473467354e-01,5.1835955330326553836e-02
9.3703703703703700167e-01,5.2163170676939887849e-02
9.3933933933933921878e-01,5.2491533949957820682e-02
9.4164164164164154691e-01,5.2821045443694376875e-02
9.4394394394394387504e-01,5.3151705445175084774e-02
9.4624624624624620317e-01,5.3483514235921965352e-02
9.4854854854854842028e-01,5.3816472090856902477e-02
9.5085085085085074841e-01,5.4150579278736010735e-02
9.5315315315315307654e-01,5.4485836062519291123e-02
9.5545545545545540467e-01,5.4822242698300015229e-02
9.5775775775775762177e-01,5.5159799437136253220e-02
9.6006006006005994990e-01,5.5498506522642369887e-02
9.6236236236236227803e-01,5.5838364193942585656e-02
9.6466466466466460616e-01,5.6179372682437653252e-02
9.6696696696696693429e-01,5.6521532215198663773e-02
9.6926926926926915140e-01,5.6864843011730961675e-02
9.7157157157157147953e-01,5.7209305286932320145e-02
9.7387387387387380766e-01,5.7554919248691910338e-02
9.7617617617617613579e-01,5.7901685099676983293e-02
9.7847847847847835290e-01,5.8249603036362146424e-02
9.8078078078078068103e-01,5.8598673249207769431e-02
9.8308308308308300916e-01,5.8948895923389740825e-02
9.8538538538538533729e-01,5.9300271237274319869e-02
9.8768768768768755439e-01,5.9652799364761241452e-02
9.8998998998998988252e-01,6.0006480472330876730e-02
9.9229229229229221065e-01,6.0361314722530062804e-02
9.9459459459459453878e-01,6.0717302270255221752e-02
9.9689689689689686691e-01,6.1074443266542835507e-02
9.9919919919919908402e-01,6.1432737855048713538e-02
1.0015015015015014122e+00,6.1792186175162355788e-02
1.0038038038038037403e+00,6.2152788359580136979e-02
1.0061061061061060684e+00,6.2514544535987592866e-02
1.0084084084084083965e+00,6.2877454826312240144e-02
1.0107107107107107247e+00,6.3241519346570879145e-02
1.0130130130130128308e+00,6.3606738208016100344e-02
1.0153153153153151589e+00,6.3973111515131755866e-02
1.0176176176176174870e+00,6.4340639368485205707e-02
1.0199199199199198151e+00,6.4709321861262755760e-02
1.0222222222222221433e+00,6.5079159083224411009e-02
1.0245245245245244714e+00,6.5450151116586099964e-02
1.0268268268268267995e+00,6.5822298040104060268e-02
1.0291291291291291277e+00,6.6195599925374506989e-02
1.0314314314314314558e+00,6.6570056839996144538e-02
1.0337337337337335619e+00,6.6945668845214148512e-02
1.0360360360360358900e+00,6.7322435997408489050e-02
1.0383383383383382181e+00,6.7700358347641736989e-02
1.0406406406406405463e+00,6.8079435941116220321e-02
1.0429429429429428744e+00,6.8459668818773980470e-02
1.0452452452452452025e+00,6.8841057014790305035e-02
1.0475475475475475307e+00,6.9223600559935982712e-02
1.0498498498498498588e+00,6.9607299477623132966e-02
1.0521521521521519649e+00,6.9992153788285008109e-02
1.0544544544544542930e+00,7.0378163504929425187e-02
1.0567567567567566211e+00,7.0765328637433178027e-02
1.0590590590590589493e+00,7.1153649188757231436e-02
1.0613613613613612774e+00,7.1543125158065767888e-02
1.0636636636636636055e+00,7.1933756538532928060e-02
1.0659659659659659336e+00,7.2325543318558283001e-02
1.0682682682682682618e+00,7.2718485481678765692e-02
1.0705705705705705899e+00,7.3112583005589343310e-02
1.0728728728728726960e+00,7.3507835864224366218e-02
1.0751751751751750241e+00,7.3904244024751430953e-02
1.0774774774774773523e+00,7.4301807451417109518e-02
1.0797797797797796804e+00,7.4700526101156822234e-02
1.0820820820820820085e+00,7.5100399928323541276e-02
1.0843843843843843366e+00,7.5501428879998722099e-02
1.0866866866866866648e+00,7.5903612900400554975e-02
1.0889889889889889929e+00,7.6306951927105917677e-02
1.0912912912912910990e+00,7.6711445894036611737e-02
1.0935935935935934271e+00,7.7117094729503718464e-02
1.0958958958958957552e+00,7.7523898357085049837e-02
1.0981981981981980834e+00,7.7931856695947210323e-02
1.1005005005005004115e+00,7.8340969659395881530e-02
1.1028028028028027396e+00,7.8751237157451872695e-02
1.1051051051051050678e+00,7.9162659093344689420e-02
1.1074074074074073959e+00,7.9575235367821184340e-02
1.1097097097097097240e+00,7.9988965874355333341e-02
1.1120120120120118301e+00,8.0403850504172730274e-02
1.1143143143143141582e+00,8.0819889141389794629e-02
1.1166166166166164864e+00,8.1237081667460686596e-02
1.1189189189189188145e+00,8.1655427957486620416e-02
1.1212212212212211426e+00,8.2074927882996667750e-02
1.1235235235235234708e+00,8.2495581310299576083e-02
1.1258258258258257989e+00,8.2917388100968145159e-02
1.1281281281281281270e+00,8.3340348112615716958e-02
1.1304304304304302331e+00,8.3764461196953896027e-02
1.1327327327327325612e+00,8.4189727202869255041e-02
1.1350350350350348894e+00,8.4616145972437592504e-02
1.1373373373373372175e+00,8.5043717345654162854e-02
1.1396396396396395456e+00,8.5472441155310316385e-02
1.1419419419419418738e+00,8.5902317232233807442e-02
1.1442442442442442019e+00,8.6333345400343874942e-02
1.1465465465465465300e+00,8.6765525481048239032e-02
1.1488488488488488581e+00,8.7198857289720252406e-02
1.1511511511511509642e+00,8.7633340638201009942e-02
1.1534534534534532924e+00,8.8068975333514265547e-02
1.1557557557557556205e+00,8.8505761177913144788e-02
1.1580580580580579486e+00,8.8943697970136570419e-02
1.1603603603603602767e+00,8.9382785502960845903e-02
1.1626626626626626049e+00,8.9823023566770174297e-02
1.1649649649649649330e+00,9.0264411945111575064e-02
1.1672672672672672611e+00,9.0706950419806073316e-02
1.1695695695695693672e+00,9.1150638765543981479e-02
1.1718718718718716953e+00,9.1595476755276461489e-02
1.1741741741741740235e+00,9.2041464155249275159e-02
1.1764764764764763516e+00,9.2488600729286343793e-02
1.1787787787787786797e+00,9.2936886235496521391e-02
1.1810810810810810079e+00,9.3386320428442484709e-02
1.1833833833833833360e+00,9.3836903058270221267e-02
1.1856856856856856641e+00,9.4288633870281232663e-02
1.1879879879879879923e+00,9.4741512606696456911e-02
1.1902902902902900983e+00,9.5195539003694235047e-02
1.1925925925925924265e+00,9.5650712795467829341e-02
1.1948948948948947546e+00,9.6107033709351988304e-02
1.1971971971971970827e+00,9.6564501471266758759e-02
1.1994994994994994109e+00,9.7023115800102852080e-02
1.2018018018018017390e+00,9.7482876413185981512e-02
1.2041041041041040671e+00,9.7943783021373506670e-02
1.2064064064064063952e+00,9.8405835333148436450e-02
1.2087087087087085013e+00,9.8869033051624144459e-02
1.2110110110110108295e+00,9.9333375876324556120e-02
1.2133133133133131576e+00,9.9798863502769993850e-02
1.2156156156156154857e+00,1.0026549562154875306e-01
1.2179179179179178139e+00,1.0073327192059536306e-01
1.2202202202202201420e+00,1.0120219208172397118e-01
1.2225225225225224701e+00,1.0167225578514284268e-01
1.2248248248248247982e+00,1.0214346270419426277e-01
1.2271271271271271264e+00,1.0261581251107276813e-01
1.2294294294294292325e+00,1.0308930487106367224e-01
1.2317317317317315606e+00,1.0356393944801089990e-01
1.2340340340340338887e+00,1.0403971589953892041e-01
1.2363363363363362168e+00,1.0451663388089678375e-01
1.2386386386386385450e+00,1.0499469304231036360e-01
1.2409409409409408731e+00,1.0547389303032946029e-01
1.2432432432432432012e+00,1.0595423348789993756e-01
1.2455455455455455294e+00,1.0643571405291239740e-01
1.2478478478478476354e+00,1.0691833436100539600e-01
1.2501501501501499636e+00,1.0740209404159750672e-01
1.2524524524524522917e+00,1.0788699272284348052e-01
1.2547547547547546198e+00,1.0837303002602428903e-01
1.2570570570570569480e+00,1.0886020557149177213e-01
1.2593593593593592761e+00,1.0934851897282336919e-01
1.2616616616616616042e+00,1.0983796984222925219e-01
1.2639639639639639324e+00,1.1032855778596674379e-01
1.2662662662662662605e+00,1.1082028240787653028e-01
1.2685685685685683666e+00,1.1131314330713582006e-01
1.2708708708708706947e+00,1.1180714007913400421e-01
1.2731731731731730228e+00,1.1230227231606054739e-01
1.2754754754754753510e+00,1.1279853960492007559e-01
1.2777777777777776791e+00,1.1329594153085655039e-01
1.2800800800800800072e+00,1.1379447767270760294e-01
1.2823823823823823354e+00,1.1429414760836129061e-01
1.2846846846846846635e+00,1.1479495090885359632e-01
1.2869869869869867696e+00,1.1529688714446997833e-01
1.2892892892892890977e+00,1.1579995587889246877e-01
1.2915915915915914258e+00,1.1630415667447038808e-01
1.2938938938938937540e+00,1.1680948908789275109e-01
1.2961961961961960821e+00,1.1731595267335998001e-01
1.2984984984984984102e+00,1.1782354698077850130e-01
1.3008008008008007383e+00,1.1833227155613255943e-01
1.3031031031031030665e+00,1.1884212594260408491e-01
1.3054054054054053946e+00,1.1935310967804740878e-01
1.3077077077077075007e+00,1.1986522229882388968e-01
1.3100100100100098288e+00,1.2037846333489923834e-01
1.3123123123123121569e+00,1.2089283231556190168e-01
1.3146146146146144851e+00,1.2140832876327532774e-01
1.3169169169169168132e+00,1.2192495219987996291e-01
1.3192192192192191413e+00,1.2244270214078356585e-01
1.3215215215215214695e+00,1.2296157810004625099e-01
1.3238238238238237976e+00,1.2348157958635766485e-01
1.3261261261261259037e+00,1.2400270610580299557e-01
1.3284284284284282318e+00,1.2452495716053861574e-01
1.3307307307307305599e+00,1.2504833224863420860e-01
1.3330330330330328881e+00,1.2557283086574233533e-01
1.3353353353353352162e+00,1.2609845250203260969e-01
1.3376376376376375443e+00,1.2662519664652624463e-01
1.3399399399399398725e+00,1.2715306278176680133e-01
1.3422422422422422006e+00,1.2768205038985677713e-01
1.3445445445445445287e+00,1.2821215894612805752e-01
1.3468468468468466348e+00,1.2874338792537584619e-01
1.3491491491491489629e+00,1.2927573679616585767e-01
1.3514514514514512911e+00,1.2980920502566814512e-01
1.3537537537537536192e+00,1.3034379207599741668e-01
1.3560560560560559473e+00,1.3087949740652768393e-01
1.3583583583583582755e+00,1.3141632047308193787e-01
1.3606606606606606036e+00,1.3195426072722504784e-01
1.3629629629629629317e+00,1.3249331761848853750e-01
1.3652652652652652598e+00,1.3303349059077462790e-01
1.3675675675675673659e+00,1.3357477908716333670e-01
1.3698698698698696941e+00,1.3411718254420140761e-01
1.3721721721721720222e+00,1.3466070039819599824e-01
1.3744744744744743503e+00,1.3520533207877133419e-01
1.3767767767767766784e+00,1.3575107701506178293e-01
1.3790790790790790066e+00,1.3629793463019848621e-01
1.3813813813813813347e+00,1.3684590434583440710e-01
1.3836836836836836628e+00,1.3739498557889159858e-01
1.3859859859859857689e+00,1.3794517774338757587e-01
1.3882882882882880970e+00,1.3849648025016053632e-01
1.3905905905905904252e+00,1.3904889250559890335e-01
1.3928928928928927533e+00,1.3960241391442002046e-01
1.3951951951951950814e+00,1.4015704387555252830e-01
1.3974974974974974096e+00,1.4071278178739290987e-01
1.3997997997997997377e+00,1.4126962704174148011e-01
1.4021021021021020658e+00,1.4182757903031412150e-01
1.4044044044044043940e+00,1.4238663713823426771e-01
1.4067067067067065000e+00,1.4294680075013538323e-01
1.4090090090090088282e+00,1.4350806924487966021e-01
1.4113113113113111563e+00,1.4407044199973051413e-01
1.4136136136136134844e+00,1.4463391838754885432e-01
1.4159159159159158126e+00,1.4519849777810087121e-01
1.4182182182182181407e+00,1.4576417953834330810e-01
1.4205205205205204688e+00,1.4633096303058193421e-01
1.4228228228228227970e+00,1.4689884761580226935e-01
1.4251251251251249030e+00,1.4746783264905133359e-01
1.4274274274274272312e+00,1.4803791748511022086e-01
1.4297297297297295593e+00,1.4860910147213202137e-01
1.4320320320320318874e+00,1.4918138395830590759e-01
1.4343343343343342156e+00,1.4975476428535830498e-01
1.4366366366366365437e+00,1.5032924179449227986e-01
1.4389389389389388718e+00,1.5090481582140427563e-01
1.4412412412412411999e+00,1.5148148570004840718e-01
1.4435435435435435281e+00,1.5205925076032500431e-01
1.4458458458458456342e+00,1.5263811032884086472e-01
1.4481481481481479623e+00,1.5321806372976959354e-01
1.4504504504504502904e+00,1.5379911028243842264e-01
1.4527527527527526185e+00,1.5438124930519642186e-01
1.4550550550550549467e+00,1.5496448011032662451e-01
1.4573573573573572748e+00,1.5554880201008555729e-01
1.4596596596596596029e+00,1.5613421431010110485e-01
1.4619619619619619311e+00,1.5672071631612133347e-01
1.4642642642642640372e+00,1.5730830732758685486e-01
1.4665665665665663653e+00,1.5789698664334680944e-01
1.4688688688688686934e+00,1.5848675355702007694e-01
1.4711711711711710215e+00,1.5907760736031159587e-01
1.4734734734734733497e+00,1.5966954734121835413e-01
1.4757757757757756778e+00,1.6026257278422198493e-01
1.4780780780780780059e+00,1.6085668297173011387e-01
1.4803803803803803341e+00,1.6145187718109135777e-01
1.4826826826826826622e+00,1.6204815468898681186e-01
1.4849849849849847683e+00,1.6264551476589270140e-01
1.4872872872872870964e+00,1.6324395668245572644e-01
1.4895895895895894245e+00,1.6384347970269674821e-01
1.4918918918918917527e+00,1.6444408309079464048e-01
1.4941941941941940808e+00,1.6504576610478546850e-01
1.4964964964964964089e+00,1.6564852800200727256e-01
1.4987987987987987371e+00,1.6625236803485274328e-01
1.5011011011011010652e+00,1.6685728545360131725e-01
1.5034034034034031713e+00,1.6746327950517522765e-01
1.5057057057057054994e+00,1.6807034943274756777e-01
1.5080080080080078275e+00,1.6867849447777299998e-01
1.5103103103103101557e+00,1.6928771387644134250e-01
1.5126126126126124838e+00,1.6989800686457118273e-01
1.5149149149149148119e+00,1.7050937267166532685e-01
1.5172172172172171400e+00,1.7112181052756461619e-01
1.5195195195195194682e+00,1.7173531965552965572e-01
1.5218218218218217963e+00,1.7234989927898400341e-01
1.5241241241241239024e+00,1.7296554861541055259e-01
1.5264264264264262305e+00,1.7358226688146422001e-01
1.5287287287287285587e+00,1.7420005328916648990e-01
1.5310310310310308868e+00,1.7481890704821556604e-01
1.5333333333333332149e+00,1.7543882736531701827e-01
1.5356356356356355430e+00,1.7605981344319668325e-01
1.5379379379379378712e+00,1.7668186448321726578e-01
1.5402402402402401993e+00,1.7730497968129038666e-01
1.5425425425425423054e+00,1.7792915823323551816e-01
1.5448448448448446335e+00,1.7855439932848074513e-01
1.5471471471471469616e+00,1.7918070215692807889e-01
1.5494494494494492898e+00,1.7980806590198206152e-01
1.5517517517517516179e+00,1.8043648974718123901e-01
1.5540540540540539460e+00,1.8106597287034928434e-01
1.5563563563563562742e+00,1.8169651444832385367e-01
1.5586586586586586023e+00,1.8232811365362897038e-01
1.5609609609609609304e+00,1.8296076965623364607e-01
1.5632632632632630365e+00,1.8359448162347055677e-01
1.5655655655655653646e+00,1.8422924871844678640e-01
1.5678678678678676928e+00,1.8486507010323757760e-01
1.5701701701701700209e+00,1.8550194493426935827e-01
1.5724724724724723490e+00,1.8613987236811888049e-01
1.5747747747747746772e+00,1.8677885155488815894e-01
1.5770770770770770053e+00,1.8741888164524436733e-01
1.5793793793793793334e+00,1.8805996178344319691e-01
1.5816816816816814395e+00,1.8870209111380162326e-01
1.5839839839839837676e+00,1.8934526877515356347e-01
1.5862862862862860958e+00,1.8998949390515579294e-01
1.5885885885885884239e+00,1.9063476563747469572e-01
1.5908908908908907520e+00,1.9128108310297087247e-01
1.5931931931931930801e+00,1.9192844543022297144e-01
1.5954954954954954083e+00,1.9257685174333519229e-01
1.5977977977977977364e+00,1.9322630116570183034e-01
1.6001001001001000645e+00,1.9387679281488831573e-01
1.6024024024024021706e+00,1.9452832580883042124e-01
1.6047047047047044988e+00,1.9518089925894538395e-01
1.6070070070070068269e+00,1.9583451227727594057e-01
1.6093093093093091550e+00,1.9648916396958251984e-01
1.6116116116116114831e+00,1.9714485344158805269e-01
1.6139139139139138113e+00,1.9780157979379825450e-01
1.6162162162162161394e+00,1.9845934212533683505e-01
1.6185185185185184675e+00,1.9911813953168175373e-01
1.6208208208208207957e+00,1.9977797110525419289e-01
1.6231231231231229017e+00,2.0043883593655514863e-01
1.6254254254254252299e+00,2.0110073311137843799e-01
1.6277277277277275580e+00,2.0176366171512088998e-01
1.6300300300300298861e+00,2.0242762082720261452e-01
1.6323323323323322143e+00,2.0309260952761051811e-01
1.6346346346346345424e+00,2.0375862688981413728e-01
1.6369369369369368705e+00,2.0442567198793965000e-01
1.6392392392392391987e+00,2.0509374389000295524e-01
1.6415415415415413047e+00,2.0576284166386135666e-01
1.6438438438438436329e+00,2.0643296437244726405e-01
1.6461461461461459610e+00,2.0710411107709200684e-01
1.6484484484484482891e+00,2.0777628083583413177e-01
1.6507507507507506173e+00,2.0844947270339736489e-01
1.6530530530530529454e+00,2.0912368573293782514e-01
1.6553553553553552735e+00,2.0979891897266986223e-01
1.6576576576576576016e+00,2.1047517147069907950e-01
1.6599599599599599298e+00,2.1115244226900961588e-01
1.6622622622622620359e+00,2.1183073041030744954e-01
1.6645645645645643640e+00,2.1251003493078815532e-01
1.6668668668668666921e+00,2.1319035486728696305e-01
1.6691691691691690203e+00,2.1387168925069549585e-01
1.6714714714714713484e+00,2.1455403711158299584e-01
1.6737737737737736765e+00,2.1523739747587755655e-01
1.6760760760760760046e+00,2.1592176936765447581e-01
1.6783783783783783328e+00,2.1660715180803966073e-01
1.6806806806806804389e+00,2.1729354381456747469e-01
1.6829829829829827670e+00,2.1798094440354298662e-01
1.6852852852852850951e+00,2.1866935258609357384e-01
1.6875875875875874232e+00,2.1935876737350343268e-01
1.6898898898898897514e+00,2.2004918777080975656e-01
1.6921921921921920795e+00,2.2074061278389467411e-01
1.6944944944944944076e+00,2.2143304141217357017e-01
1.6967967967967967358e+00,2.2212647265565432786e-01
1.6990990990990990639e+00,2.2282090550860650380e-01
1.7014014014014011700e+00,2.2351633896479436436e-01
1.7037037037037034981e+00,2.2421277201365472087e-01
1.7060060060060058262e+00,2.2491020364251479435e-01
1.7083083083083081544e+00,2.2560863283611098939e-01
1.7106106106106104825e+00,2.2630805857532149128e-01
1.7129129129129128106e+00,2.2700847984013364234e-01
1.7152152152152151388e+00,2.2770989560514798278e-01
1.7175175175175174669e+00,2.2841230484537131118e-01
1.7198198198198195730e+00,2.2911570652947998994e-01
1.7221221221221219011e+00,2.2982009962709062934e-01
1.7244244244244242292e+00,2.3052548310144649335e-01
1.7267267267267265574e+00,2.3123185591630923685e-01
1.7290290290290288855e+00,2.3193921702994849121e-01
1.7313313313313312136e+00,2.3264756539993217133e-01
1.7336336336336335417e+00,2.3335689997984196409e-01
1.7359359359359358699e+00,2.3406721972089386541e-01
1.7382382382382381980e+00,2.3477852357208478518e-01
1.7405405405405403041e+00,2.3549081047830378033e-01
1.7428428428428426322e+00,2.3620407938388179869e-01
1.7451451451451449604e+00,2.3691832922758052082e-01
1.7474474474474472885e+00,2.3763355894879420460e-01
1.7497497497497496166e+00,2.3834976748053310347e-01
1.7520520520520519447e+00,2.3906695375680792059e-01
1.7543543543543542729e+00,2.3978511670537344669e-01
1.7566566566566566010e+00,2.4050425525439389496e-01
1.7589589589589587071e+00,2.4122436832679405860e-01
1.7612612612612610352e+00,2.4194545484457180562e-01
1.7635635635635633633e+00,2.4266751372606840120e-01
1.7658658658658656915e+00,2.4339054388697786702e-01
1.7681681681681680196e+00,2.4411454424112119521e-01
1.7704704704704703477e+00,2.4483951369793569008e-01
1.7727727727727726759e+00,2.4556545116660086214e-01
1.7750750750750750040e+00,2.4629235555053041740e-01
1.7773773773773773321e+00,2.4702022575395651827e-01
1.7796796796796794382e+00,2.4774906067467947213e-01
1.7819819819819817663e+00,2.4847885921151785515e-01
1.7842842842842840945e+00,2.4920962025716486554e-01
1.7865865865865864226e+00,2.4994134270458004399e-01
1.7888888888888887507e+00,2.5067402544175076962e-01
1.7911911911911910789e+00,2.5140766735549119337e-01
1.7934934934934934070e+00,2.5214226732930056230e-01
1.7957957957957957351e+00,2.5287782424374577461e-01
1.7980980980980978412e+00,2.5361433697787111319e-01
1.8004004004004001693e+00,2.5435180440608057273e-01
1.8027027027027024975e+00,2.5509022540281189873e-01
1.8050050050050048256e+00,2.5582959883657646616e-01
1.8073073073073071537e+00,2.5656992357686797535e-01
1.8096096096096094819e+00,2.5731119848674871564e-01
1.8119119119119118100e+00,2.5805342243028855931e-01
1.8142142142142141381e+00,2.5879659426560991387e-01
1.8165165165165164662e+00,2.5954071285093871513e-01
1.8188188188188185723e+00,2.6028577703983130087e-01
1.8211211211211209005e+00,2.6103178568441820495e-01
1.8234234234234232286e+00,2.6177873763387810024e-01
1.8257257257257255567e+00,2.6252663173418200326e-01
1.8280280280280278848e+00,2.6327546683013453022e-01
1.8303303303303302130e+00,2.6402524176166891623e-01
1.8326326326326325411e+00,2.6477595536903392182e-01
1.8349349349349348692e+00,2.6552760648643392027e-01
1.8372372372372369753e+00,2.6628019394919372198e-01
1.8395395395395393034e+00,2.6703371658626123830e-01
1.8418418418418416316e+00,2.6778817322755554819e-01
1.8441441441441439597e+00,2.6854356269727175377e-01
1.8464464464464462878e+00,2.6929988381953240406e-01
1.8487487487487486160e+00,2.7005713541412235124e-01
1.8510510510510509441e+00,2.7081531629914973314e-01
1.8533533533533532722e+00,2.7157442529014047539e-01
1.8556556556556556004e+00,2.7233446119914533901e-01
1.8579579579579577064e+00,2.7309542283739368651e-01
1.8602602602602600346e+00,2.7385730901102406376e-01
1.8625625625625623627e+00,2.7462011852674339529e-01
1.8648648648648646908e+00,2.7538385018511046809e-01
1.8671671671671670190e+00,2.7614850278789959681e-01
1.8694694694694693471e+00,2.7691407513057242351e-01
1.8717717717717716752e+00,2.7768056600947982338e-01
1.8740740740740740033e+00,2.7844797421546307881e-01
1.8763763763763761094e+00,2.7921629853907314889e-01
1.8786786786786784376e+00,2.7998553776683493544e-01
1.8809809809809807657e+00,2.8075569068330635814e-01
1.8832832832832830938e+00,2.8152675607081401044e-01
1.8855855855855854220e+00,2.8229873270791694395e-01
1.8878878878878877501e+00,2.8307161937267388829e-01
1.8901901901901900782e+00,2.8384541483782765869e-01
1.8924924924924924063e+00,2.8462011787691277043e-01
1.8947947947947947345e+00,2.8539572725722506252e-01
1.8970970970970968406e+00,2.8617224174733651987e-01
1.8993993993993991687e+00,2.8694966010960015756e-01
1.9017017017017014968e+00,2.8772798110714586928e-01
1.9040040040040038249e+00,2.8850720349784014784e-01
1.9063063063063061531e+00,2.8928732603902773679e-01
1.9086086086086084812e+00,2.9006834748436388649e-01
1.9109109109109108093e+00,2.9085026658525164889e-01
1.9132132132132131375e+00,2.9163308209122312809e-01
1.9155155155155152435e+00,2.9241679274777127029e-01
1.9178178178178175717e+00,2.9320139730020600144e-01
1.9201201201201198998e+00,2.9398689448833126292e-01
1.9224224224224222279e+00,2.9477328305294669963e-01
1.9247247247247245561e+00,2.9556056172857247955e-01
1.9270270270270268842e+00,2.9634872925103855623e-01
1.9293293293293292123e+00,2.9713778435009902124e-01
1.9316316316316315405e+00,2.9792772575615361630e-01
1.9339339339339338686e+00,2.9871855219462284392e-01
1.9362362362362359747e+00,2.9951026239016820263e-01
1.9385385385385383028e+00,3.0030285506412313090e-01
1.9408408408408406309e+00,3.0109632893529258979e-01
1.9431431431431429591e+00,3.0189068272098096291e-01
1.9454454454454452872e+00,3.0268591513420700645e-01
1.9477477477477476153e+00,3.0348202488811704125e-01
1.9500500500500499435e+00,3.0427901069020346636e-01
1.9523523523523522716e+00,3.0507687124913712706e-01
1.9546546546546545997e+00,3.0587560526732265886e-01
1.9569569569569567058e+00,3.0667521144848192138e-01
1.9592592592592590339e+00,3.0747568849045675554e-01
1.9615615615615613621e+00,3.0827703509158510542e-01
1.9638638638638636902e+00,3.0907924994554564213e-01
1.9661661661661660183e+00,3.0988233174501567113e-01
1.9684684684684683464e+00,3.1068627917971630703e-01
1.9707707707707706746e+00,3.1149109093656729419e-01
1.9730730730730730027e+00,3.1229676570134734526e-01
1.9753753753753751088e+00,3.1310330215531029241e-01
1.9776776776776774369e+00,3.1391069898012041728e-01
1.9799799799799797650e+00,3.1471895485164674833e-01
1.9822822822822820932e+00,3.1552806844707709244e-01
1.9845845845845844213e+00,3.1633803843734986661e-01
1.9868868868868867494e+00,3.1714886349467985571e-01
1.9891891891891890776e+00,3.1796054228558251475e-01
1.9914914914914914057e+00,3.1877307347687605654e-01
1.9937937937937937338e+00,3.1958645573101418513e-01
1.9960960960960958399e+00,3.2040068770916874108e-01
1.9983983983983981680e+00,3.2121576806990520536e-01
2.0007007007007007182e+00,3.2203169546868964934e-01
2.0030030030030028243e+00,3.2284846856018367678e-01
2.0053053053053049304e+00,3.2366608599427704185e-01
2.0076076076076074806e+00,3.2448454642152513294e-01
2.0099099099099095866e+00,3.2530384848656040964e-01
2.0122122122122121368e+00,3.2612399083543930356e-01
2.0145145145145142429e+00,3.2694497210801837239e-01
2.0168168168168167931e+00,3.2776679094535954295e-01
2.0191191191191188992e+00,3.2858944598304196116e-01
2.0214214214214214493e+00,3.2941293585673886435e-01
2.0237237237237235554e+00,3.3023725919808366580e-01
2.0260260260260256615e+00,3.3106241463714919382e-01
2.0283283283283282117e+00,3.3188840080176751357e-01
2.0306306306306303178e+00,3.3271521631638845129e-01
2.0329329329329328679e+00,3.3354285980499709385e-01
2.0352352352352349740e+00,3.3437132988658935240e-01
2.0375375375375375242e+00,3.3520062518106902294e-01
2.0398398398398396303e+00,3.3603074430233575987e-01
2.0421421421421421805e+00,3.3686168586579218198e-01
2.0444444444444442865e+00,3.3769344848074506205e-01
2.0467467467467463926e+00,3.3852603075761078522e-01
2.0490490490490489428e+00,3.3935943130158430225e-01
2.0513513513513510489e+00,3.4019364871773583037e-01
2.0536536536536535991e+00,3.4102868160745059001e-01
2.0559559559559557052e+00,3.4186452857027960217e-01
2.0582582582582582553e+00,3.4270118820391232139e-01
2.0605605605605603614e+00,3.4353865910239778092e-01
2.0628628628628629116e+00,3.4437693985965450727e-01
2.0651651651651650177e+00,3.4521602906443643599e-01
2.0674674674674671238e+00,3.4605592530662820927e-01
2.0697697697697696739e+00,3.4689662717008301618e-01
2.0720720720720717800e+00,3.4773813324020930171e-01
2.0743743743743743302e+00,3.4858044209647892631e-01
2.0766766766766764363e+00,3.4942355231935789961e-01
2.0789789789789789864e+00,3.5026746248439505349e-01
2.0812812812812810925e+00,3.5111217116679194206e-01
2.0835835835835831986e+00,3.5195767693844370871e-01
2.0858858858858857488e+00,3.5280397836915028398e-01
2.0881881881881878549e+00,3.5365107402722745222e-01
2.0904904904904904051e+00,3.5449896247711115693e-01
2.0927927927927925111e+00,3.5534764228342130554e-01
2.0950950950950950613e+00,3.5619711200545645102e-01
2.0973973973973971674e+00,3.5704737020383242596e-01
2.0996996996996997176e+00,3.5789841543312106431e-01
2.1020020020020018237e+00,3.5875024624945961449e-01
2.1043043043043039297e+00,3.5960286120320666958e-01
2.1066066066066064799e+00,3.6045625884555959617e-01
2.1089089089089085860e+00,3.6131043772307813722e-01
2.1112112112112111362e+00,3.6216539638171629800e-01
2.1135135135135132423e+00,3.6302113336446323322e-01
2.1158158158158157924e+00,3.6387764721191495632e-01
2.1181181181181178985e+00,3.6473493646352994624e-01
2.1204204204204204487e+00,3.6559299965462116466e-01
2.1227227227227225548e+00,3.6645183532096736734e-01
2.1250250250250246609e+00,3.6731144199286341889e-01
2.1273273273273272110e+00,3.6817181820207173226e-01
2.1296296296296293171e+00,3.6903296247430994459e-01
2.1319319319319318673e+00,3.6989487333683629400e-01
2.1342342342342339734e+00,3.7075754931130944225e-01
2.1365365365365365236e+00,3.7162098892004713502e-01
2.1388388388388386296e+00,3.7248519068103447260e-01
2.1411411411411411798e+00,3.7335015311138319838e-01
2.1434434434434432859e+00,3.7421587472560219334e-01
2.1457457457457453920e+00,3.7508235403552081522e-01
2.1480480480480479422e+00,3.7594958955218221730e-01
2.1503503503503500482e+00,3.7681757978224605932e-01
2.1526526526526525984e+00,3.7768632323311046584e-01
2.1549549549549547045e+00,3.7855581840656865600e-01
2.1572572572572572547e+00,3.7942606380600679694e-01
2.1595595595595593608e+00,3.8029705792882184667e-01
2.1618618618618614668e+00,3.8116879927389846205e-01
2.1641641641641640170e+00,3.8204128633474909726e-01
2.1664664664664661231e+00,3.8291451760535072379e-01
2.1687687687687686733e+00,3.8378849157568661887e-01
2.1710710710710707794e+00,3.8466320673460008273e-01
2.1733733733733733295e+00,3.8553866156871208215e-01
2.1756756756756754356e+00,3.8641485456169510915e-01
2.1779779779779779858e+00,3.8729178419678772505e-01
2.1802802802802800919e+00,3.8816944895264343662e-01
2.1825825825825821980e+00,3.8904784730891039946e-01
2.1848848848848847481e+00,3.8992697773956280782e-01
2.1871871871871868542e+00,3.9080683872026544812e-01
2.1894894894894894044e+00,3.9168742872080758444e-01
2.1917917917917915105e+00,3.9256874621238879719e-01
2.1940940940940940607e+00,3.9345078966110952345e-01
2.1963963963963961668e+00,3.9433355753333398930e-01
2.1986986986986987169e+00,3.9521704829179848950e-01
2.2010010010010008230e+00,3.9610126039784548935e-01
2.2033033033033029291e+00,3.9698619231098497551e-01
2.2056056056056054793e+00,3.9787184248753915128e-01
2.2079079079079075854e+00,3.9875820938374362257e-01
2.2102102102102101355e+00,3.9964529145108840247e-01
2.2125125125125122416e+00,4.0053308714229829413e-01
2.2148148148148147918e+00,4.0142159490440421088e-01
2.2171171171171168979e+00,4.0231081318619588139e-01
2.2194194194194194480e+00,4.0320074043072212655e-01
2.2217217217217215541e+00,4.0409137508234016511e-01
2.2240240240240236602e+00,4.0498271558063270170e-01
2.2263263263263262104e+00,4.0587476036524017253e-01
2.2286286286286283165e+00,4.0676750787239274176e-01
2.2309309309309308667e+00,4.0766095653655382014e-01
2.2332332332332329727e+00,4.0855510479111595279e-01
2.2355355355355355229e+00,4.0944995106652665173e-01
2.2378378378378376290e+00,4.1034549379239732003e-01
2.2401401401401397351e+00,4.1124173139119329923e-01
2.2424424424424422853e+00,4.1213866228919587842e-01
2.2447447447447443913e+00,4.1303628491577770721e-01
2.2470470470470469415e+00,4.1393459769807200432e-01
2.2493493493493490476e+00,4.1483359902509414630e-01
2.2516516516516515978e+00,4.1573328728723663028e-01
2.2539539539539537039e+00,4.1663366098099657853e-01
2.2562562562562562540e+00,4.1753471864581948036e-01
2.2585585585585583601e+00,4.1843645846930788146e-01
2.2608608608608604662e+00,4.1933887835081212758e-01
2.2631631631631630164e+00,4.2024197719874772927e-01
2.2654654654654651225e+00,4.2114575531897369132e-01
2.2677677677677676726e+00,4.2205021040232104657e-01
2.2700700700700697787e+00,4.2295533412856567423e-01
2.2723723723723723289e+00,4.2386112388440089216e-01
2.2746746746746744350e+00,4.2476760070850422268e-01
2.2769769769769769852e+00,4.2567477696299443890e-01
2.2792792792792790912e+00,4.2658257918479036697e-01
2.2815815815815811973e+00,4.2749092835245838806e-01
2.2838838838838837475e+00,4.2840003352524230751e-01
2.2861861861861858536e+00,4.2931023672781948308e-01
2.2884884884884884038e+00,4.3022098416882736949e-01
2.2907907907907905098e+00,4.3113090932926390053e-01
2.2930930930930930600e+00,4.3204119487728231963e-01
2.2953953953953951661e+00,4.3295688327102427317e-01
2.2976976976976977163e+00,4.3387657662149431426e-01
2.2999999999999998224e+00,4.3478260869565210633e-01
