0.0000000000000000000e+00,-2.6241464885883512519e-14
1.0020040080160320245e-02,2.2650148732938964885e-02
2.0040080160320640490e-02,4.5300297465904165728e-02
3.0060120240480960735e-02,6.7950446198869376979e-02
4.0080160320641280980e-02,9.0600594931834588230e-02
5.0100200400801597755e-02,1.1325074366479978560e-01
6.0120240480961921470e-02,1.3590089239776501073e-01
7.0140280561122245184e-02,1.5855104113073026362e-01
8.0160320641282561960e-02,1.8120118986369540548e-01
9.0180360721442878735e-02,2.0385133859666060285e-01
1.0020040080160319551e-01,2.2650148732962577247e-01
1.1022044088176352616e-01,2.4915163606259096984e-01
1.2024048096192384294e-01,2.7180178479555616722e-01
1.3026052104208415972e-01,2.9445193352852139235e-01
1.4028056112224449037e-01,3.1710208226148667299e-01
1.5030060120240479327e-01,3.3975223099445195363e-01
1.6032064128256512392e-01,3.6240237972741728978e-01
1.7034068136272545457e-01,3.8505252846038257042e-01
1.8036072144288575747e-01,4.0770267719334785106e-01
1.9038076152304608812e-01,4.3035282592631318721e-01
2.0040080160320639102e-01,4.5300297465927857887e-01
2.1042084168336672167e-01,4.7565312339224397054e-01
2.2044088176352705233e-01,4.9830327212520925118e-01
2.3046092184368735523e-01,5.2095342085817453182e-01
2.4048096192384768588e-01,5.4360356959113986797e-01
2.5050100200400798878e-01,5.6625371832410498207e-01
2.6052104208416831943e-01,5.8890386705707020720e-01
2.7054108216432865008e-01,6.1155401579003565438e-01
2.8056112224448898074e-01,6.3420416452300099053e-01
2.9058116232464931139e-01,6.5685431325596643770e-01
3.0060120240480958653e-01,6.7950446198893177385e-01
3.1062124248496991719e-01,7.0215461072189699898e-01
3.2064128256513024784e-01,7.2480475945486255718e-01
3.3066132264529057849e-01,7.4745490818782811537e-01
3.4068136272545090915e-01,7.7010505692079367357e-01
3.5070140280561118429e-01,7.9275520565375912074e-01
3.6072144288577151494e-01,8.1540535438672456792e-01
3.7074148296593184559e-01,8.3805550311969023713e-01
3.8076152304609217625e-01,8.6070565185265590635e-01
3.9078156312625250690e-01,8.8335580058562157557e-01
4.0080160320641278204e-01,9.0600594931858724479e-01
4.1082164328657311270e-01,9.2865609805155302503e-01
4.2084168336673344335e-01,9.5130624678451902732e-01
4.3086172344689377400e-01,9.7395639551748480756e-01
4.4088176352705410466e-01,9.9660654425045058780e-01
4.5090180360721443531e-01,1.0192566929834165901e+00
4.6092184368737471045e-01,1.0419068417163823703e+00
4.7094188376753504111e-01,1.0645569904493479285e+00
4.8096192384769537176e-01,1.0872071391823137088e+00
4.9098196392785570241e-01,1.1098572879152797110e+00
5.0100200400801597755e-01,1.1325074366482454913e+00
5.1102204408817630821e-01,1.1551575853812112715e+00
5.2104208416833663886e-01,1.1778077341141766077e+00
5.3106212424849696951e-01,1.2004578828471423879e+00
5.4108216432865730017e-01,1.2231080315801077241e+00
5.5110220440881763082e-01,1.2457581803130732823e+00
5.6112224448897796147e-01,1.2684083290460390625e+00
5.7114228456913829213e-01,1.2910584777790046207e+00
5.8116232464929862278e-01,1.3137086265119704009e+00
5.9118236472945884241e-01,1.3363587752449357371e+00
6.0120240480961917307e-01,1.3590089239779012953e+00
6.1122244488977950372e-01,1.3816590727108666314e+00
6.2124248496993983437e-01,1.4043092214438324117e+00
6.3126252505010016502e-01,1.4269593701767979699e+00
6.4128256513026049568e-01,1.4496095189097633060e+00
6.5130260521042082633e-01,1.4722596676427290863e+00
6.6132264529058115698e-01,1.4949098163756944224e+00
6.7134268537074148764e-01,1.5175599651086599806e+00
6.8136272545090181829e-01,1.5402101138416257609e+00
6.9138276553106214894e-01,1.5628602625745915411e+00
7.0140280561122236858e-01,1.5855104113075570993e+00
7.1142284569138269923e-01,1.6081605600405228795e+00
7.2144288577154302988e-01,1.6308107087734886598e+00
7.3146292585170336054e-01,1.6534608575064539959e+00
7.4148296593186369119e-01,1.6761110062394195541e+00
7.5150300601202402184e-01,1.6987611549723853344e+00
7.6152304609218435250e-01,1.7214113037053506705e+00
7.7154308617234468315e-01,1.7440614524383164508e+00
7.8156312625250501380e-01,1.7667116011712822310e+00
7.9158316633266534446e-01,1.7893617499042477892e+00
8.0160320641282556409e-01,1.8118433376846896365e+00
8.1162324649298589474e-01,1.8334800136906066470e+00
8.2164328657314622539e-01,1.8540926819099419198e+00
8.3166332665330655605e-01,1.8736687002712575367e+00
8.4168336673346688670e-01,1.8921954267031133590e+00
8.5170340681362721735e-01,1.9096602191340696919e+00
8.6172344689378754801e-01,1.9260504354926875070e+00
8.7174348697394787866e-01,1.9413534337075279979e+00
8.8176352705410820931e-01,1.9555565717071516918e+00
8.9178356713426853997e-01,1.9686472074201195603e+00
9.0180360721442887062e-01,1.9806126987749921309e+00
9.1182364729458909025e-01,1.9914404037003299308e+00
9.2184368737474942090e-01,2.0011176801246937096e+00
9.3186372745490975156e-01,2.0096318859766442166e+00
9.4188376753507008221e-01,2.0169703791847424235e+00
9.5190380761523041286e-01,2.0231205176775484134e+00
9.6192384769539074352e-01,2.0280696593836240460e+00
9.7194388777555107417e-01,2.0318051622315289606e+00
9.8196392785571140482e-01,2.0343143841498245727e+00
9.9198396793587173548e-01,2.0355846830670705216e+00
1.0020040080160319551e+00,2.0358141181024826949e+00
1.0120240480961923968e+00,2.0358349589591462347e+00
1.0220440881763526164e+00,2.0358557998158088864e+00
1.0320641282565130581e+00,2.0358766406724715381e+00
1.0420841683366732777e+00,2.0358974815291333016e+00
1.0521042084168337194e+00,2.0359183223857946210e+00
1.0621242484969939390e+00,2.0359391632424559404e+00
1.0721442885771541587e+00,2.0359600040991168157e+00
1.0821643286573146003e+00,2.0359808449557785792e+00
1.0921843687374748200e+00,2.0360016858124394545e+00
1.1022044088176352616e+00,2.0360225266690998858e+00
1.1122244488977954813e+00,2.0360433675257603170e+00
1.1222444889779559229e+00,2.0360642083824203041e+00
1.1322645290581161426e+00,2.0360850492390798472e+00
1.1422845691382765843e+00,2.0361058900957389461e+00
1.1523046092184368039e+00,2.0361267309523971569e+00
1.1623246492985972456e+00,2.0361475718090549236e+00
1.1723446893787574652e+00,2.0361684126657131344e+00
1.1823647294589176848e+00,2.0361892535223709011e+00
1.1923847695390781265e+00,2.0362100943790291119e+00
1.2024048096192383461e+00,2.0362309352356868786e+00
1.2124248496993987878e+00,2.0362517760923437571e+00
1.2224448897795590074e+00,2.0362726169489997474e+00
1.2324649298597194491e+00,2.0362934578056552937e+00
1.2424849699398796687e+00,2.0363142986623108399e+00
1.2525050100200401104e+00,2.0363351395189659421e+00
1.2625250501002003300e+00,2.0363559803756210442e+00
1.2725450901803607717e+00,2.0363768212322757023e+00
1.2825651302605209914e+00,2.0363976620889308045e+00
1.2925851703406812110e+00,2.0364185029455854625e+00
1.3026052104208416527e+00,2.0364393438022410088e+00
1.3126252505010018723e+00,2.0364601846588952228e+00
1.3226452905811623140e+00,2.0364810255155489926e+00
1.3326653306613225336e+00,2.0365018663722027625e+00
1.3426853707414829753e+00,2.0365227072288560883e+00
1.3527054108216431949e+00,2.0365435480855085260e+00
1.3627254509018036366e+00,2.0365643889421605195e+00
1.3727454909819638562e+00,2.0365852297988120689e+00
1.3827655310621242979e+00,2.0366060706554631743e+00
1.3927855711422845175e+00,2.0366269115121142796e+00
1.4028056112224447372e+00,2.0366477523687653850e+00
1.4128256513026051788e+00,2.0366685932254169344e+00
1.4228456913827653985e+00,2.0366894340820671516e+00
1.4328657314629258401e+00,2.0367102749387178129e+00
1.4428857715430860598e+00,2.0367311157953689182e+00
1.4529058116232465014e+00,2.0367519566520191354e+00
1.4629258517034067211e+00,2.0367727975086697967e+00
1.4729458917835671627e+00,2.0367936383653209020e+00
1.4829659318637273824e+00,2.0368144792219711192e+00
1.4929859719438878241e+00,2.0368353200786213364e+00
1.5030060120240480437e+00,2.0368561609352715536e+00
1.5130260521042082633e+00,2.0368770017919217707e+00
1.5230460921843687050e+00,2.0368978426485715438e+00
1.5330661322645289246e+00,2.0369186835052213169e+00
1.5430861723446893663e+00,2.0369395243618706459e+00
1.5531062124248495859e+00,2.0369603652185195308e+00
1.5631262525050100276e+00,2.0369812060751684157e+00
1.5731462925851702472e+00,2.0370020469318173006e+00
1.5831663326653306889e+00,2.0370228877884661856e+00
1.5931863727454909085e+00,2.0370437286451150705e+00
1.6032064128256511282e+00,2.0370645695017643995e+00
1.6132264529058115698e+00,2.0370854103584141725e+00
1.6232464929859717895e+00,2.0371062512150635015e+00
1.6332665330661322312e+00,2.0371270920717123865e+00
1.6432865731462924508e+00,2.0371479329283603832e+00
1.6533066132264528925e+00,2.0371687737850079358e+00
1.6633266533066131121e+00,2.0371896146416554885e+00
1.6733466933867735538e+00,2.0372104554983030411e+00
1.6833667334669337734e+00,2.0372312963549492615e+00
1.6933867735470942151e+00,2.0372521372115950378e+00
1.7034068136272544347e+00,2.0372729780682412581e+00
1.7134268537074146543e+00,2.0372938189248865903e+00
1.7234468937875750960e+00,2.0373146597815314784e+00
1.7334669338677353156e+00,2.0373355006381759225e+00
1.7434869739478957573e+00,2.0373563414948199224e+00
1.7535070140280559770e+00,2.0373771823514634782e+00
1.7635270541082164186e+00,2.0373980232081061459e+00
1.7735470941883766383e+00,2.0374188640647488135e+00
1.7835671342685370799e+00,2.0374397049213914812e+00
1.7935871743486972996e+00,2.0374605457780345930e+00
1.8036072144288577412e+00,2.0374813866346768165e+00
1.8136272545090179609e+00,2.0375022274913194842e+00
1.8236472945891781805e+00,2.0375230683479621518e+00
1.8336673346693386222e+00,2.0375439092046048195e+00
1.8436873747494988418e+00,2.0375647500612470431e+00
1.8537074148296592835e+00,2.0375855909178888226e+00
1.8637274549098195031e+00,2.0376064317745301580e+00
1.8737474949899799448e+00,2.0376272726311710493e+00
1.8837675350701401644e+00,2.0376481134878110524e+00
1.8937875751503006061e+00,2.0376689543444506114e+00
1.9038076152304608257e+00,2.0376897952010901705e+00
1.9138276553106212674e+00,2.0377106360577288413e+00
1.9238476953907814870e+00,2.0377314769143675122e+00
1.9338677354709417067e+00,2.0377523177710061830e+00
1.9438877755511021483e+00,2.0377731586276448539e+00
1.9539078156312623680e+00,2.0377939994842830806e+00
1.9639278557114228096e+00,2.0378148403409213074e+00
1.9739478957915830293e+00,2.0378356811975586460e+00
1.9839679358717434710e+00,2.0378565220541959846e+00
1.9939879759519036906e+00,2.0378773629108328791e+00
2.0040080160320639102e+00,2.0378982037674697736e+00
2.0140280561122243519e+00,2.0379190446241057799e+00
2.0240480961923847936e+00,2.0379398854807413421e+00
2.0340681362725447912e+00,2.0379607263373764603e+00
2.0440881763527052328e+00,2.0379815671940115784e+00
2.0541082164328656745e+00,2.0380024080506462525e+00
2.0641282565130261162e+00,2.0380232489072804825e+00
2.0741482965931861138e+00,2.0380440897639151565e+00
2.0841683366733465554e+00,2.0380649306205498306e+00
2.0941883767535069971e+00,2.0380857714771849487e+00
2.1042084168336674388e+00,2.0381066123338205109e+00
2.1142284569138274364e+00,2.0381274531904556291e+00
2.1242484969939878781e+00,2.0381482940470907472e+00
2.1342685370741483197e+00,2.0381691349037263095e+00
2.1442885771543083173e+00,2.0381899757603614276e+00
2.1543086172344687590e+00,2.0382108166169965457e+00
2.1643286573146292007e+00,2.0382316574736316639e+00
2.1743486973947896423e+00,2.0382524983302672261e+00
2.1843687374749496399e+00,2.0382733391869027884e+00
2.1943887775551100816e+00,2.0382941800435379065e+00
2.2044088176352705233e+00,2.0383150209001730246e+00
2.2144288577154309650e+00,2.0383358617568081428e+00
2.2244488977955909625e+00,2.0383567026134428168e+00
2.2344689378757514042e+00,2.0383775434700779350e+00
2.2444889779559118459e+00,2.0383983843267139413e+00
2.2545090180360718435e+00,2.0384192251833495035e+00
2.2645290581162322852e+00,2.0384400660399855099e+00
2.2745490981963927268e+00,2.0384609068966215162e+00
2.2845691382765531685e+00,2.0384817477532575225e+00
2.2945891783567131661e+00,2.0385025886098935288e+00
2.3046092184368736078e+00,2.0385234294665295351e+00
2.3146292585170340494e+00,2.0385442703231655415e+00
2.3246492985971944911e+00,2.0385651111798011037e+00
2.3346693386773544887e+00,2.0385859520364362218e+00
2.3446893787575149304e+00,2.0386067928930717841e+00
2.3547094188376753721e+00,2.0386276337497073463e+00
2.3647294589178353696e+00,2.0386484746063429085e+00
2.3747494989979958113e+00,2.0386693154629789149e+00
2.3847695390781562530e+00,2.0386901563196149212e+00
2.3947895791583166947e+00,2.0387109971762504834e+00
2.4048096192384766923e+00,2.0387318380328860457e+00
2.4148296593186371339e+00,2.0387526788895220520e+00
2.4248496993987975756e+00,2.0387735197461580583e+00
2.4348697394789580173e+00,2.0387943606027940646e+00
2.4448897795591180149e+00,2.0388152014594300709e+00
2.4549098196392784565e+00,2.0388360423160660773e+00
2.4649298597194388982e+00,2.0388568831727016395e+00
2.4749498997995988958e+00,2.0388777240293367576e+00
2.4849699398797593375e+00,2.0388985648859718758e+00
2.4949899799599197792e+00,2.0389194057426069939e+00
2.5050100200400802208e+00,2.0389402465992425562e+00
2.5150300601202402184e+00,2.0389610874558781184e+00
2.5250501002004006601e+00,2.0389819283125132365e+00
2.5350701402805611018e+00,2.0390027691691483547e+00
2.5450901803607215435e+00,2.0390236100257839169e+00
2.5551102204408815410e+00,2.0390444508824199232e+00
2.5651302605210419827e+00,2.0390652917390559296e+00
2.5751503006012024244e+00,2.0390861325956919359e+00
2.5851703406813624220e+00,2.0391069734523279422e+00
2.5951903807615228637e+00,2.0391278143089639485e+00
2.6052104208416833053e+00,2.0391486551655999548e+00
2.6152304609218437470e+00,2.0391694960222355171e+00
2.6252505010020037446e+00,2.0391903368788706352e+00
2.6352705410821641863e+00,2.0392111777355061975e+00
2.6452905811623246279e+00,2.0392320185921417597e+00
2.6553106212424850696e+00,2.0392528594487777660e+00
2.6653306613226450672e+00,2.0392737003054137723e+00
2.6753507014028055089e+00,2.0392945411620493346e+00
2.6853707414829659506e+00,2.0393153820186857850e+00
2.6953907815631259481e+00,2.0393362228753217913e+00
2.7054108216432863898e+00,2.0393570637319573535e+00
2.7154308617234468315e+00,2.0393779045885929158e+00
2.7254509018036072732e+00,2.0393987454452280339e+00
2.7354709418837672708e+00,2.0394195863018631520e+00
2.7454909819639277124e+00,2.0394404271584978261e+00
2.7555110220440881541e+00,2.0394612680151320561e+00
2.7655310621242485958e+00,2.0394821088717662860e+00
2.7755511022044085934e+00,2.0395029497284005160e+00
2.7855711422845690350e+00,2.0395237905850347460e+00
2.7955911823647294767e+00,2.0395446314416689759e+00
2.8056112224448894743e+00,2.0395654722983036500e+00
2.8156312625250499160e+00,2.0395863131549383240e+00
2.8256513026052103577e+00,2.0396071540115734422e+00
2.8356713426853707993e+00,2.0396279948682085603e+00
2.8456913827655307969e+00,2.0396488357248441226e+00
2.8557114228456912386e+00,2.0396696765814792407e+00
2.8657314629258516803e+00,2.0396905174381143588e+00
2.8757515030060121219e+00,2.0397113582947499211e+00
2.8857715430861721195e+00,2.0397321991513850392e+00
2.8957915831663325612e+00,2.0397530400080197133e+00
2.9058116232464930029e+00,2.0397738808646543873e+00
2.9158316633266530005e+00,2.0397947217212890614e+00
2.9258517034068134421e+00,2.0398155625779237354e+00
2.9358717434869738838e+00,2.0398364034345584095e+00
2.9458917835671343255e+00,2.0398572442911930835e+00
2.9559118236472943231e+00,2.0398780851478282017e+00
2.9659318637274547648e+00,2.0398989260044633198e+00
2.9759519038076152064e+00,2.0399197668610979939e+00
2.9859719438877756481e+00,2.0399406077177326679e+00
2.9959919839679356457e+00,2.0399614485743673420e+00
3.0060120240480960874e+00,2.0399822894310020160e+00
3.0160320641282565290e+00,2.0400031302876366901e+00
3.0260521042084165266e+00,2.0400239711442718082e+00
3.0360721442885769683e+00,2.0400448120009069264e+00
3.0460921843687374100e+00,2.0400656528575420445e+00
3.0561122244488978517e+00,2.0400864937141776068e+00
3.0661322645290578492e+00,2.0401073345708127249e+00
3.0761523046092182909e+00,2.0401281754274478430e+00
3.0861723446893787326e+00,2.0401490162840834053e+00
3.0961923847695391743e+00,2.0401698571407189675e+00
3.1062124248496991719e+00,2.0401906979973549738e+00
3.1162324649298596135e+00,2.0402115388539905361e+00
3.1262525050100200552e+00,2.0402323797106265424e+00
3.1362725450901800528e+00,2.0402532205672629928e+00
3.1462925851703404945e+00,2.0402740614238985550e+00
3.1563126252505009361e+00,2.0402949022805345614e+00
3.1663326653306613778e+00,2.0403157431371705677e+00
3.1763527054108213754e+00,2.0403365839938061299e+00
3.1863727454909818171e+00,2.0403574248504416921e+00
3.1963927855711422588e+00,2.0403782657070772544e+00
3.2064128256513022563e+00,2.0403991065637123725e+00
3.2164328657314626980e+00,2.0404199474203479348e+00
3.2264529058116231397e+00,2.0404407882769834970e+00
3.2364729458917835814e+00,2.0404616291336195033e+00
3.2464929859719435790e+00,2.0404824699902555096e+00
3.2565130260521040206e+00,2.0405033108468915160e+00
3.2665330661322644623e+00,2.0405241517035275223e+00
3.2765531062124249040e+00,2.0405449925601635286e+00
3.2865731462925849016e+00,2.0405658334167995349e+00
3.2965931863727453432e+00,2.0405866742734355412e+00
3.3066132264529057849e+00,2.0406075151300711035e+00
3.3166332665330657825e+00,2.0406283559867071098e+00
3.3266533066132262242e+00,2.0406491968433431161e+00
3.3366733466933866659e+00,2.0406700376999791224e+00
3.3466933867735471075e+00,2.0406908785566151288e+00
3.3567134268537071051e+00,2.0407117194132515792e+00
3.3667334669338675468e+00,2.0407325602698871414e+00
3.3767535070140279885e+00,2.0407534011265231477e+00
3.3867735470941884302e+00,2.0407742419831591540e+00
3.3967935871743484277e+00,2.0407950828397947163e+00
3.4068136272545088694e+00,2.0408159236964302785e+00
3.4168336673346693111e+00,2.0408367645530658407e+00
3.4268537074148293087e+00,2.0408576054097009589e+00
3.4368737474949897504e+00,2.0408784462663365211e+00
3.4468937875751501920e+00,2.0408992871229720834e+00
3.4569138276553106337e+00,2.0409201279796080897e+00
3.4669338677354706313e+00,2.0409409688362440960e+00
3.4769539078156310730e+00,2.0409618096928801023e+00
3.4869739478957915146e+00,2.0409826505495161086e+00
3.4969939879759519563e+00,2.0410034914061521150e+00
3.5070140280561119539e+00,2.0410243322627876772e+00
3.5170340681362723956e+00,2.0410451731194232394e+00
3.5270541082164328373e+00,2.0410660139760588017e+00
3.5370741482965928348e+00,2.0410868548326939198e+00
3.5470941883767532765e+00,2.0411076956893294820e+00
3.5571142284569137182e+00,2.0411285365459650443e+00
3.5671342685370741599e+00,2.0411493774026010506e+00
3.5771543086172341575e+00,2.0411702182592375010e+00
3.5871743486973945991e+00,2.0411910591158730632e+00
3.5971943887775550408e+00,2.0412118999725090696e+00
3.6072144288577154825e+00,2.0412327408291455200e+00
3.6172344689378754801e+00,2.0412535816857810822e+00
3.6272545090180359217e+00,2.0412744225424170885e+00
3.6372745490981963634e+00,2.0412952633990535389e+00
3.6472945891783563610e+00,2.0413161042556891012e+00
3.6573146292585168027e+00,2.0413369451123251075e+00
3.6673346693386772444e+00,2.0413577859689611138e+00
3.6773547094188376860e+00,2.0413786268255971201e+00
3.6873747494989976836e+00,2.0413994676822331265e+00
3.6973947895791581253e+00,2.0414203085388691328e+00
3.7074148296593185670e+00,2.0414411493955051391e+00
3.7174348697394790086e+00,2.0414619902521407013e+00
3.7274549098196390062e+00,2.0414828311087758195e+00
3.7374749498997994479e+00,2.0415036719654109376e+00
3.7474949899799598896e+00,2.0415245128220464998e+00
3.7575150300601198872e+00,2.0415453536786820621e+00
3.7675350701402803288e+00,2.0415661945353180684e+00
3.7775551102204407705e+00,2.0415870353919540747e+00
3.7875751503006012122e+00,2.0416078762485900810e+00
3.7975951903807612098e+00,2.0416287171052260874e+00
3.8076152304609216515e+00,2.0416495579618620937e+00
3.8176352705410820931e+00,2.0416703988184976559e+00
3.8276553106212425348e+00,2.0416912396751332182e+00
3.8376753507014025324e+00,2.0417120805317683363e+00
3.8476953907815629741e+00,2.0417329213884038985e+00
3.8577154308617234157e+00,2.0417537622450399049e+00
3.8677354709418834133e+00,2.0417746031016759112e+00
3.8777555110220438550e+00,2.0417954439583119175e+00
3.8877755511022042967e+00,2.0418162848149479238e+00
3.8977955911823647384e+00,2.0418371256715839301e+00
3.9078156312625247359e+00,2.0418579665282194924e+00
3.9178356713426851776e+00,2.0418788073848546105e+00
3.9278557114228456193e+00,2.0418996482414897287e+00
3.9378757515030060610e+00,2.0419204890981257350e+00
3.9478957915831660586e+00,2.0419413299547612972e+00
3.9579158316633265002e+00,2.0419621708113968594e+00
3.9679358717434869419e+00,2.0419830116680328658e+00
3.9779559118236469395e+00,2.0420038525246688721e+00
3.9879759519038073812e+00,2.0420246933813048784e+00
3.9979959919839678228e+00,2.0420455342379408847e+00
4.0080160320641278204e+00,2.0420663750945764470e+00
4.0180360721442882621e+00,2.0420872159512120092e+00
4.0280561122244487038e+00,2.0421080568078475714e+00
4.0380761523046091455e+00,2.0421288976644826896e+00
4.0480961923847695871e+00,2.0421497385211182518e+00
4.0581162324649300288e+00,2.0421705793777538140e+00
4.0681362725450895823e+00,2.0421914202343889322e+00
4.0781563126252500240e+00,2.0422122610910244944e+00
4.0881763527054104657e+00,2.0422331019476600567e+00
4.0981963927855709073e+00,2.0422539428042956189e+00
4.1082164328657313490e+00,2.0422747836609320693e+00
4.1182364729458917907e+00,2.0422956245175680756e+00
4.1282565130260522324e+00,2.0423164653742040819e+00
4.1382765531062126740e+00,2.0423373062308405324e+00
4.1482965931863722275e+00,2.0423581470874769828e+00
4.1583166332665326692e+00,2.0423789879441134332e+00
4.1683366733466931109e+00,2.0423998288007498836e+00
4.1783567134268535526e+00,2.0424206696573863340e+00
4.1883767535070139942e+00,2.0424415105140236726e+00
4.1983967935871744359e+00,2.0424623513706610112e+00
4.2084168336673348776e+00,2.0424831922272983498e+00
4.2184368737474944311e+00,2.0425040330839352443e+00
4.2284569138276548728e+00,2.0425248739405725829e+00
4.2384769539078153144e+00,2.0425457147972099214e+00
4.2484969939879757561e+00,2.0425665556538472600e+00
4.2585170340681361978e+00,2.0425873965104845986e+00
4.2685370741482966395e+00,2.0426082373671228254e+00
4.2785571142284570811e+00,2.0426290782237610522e+00
4.2885771543086166346e+00,2.0426499190803997230e+00
4.2985971943887770763e+00,2.0426707599370379498e+00
4.3086172344689375180e+00,2.0426916007936770647e+00
4.3186372745490979597e+00,2.0427124416503157356e+00
4.3286573146292584013e+00,2.0427332825069544064e+00
4.3386773547094188430e+00,2.0427541233635935214e+00
4.3486973947895792847e+00,2.0427749642202326363e+00
4.3587174348697397264e+00,2.0427958050768717513e+00
4.3687374749498992799e+00,2.0428166459335104221e+00
4.3787575150300597215e+00,2.0428374867901490930e+00
4.3887775551102201632e+00,2.0428583276467877639e+00
4.3987975951903806049e+00,2.0428791685034268788e+00
4.4088176352705410466e+00,2.0429000093600659937e+00
4.4188376753507014882e+00,2.0429208502167051087e+00
4.4288577154308619299e+00,2.0429416910733442236e+00
4.4388777555110214834e+00,2.0429625319299833386e+00
4.4488977955911819251e+00,2.0429833727866220094e+00
4.4589178356713423668e+00,2.0430042136432611244e+00
4.4689378757515028084e+00,2.0430250544999006834e+00
4.4789579158316632501e+00,2.0430458953565397984e+00
4.4889779559118236918e+00,2.0430667362131793574e+00
4.4989979959919841335e+00,2.0430875770698189164e+00
4.5090180360721436870e+00,2.0431084179264580314e+00
4.5190380761523041286e+00,2.0431292587830971463e+00
4.5290581162324645703e+00,2.0431500996397358172e+00
4.5390781563126250120e+00,2.0431709404963744880e+00
4.5490981963927854537e+00,2.0431917813530136030e+00
4.5591182364729458953e+00,2.0432126222096522739e+00
4.5691382765531063370e+00,2.0432334630662913888e+00
4.5791583166332667787e+00,2.0432543039229296156e+00
4.5891783567134263322e+00,2.0432751447795678423e+00
4.5991983967935867739e+00,2.0432959856362060691e+00
4.6092184368737472155e+00,2.0433168264928442959e+00
4.6192384769539076572e+00,2.0433376673494825226e+00
4.6292585170340680989e+00,2.0433585082061207494e+00
4.6392785571142285406e+00,2.0433793490627589762e+00
4.6492985971943889822e+00,2.0434001899193972029e+00
4.6593186372745485357e+00,2.0434210307760354297e+00
4.6693386773547089774e+00,2.0434418716326736565e+00
4.6793587174348694191e+00,2.0434627124893118832e+00
4.6893787575150298608e+00,2.0434835533459501100e+00
4.6993987975951903024e+00,2.0435043942025883368e+00
4.7094188376753507441e+00,2.0435252350592261195e+00
4.7194388777555111858e+00,2.0435460759158643462e+00
4.7294589178356707393e+00,2.0435669167725021289e+00
4.7394789579158311810e+00,2.0435877576291399116e+00
4.7494989979959916226e+00,2.0436085984857781384e+00
4.7595190380761520643e+00,2.0436294393424163651e+00
4.7695390781563125060e+00,2.0436502801990545919e+00
4.7795591182364729477e+00,2.0436711210556928187e+00
4.7895791583166333893e+00,2.0436919619123314895e+00
4.7995991983967938310e+00,2.0437128027689706045e+00
4.8096192384769533845e+00,2.0437336436256092753e+00
4.8196392785571138262e+00,2.0437544844822483903e+00
4.8296593186372742679e+00,2.0437753253388870611e+00
4.8396793587174347095e+00,2.0437961661955261761e+00
4.8496993987975951512e+00,2.0438170070521652910e+00
4.8597194388777555929e+00,2.0438378479088039619e+00
4.8697394789579160346e+00,2.0438586887654426327e+00
4.8797595190380755881e+00,2.0438795296220817477e+00
4.8897795591182360297e+00,2.0439003704787204185e+00
4.8997995991983964714e+00,2.0439212113353595335e+00
4.9098196392785569131e+00,2.0439420521919990925e+00
4.9198396793587173548e+00,2.0439628930486382075e+00
4.9298597194388777964e+00,2.0439837339052777665e+00
4.9398797595190382381e+00,2.0440045747619177696e+00
4.9498997995991977916e+00,2.0440254156185573287e+00
4.9599198396793582333e+00,2.0440462564751968877e+00
4.9699398797595186750e+00,2.0440670973318364467e+00
4.9799599198396791166e+00,2.0440879381884764499e+00
4.9899799599198395583e+00,2.0441087790451160089e+00
5.0000000000000000000e+00,0.0000000000000000000e+00
