0.0000000000000000000e+00,-3.2544724105808273270e-13
1.0020040080160320245e-02,1.0019593276730964782e-02
2.0040080160320640490e-02,2.0035268383485335675e-02
3.0060120240480960735e-02,3.0043236800724910929e-02
4.0080160320641280980e-02,4.0039861884707039774e-02
5.0100200400801597755e-02,5.0021654331904683022e-02
6.0120240480961921470e-02,5.9985267763930663620e-02
7.0140280561122245184e-02,6.9927494429657052755e-02
8.0160320641282561960e-02,7.9845261021617139341e-02
9.0180360721442878735e-02,8.9735624603847444214e-02
1.0020040080160319551e-01,9.9595768648393645517e-02
1.1022044088176352616e-01,1.0942299917777266460e-01
1.2024048096192384294e-01,1.1921474101074561180e-01
1.3026052104208415972e-01,1.2896853410882147539e-01
1.4028056112224449037e-01,1.3868203002097156951e-01
1.5030060120240479327e-01,1.4835298842409619380e-01
1.6032064128256512392e-01,1.5797927375684370221e-01
1.7034068136272545457e-01,1.6755885194443878583e-01
1.8036072144288575747e-01,1.7708978721223439523e-01
1.9038076152304608812e-01,1.8657023898575564314e-01
2.0040080160320639102e-01,1.9599845887505779052e-01
2.1042084168336672167e-01,2.0537278774127318282e-01
2.2044088176352705233e-01,2.1469165284327276777e-01
2.3046092184368735523e-01,2.2395356506241764771e-01
2.4048096192384768588e-01,2.3315711620342599586e-01
2.5050100200400798878e-01,2.4230097636942610206e-01
2.6052104208416831943e-01,2.5138389140931588495e-01
2.7054108216432865008e-01,2.6040468043559145128e-01
2.8056112224448898074e-01,2.6936223341085446803e-01
2.9058116232464931139e-01,2.7825550880124927389e-01
3.0060120240480958653e-01,2.8708353129512442781e-01
3.1062124248496991719e-01,2.9584538958525469221e-01
3.2064128256513024784e-01,3.0454023421299780683e-01
3.3066132264529057849e-01,3.1316727547280309718e-01
3.4068136272545090915e-01,3.2172578137552526600e-01
3.5070140280561118429e-01,3.3021507566903385289e-01
3.6072144288577151494e-01,3.3863453591464770520e-01
3.7074148296593184559e-01,3.4698359161795827577e-01
3.8076152304609217625e-01,3.5526172241263986873e-01
3.9078156312625250690e-01,3.6346845629588114823e-01
4.0080160320641278204e-01,3.7160336791410364388e-01
4.1082164328657311270e-01,3.7966607689766718181e-01
4.2084168336673344335e-01,3.8765624624329231285e-01
4.3086172344689377400e-01,3.9557358074296233852e-01
4.4088176352705410466e-01,4.0341782545809795613e-01
4.5090180360721443531e-01,4.1118876423782446672e-01
4.6092184368737471045e-01,4.1888621828018518523e-01
4.7094188376753504111e-01,4.2651004473517867277e-01
4.8096192384769537176e-01,4.3406013534852583291e-01
4.9098196392785570241e-01,4.4153641514510255650e-01
5.0100200400801597755e-01,4.4893884115099619292e-01
5.1102204408817630821e-01,4.5626740115317238056e-01
5.2104208416833663886e-01,4.6352211249576225072e-01
5.3106212424849696951e-01,4.7070302091200599826e-01
5.4108216432865730017e-01,4.7781019939091001758e-01
5.5110220440881763082e-01,4.8484374707770250268e-01
5.6112224448897796147e-01,4.9180378820718984034e-01
5.7114228456913829213e-01,4.9869047106914343725e-01
5.8116232464929862278e-01,5.0550396700486366353e-01
5.9118236472945884241e-01,5.1224446943409329691e-01
6.0120240480961917307e-01,5.1891219291146895021e-01
6.1122244488977950372e-01,5.2550737221172327818e-01
6.2124248496993983437e-01,5.3203026144286702515e-01
6.3126252505010016502e-01,5.3848113318660217885e-01
6.4128256513026049568e-01,5.4486027766523315030e-01
6.5130260521042082633e-01,5.5116800193436499278e-01
6.6132264529058115698e-01,5.5740462910069088487e-01
6.7134268537074148764e-01,5.6357049756419352882e-01
6.8136272545090181829e-01,5.6966596028409655084e-01
6.9138276553106214894e-01,5.7569138406792619289e-01
7.0140280561122236858e-01,5.8164714888305057983e-01
7.1142284569138269923e-01,5.8753364719008804862e-01
7.2144288577154302988e-01,5.9335128329758446419e-01
7.3146292585170336054e-01,5.9910047273738176177e-01
7.4148296593186369119e-01,6.0478164166010739411e-01
7.5150300601202402184e-01,6.1039522625023401314e-01
7.6152304609218435250e-01,6.1594167216016970645e-01
7.7154308617234468315e-01,6.2142143396285542956e-01
7.8156312625250501380e-01,6.2683497462235537867e-01
7.9158316633266534446e-01,6.3218276498194547752e-01
8.0160320641282556409e-01,6.3746528326920981478e-01
8.1162324649298589474e-01,6.4268301461767518568e-01
8.2164328657314622539e-01,6.4783645060452088593e-01
8.3166332665330655605e-01,6.5292608880391389548e-01
8.4168336673346688670e-01,6.5795243235553102501e-01
8.5170340681362721735e-01,6.6291598954784380915e-01
8.6172344689378754801e-01,6.6781727341574570467e-01
8.7174348697394787866e-01,6.7265680135212235768e-01
8.8176352705410820931e-01,6.7743509473296326107e-01
8.9178356713426853997e-01,6.8215267855563666011e-01
9.0180360721442887062e-01,6.8681008108994878736e-01
9.1182364729458909025e-01,6.9140783354162449470e-01
9.2184368737474942090e-01,6.9594646972785356720e-01
9.3186372745490975156e-01,7.0042652576455433078e-01
9.4188376753507008221e-01,7.0484853976502126471e-01
9.5190380761523041286e-01,7.0921305154962399619e-01
9.6192384769539074352e-01,7.1352060236624081924e-01
9.7194388777555107417e-01,7.1777173462111276692e-01
9.8196392785571140482e-01,7.2196699161981636728e-01
9.9198396793587173548e-01,7.2610691731805832028e-01
1.0020040080160319551e+00,7.3019205608200621338e-01
1.0120240480961923968e+00,7.3422295245787216889e-01
1.0220440881763526164e+00,7.3820015095047830656e-01
1.0320641282565130581e+00,7.4212419581053989948e-01
1.0420841683366732777e+00,7.4599563083040343336e-01
1.0521042084168337194e+00,7.4981499914799121242e-01
1.0621242484969939390e+00,7.5358284305870615327e-01
1.0721442885771541587e+00,7.5729970383505740283e-01
1.0821643286573146003e+00,7.6096612155377596487e-01
1.0921843687374748200e+00,7.6458263493019140711e-01
1.1022044088176352616e+00,7.6814978115965504291e-01
1.1122244488977954813e+00,7.7166809576578754282e-01
1.1222444889779559229e+00,7.7513811245534891547e-01
1.1322645290581161426e+00,7.7856036297952491143e-01
1.1422845691382765843e+00,7.8193537700143311842e-01
1.1523046092184368039e+00,7.8526368196965612434e-01
1.1623246492985972456e+00,7.8854580299761511952e-01
1.1723446893787574652e+00,7.9178226274860230571e-01
1.1823647294589176848e+00,7.9497358132629325489e-01
1.1923847695390781265e+00,7.9812027617057046402e-01
1.2024048096192383461e+00,8.0122286195848568813e-01
1.2124248496993987878e+00,8.0428185051020362195e-01
1.2224448897795590074e+00,8.0729775069976339452e-01
1.2324649298597194491e+00,8.1027106837050710819e-01
1.2424849699398796687e+00,8.1320230625502232247e-01
1.2525050100200401104e+00,8.1609196389945715122e-01
1.2625250501002003300e+00,8.1894053759205898135e-01
1.2725450901803607717e+00,8.2174852029580813806e-01
1.2825651302605209914e+00,8.2451640158500361100e-01
1.2925851703406812110e+00,8.2724466758567472002e-01
1.3026052104208416527e+00,8.2993380091969293222e-01
1.3126252505010018723e+00,8.3258428065245693173e-01
1.3226452905811623140e+00,8.3519658224403392488e-01
1.3326653306613225336e+00,8.3777117750363960802e-01
1.3426853707414829753e+00,8.4030853454734355523e-01
1.3527054108216431949e+00,8.4280911775889011395e-01
1.3627254509018036366e+00,8.4527338775352822697e-01
1.3727454909819638562e+00,8.4770180134474470979e-01
1.3827655310621242979e+00,8.5009481151380206221e-01
1.3927855711422845175e+00,8.5245286738198133847e-01
1.4028056112224447372e+00,8.5477641418543437446e-01
1.4128256513026051788e+00,8.5706589325255444489e-01
1.4228456913827653985e+00,8.5932174198377331287e-01
1.4328657314629258401e+00,8.6154439383369874061e-01
1.4428857715430860598e+00,8.6373427829550752932e-01
1.4529058116232465014e+00,8.6589182088751015520e-01
1.4629258517034067211e+00,8.6801744314180839801e-01
1.4729458917835671627e+00,8.7011156259496791332e-01
1.4829659318637273824e+00,8.7217459278062947625e-01
1.4929859719438878241e+00,8.7420694322398762033e-01
1.5030060120240480437e+00,8.7620901943806217549e-01
1.5130260521042082633e+00,8.7818122292169709109e-01
1.5230460921843687050e+00,8.8012395115921826516e-01
1.5330661322645289246e+00,8.8203759762168365555e-01
1.5430861723446893663e+00,8.8392255176966560981e-01
1.5531062124248495859e+00,8.8577919905750146512e-01
1.5631262525050100276e+00,8.8760792093895535260e-01
1.5731462925851702472e+00,8.8940909487423169821e-01
1.5831663326653306889e+00,8.9118309433828502009e-01
1.5931863727454909085e+00,8.9293028883037250942e-01
1.6032064128256511282e+00,8.9465104388479588238e-01
1.6132264529058115698e+00,8.9634572108278354197e-01
1.6232464929859717895e+00,8.9801467806545842709e-01
1.6332665330661322312e+00,8.9965826854785246880e-01
1.6432865731462924508e+00,9.0127684233391169855e-01
1.6533066132264528925e+00,9.0287074533245315067e-01
1.6633266533066131121e+00,9.0444031957402892807e-01
1.6733466933867735538e+00,9.0598590322865257818e-01
1.6833667334669337734e+00,9.0750783062435025350e-01
1.6933867735470942151e+00,9.0900643226649435746e-01
1.7034068136272544347e+00,9.1048203485788437028e-01
1.7134268537074146543e+00,9.1193496131953177830e-01
1.7234468937875750960e+00,9.1336553081212179528e-01
1.7334669338677353156e+00,9.1477405875810824387e-01
1.7434869739478957573e+00,9.1616085686441484093e-01
1.7535070140280559770e+00,9.1752623314570491697e-01
1.7635270541082164186e+00,9.1887049194819259146e-01
1.7735470941883766383e+00,9.2019393397396020973e-01
1.7835671342685370799e+00,9.2149685630575683959e-01
1.7935871743486972996e+00,9.2277955243224618620e-01
1.8036072144288577412e+00,9.2404231227367805701e-01
1.8136272545090179609e+00,9.2528542220795528817e-01
1.8236472945891781805e+00,9.2650916509707115232e-01
1.8336673346693386222e+00,9.2771382031389304501e-01
1.8436873747494988418e+00,9.2889966376926502711e-01
1.8537074148296592835e+00,9.3006696793941256995e-01
1.8637274549098195031e+00,9.3121600189361808386e-01
1.8737474949899799448e+00,9.3234703132215357435e-01
1.8837675350701401644e+00,9.3346031856444411368e-01
1.8937875751503006061e+00,9.3455612263744491930e-01
1.9038076152304608257e+00,9.3563469926421061196e-01
1.9138276553106212674e+00,9.3669630090263988897e-01
1.9238476953907814870e+00,9.3774117677437618390e-01
1.9338677354709417067e+00,9.3876957289384377336e-01
1.9438877755511021483e+00,9.3978173209741111549e-01
1.9539078156312623680e+00,9.4077789407265366428e-01
1.9639278557114228096e+00,9.4175829538771183014e-01
1.9739478957915830293e+00,9.4272316952071899543e-01
1.9839679358717434710e+00,9.4367274688929247972e-01
1.9939879759519036906e+00,9.4460725488007113437e-01
2.0040080160320639102e+00,9.4552691787828180292e-01
2.0140280561122243519e+00,9.4643195729733076149e-01
2.0240480961923847936e+00,9.4732259160839848988e-01
2.0340681362725447912e+00,9.4819903637003233321e-01
2.0440881763527052328e+00,9.4906150425772151102e-01
2.0541082164328656745e+00,9.4991020509344659128e-01
2.0641282565130261162e+00,9.5074534587518932938e-01
2.0741482965931861138e+00,9.5156713080639654390e-01
2.0841683366733465554e+00,9.5237576132538648288e-01
2.0941883767535069971e+00,9.5317143613468768848e-01
2.1042084168336674388e+00,9.5395435123030170033e-01
2.1142284569138274364e+00,9.5472469993088238116e-01
2.1242484969939878781e+00,9.5548267290682287189e-01
2.1342685370741483197e+00,9.5622845820924196047e-01
2.1442885771543083173e+00,9.5696224129886187093e-01
2.1543086172344687590e+00,9.5768420507477314274e-01
2.1643286573146292007e+00,9.5839452990307638647e-01
2.1743486973947896423e+00,9.5909339364539558659e-01
2.1843687374749496399e+00,9.5978097168725862165e-01
2.1943887775551100816e+00,9.6045743696633589792e-01
2.2044088176352705233e+00,9.6112296000053420997e-01
2.2144288577154309650e+00,9.6177770891593894476e-01
2.2244488977955909625e+00,9.6242184947460041045e-01
2.2344689378757514042e+00,9.6305554510215785058e-01
2.2444889779559118459e+00,9.6367895691530036650e-01
2.2545090180360718435e+00,9.6429224374905508910e-01
2.2645290581162322852e+00,9.6489556218390315490e-01
2.2745490981963927268e+00,9.6548906657271815757e-01
2.2845691382765531685e+00,9.6607290906752130155e-01
2.2945891783567131661e+00,9.6664723964605336892e-01
2.3046092184368736078e+00,9.6721220613815872547e-01
2.3146292585170340494e+00,9.6776795425197770228e-01
2.3246492985971944911e+00,9.6831462759994368916e-01
2.3346693386773544887e+00,9.6885236772458749321e-01
2.3446893787575149304e+00,9.6938131412413897081e-01
2.3547094188376753721e+00,9.6990160427793059572e-01
2.3647294589178353696e+00,9.7041337367159474780e-01
2.3747494989979958113e+00,9.7091675582205883011e-01
2.3847695390781562530e+00,9.7141188230233121992e-01
2.3947895791583166947e+00,9.7189888276607949713e-01
2.4048096192384766923e+00,9.7237788497199861837e-01
2.4148296593186371339e+00,9.7284901480796814877e-01
2.4248496993987975756e+00,9.7331239631499544274e-01
2.4348697394789580173e+00,9.7376815171094632806e-01
2.4448897795591180149e+00,9.7421640141406085078e-01
2.4549098196392784565e+00,9.7465726406625396994e-01
2.4649298597194388982e+00,9.7509085655619920363e-01
2.4749498997995988958e+00,9.7551729404219611475e-01
2.4849699398797593375e+00,9.7593668997482097005e-01
2.4949899799599197792e+00,9.7634915611935846336e-01
2.5050100200400802208e+00,9.7675480257801683415e-01
2.5150300601202402184e+00,9.7715373781192393920e-01
2.5250501002004006601e+00,9.7754606866290616463e-01
2.5350701402805611018e+00,9.7793190037504840184e-01
2.5450901803607215435e+00,9.7831133661603575380e-01
2.5551102204408815410e+00,9.7868447949827808152e-01
2.5651302605210419827e+00,9.7905142959981639184e-01
2.5751503006012024244e+00,9.7941228598501206548e-01
2.5851703406813624220e+00,9.7976714622501814844e-01
2.5951903807615228637e+00,9.8011610641803648125e-01
2.6052104208416833053e+00,9.8045926120935611436e-01
2.6152304609218437470e+00,9.8079670381117822764e-01
2.6252505010020037446e+00,9.8112852602222500042e-01
2.6352705410821641863e+00,9.8145481824713631802e-01
2.6452905811623246279e+00,9.8177566951565076181e-01
2.6553106212424850696e+00,9.8209116750157710030e-01
2.6653306613226450672e+00,9.8240139854155172916e-01
2.6753507014028055089e+00,9.8270644765358594608e-01
2.6853707414829659506e+00,9.8300639855540639100e-01
2.6953907815631259481e+00,9.8330133368258210158e-01
2.7054108216432863898e+00,9.8359133420644795365e-01
2.7154308617234468315e+00,9.8387648005182060107e-01
2.7254509018036072732e+00,9.8415684991450724795e-01
2.7354709418837672708e+00,9.8443252127861358147e-01
2.7454909819639277124e+00,9.8470357043364531435e-01
2.7555110220440881541e+00,9.8497007249141155238e-01
2.7655310621242485958e+00,9.8523210140272476920e-01
2.7755511022044085934e+00,9.8548972997390227313e-01
2.7855711422845690350e+00,9.8574302988307194173e-01
2.7955911823647294767e+00,9.8599207169627922642e-01
2.8056112224448894743e+00,9.8623692488339920192e-01
2.8156312625250499160e+00,9.8647765783385676919e-01
2.8256513026052103577e+00,9.8671433787215301336e-01
2.8356713426853707993e+00,9.8694703127320071445e-01
2.8456913827655307969e+00,9.8717580327747156410e-01
2.8557114228456912386e+00,9.8740071810595497759e-01
2.8657314629258516803e+00,9.8762183897493005524e-01
2.8757515030060121219e+00,9.8783922811055369095e-01
2.8857715430861721195e+00,9.8805294676326393954e-01
2.8957915831663325612e+00,9.8826305522200352804e-01
2.9058116232464930029e+00,9.8846961282826084627e-01
2.9158316633266530005e+00,9.8867267798993441197e-01
2.9258517034068134421e+00,9.8887230819501747980e-01
2.9358717434869738838e+00,9.8906856002511067683e-01
2.9458917835671343255e+00,9.8926148916875755734e-01
2.9559118236472943231e+00,9.8945115043460896143e-01
2.9659318637274547648e+00,9.8963759776441651006e-01
2.9759519038076152064e+00,9.8982088424585679132e-01
2.9859719438877756481e+00,9.9000106212518779181e-01
2.9959919839679356457e+00,9.9017818281974023797e-01
3.0060120240480960874e+00,9.9035229693024251496e-01
3.0160320641282565290e+00,9.9052345425298482517e-01
3.0260521042084165266e+00,9.9069170379182103225e-01
3.0360721442885769683e+00,9.9085709377001141007e-01
3.0460921843687374100e+00,9.9101967164190707393e-01
3.0561122244488978517e+00,9.9117948410447831442e-01
3.0661322645290578492e+00,9.9133657710868694490e-01
3.0761523046092182909e+00,9.9149099587070832484e-01
3.0861723446893787326e+00,9.9164278488299839598e-01
3.0961923847695391743e+00,9.9179198792521394701e-01
3.1062124248496991719e+00,9.9193864807498122182e-01
3.1162324649298596135e+00,9.9208280771852119795e-01
3.1262525050100200552e+00,9.9222450856112676121e-01
3.1362725450901800528e+00,9.9236379163749710575e-01
3.1462925851703404945e+00,9.9250069732193191285e-01
3.1563126252505009361e+00,9.9263526533838220001e-01
3.1663326653306613778e+00,9.9276753477036394635e-01
3.1763527054108213754e+00,9.9289754407073438358e-01
3.1863727454909818171e+00,9.9302533107133172940e-01
3.1963927855711422588e+00,9.9315093299248125014e-01
3.2064128256513022563e+00,9.9327438645236809656e-01
3.2164328657314626980e+00,9.9339572747627924443e-01
3.2264529058116231397e+00,9.9351499150571565000e-01
3.2364729458917835814e+00,9.9363221340737650777e-01
3.2464929859719435790e+00,9.9374742748201594367e-01
3.2565130260521040206e+00,9.9386066747317580727e-01
3.2665330661322644623e+00,9.9397196657579445223e-01
3.2765531062124249040e+00,9.9408135744469139361e-01
3.2865731462925849016e+00,9.9418887220293328255e-01
3.2965931863727453432e+00,9.9429454245008064284e-01
3.3066132264529057849e+00,9.9439839927031559164e-01
3.3166332665330657825e+00,9.9450047324045287578e-01
3.3266533066132262242e+00,9.9460079443783766528e-01
3.3366733466933866659e+00,9.9469939244812777268e-01
3.3466933867735471075e+00,9.9479629637296507205e-01
3.3567134268537071051e+00,9.9489153483753434148e-01
3.3667334669338675468e+00,9.9498513599801508001e-01
3.3767535070140279885e+00,9.9507712754892319040e-01
3.3867735470941884302e+00,9.9516753673034696881e-01
3.3967935871743484277e+00,9.9525639033507717901e-01
3.4068136272545088694e+00,9.9534371471563320988e-01
3.4168336673346693111e+00,9.9542953579118698126e-01
3.4268537074148293087e+00,9.9551387905438515347e-01
3.4368737474949897504e+00,9.9559676957807030639e-01
3.4468937875751501920e+00,9.9567823202190508525e-01
3.4569138276553106337e+00,9.9575829063889720327e-01
3.4669338677354706313e+00,9.9583696928182874331e-01
3.4769539078156310730e+00,9.9591429140958998012e-01
3.4869739478957915146e+00,9.9599028009342127632e-01
3.4969939879759519563e+00,9.9606495802305938803e-01
3.5070140280561119539e+00,9.9613834751279473068e-01
3.5170340681362723956e+00,9.9621047050743749551e-01
3.5270541082164328373e+00,9.9628134858819494823e-01
3.5370741482965928348e+00,9.9635100297846213024e-01
3.5470941883767532765e+00,9.9641945454952307593e-01
3.5571142284569137182e+00,9.9648672382617009546e-01
3.5671342685370741599e+00,9.9655283099223535004e-01
3.5771543086172341575e+00,9.9661779589604293506e-01
3.5871743486973945991e+00,9.9668163805577481007e-01
3.5971943887775550408e+00,9.9674437666476001230e-01
3.6072144288577154825e+00,9.9680603059668038135e-01
3.6172344689378754801e+00,9.9686661841069956758e-01
3.6272545090180359217e+00,9.9692615835651388068e-01
3.6372745490981963634e+00,9.9698466837932686602e-01
3.6472945891783563610e+00,9.9704216612474694248e-01
3.6573146292585168027e+00,9.9709866894361276479e-01
3.6673346693386772444e+00,9.9715419389674331274e-01
3.6773547094188376860e+00,9.9720875775961625997e-01
3.6873747494989976836e+00,9.9726237702697373422e-01
3.6973947895791581253e+00,9.9731506791736057593e-01
3.7074148296593185670e+00,9.9736684637758921124e-01
3.7174348697394790086e+00,9.9741772808713802245e-01
3.7274549098196390062e+00,9.9746772846248310529e-01
3.7374749498997994479e+00,9.9751686266136174730e-01
3.7474949899799598896e+00,9.9756514558697073625e-01
3.7575150300601198872e+00,9.9761259189209983145e-01
3.7675350701402803288e+00,9.9765921598320195240e-01
3.7775551102204407705e+00,9.9770503202440008472e-01
3.7875751503006012122e+00,9.9775005394143179149e-01
3.7975951903807612098e+00,9.9779429542553266241e-01
3.8076152304609216515e+00,9.9783776993726047699e-01
3.8176352705410820931e+00,9.9788049071025963777e-01
3.8276553106212425348e+00,9.9792247075496487430e-01
3.8376753507014025324e+00,9.9796372286225021320e-01
3.8476953907815629741e+00,9.9800425960702054962e-01
3.8577154308617234157e+00,9.9804409335174470996e-01
3.8677354709418834133e+00,9.9808323624993700030e-01
3.8777555110220438550e+00,9.9812170024958002390e-01
3.8877755511022042967e+00,9.9815949709649853805e-01
3.8977955911823647384e+00,9.9819663833767668937e-01
3.9078156312625247359e+00,9.9823313532452440100e-01
3.9178356713426851776e+00,9.9826899921609313360e-01
3.9278557114228456193e+00,9.9830424098224013196e-01
3.9378757515030060610e+00,9.9833887140674315575e-01
3.9478957915831660586e+00,9.9837290109036624930e-01
3.9579158316633265002e+00,9.9840634045387655071e-01
3.9679358717434869419e+00,9.9843919974101402737e-01
3.9779559118236469395e+00,9.9847148902141380500e-01
3.9879759519038073812e+00,9.9850321819348275554e-01
3.9979959919839678228e+00,9.9853439698722989970e-01
4.0080160320641278204e+00,9.9856503496705228962e-01
4.0180360721442882621e+00,9.9859514153447581641e-01
4.0280561122244487038e+00,9.9862472593085449546e-01
4.0380761523046091455e+00,9.9865379724002378836e-01
4.0480961923847695871e+00,9.9868236439091462309e-01
4.0581162324649300288e+00,9.9871043616012356026e-01
4.0681362725450895823e+00,9.9873802117444232529e-01
4.0781563126252500240e+00,9.9876512791334859376e-01
4.0881763527054104657e+00,9.9879176471145503236e-01
4.0981963927855709073e+00,9.9881793976091914899e-01
4.1082164328657313490e+00,9.9884366111381628350e-01
4.1182364729458917907e+00,9.9886893668447274131e-01
4.1282565130260522324e+00,9.9889377425176228975e-01
4.1382765531062126740e+00,9.9891818146136557299e-01
4.1482965931863722275e+00,9.9894216582799288950e-01
4.1583166332665326692e+00,9.9896573473757221961e-01
4.1683366733466931109e+00,9.9898889544940139285e-01
4.1783567134268535526e+00,9.9901165509826417299e-01
4.1883767535070139942e+00,9.9903402069651503492e-01
4.1983967935871744359e+00,9.9905599913612763707e-01
4.2084168336673348776e+00,9.9907759719071231874e-01
4.2184368737474944311e+00,9.9909882151749818124e-01
4.2284569138276548728e+00,9.9911967865928663635e-01
4.2384769539078153144e+00,9.9914017504637020473e-01
4.2484969939879757561e+00,9.9916031699842244862e-01
4.2585170340681361978e+00,9.9918011072635481984e-01
4.2685370741482966395e+00,9.9919956233414608526e-01
4.2785571142284570811e+00,9.9921867782063966690e-01
4.2885771543086166346e+00,9.9923746308131344840e-01
4.2985971943887770763e+00,9.9925592391001960557e-01
4.3086172344689375180e+00,9.9927406600069623721e-01
4.3186372745490979597e+00,9.9929189494905168445e-01
4.3286573146292584013e+00,9.9930941625422131658e-01
4.3386773547094188430e+00,9.9932663532039600618e-01
4.3486973947895792847e+00,9.9934355745842573526e-01
4.3587174348697397264e+00,9.9936018788739566787e-01
4.3687374749498992799e+00,9.9937653173617713165e-01
4.3787575150300597215e+00,9.9939259404495262018e-01
4.3887775551102201632e+00,9.9940837976671637044e-01
4.3987975951903806049e+00,9.9942389376875018225e-01
4.4088176352705410466e+00,9.9943914083407414672e-01
4.4188376753507014882e+00,9.9945412566287505918e-01
4.4288577154308619299e+00,9.9946885287390974106e-01
4.4388777555110214834e+00,9.9948332700588693456e-01
4.4488977955911819251e+00,9.9949755251882488327e-01
4.4589178356713423668e+00,9.9951153379538726362e-01
4.4689378757515028084e+00,9.9952527514219746685e-01
4.4789579158316632501e+00,9.9953878079113023247e-01
4.4889779559118236918e+00,9.9955205490058252060e-01
4.4989979959919841335e+00,9.9956510155672351203e-01
4.5090180360721436870e+00,9.9957792477472362513e-01
4.5190380761523041286e+00,9.9959052849996365975e-01
4.5290581162324645703e+00,9.9960291660922317991e-01
4.5390781563126250120e+00,9.9961509291184968973e-01
4.5490981963927854537e+00,9.9962706115090804726e-01
4.5591182364729458953e+00,9.9963882500431155975e-01
4.5691382765531063370e+00,9.9965038808593398301e-01
4.5791583166332667787e+00,9.9966175394670198084e-01
4.5891783567134263322e+00,9.9967292607567093121e-01
4.5991983967935867739e+00,9.9968390790108241362e-01
4.6092184368737472155e+00,9.9969470279140359992e-01
4.6192384769539076572e+00,9.9970531405634988076e-01
4.6292585170340680989e+00,9.9971574494789006149e-01
4.6392785571142285406e+00,9.9972599866123479373e-01
4.6492985971943889822e+00,9.9973607833580890869e-01
4.6593186372745485357e+00,9.9974598705620709715e-01
4.6693386773547089774e+00,9.9975572785313371327e-01
4.6793587174348694191e+00,9.9976530370432792338e-01
4.6893787575150298608e+00,9.9977471753547086930e-01
4.6993987975951903024e+00,9.9978397222108017495e-01
4.7094188376753507441e+00,9.9979307058538835484e-01
4.7194388777555111858e+00,9.9980201540320634557e-01
4.7294589178356707393e+00,9.9981080940077293739e-01
4.7394789579158311810e+00,9.9981945525659066121e-01
4.7494989979959916226e+00,9.9982795560224546616e-01
4.7595190380761520643e+00,9.9983631302321507306e-01
4.7695390781563125060e+00,9.9984453005966211769e-01
4.7795591182364729477e+00,9.9985260920721508171e-01
4.7895791583166333893e+00,9.9986055291773479059e-01
4.7995991983967938310e+00,9.9986836360006958735e-01
4.8096192384769533845e+00,9.9987604362079607334e-01
4.8196392785571138262e+00,9.9988359530494941296e-01
4.8296593186372742679e+00,9.9989102093673865035e-01
4.8396793587174347095e+00,9.9989832276025314428e-01
4.8496993987975951512e+00,9.9990550298015357100e-01
4.8597194388777555929e+00,9.9991256376235493342e-01
4.8697394789579160346e+00,9.9991950723469480433e-01
4.8797595190380755881e+00,9.9992633548759246587e-01
4.8897795591182360297e+00,9.9993305057469583641e-01
4.8997995991983964714e+00,9.9993965451351729534e-01
4.9098196392785569131e+00,9.9994614928606040394e-01
4.9198396793587173548e+00,9.9995253683943285949e-01
4.9298597194388777964e+00,9.9995881908645278813e-01
4.9398797595190382381e+00,9.9996499790624171489e-01
4.9498997995991977916e+00,9.9997107514480942925e-01
4.9599198396793582333e+00,9.9997705261562774837e-01
4.9699398797595186750e+00,9.9998293210019528754e-01
4.9799599198396791166e+00,9.9998871534859223864e-01
4.9899799599198395583e+00,9.9999440408002548963e-01
5.0000000000000000000e+00,0.0000000000000000000e+00
