1.0030643938226786460e+00
1.0122599012128601359e+00
1.0275920712611099628e+00
1.0490668215263716512e+00
1.0766884680622226256e+00
1.1104593248732539390e+00
1.1503801974547258613e+00
1.1964510277419067030e+00
1.2486713690937305543e+00
1.3070406589547745035e+00
1.3715583500658454774e+00
1.4422239618824572727e+00
1.5190370927440335347e+00
1.6019974151302647236e+00
1.6911046650555328075e+00
1.7863586305783831776e+00
1.8877591413990839619e+00
1.9953060601342698099e+00
2.1089992752672190868e+00
2.2288386955613139762e+00
2.3548242456726922178e+00
2.4869558627150594177e+00
2.6252334935684049633e+00
2.7696570927636985360e+00
2.9202266208110581047e+00
3.0769420428705704929e+00
3.2398033276876856412e+00
3.4088104467324935598e+00
3.5839633734979008395e+00
3.7652620829223151233e+00
3.9527065509076373395e+00
4.1462967539139325979e+00
4.3460326686142742858e+00
4.5519142715956153467e+00
4.7639415390979937825e+00
4.9821144467828233360e+00
5.2064329695254647490e+00
5.4368970812254673319e+00
5.6735067546324531307e+00
5.9162619611837241607e+00
6.1651626708504894125e+00
6.4202088519925641918e+00
6.6814004712178158840e+00
6.9487374932458880750e+00
7.2222198807759037109e+00
7.5018475943561480079e+00
7.7876205922557497630e+00
8.0795388303363324667e+00
8.3776022619256291790e+00
8.6818108376905911427e+00
8.9921645055100150046e+00
9.3086632103472766175e+00
9.6313068941215611574e+00
9.9600954955793756795e+00
1.0295028950163414905e+01
1.0636107189881117918e+01
1.0983330143172354454e+01
1.1336697734773661495e+01
1.1696209885583222388e+01
1.2061866512522957606e+01
1.2433667528398970603e+01
1.2811612841760023684e+01
1.3195702356755367290e+01
1.3585935972989299003e+01
1.3982313585374905429e+01
1.4384835083985118231e+01
1.4793500353902437894e+01
1.5208309275066373090e+01
1.5629261722118858557e+01
1.6056357564248507686e+01
1.6489596665031882594e+01
1.6928978882273419515e+01
1.7374504067842128308e+01
1.7826172067508604613e+01
1.8283982720778571007e+01
1.8747935860723345058e+01
1.9218031313811287930e+01
1.9694268899734346689e+01
2.0176648431234330161e+01
2.0665169713926157868e+01
2.1159832546120185270e+01
2.1660636718641850251e+01
2.2167582014649291011e+01
2.2680668209449223127e+01
2.3199895070311011835e+01
2.3725262356278349785e+01
2.4256769817979314752e+01
2.4794417197434420075e+01
2.5338204227862956230e+01
2.5888130633486468923e+01
2.6444196129331803746e+01
2.7006400421030356540e+01
2.7574743204618044956e+01
2.8149224166330281349e+01
2.8729842982397499895e+01
2.9316599318837642585e+01
2.9909492831247295186e+01
3.0508523164590446441e+01
3.1113689952985346565e+01
3.1724992819490374529e+01
3.2342431375888089917e+01
3.2966005222465369684e+01
3.3595713947794472176e+01
3.4231557128511099108e+01
3.4873534329090205119e+01
3.5521645101620414664e+01
3.6175888985577685730e+01
3.6836265507595157942e+01
3.7502774181233718309e+01
3.8175414506748090560e+01
3.8854185970853649223e+01
3.9539088046490071804e+01
4.0230120192584244876e+01
4.0927281853809851953e+01
4.1630572460347778474e+01
4.2339991427642900135e+01
4.3055538156159570917e+01
4.3777212031135789516e+01
4.4505012422336051259e+01
4.5238938683801734442e+01
4.5978990153600811652e+01
4.6725166153574797079e+01
4.7477465989085381182e+01
4.8235888948758997685e+01
4.9000434304229699478e+01
4.9771101309880286578e+01
5.0547889202582155121e+01
5.1330797201434208432e+01
5.2119824507500055688e+01
5.2914970303541551289e+01
5.3716233753755538771e+01
5.4523614003503141134e+01
5.5337110179044131542e+01
5.6156721387263154099e+01
5.6982446715401046333e+01
5.7814285230779240976e+01
5.8652235980526526760e+01
5.9496297991301908326e+01
6.0346470269018702481e+01
6.1202751798564477781e+01
6.2065141543521981760e+01
6.2933638445887112312e+01
6.3808241425786320633e+01
6.4688949381192728083e+01
6.5575761187641688821e+01
6.6468675697942799729e+01
6.7367691741892969048e+01
6.8272808125987637595e+01
6.9184023633130010467e+01
7.0101337022340274530e+01
7.1024747028462400067e+01
7.1954252361870402410e+01
7.2889851708173395650e+01
7.3831543727920802667e+01
7.4779327056302307142e+01
7.5733200302852722530e+01
7.6693162051150522984e+01
7.7659210858517354836e+01
7.8631345255717675968e+01
7.9609563746655084060e+01
8.0593864808069014316e+01
8.1584246889229959265e+01
8.2580708411633736432e+01
8.3583247768694903357e+01
8.4591863325438879428e+01
8.5606553418193712446e+01
8.6627316354279543020e+01
8.7654150411699575329e+01
8.8687053838827566210e+01
8.9726024854095541627e+01
9.0771061645680461538e+01
9.1822162371191637931e+01
9.2879325157353719078e+01
9.3942548099692743335e+01
9.5011829262218327585e+01
9.6087166677106353063e+01
9.7168558344382489622e+01
9.8256002231601186736e+01
9.9349496273525701895e+01
1.0044903837181111328e+02
1.0155462639467916119e+02
1.0266625817660019493e+02
1.0378393151796691996e+02
1.0490764418477341735e+02
1.0603739390829157685e+02
1.0717317838474572511e+02
1.0831499527498773716e+02
1.0946284220417273048e+02
1.1061671676142893261e+02
1.1177661649953620326e+02
1.1294253893459476501e+02
1.1411448154569899316e+02
1.1529244177460942922e+02
1.1647641702542168218e+02
1.1766640466423945099e+02
1.1886240201884258738e+02
1.2006440637835940777e+02
1.2127241499293361926e+02
1.2248642507339449992e+02
1.2370643379092416581e+02
1.2493243827672735335e+02
1.2616443562169840220e+02
1.2740242287608801064e+02
1.2864639704917095742e+02
1.2989635510891326931e+02
1.3115229398163765495e+02
1.3241421055169033139e+02
1.3368210166110799264e+02
1.3495596410928135356e+02
1.3623579465262238841e+02
1.3752159000422949475e+02
1.3881334683355137827e+02
1.4011106176605363771e+02
1.4141473138288236555e+02
1.4272435222052936865e+02
1.4403992077049687737e+02
1.4536143347896248201e+02
1.4668888674644205139e+02
1.4802227692745512400e+02
1.4936160033018865079e+02
1.5070685321616338115e+02
1.5205803179989405294e+02
1.5341513224855893327e+02
1.5477815068165870116e+02
1.5614708317068516408e+02
1.5752192573878434700e+02
1.5890267436041855831e+02
1.6028932496103581684e+02
1.6168187341673058199e+02
1.6308031555391065126e+02
1.6448464714896223882e+02
1.6589486392791366143e+02
1.6731096156610152548e+02
1.6873293568783776664e+02
1.7016078186607353473e+02
1.7159449562206802398e+02
1.7303407242505173258e+02
1.7447950769189469611e+02
1.7593079678677312927e+02
1.7738793502083777298e+02
1.7885091765187991086e+02
1.8031973988400088160e+02
1.8179439686727980074e+02
1.8327488369744168040e+02
1.8476119541552779424e+02
1.8625332700756544568e+02
1.8775127340423657074e+02
1.8925502948054935359e+02
1.9076459005550981374e+02
1.9227994989179134677e+02
1.9380110369540958004e+02
1.9532804611539307871e+02
1.9686077174345749086e+02
1.9839927511367596935e+02
1.9994355070215976866e+02
2.0149359292672744459e+02
2.0304939614658377423e+02
2.0461095466199520843e+02
2.0617826271396498328e+02
2.0775131448391431377e+02
2.0933010409335651048e+02
2.1091462560357987854e+02
2.1250487301532470497e+02
2.1410084026846595862e+02
2.1570252124169070385e+02
2.1730990975218557537e+02
2.1892299955531612454e+02
2.2054178434431042888e+02
2.2216625774994628273e+02
2.2379641334023301624e+02
2.2543224462010203979e+02
2.2707374503109053876e+02
2.2872090795103034111e+02
2.3037372669373806389e+02
2.3203219450870639662e+02
2.3369630458079092250e+02
2.3536605002990629032e+02
2.3704142391071536622e+02
2.3872241921232904360e+02
2.4040902885799377486e+02
2.4210124570479388240e+02
2.4379906254334827054e+02
2.4550247209750290267e+02
2.4721146702403800077e+02
2.4892603991236362049e+02
2.5064618328422204740e+02
2.5237188959339394501e+02
2.5410315122539762456e+02
2.5583996049719840471e+02
2.5758230965691262782e+02
2.5933019088351511527e+02
2.6108359628655222195e+02
2.6284251790584704622e+02
2.6460694771121347912e+02
2.6637687760216806510e+02
2.6815229940764669436e+02
2.6993320488571629312e+02
2.7171958572329617709e+02
2.7351143353587292495e+02
2.7530873986721962865e+02
2.7711149618911900916e+02
2.7891969390108630478e+02
2.8073332433009414899e+02
2.8255237873029142293e+02
2.8437684828273853554e+02
2.8620672409513156254e+02
2.8804199720153150110e+02
2.8988265856209926596e+02
2.9172869906282295460e+02
2.9358010951525795917e+02
2.9543688065626218986e+02
2.9729900314773061609e+02
2.9916646757633634479e+02
3.0103926445327334704e+02
3.0291738421399639947e+02
3.0480081721796778993e+02
3.0668955374839958949e+02
3.0858358401200786147e+02
3.1048289813875175014e+02
3.1238748618159564785e+02
3.1429733811625618500e+02
3.1621244384095444957e+02
3.1813279317618037112e+02
3.2005837586444118870e+02
3.2198918157003049600e+02
3.2392519987878307575e+02
3.2586642029784167107e+02
3.2781283225542193804e+02
3.2976442510058024027e+02
3.3172118810298252356e+02
3.3368311045267398640e+02
3.3565018125985488950e+02
3.3762238955465488743e+02
3.3959972428690628021e+02
3.4158217432592994101e+02
3.4356972846030822666e+02
3.4556237539767045064e+02
3.4756010376448381294e+02
3.4956290210583227918e+02
3.5157075888520859053e+02
3.5358366248430644418e+02
3.5560160120280846741e+02
3.5762456325818806135e+02
3.5965253678550510585e+02
3.6168550983720268732e+02
3.6372347038290592991e+02
3.6576640630923373010e+02
3.6781430541959798575e+02
3.6986715543401516015e+02
3.7192494398891113860e+02
3.7398765863694075051e+02
3.7605528684679524076e+02
3.7812781600302560037e+02
3.8020523340585731376e+02
3.8228752627101010830e+02
3.8437468172952293344e+02
3.8646668682758615887e+02
3.8856352852636229045e+02
3.9066519370181384829e+02
3.9277166914454244306e+02
3.9488294155962012155e+02
3.9699899756643077353e+02
3.9911982369850699115e+02
4.0124540640336851993e+02
4.0337573204237571645e+02
4.0551078689056487292e+02
4.0765055713650735925e+02
4.0979502888215677103e+02
4.1194418814270704843e+02
4.1409802084644002207e+02
4.1625651283459484375e+02
4.1841964986122121672e+02
4.2058741759305070218e+02
4.2275980160935870344e+02
4.2493678740183366926e+02
4.2711836037444646763e+02
4.2930450584333442521e+02
4.3149520903666683580e+02
4.3369045509452445231e+02
4.3589022906878966523e+02
4.3809451592302468725e+02
4.4030330053235979904e+02
4.4251656768338420989e+02
4.4473430207403146142e+02
4.4695648831348398744e+02
4.4918311092206818103e+02
4.5141415433114758571e+02
4.5364960288303103653e+02
4.5588944083087767467e+02
4.5813365233860486114e+02
4.6038222148080035367e+02
4.6263513224263311940e+02
4.6489236851976767184e+02
4.6715391411828693435e+02
4.6941975275461436468e+02
4.7168986805543551100e+02
4.7396424355762565028e+02
4.7624286270818009825e+02
4.7852570886414827100e+02
4.8081276529256592767e+02
4.8310401517039423425e+02
4.8539944158446655820e+02
4.8769902753142031315e+02
4.9000275591765762329e+02
4.9231060955928478506e+02
4.9462257118206787254e+02
4.9693862342138822896e+02
4.9925874882219738993e+02
5.0158292983898451212e+02
5.0391114883573641237e+02
5.0624338808590323424e+02
5.0857962977236604729e+02
5.1091985598741314334e+02
5.1326404873271883389e+02
5.1561218991931286837e+02
5.1796426136756861069e+02
5.2032024480718121140e+02
5.2268012187715783057e+02
5.2504387412581218086e+02
5.2741148301075099880e+02
5.2978292989887495423e+02
5.3215819606636898698e+02
5.3453726269871151544e+02
5.3692011089068250840e+02
5.3930672164636200705e+02
5.4169707587915092972e+02
5.4409115441176663808e+02
5.4648893797629011715e+02
5.4889040721415744883e+02
5.5129554267619721486e+02
5.5370432482265118779e+02
5.5611673402320980131e+02
5.5853275055703261387e+02
5.6095235461279798983e+02
5.6337552628872867899e+02
5.6580224559263831452e+02
5.6823249244197802454e+02
5.7066624666387963316e+02
5.7310348799520636476e+02
5.7554419608260991481e+02
5.7798835048258501956e+02
5.8043593066152448046e+02
5.8288691599578885416e+02
5.8534128577177330044e+02
5.8779901918597010990e+02
5.9026009534504476051e+02
5.9272449326591083718e+02
5.9519219187580438302e+02
5.9766317001236996020e+02
6.0013740642374875733e+02
6.0261487976865839755e+02
6.0509556861648673021e+02
6.0757945144738982890e+02
6.1006650665238009879e+02
6.1255671253343689386e+02
6.1505004730360315079e+02
6.1754648908709759780e+02
6.2004601591941309380e+02
6.2254860574744839141e+02
6.2505423642960795405e+02
6.2756288573592973989e+02
6.3007453134819900242e+02
6.3258915086008266826e+02
6.3510672177726212340e+02
6.3762722151754906008e+02
6.4015062741103793087e+02
6.4267691670023179995e+02
6.4520606654018774861e+02
6.4773805399866444077e+02
6.5027285605626798315e+02
6.5281044960660187826e+02
6.5535081145642823230e+02
6.5789391832581463859e+02
6.6043974684829777289e+02
6.6298827357105585634e+02
6.6553947495506656651e+02
6.6809332737527745394e+02
6.7064980712078681790e+02
6.7320889039501093976e+02
6.7577055331587382625e+02
6.7833477191598296940e+02
6.8090152214281988563e+02
6.8347077985892383367e+02
6.8604252084209076656e+02
6.8861672078556716770e+02
6.9119335529824638797e+02
6.9377239990487532850e+02
6.9635383004626407910e+02
6.9893762107947964068e+02
7.0152374827806886515e+02
7.0411218683227241399e+02
7.0670291184924531080e+02
7.0929589835326964931e+02
7.1189112128598947038e+02
7.1448855550663085978e+02
7.1708817579223546090e+02
7.1968995683789796658e+02
7.2229387325700429301e+02
7.2489989958146384197e+02
7.2750801026195767918e+02
7.3011817966818887271e+02
7.3273038208913089875e+02
7.3534459173327718418e+02
7.3796078272890270000e+02
7.4057892912432225785e+02
7.4319900488815085282e+02
7.4582098390957173706e+02
7.4844483999860688073e+02
7.5107054688638561402e+02
7.5369807822542315989e+02
7.5632740758990087215e+02
7.5895850847594306288e+02
7.6159135430190190164e+02
7.6422591840865572976e+02
7.6686217405988600149e+02
7.6950009444237809930e+02
7.7213965266632555995e+02
7.7478082176562259065e+02
7.7742357469815954119e+02
7.8006788434615327787e+02
7.8271372351643447018e+02
7.8536106494077648676e+02
7.8800988127619802981e+02
7.9066014510529100789e+02
7.9331182893655090993e+02
7.9596490520467386887e+02
7.9861934627092273331e+02
8.0127512442342890608e+02
8.0393221187753897539e+02
8.0659058077615395632e+02
8.0925020319006716818e+02
8.1191105111830415808e+02
8.1457309648849070527e+02
8.1723631115716102613e+02
8.1990066691015033484e+02
8.2256613546293829131e+02
8.2523268846099676921e+02
8.2790029748016957001e+02
8.3056893402702678486e+02
8.3323856953923598212e+02
8.3590917538593180325e+02
8.3858072286808669560e+02
8.4125318321889676554e+02
8.4392652760415580815e+02
8.4660072712264604888e+02
8.4927575280650660261e+02
8.5195157562163763032e+02
8.5462816646808926180e+02
8.5730549618045711213e+02
8.5998353552827109070e+02
8.6266225521640376428e+02
8.6534162588548235817e+02
8.6802161811227870203e+02
8.7070220241012282258e+02
8.7338334922931403526e+02
8.7606502895754977089e+02
8.7874721192033075567e+02
8.8142986838138858730e+02
8.8411296854308920956e+02
8.8679648254689357145e+02
8.8948038047375712267e+02
8.9216463234458171883e+02
8.9484920812063262474e+02
8.9753407770399121546e+02
9.0021921093799244318e+02
9.0290457760766389583e+02
9.0559014744016531040e+02
9.0827589010526992297e+02
9.1096177521576350955e+02
9.1364777232793812800e+02
9.1633385094204322741e+02
9.1901998050273743956e+02
9.2170613039955401291e+02
9.2439226996735783359e+02
9.2707836848683325570e+02
9.2976439518493680225e+02
9.3245031923537328566e+02
9.3513610975907727152e+02
9.3782173582468578843e+02
9.4050716644903275210e+02
9.4319237059761132969e+02
9.4587731718506927336e+02
9.4856197507570755079e+02
9.5124631308396294571e+02
9.5393029997489600191e+02
9.5661390446469420112e+02
9.5929709522118514542e+02
9.6197984086431006290e+02
9.6466210996664926824e+02
9.6734387105391783734e+02
9.7002509260548481507e+02
9.7270574305486957201e+02
9.7538579079027374519e+02
9.7806520415508498445e+02
9.8074395144840127614e+02
9.8342200092555515312e+02
9.8609932079862392129e+02
9.8877587923697785754e+02
9.9145164436778657091e+02
9.9412658427656822369e+02
9.9680066700770805710e+02
9.9947386056500090490e+02
1.0021461329121987092e+03
1.0048174519735345029e+03
1.0074877856342662881e+03
1.0101571017412336460e+03
1.0128253681034020701e+03
1.0154925524924070714e+03
1.0181586226431060140e+03
1.0208235462541301786e+03
1.0234872909884576302e+03
1.0261498244739507300e+03
1.0288111143039241142e+03
1.0314711280377059666e+03
1.0341298332012138417e+03
1.0367871972875095707e+03
1.0394431877573617840e+03
1.0420977720398439033e+03
1.0447509175328800666e+03
1.0474025916038383457e+03
1.0500527615900934961e+03
1.0527013947996160823e+03
1.0553484585115586469e+03
1.0579939199768275557e+03
1.0606377464186714406e+03
1.0632799050332782826e+03
1.0659203629903577166e+03
1.0685590874337217429e+03
1.0711960454819018196e+03
1.0738312042287225268e+03
1.0764645307439177486e+03
1.0790959920737109314e+03
1.0817255552414328577e+03
1.0843531872481087248e+03
1.0869788550730779662e+03
1.0896025256745838306e+03
1.0922241659904047992e+03
1.0948437429384396182e+03
1.0974612234173409888e+03
1.1000765743071117413e+03
1.1026897624697301126e+03
1.1053007547497636551e+03
1.1079095179749872386e+03
1.1105160189570133298e+03
1.1131202244918938504e+03
1.1157221013607613713e+03
1.1183216163304468864e+03
1.1209187361541087284e+03
1.1235134275718687604e+03
1.1261056573114196908e+03
1.1286953920886833203e+03
1.1312825986084328633e+03
1.1338672435649186809e+03
1.1364492936425235712e+03
1.1390287155163773605e+03
1.1416054758530158324e+03
1.1441795413110103254e+03
1.1467508785416230239e+03
1.1493194541894292797e+03
1.1518852348929808613e+03
1.1544481872854451012e+03
1.1570082779952469991e+03
1.1595654736467276962e+03
1.1621197408607940815e+03
1.1646710462555606682e+03
1.1672193564470135243e+03
1.1697646380496541951e+03
1.1723068576771613607e+03
1.1748459819430565858e+03
1.1773819774613384652e+03
1.1799148108471536034e+03
1.1824444487174669121e+03
1.1849708576917128084e+03
1.1874940043924475503e+03
1.1900138554460343130e+03
1.1925303774832866566e+03
1.1950435371401474640e+03
1.1975533010583628766e+03
1.2000596358861189401e+03
1.2025625082787464635e+03
1.2050618848993594838e+03
1.2075577324195471647e+03
1.2100500175200393187e+03
1.2125387068913805706e+03
1.2150237672345992905e+03
1.2175051652618744811e+03
1.2199828676972231278e+03
1.2224568412771836847e+03
1.2249270527514670448e+03
1.2273934688836554869e+03
1.2298560564518661522e+03
1.2323147822494449883e+03
1.2347696130856345462e+03
1.2372205157862647411e+03
1.2396674571944220133e+03
1.2421104041711437276e+03
1.2445493235960780112e+03
1.2469841823681992992e+03
1.2494149474064761307e+03
1.2518415856505457668e+03
1.2542640640614083622e+03
1.2566823496221197729e+03
1.2590964093384518492e+03
1.2615062102396193495e+03
1.2639117193789359135e+03
1.2663129038345102799e+03
1.2687097307099213594e+03
1.2711021671349358257e+03
1.2734901802661740930e+03
1.2758737372877951657e+03
1.2782528054122176400e+03
1.2806273518807652181e+03
1.2829973439643927122e+03
1.2853627489643490662e+03
1.2877235342128947195e+03
1.2900796670739778165e+03
1.2924311149439276960e+03
1.2947778452521356485e+03
1.2971198254617654584e+03
1.2994570230704339338e+03
1.3017894056108982568e+03
1.3041169406517647076e+03
1.3064395957981678293e+03
1.3087573386924577790e+03
1.3110701370149056402e+03
1.3133779584843844077e+03
1.3156807708590752100e+03
1.3179785419371467015e+03
1.3202712395574487800e+03
1.3225588316002051670e+03
1.3248412859877166738e+03
1.3271185706850399129e+03
1.3293906537006864710e+03
1.3316575030873016203e+03
1.3339190869423671302e+03
1.3361753734089154477e+03
1.3384263306761638432e+03
1.3406719269802640611e+03
1.3429121306049460145e+03
1.3451469098822453816e+03
1.3473762331931798144e+03
1.3496000689684287863e+03
1.3518183856890325387e+03
1.3540311518870810232e+03
1.3562383361464083009e+03
1.3584399071032671600e+03
1.3606358334470335194e+03
1.3628260839208783182e+03
1.3650106273224557754e+03
1.3671894325046134782e+03
1.3693624683760535845e+03
1.3715297039020179000e+03
1.3736911081049906898e+03
1.3758466500653762523e+03
1.3779962989221644420e+03
1.3801400238736405299e+03
1.3822777941780659603e+03
1.3844095791543327323e+03
1.3865353481826793995e+03
1.3886550707053440874e+03
1.3907687162272600290e+03
1.3928762543167360946e+03
1.3949776546061352747e+03
1.3970728867925295162e+03
1.3991619206384038989e+03
1.4012447259723257957e+03
1.4033212726896097138e+03
1.4053915307530082828e+03
1.4074554701933711840e+03
1.4095130611103220417e+03
1.4115642736729303124e+03
1.4136090781203863571e+03
1.4156474447626660549e+03
1.4176793439812049655e+03
1.4197047462295524838e+03
1.4217236220340564614e+03
1.4237359419945030368e+03
1.4257416767848199015e+03
1.4277407971537106732e+03
1.4297332739253085947e+03
1.4317190779998747985e+03
1.4336981803544247214e+03
1.4356705520433972652e+03
1.4376361641993191824e+03
1.4395949880334530917e+03
1.4415469948364518586e+03
1.4434921559790127503e+03
1.4454304429125404567e+03
1.4473618271697848741e+03
1.4492862803655061725e+03
1.4512037741970907518e+03
1.4531142804452374548e+03
1.4550177709745903485e+03
1.4569142177343644562e+03
1.4588035927590078700e+03
1.4606858681688477191e+03
1.4625610161707011230e+03
1.4644290090585493544e+03
1.4662898192141483378e+03
1.4681434191076798470e+03
1.4699897812983747372e+03
1.4718288784351468621e+03
1.4736606832572335861e+03
1.4754851685948017348e+03
1.4773023073696078882e+03
1.4791120725955893249e+03
1.4809144373795134015e+03
1.4827093749215905518e+03
1.4844968585160888779e+03
1.4862768615519610194e+03
1.4880493575134630646e+03
1.4898143199807545898e+03
1.4915717226305321219e+03
1.4933215392366223568e+03
1.4950637436706022072e+03
1.4967983099024099829e+03
1.4985252120009486134e+03
1.5002444241346724993e+03
1.5019559205722102888e+03
1.5036596756829505921e+03
1.5053556639376631665e+03
1.5070438599090730349e+03
1.5087242382724521121e+03
1.5103967738062326589e+03
1.5120614413925768531e+03
1.5137182160179713719e+03
1.5153670727738160622e+03
1.5170079868570087456e+03
1.5186409335705222929e+03
1.5202658883239848819e+03
1.5218828266342579809e+03
1.5234917241260072842e+03
1.5250925565322943385e+03
1.5266852996951183741e+03
1.5282699295659997460e+03
1.5298464222065576905e+03
1.5314147537890571584e+03
1.5329749005969717928e+03
1.5345268390255450868e+03
1.5360705455823515422e+03
1.5376059968878582822e+03
1.5391331696759555143e+03
1.5406520407945304214e+03
1.5421625872059953508e+03
1.5436647859878378313e+03
1.5451586143331851417e+03
1.5466440495513056703e+03
1.5481210690681775759e+03
1.5495896504270049263e+03
1.5510497712887724902e+03
1.5525014094327507337e+03
1.5539445427570387892e+03
1.5553791492790846860e+03
1.5568052071362099014e+03
1.5582226945861391414e+03
1.5596315900074864658e+03
1.5610318719003041679e+03
1.5624235188865825421e+03
1.5638065097107462407e+03
1.5651808232401892838e+03
1.5665464384657516348e+03
1.5679033345022269259e+03
1.5692514905888817793e+03
1.5705908860899198771e+03
1.5719215004950071943e+03
1.5732433134197240179e+03
1.5745563046060958641e+03
1.5758604539230336741e+03
1.5771557413668708705e+03
1.5784421470617689920e+03
1.5797196512602713483e+03
1.5809882343437202508e+03
1.5822478768227565524e+03
1.5834985593377680289e+03
1.5847402626593709556e+03
1.5859729676888666745e+03
1.5871966554586883831e+03
1.5884113071328736169e+03
1.5896169040075062640e+03
1.5908134275111781335e+03
1.5920008592054125529e+03
1.5931791807851386693e+03
1.5943483740791152741e+03
1.5955084210503555369e+03
1.5966593037965835720e+03
1.5978010045506734969e+03
1.5989335056810330116e+03
1.6000567896920877047e+03
1.6011708392246505355e+03
1.6022756370563733981e+03
1.6033711661021568489e+03
1.6044574094145600611e+03
1.6055343501842030491e+03
1.6066019717401784419e+03
1.6076602575504582546e+03
1.6087091912223006602e+03
1.6097487565026340235e+03
1.6107789372784422994e+03
1.6117997175771727143e+03
1.6128110815671229830e+03
1.6138130135578089721e+03
1.6148054980003712444e+03
1.6157885194879133905e+03
1.6167620627559094828e+03
1.6177261126825621886e+03
1.6186806542891688423e+03
1.6196256727404859248e+03
1.6205611533450926345e+03
1.6214870815557401329e+03
1.6224034429697214819e+03
1.6233102233291986067e+03
1.6242074085215592731e+03
1.6250949845797824764e+03
1.6259729376827235683e+03
1.6268412541555151165e+03
1.6276999204698606718e+03
1.6285489232443699166e+03
1.6293882492448826724e+03
1.6302178853848133713e+03
1.6310378187254332261e+03
1.6318480364762322097e+03
1.6326485259951778062e+03
1.6334392747890790361e+03
1.6342202705138295187e+03
1.6349915009747746808e+03
1.6357529541269605033e+03
1.6365046180754566194e+03
1.6372464810756275710e+03
1.6379785315334368079e+03
1.6387007580057083942e+03
1.6394131492004373740e+03
1.6401156939770455665e+03
1.6408083813466637366e+03
1.6414912004723980772e+03
1.6421641406695896421e+03
1.6428271914060835570e+03
1.6434803423024929998e+03
1.6441235831324579522e+03
1.6447569038228730278e+03
1.6453802944541698707e+03
1.6459937452605249746e+03
1.6465972466301450368e+03
1.6471907891054684114e+03
1.6477743633834109005e+03
1.6483479603156142730e+03
1.6489115709086452171e+03
1.6494651863242468153e+03
1.6500087978795527306e+03
1.6505423970472938890e+03
1.6510659754560308556e+03
1.6515795248903623360e+03
1.6520830372911286759e+03
1.6525765047556403715e+03
1.6530599195378490549e+03
1.6535332740485841896e+03
1.6539965608557477026e+03
1.6544497726844929275e+03
1.6548929024174610731e+03
1.6553259430949478883e+03
1.6557488879151194396e+03
1.6561617302342201583e+03
1.6565644635667431430e+03
1.6569570815856818626e+03
1.6573395781226893178e+03
1.6577119471683390657e+03
1.6580741828723209892e+03
1.6584262795436820852e+03
1.6587682316510727105e+03
1.6591000338230237503e+03
1.6594216808482190118e+03
1.6597331676758246886e+03
1.6600344894158406532e+03
1.6603256413394931315e+03
1.6606066188797171890e+03
1.6608774176316892408e+03
1.6611380333534541478e+03
1.6613884619666960134e+03
1.6616286995576792833e+03
1.6618587423783731083e+03
1.6620785868478697012e+03
1.6622882295541396616e+03
1.6624876672562613749e+03
1.6626768968872090682e+03
1.6628559155574364468e+03
1.6630247205593630042e+03
1.6631833093731263489e+03
1.6633316796736703509e+03
1.6634698293394997108e+03
1.6635977564628519758e+03
1.6637154593606035178e+03
1.6638229365835607041e+03
1.6639201869187504599e+03
1.6640072093731500900e+03
1.6640840031162256309e+03
1.6641505673418134847e+03
1.6642069009921715406e+03
1.6642530022937964986e+03
1.6642888681516626548e+03
1.6643144937223974011e+03
1.6643298728573543031e+03
