0.0000000000000000000e+00,8.9705226960957737958e+00
2.3023023023023021089e-03,8.8838760394956572952e+00
4.6046046046046042177e-03,8.8226061771649515464e+00
6.9069069069069063266e-03,8.7616804820724869529e+00
9.2092092092092084354e-03,8.7010972317461430237e+00
1.1511511511511510544e-02,8.6408554086122890681e+00
1.3813813813813812653e-02,8.5809536386701825705e+00
1.6116116116116116497e-02,8.5213907176808572075e+00
1.8418418418418416871e-02,8.4621654218921964485e+00
2.0720720720720717245e-02,8.4032764986152344022e+00
2.3023023023023021089e-02,8.3447227707756539417e+00
2.5325325325325324932e-02,8.2865028912134004457e+00
2.7627627627627625306e-02,8.2286156736064999251e+00
2.9929929929929925680e-02,8.1710597187345559433e+00
3.2232232232232232993e-02,8.1138338097769242552e+00
3.4534534534534533368e-02,8.0569365226410241121e+00
3.6836836836836833742e-02,8.0003665877009648710e+00
3.9139139139139134116e-02,7.9441225785940412507e+00
4.1441441441441434490e-02,7.8882031633917524260e+00
4.3743743743743741803e-02,7.8326069239312792192e+00
4.6046046046046042177e-02,7.7773324659877447473e+00
4.8348348348348342551e-02,7.7223783813394533126e+00
5.0650650650650649864e-02,7.6677432205619542316e+00
5.2952952952952950239e-02,7.6134255810745194992e+00
5.5255255255255250613e-02,7.5594239701429488676e+00
5.7557557557557550987e-02,7.5057369821633610485e+00
5.9859859859859851361e-02,7.4523630963984635045e+00
6.2162162162162158674e-02,7.3993008924353596001e+00
6.4464464464464465987e-02,7.3465488382808619150e+00
6.6766766766766766361e-02,7.2941054874476796144e+00
6.9069069069069066735e-02,7.2419693103290541103e+00
7.1371371371371367109e-02,7.1901388283315146310e+00
7.3673673673673667484e-02,7.1386125214586719778e+00
7.5975975975975967858e-02,7.0873888786120069483e+00
7.8278278278278268232e-02,7.0364663913149545493e+00
8.0580580580580568606e-02,6.9858435200447210889e+00
8.2882882882882868980e-02,6.9355187655720715867e+00
8.5185185185185183232e-02,6.8854905675186666159e+00
8.7487487487487483606e-02,6.8357574303382575565e+00
8.9789789789789783980e-02,6.7863177830247067845e+00
9.2092092092092084354e-02,6.7371701257037814869e+00
9.4394394394394384729e-02,6.6883128880440603226e+00
9.6696696696696685103e-02,6.6397445584703334021e+00
9.8998998998998985477e-02,6.5914635761761957156e+00
1.0130130130130129973e-01,6.5434684140993848445e+00
1.0360360360360360010e-01,6.4957575255419088833e+00
1.0590590590590590048e-01,6.4483293679165951673e+00
1.0820820820820820085e-01,6.4011824096285119268e+00
1.1051051051051050123e-01,6.3543150956103335858e+00
1.1281281281281280160e-01,6.3077259074226201818e+00
1.1511511511511510197e-01,6.2614132830588236089e+00
1.1741741741741740235e-01,6.2153757128904851825e+00
1.1971971971971970272e-01,6.1696116354397210202e+00
1.2202202202202201697e-01,6.1241195438368238868e+00
1.2432432432432431735e-01,6.0788978851753316945e+00
1.2662662662662660384e-01,6.0339451501743104345e+00
1.2892892892892893197e-01,5.9892598003855557209e+00
1.3123123123123123235e-01,5.9448403216358816081e+00
1.3353353353353353272e-01,5.9006851927858923190e+00
1.3583583583583583310e-01,5.8567928949534229233e+00
1.3813813813813813347e-01,5.8131619245960211018e+00
1.4044044044044043384e-01,5.7697907605313289991e+00
1.4274274274274273422e-01,5.7266779149621154232e+00
1.4504504504504503459e-01,5.6838218686456389861e+00
1.4734734734734733497e-01,5.6412211459056118557e+00
1.4964964964964963534e-01,5.5988742350691138583e+00
1.5195195195195193572e-01,5.5567796678383878373e+00
1.5425425425425423609e-01,5.5149359459227591529e+00
1.5655655655655653646e-01,5.4733416046603720062e+00
1.5885885885885883684e-01,5.4319951630699101486e+00
1.6116116116116113721e-01,5.3908951584561428660e+00
1.6346346346346343759e-01,5.3500401288537355882e+00
1.6576576576576573796e-01,5.3094286138240152084e+00
1.6806806806806806609e-01,5.2690591702374680594e+00
1.7037037037037036646e-01,5.2289303418480770347e+00
1.7267267267267266684e-01,5.1890407025921927442e+00
1.7497497497497496721e-01,5.1493888037306421168e+00
1.7727727727727726759e-01,5.1099732331682732323e+00
1.7957957957957956796e-01,5.0707925539727032316e+00
1.8188188188188186833e-01,5.0318453642566538520e+00
1.8418418418418416871e-01,4.9931302430952380078e+00
1.8648648648648646908e-01,4.9546457960537546583e+00
1.8878878878878876946e-01,4.9163906208177117207e+00
1.9109109109109106983e-01,4.8783633292650661062e+00
1.9339339339339337021e-01,4.8405625386353348105e+00
1.9569569569569567058e-01,4.8029868674388520589e+00
1.9799799799799797095e-01,4.7656349520028333799e+00
2.0030030030030027133e-01,4.7285054190508191141e+00
2.0260260260260259946e-01,4.6915969223330078464e+00
2.0490490490490489983e-01,4.6549080993909832671e+00
2.0720720720720720021e-01,4.6184376187204883024e+00
2.0950950950950950058e-01,4.5821841319962359762e+00
2.1181181181181180095e-01,4.5461463194846523095e+00
2.1411411411411410133e-01,4.5103228500004872714e+00
2.1641641641641640170e-01,4.4747124135240490261e+00
2.1871871871871870208e-01,4.4393136977039926450e+00
2.2102102102102100245e-01,4.4041254014421076235e+00
2.2332332332332330282e-01,4.3691462316686235923e+00
2.2562562562562560320e-01,4.3343748965410062723e+00
2.2792792792792790357e-01,4.2998101216401476421e+00
2.3023023023023020395e-01,4.2654506256483726290e+00
2.3253253253253250432e-01,4.2312951512474832327e+00
2.3483483483483480470e-01,4.1973424297316848097e+00
2.3713713713713710507e-01,4.1635912185868910740e+00
2.3943943943943940544e-01,4.1300402642638225359e+00
2.4174174174174173357e-01,4.0966883366881745587e+00
2.4404404404404403395e-01,4.0635341995932332537e+00
2.4634634634634633432e-01,4.0305766337997370741e+00
2.4864864864864863470e-01,3.9978144214012565349e+00
2.5095095095095093507e-01,3.9652463535688244889e+00
2.5325325325325320769e-01,3.9328712308743125625e+00
2.5555555555555553582e-01,3.9006878551458816773e+00
2.5785785785785786395e-01,3.8686950447219805582e+00
2.6016016016016013657e-01,3.8368916131290715654e+00
2.6246246246246246470e-01,3.8052763950559058692e+00
2.6476476476476473731e-01,3.7738482173955776311e+00
2.6706706706706706544e-01,3.7426059292176385718e+00
2.6936936936936933806e-01,3.7115483727338611786e+00
2.7167167167167166619e-01,3.6806744095227275082e+00
2.7397397397397393881e-01,3.6499828985962174954e+00
2.7627627627627626694e-01,3.6194727128764032642e+00
2.7857857857857853956e-01,3.5891427288246293692e+00
2.8088088088088086769e-01,3.5589918303240657416e+00
2.8318318318318314031e-01,3.5290189111953735868e+00
2.8548548548548546844e-01,3.4992228665683171585e+00
2.8778778778778774106e-01,3.4696026068895204908e+00
2.9009009009009006919e-01,3.4401570393903040390e+00
2.9239239239239234180e-01,3.4108850898585254541e+00
2.9469469469469466993e-01,3.3817856789594475941e+00
2.9699699699699699806e-01,3.3528577461414177385e+00
2.9929929929929927068e-01,3.3241002269966761773e+00
3.0160160160160159881e-01,3.2955120731590450411e+00
3.0390390390390387143e-01,3.2670922361623655483e+00
3.0620620620620619956e-01,3.2388396789445343948e+00
3.0850850850850847218e-01,3.2107533693342085179e+00
3.1081081081081080031e-01,3.1828322812984168877e+00
3.1311311311311307293e-01,3.1550753987399331457e+00
3.1541541541541540106e-01,3.1274817069149887239e+00
3.1771771771771767368e-01,3.1000502050815144095e+00
3.2002002002002000181e-01,3.0727798904979226613e+00
3.2232232232232227442e-01,3.0456697766254552384e+00
3.2462462462462460255e-01,3.0187188737906422986e+00
3.2692692692692687517e-01,2.9919262082342181763e+00
3.2922922922922920330e-01,2.9652908044739572091e+00
3.3153153153153147592e-01,2.9388117003606857303e+00
3.3383383383383380405e-01,2.9124879352830506107e+00
3.3613613613613613218e-01,2.8863185580365309235e+00
3.3843843843843840480e-01,2.8603026230402472940e+00
3.4074074074074073293e-01,2.8344391898458747292e+00
3.4304304304304300555e-01,2.8087273276069257832e+00
3.4534534534534533368e-01,2.7831661068581152740e+00
3.4764764764764760629e-01,2.7577546107961055100e+00
3.4994994994994993442e-01,2.7324919215295753183e+00
3.5225225225225220704e-01,2.7073771352679245616e+00
3.5455455455455453517e-01,2.6824093465554077476e+00
3.5685685685685680779e-01,2.6575876634270971799e+00
3.5915915915915913592e-01,2.6329111936994538112e+00
3.6146146146146140854e-01,2.6083790563097730697e+00
3.6376376376376373667e-01,2.5839903727827260305e+00
3.6606606606606600929e-01,2.5597442724449908091e+00
3.6836836836836833742e-01,2.5356398905549926148e+00
3.7067067067067066555e-01,2.5116763666980830294e+00
3.7297297297297293817e-01,2.4878528495336791337e+00
3.7527527527527526630e-01,2.4641684891126098833e+00
3.7757757757757753891e-01,2.4406224468500958835e+00
3.7987987987987986704e-01,2.4172138837584853377e+00
3.8218218218218213966e-01,2.3939419730933391151e+00
3.8448448448448446779e-01,2.3708058875184834235e+00
3.8678678678678674041e-01,2.3478048111422573641e+00
3.8908908908908906854e-01,2.3249379288887932482e+00
3.9139139139139134116e-01,2.3022044349867427648e+00
3.9369369369369366929e-01,2.2796035268878518387e+00
3.9599599599599594191e-01,2.2571344085488571629e+00
3.9829829829829827004e-01,2.2347962898905437967e+00
4.0060060060060054266e-01,2.2125883845132356953e+00
4.0290290290290287079e-01,2.1905099144608621842e+00
4.0520520520520519892e-01,2.1685601031609511580e+00
4.0750750750750747153e-01,2.1467381841827486433e+00
4.0980980980980979966e-01,2.1250433911967707701e+00
4.1211211211211207228e-01,2.1034749684878502052e+00
4.1441441441441440041e-01,2.0820321605216203231e+00
4.1671671671671667303e-01,2.0607142214833200633e+00
4.1901901901901900116e-01,2.0395204070695949206e+00
4.2132132132132127378e-01,2.0184499807875617705e+00
4.2362362362362360191e-01,1.9975022097141024169e+00
4.2592592592592587453e-01,1.9766763663770823278e+00
4.2822822822822820266e-01,1.9559717291202967093e+00
4.3053053053053047527e-01,1.9353875794386121711e+00
4.3283283283283280340e-01,1.9149232065978152306e+00
4.3513513513513507602e-01,1.8945779012241870110e+00
4.3743743743743740415e-01,1.8743509629573968933e+00
4.3973973973973967677e-01,1.8542416919059661051e+00
4.4204204204204200490e-01,1.8342493973732052481e+00
4.4434434434434433303e-01,1.8143733893904405718e+00
4.4664664664664660565e-01,1.7946129862558284351e+00
4.4894894894894893378e-01,1.7749675082267348802e+00
4.5125125125125120640e-01,1.7554362821375815162e+00
4.5355355355355353453e-01,1.7360186385380440566e+00
4.5585585585585580715e-01,1.7167139125667507660e+00
4.5815815815815813528e-01,1.6975214449196576183e+00
4.6046046046046040789e-01,1.6784405790094401034e+00
4.6276276276276273602e-01,1.6594706653445521205e+00
4.6506506506506500864e-01,1.6406110557600681599e+00
4.6736736736736733677e-01,1.6218611100778781431e+00
4.6966966966966960939e-01,1.6032201888529473699e+00
4.7197197197197193752e-01,1.5846876606027306966e+00
4.7427427427427421014e-01,1.5662628949496593123e+00
4.7657657657657653827e-01,1.5479452685590540106e+00
4.7887887887887881089e-01,1.5297341603242691210e+00
4.8118118118118113902e-01,1.5116289546943508793e+00
4.8348348348348346715e-01,1.4936290398429932225e+00
4.8578578578578573977e-01,1.4757338078248476432e+00
4.8808808808808806790e-01,1.4579426559304258237e+00
4.9039039039039034051e-01,1.4402549838076341704e+00
4.9269269269269266864e-01,1.4226701975468640793e+00
4.9499499499499494126e-01,1.4051877045241123465e+00
4.9729729729729726939e-01,1.3878069191772151036e+00
4.9959959959959954201e-01,1.3705272568627764329e+00
5.0190190190190187014e-01,1.3533481398328546241e+00
5.0420420420420419827e-01,1.3362689916946439705e+00
5.0650650650650641538e-01,1.3192892420665760511e+00
5.0880880880880874351e-01,1.3024083229364584735e+00
5.1111111111111107164e-01,1.2856256709997753163e+00
5.1341341341341339977e-01,1.2689407265960241933e+00
5.1571571571571572790e-01,1.2523529333617777759e+00
5.1801801801801794500e-01,1.2358617398173599167e+00
5.2032032032032027313e-01,1.2194665965415441011e+00
5.2262262262262260126e-01,1.2031669599382928126e+00
5.2492492492492492939e-01,1.1869622876517609278e+00
5.2722722722722714650e-01,1.1708520435606211141e+00
5.2952952952952947463e-01,1.1548356925887441893e+00
5.3183183183183180276e-01,1.1389127056333068211e+00
5.3413413413413413089e-01,1.1230825551032583842e+00
5.3643643643643634800e-01,1.1073447185485214561e+00
5.3873873873873867613e-01,1.0916986759399611717e+00
5.4104104104104100426e-01,1.0761439112501514082e+00
5.4334334334334333239e-01,1.0606799119576986179e+00
5.4564564564564554949e-01,1.0453061683549838001e+00
5.4794794794794787762e-01,1.0300221752568192723e+00
5.5025025025025020575e-01,1.0148274292866532598e+00
5.5255255255255253388e-01,9.9972143231920906903e-01
5.5485485485485486201e-01,9.8470368742183078670e-01
5.5715715715715707912e-01,9.6977370316099775760e-01
5.5945945945945940725e-01,9.5493098922947372564e-01
5.6176176176176173538e-01,9.4017506049800647627e-01
5.6406406406406406351e-01,9.2550543343719404721e-01
5.6636636636636628062e-01,9.1092162892366757010e-01
5.6866866866866860875e-01,8.9642317024443718410e-01
5.7097097097097093688e-01,8.8200958409902074919e-01
5.7327327327327326500e-01,8.6768040052064077106e-01
5.7557557557557548211e-01,8.5343515195498087511e-01
5.7787787787787781024e-01,8.3927337501357712757e-01
5.8018018018018013837e-01,8.2519460790715259968e-01
5.8248248248248246650e-01,8.1119839357015832704e-01
5.8478478478478468361e-01,7.9728427608177299124e-01
5.8708708708708701174e-01,7.8345180436955652592e-01
5.8938938938938933987e-01,7.6970052853399140158e-01
5.9169169169169166800e-01,7.5603000316848734119e-01
5.9399399399399399613e-01,7.4243978450463543606e-01
5.9629629629629621324e-01,7.2892943255858655416e-01
5.9859859859859854136e-01,7.1549850970430772801e-01
6.0090090090090086949e-01,7.0214658123539619439e-01
6.0320320320320319762e-01,6.8887321558849590186e-01
6.0550550550550541473e-01,6.7567798327860462138e-01
6.0780780780780774286e-01,6.6256045864342716367e-01
6.1011011011011007099e-01,6.4952021744391053026e-01
6.1241241241241239912e-01,6.3655683968365961434e-01
6.1471471471471461623e-01,6.2366990646421172073e-01
6.1701701701701694436e-01,6.1085900316135732790e-01
6.1931931931931927249e-01,5.9812371634469119197e-01
6.2162162162162160062e-01,5.8546363648702248739e-01
6.2392392392392381772e-01,5.7287835570200418278e-01
6.2622622622622614585e-01,5.6036746936153203347e-01
6.2852852852852847398e-01,5.4793057511527309966e-01
6.3083083083083080211e-01,5.3556727311931584534e-01
6.3313313313313313024e-01,5.2327716647476230083e-01
6.3543543543543534735e-01,5.1105986008235881890e-01
6.3773773773773767548e-01,4.9891496234091636808e-01
6.4004004004004000361e-01,4.8684208292453873268e-01
6.4234234234234233174e-01,4.7484083531374876586e-01
6.4464464464464454885e-01,4.6291083404236416099e-01
6.4694694694694687698e-01,4.5105169741286937901e-01
6.4924924924924920511e-01,4.3926304492350837227e-01
6.5155155155155153324e-01,4.2754449946816874828e-01
6.5385385385385375034e-01,4.1589568555922024062e-01
6.5615615615615607847e-01,4.0431623052094839421e-01
6.5845845845845840660e-01,3.9280576385824478303e-01
6.6076076076076073473e-01,3.8136391723529688980e-01
6.6306306306306295184e-01,3.6999032506316498203e-01
6.6536536536536527997e-01,3.5868462331956407763e-01
6.6766766766766760810e-01,3.4744645117672556811e-01
6.6996996996996993623e-01,3.3627544895771599442e-01
6.7227227227227226436e-01,3.2517126039796367953e-01
6.7457457457457448147e-01,3.1413353024435719529e-01
6.7687687687687680960e-01,3.0316190656770686251e-01
6.7917917917917913773e-01,2.9225603862286769763e-01
6.8148148148148146586e-01,2.8141557862336208373e-01
6.8378378378378368296e-01,2.7064018036166681558e-01
6.8608608608608601109e-01,2.5992950006315901357e-01
6.8838838838838833922e-01,2.4928319602703422064e-01
6.9069069069069066735e-01,2.3870092841976511822e-01
6.9299299299299288446e-01,2.2818235996124958120e-01
6.9529529529529521259e-01,2.1772715474308393380e-01
6.9759759759759754072e-01,2.0733497976981676847e-01
6.9989989989989986885e-01,1.9700550309198244792e-01
7.0220220220220219698e-01,1.8673839581762144424e-01
7.0450450450450441409e-01,1.7653333002709087340e-01
7.0680680680680674222e-01,1.6638998073383054477e-01
7.0910910910910907035e-01,1.5630802411383670769e-01
7.1141141141141139848e-01,1.4628713892538328101e-01
7.1371371371371361558e-01,1.3632700545474704668e-01
7.1601601601601594371e-01,1.2642730609882815718e-01
7.1831831831831827184e-01,1.1658772521710328296e-01
7.2062062062062059997e-01,1.0680794879033427003e-01
7.2292292292292281708e-01,9.7087665166956674256e-02
7.2522522522522514521e-01,8.7426563903876833295e-02
7.2752752752752747334e-01,7.7824337211337496489e-02
7.2982982982982980147e-01,6.8280678257269883380e-02
7.3213213213213201858e-01,5.8795282948510961540e-02
7.3443443443443434671e-01,4.9367848127353917975e-02
7.3673673673673667484e-01,3.9998073226129755853e-02
7.3903903903903900297e-01,3.0685658811284030612e-02
7.4134134134134133109e-01,2.1430307707101293319e-02
7.4364364364364354820e-01,1.2231724207604387916e-02
7.4594594594594587633e-01,3.0896144430369062821e-03
7.4824824824824820446e-01,-5.9963136059518629822e-03
7.5055055055055053259e-01,-1.5026350544887096330e-02
7.5285285285285274970e-01,-2.4000784787999454584e-02
7.5515515515515507783e-01,-3.2919903677783551865e-02
7.5745745745745740596e-01,-4.1783992141838914580e-02
7.5975975975975973409e-01,-5.0593334224492733653e-02
7.6206206206206195120e-01,-5.9348211516663952614e-02
7.6436436436436427933e-01,-6.8048904708694013532e-02
7.6666666666666660745e-01,-7.6695692201732154625e-02
7.6896896896896893558e-01,-8.5288851295971565558e-02
7.7127127127127115269e-01,-9.3828657313602320533e-02
7.7357357357357348082e-01,-1.0231538416960220261e-01
7.7587587587587580895e-01,-1.1074930417660269755e-01
7.7817817817817813708e-01,-1.1913068790754265114e-01
7.8048048048048046521e-01,-1.2745980469665552093e-01
7.8278278278278268232e-01,-1.3573692185303778968e-01
7.8508508508508501045e-01,-1.4396230572860513330e-01
7.8738738738738733858e-01,-1.5213622047880251409e-01
7.8968968968968966671e-01,-1.6025892943855013506e-01
7.9199199199199188381e-01,-1.6833069374489278980e-01
7.9429429429429421194e-01,-1.7635177366745358185e-01
7.9659659659659654007e-01,-1.8432242745040711140e-01
7.9889889889889886820e-01,-1.9224291227327389153e-01
8.0120120120120108531e-01,-2.0011348357913133489e-01
8.0350350350350341344e-01,-2.0793439546851674726e-01
8.0580580580580574157e-01,-2.1570590063916944557e-01
8.0810810810810806970e-01,-2.2342825015684419920e-01
8.1041041041041039783e-01,-2.3110169399652147337e-01
8.1271271271271261494e-01,-2.3872648026372211838e-01
8.1501501501501494307e-01,-2.4630285620278241643e-01
8.1731731731731727120e-01,-2.5383106706131353114e-01
8.1961961961961959933e-01,-2.6131135731938687217e-01
8.2192192192192181643e-01,-2.6874396948775958194e-01
8.2422422422422414456e-01,-2.7612914524139464678e-01
8.2652652652652647269e-01,-2.8346712446097555027e-01
8.2882882882882880082e-01,-2.9075814600072974470e-01
8.3113113113113101793e-01,-2.9800244718706492275e-01
8.3343343343343334606e-01,-3.0520026406909622763e-01
8.3573573573573567419e-01,-3.1235183146347517136e-01
8.3803803803803800232e-01,-3.1945738265857609450e-01
8.4034034034034021943e-01,-3.2651714997698400023e-01
8.4264264264264254756e-01,-3.3353136401711558356e-01
8.4494494494494487569e-01,-3.4050025459665045346e-01
8.4724724724724720382e-01,-3.4742404971901169608e-01
8.4954954954954953195e-01,-3.5430297666499499520e-01
8.5185185185185174905e-01,-3.6113726095047626874e-01
8.5415415415415407718e-01,-3.6792712728591725480e-01
8.5645645645645640531e-01,-3.7467279879017212352e-01
8.5875875875875873344e-01,-3.8137449759499958413e-01
8.6106106106106095055e-01,-3.8803244448470647354e-01
8.6336336336336327868e-01,-3.9464685903116963894e-01
8.6566566566566560681e-01,-4.0121795971937163072e-01
8.6796796796796793494e-01,-4.0774596360517983973e-01
8.7027027027027015205e-01,-4.1423108688432114244e-01
8.7257257257257248018e-01,-4.2067354416356361746e-01
8.7487487487487480831e-01,-4.2707354933633773220e-01
8.7717717717717713644e-01,-4.3343131464816586629e-01
8.7947947947947935354e-01,-4.3974705166023436709e-01
8.8178178178178168167e-01,-4.4602097035132959313e-01
8.8408408408408400980e-01,-4.5225327992400488064e-01
8.8638638638638633793e-01,-4.5844418816683912832e-01
8.8868868868868866606e-01,-4.6459390192112792750e-01
8.9099099099099088317e-01,-4.7070262683669383819e-01
8.9329329329329321130e-01,-4.7677056741468165635e-01
8.9559559559559553943e-01,-4.8279792719380498767e-01
8.9789789789789786756e-01,-4.8878490837805327329e-01
9.0020020020020008467e-01,-4.9473171240069158117e-01
9.0250250250250241280e-01,-5.0063853923169809867e-01
9.0480480480480474093e-01,-5.0650558818443214282e-01
9.0710710710710706906e-01,-5.1233305707584575472e-01
9.0940940940940928616e-01,-5.1812114307189316431e-01
9.1171171171171161429e-01,-5.2387004191901731520e-01
9.1401401401401394242e-01,-5.2957994861578716606e-01
9.1631631631631627055e-01,-5.3525105690257934743e-01
9.1861861861861848766e-01,-5.4088355961236489478e-01
9.2092092092092081579e-01,-5.4647764852162428184e-01
9.2322322322322314392e-01,-5.5203351432028024970e-01
9.2552552552552547205e-01,-5.5755134684224294528e-01
9.2782782782782780018e-01,-5.6303133467611110596e-01
9.3013013013013001729e-01,-5.6847366571527635504e-01
9.3243243243243234541e-01,-5.7387852650639303853e-01
9.3473473473473467354e-01,-5.7924610298706591394e-01
9.3703703703703700167e-01,-5.8457657973622312308e-01
9.3933933933933921878e-01,-5.8987014071107823909e-01
9.4164164164164154691e-01,-5.9512696859451097442e-01
9.4394394394394387504e-01,-6.0034724534912398131e-01
9.4624624624624620317e-01,-6.0553115181594219241e-01
9.4854854854854842028e-01,-6.1067886796824044637e-01
9.5085085085085074841e-01,-6.1579057283971039283e-01
9.5315315315315307654e-01,-6.2086644443779603897e-01
9.5545545545545540467e-01,-6.2590666000509731504e-01
9.5775775775775762177e-01,-6.3091139562353582004e-01
9.6006006006005994990e-01,-6.3588082674390511428e-01
9.6236236236236227803e-01,-6.4081512757838954286e-01
9.6466466466466460616e-01,-6.4571447177039698051e-01
9.6696696696696693429e-01,-6.5057903172986430995e-01
9.6926926926926915140e-01,-6.5540897927130259415e-01
9.7157157157157147953e-01,-6.6020448506424955770e-01
9.7387387387387380766e-01,-6.6496571908495138992e-01
9.7617617617617613579e-01,-6.6969285030791170232e-01
9.7847847847847835290e-01,-6.7438604687900727264e-01
9.8078078078078068103e-01,-6.7904547610575005656e-01
9.8308308308308300916e-01,-6.8367130432753986380e-01
9.8538538538538533729e-01,-6.8826369719687008342e-01
9.8768768768768755439e-01,-6.9282281928533728799e-01
9.8998998998998988252e-01,-6.9734883458751883989e-01
9.9229229229229221065e-01,-7.0184190595951700953e-01
9.9459459459459453878e-01,-7.0630219572266061956e-01
9.9689689689689686691e-01,-7.1072986507848223692e-01
9.9919919919919908402e-01,-7.1512507465696228959e-01
1.0015015015015014122e+00,-7.1948798405827785185e-01
1.0038038038038037403e+00,-7.2381875221582092639e-01
1.0061061061061060684e+00,-7.2811753716639660006e-01
1.0084084084084083965e+00,-7.3238449615675682569e-01
1.0107107107107107247e+00,-7.3661978568307673321e-01
1.0130130130130128308e+00,-7.4082356132948956606e-01
1.0153153153153151589e+00,-7.4499597806015105395e-01
1.0176176176176174870e+00,-7.4913718983359578463e-01
1.0199199199199198151e+00,-7.5324735007742704695e-01
1.0222222222222221433e+00,-7.5732661117353583524e-01
1.0245245245245244714e+00,-7.6137512499816772937e-01
1.0268268268268267995e+00,-7.6539304241096228765e-01
1.0291291291291291277e+00,-7.6938051372212135082e-01
1.0314314314314314558e+00,-7.7333768831456062287e-01
1.0337337337337335619e+00,-7.7726471493045445893e-01
1.0360360360360358900e+00,-7.8116174150765027573e-01
1.0383383383383382181e+00,-7.8502891523168949472e-01
1.0406406406406405463e+00,-7.8886638261358232871e-01
1.0429429429429428744e+00,-7.9267428930602568116e-01
1.0452452452452452025e+00,-7.9645278039897204891e-01
1.0475475475475475307e+00,-8.0020200004752095602e-01
1.0498498498498498588e+00,-8.0392209191486707631e-01
1.0521521521521519649e+00,-8.0761319870416947708e-01
1.0544544544544542930e+00,-8.1127546263803462789e-01
1.0567567567567566211e+00,-8.1490902501592044072e-01
1.0590590590590589493e+00,-8.1851402660857752736e-01
1.0613613613613612774e+00,-8.2209060735066763481e-01
1.0636636636636636055e+00,-8.2563890656180016769e-01
1.0659659659659659336e+00,-8.2915906283825668854e-01
1.0682682682682682618e+00,-8.3265121406100706114e-01
1.0705705705705705899e+00,-8.3611549750253744140e-01
1.0728728728728726960e+00,-8.3955204962860463525e-01
1.0751751751751750241e+00,-8.4296100639150672862e-01
1.0774774774774773523e+00,-8.4634250287531520573e-01
1.0797797797797796804e+00,-8.4969667370571255738e-01
1.0820820820820820085e+00,-8.5302365262746449037e-01
1.0843843843843843366e+00,-8.5632357292698213502e-01
1.0866866866866866648e+00,-8.5959656705212728056e-01
1.0889889889889889929e+00,-8.6284276694185380041e-01
1.0912912912912910990e+00,-8.6606230378017257099e-01
1.0935935935935934271e+00,-8.6925530816136553636e-01
1.0958958958958957552e+00,-8.7242191002749802653e-01
1.0981981981981980834e+00,-8.7556223864136317747e-01
1.1005005005005004115e+00,-8.7867642271455070890e-01
1.1028028028028027396e+00,-8.8176459020118425070e-01
1.1051051051051050678e+00,-8.8482686858416303988e-01
1.1074074074074073959e+00,-8.8786338454066904280e-01
1.1097097097097097240e+00,-8.9087426431803973248e-01
1.1120120120120118301e+00,-8.9385963335553209053e-01
1.1143143143143141582e+00,-8.9681961665374843040e-01
1.1166166166166164864e+00,-8.9975433845111774112e-01
1.1189189189189188145e+00,-9.0266392249616111965e-01
1.1212212212212211426e+00,-9.0554849185457431116e-01
1.1235235235235234708e+00,-9.0840816902729060178e-01
1.1258258258258257989e+00,-9.1124307592547360013e-01
1.1281281281281281270e+00,-9.1405333381613584898e-01
1.1304304304304302331e+00,-9.1683906346489918437e-01
1.1327327327327325612e+00,-9.1960038492702533830e-01
1.1350350350350348894e+00,-9.2233741782303857448e-01
1.1373373373373372175e+00,-9.2505028102647335331e-01
1.1396396396396395456e+00,-9.2773909300581669513e-01
1.1419419419419418738e+00,-9.3040397148857401088e-01
1.1442442442442442019e+00,-9.3304503378169212358e-01
1.1465465465465465300e+00,-9.3566239649895177610e-01
1.1488488488488488581e+00,-9.3825617578281528264e-01
1.1511511511511509642e+00,-9.4082648715711425513e-01
1.1534534534534532924e+00,-9.4337344560558045181e-01
1.1557557557557556205e+00,-9.4589716557708747313e-01
1.1580580580580579486e+00,-9.4839776091048033635e-01
1.1603603603603602767e+00,-9.5087534498654258108e-01
1.1626626626626626049e+00,-9.5333003052057962989e-01
1.1649649649649649330e+00,-9.5576192982461205538e-01
1.1672672672672672611e+00,-9.5817115451868184461e-01
1.1695695695695693672e+00,-9.6055781583919497280e-01
1.1718718718718716953e+00,-9.6292202434320162130e-01
1.1741741741741740235e+00,-9.6526389018373048856e-01
1.1764764764764763516e+00,-9.6758352288277271747e-01
1.1787787787787786797e+00,-9.6988103150904436678e-01
1.1810810810810810079e+00,-9.7215652456960088834e-01
1.1833833833833833360e+00,-9.7441011005561384284e-01
1.1856856856856856641e+00,-9.7664189547159774296e-01
1.1879879879879879923e+00,-9.7885198774509851738e-01
1.1902902902902900983e+00,-9.8104049338330667762e-01
1.1925925925925924265e+00,-9.8320751827067764950e-01
1.1948948948948947546e+00,-9.8535316791565485950e-01
1.1971971971971970827e+00,-9.8747754718621438830e-01
1.1994994994994994109e+00,-9.8958076058559207855e-01
1.2018018018018017390e+00,-9.9166291199425948832e-01
1.2041041041041040671e+00,-9.9372410490433060737e-01
1.2064064064064063952e+00,-9.9576444223292126523e-01
1.2087087087087085013e+00,-9.9778402646174912949e-01
1.2110110110110108295e+00,-9.9978295956161622460e-01
1.2133133133133131576e+00,-1.0017613430113720963e+00
1.2156156156156154857e+00,-1.0037192778457260101e+00
1.2179179179179178139e+00,-1.0056568645544752272e+00
1.2202202202202201420e+00,-1.0075742032400711867e+00
1.2225225225225224701e+00,-1.0094713934228820573e+00
1.2248248248248247982e+00,-1.0113485342710721859e+00
1.2271271271271271264e+00,-1.0132057243604348784e+00
1.2294294294294292325e+00,-1.0150430619188735015e+00
1.2317317317317315606e+00,-1.0168606446033394697e+00
1.2340340340340338887e+00,-1.0186585696972718651e+00
1.2363363363363362168e+00,-1.0204369339595169563e+00
1.2386386386386385450e+00,-1.0221958337310483866e+00
1.2409409409409408731e+00,-1.0239353648869589097e+00
1.2432432432432432012e+00,-1.0256556228337581071e+00
1.2455455455455455294e+00,-1.0273567025711130007e+00
1.2478478478478476354e+00,-1.0290386985846347034e+00
1.2501501501501499636e+00,-1.0307017050013040915e+00
1.2524524524524522917e+00,-1.0323458154045483948e+00
1.2547547547547546198e+00,-1.0339711230463302094e+00
1.2570570570570569480e+00,-1.0355777206310250449e+00
1.2593593593593592761e+00,-1.0371657005303365207e+00
1.2616616616616616042e+00,-1.0387351545923506624e+00
1.2639639639639639324e+00,-1.0402861743059463873e+00
1.2662662662662662605e+00,-1.0418188506807612992e+00
1.2685685685685683666e+00,-1.0433332743259173814e+00
1.2708708708708706947e+00,-1.0448295354247478794e+00
1.2731731731731730228e+00,-1.0463077237149844834e+00
1.2754754754754753510e+00,-1.0477679285604830639e+00
1.2777777777777776791e+00,-1.0492102388408541813e+00
1.2800800800800800072e+00,-1.0506347431023781436e+00
1.2823823823823823354e+00,-1.0520415293843441429e+00
1.2846846846846846635e+00,-1.0534306854129955600e+00
1.2869869869869867696e+00,-1.0548022984086757869e+00
1.2892892892892890977e+00,-1.0561564552731805833e+00
1.2915915915915914258e+00,-1.0574932424279361864e+00
1.2938938938938937540e+00,-1.0588127459491389892e+00
1.2961961961961960821e+00,-1.0601150514745736331e+00
1.2984984984984984102e+00,-1.0614002442586825126e+00
1.3008008008008007383e+00,-1.0626684091658085141e+00
1.3031031031031030665e+00,-1.0639196306371503375e+00
1.3054054054054053946e+00,-1.0651539927691220377e+00
1.3077077077077075007e+00,-1.0663715792025127982e+00
1.3100100100100098288e+00,-1.0675724732669791273e+00
1.3123123123123121569e+00,-1.0687567578197214591e+00
1.3146146146146144851e+00,-1.0699245154211234343e+00
1.3169169169169168132e+00,-1.0710758281643044665e+00
1.3192192192192191413e+00,-1.0722107778368317188e+00
1.3215215215215214695e+00,-1.0733294457852220471e+00
1.3238238238238237976e+00,-1.0744319130242754312e+00
1.3261261261261259037e+00,-1.0755182601669925901e+00
1.3284284284284282318e+00,-1.0765885674598971722e+00
1.3307307307307305599e+00,-1.0776429147911064099e+00
1.3330330330330328881e+00,-1.0786813816474682959e+00
1.3353353353353352162e+00,-1.0797040471967231934e+00
1.3376376376376375443e+00,-1.0807109901784464068e+00
1.3399399399399398725e+00,-1.0817022890406819968e+00
1.3422422422422422006e+00,-1.0826780217916407434e+00
1.3445445445445445287e+00,-1.0836382661572989683e+00
1.3468468468468466348e+00,-1.0845830994321961072e+00
1.3491491491491489629e+00,-1.0855125986176876740e+00
1.3514514514514512911e+00,-1.0864268403099057725e+00
1.3537537537537536192e+00,-1.0873259007866433734e+00
1.3560560560560559473e+00,-1.0882098559568647023e+00
1.3583583583583582755e+00,-1.0890787813797684347e+00
1.3606606606606606036e+00,-1.0899327522844679539e+00
1.3629629629629629317e+00,-1.0907718435201545493e+00
1.3652652652652652598e+00,-1.0915961296397691527e+00
1.3675675675675673659e+00,-1.0924056847944250137e+00
1.3698698698698696941e+00,-1.0932005828612134657e+00
1.3721721721721720222e+00,-1.0939808973081390775e+00
1.3744744744744743503e+00,-1.0947467013342717657e+00
1.3767767767767766784e+00,-1.0954980677403769462e+00
1.3790790790790790066e+00,-1.0962350690458608771e+00
1.3813813813813813347e+00,-1.0969577773974745760e+00
1.3836836836836836628e+00,-1.0976662646367698617e+00
1.3859859859859857689e+00,-1.0983606022660794554e+00
1.3882882882882880970e+00,-1.0990408614543489829e+00
1.3905905905905904252e+00,-1.0997071130656324023e+00
1.3928928928928927533e+00,-1.1003594276047019562e+00
1.3951951951951950814e+00,-1.1009978753002733765e+00
1.3974974974974974096e+00,-1.1016225260043102097e+00
1.3997997997997997377e+00,-1.1022334493102128317e+00
1.4021021021021020658e+00,-1.1028307144310964816e+00
1.4044044044044043940e+00,-1.1034143903231947714e+00
1.4067067067067065000e+00,-1.1039845455749281999e+00
1.4090090090090088282e+00,-1.1045412485046484097e+00
1.4113113113113111563e+00,-1.1050845670875808491e+00
1.4136136136136134844e+00,-1.1056145690066534470e+00
1.4159159159159158126e+00,-1.1061313216321571051e+00
1.4182182182182181407e+00,-1.1066348920170709924e+00
1.4205205205205204688e+00,-1.1071253469319748408e+00
1.4228228228228227970e+00,-1.1076027528081693330e+00
1.4251251251251249030e+00,-1.1080671758189351017e+00
1.4274274274274272312e+00,-1.1085186817847327845e+00
1.4297297297297295593e+00,-1.1089573362814377777e+00
1.4320320320320318874e+00,-1.1093832045316536217e+00
1.4343343343343342156e+00,-1.1097963515124118494e+00
1.4366366366366365437e+00,-1.1101968418610217437e+00
1.4389389389389388718e+00,-1.1105847399557826627e+00
1.4412412412412411999e+00,-1.1109601098587105206e+00
1.4435435435435435281e+00,-1.1113230153523232513e+00
1.4458458458458456342e+00,-1.1116735199304694781e+00
1.4481481481481479623e+00,-1.1120116867854936693e+00
1.4504504504504502904e+00,-1.1123375788475342585e+00
1.4527527527527526185e+00,-1.1126512587268120313e+00
1.4550550550550549467e+00,-1.1129527887917478601e+00
1.4573573573573572748e+00,-1.1132422310807221777e+00
1.4596596596596596029e+00,-1.1135196474002355682e+00
1.4619619619619619311e+00,-1.1137850992287618990e+00
1.4642642642642640372e+00,-1.1140386478098349698e+00
1.4665665665665663653e+00,-1.1142803540730645828e+00
1.4688688688688686934e+00,-1.1145102786997804767e+00
1.4711711711711710215e+00,-1.1147284820793534887e+00
1.4734734734734733497e+00,-1.1149350243341842326e+00
1.4757757757757756778e+00,-1.1151299653195014816e+00
1.4780780780780780059e+00,-1.1153133646043733584e+00
1.4803803803803803341e+00,-1.1154852815136466759e+00
1.4826826826826826622e+00,-1.1156457750707946541e+00
1.4849849849849847683e+00,-1.1157949040718846412e+00
1.4872872872872870964e+00,-1.1159327270044896441e+00
1.4895895895895894245e+00,-1.1160593021357196886e+00
1.4918918918918917527e+00,-1.1161746874281468500e+00
1.4941941941941940808e+00,-1.1162789406193844854e+00
1.4964964964964964089e+00,-1.1163721191567352875e+00
1.4987987987987987371e+00,-1.1164542802496695284e+00
1.5011011011011010652e+00,-1.1165254808377245155e+00
1.5034034034034031713e+00,-1.1165857776057801498e+00
1.5057057057057054994e+00,-1.1166352269908981221e+00
1.5080080080080078275e+00,-1.1166738851589492754e+00
1.5103103103103101557e+00,-1.1167018080477646436e+00
1.5126126126126124838e+00,-1.1167190513116522776e+00
1.5149149149149148119e+00,-1.1167256703905747983e+00
1.5172172172172171400e+00,-1.1167217204364237038e+00
1.5195195195195194682e+00,-1.1167072563912094907e+00
1.5218218218218217963e+00,-1.1166823329142896437e+00
1.5241241241241239024e+00,-1.1166470044496938918e+00
1.5264264264264262305e+00,-1.1166013251728090783e+00
1.5287287287287285587e+00,-1.1165453490315044860e+00
1.5310310310310308868e+00,-1.1164791297237404155e+00
1.5333333333333332149e+00,-1.1164027207049682655e+00
1.5356356356356355430e+00,-1.1163161752003305516e+00
1.5379379379379378712e+00,-1.1162195461783679384e+00
1.5402402402402401993e+00,-1.1161128863942322287e+00
1.5425425425425423054e+00,-1.1159962483366825392e+00
1.5448448448448446335e+00,-1.1158696842920621251e+00
1.5471471471471469616e+00,-1.1157332462779252502e+00
1.5494494494494492898e+00,-1.1155869861118083985e+00
1.5517517517517516179e+00,-1.1154309553489085705e+00
1.5540540540540539460e+00,-1.1152652053383580455e+00
1.5563563563563562742e+00,-1.1150897871804554828e+00
1.5586586586586586023e+00,-1.1149047517580543687e+00
1.5609609609609609304e+00,-1.1147101497222173805e+00
1.5632632632632630365e+00,-1.1145060314933208367e+00
1.5655655655655653646e+00,-1.1142924472771620348e+00
1.5678678678678676928e+00,-1.1140694470369794100e+00
1.5701701701701700209e+00,-1.1138370805357227233e+00
1.5724724724724723490e+00,-1.1135953972862360217e+00
1.5747747747747746772e+00,-1.1133444466096398262e+00
1.5770770770770770053e+00,-1.1130842775763389874e+00
1.5793793793793793334e+00,-1.1128149390658035323e+00
1.5816816816816814395e+00,-1.1125364797139074557e+00
1.5839839839839837676e+00,-1.1122489479593220540e+00
1.5862862862862860958e+00,-1.1119523920099425585e+00
1.5885885885885884239e+00,-1.1116468598660471656e+00
1.5908908908908907520e+00,-1.1113323993125199252e+00
1.5931931931931930801e+00,-1.1110090579151030710e+00
1.5954954954954954083e+00,-1.1106768830391684499e+00
1.5977977977977977364e+00,-1.1103359218211104054e+00
1.6001001001001000645e+00,-1.1099862212089386393e+00
1.6024024024024021706e+00,-1.1096278279161027047e+00
1.6047047047047044988e+00,-1.1092607884742096136e+00
1.6070070070070068269e+00,-1.1088851491811371197e+00
1.6093093093093091550e+00,-1.1085009561524865607e+00
1.6116116116116114831e+00,-1.1081082552776091443e+00
1.6139139139139138113e+00,-1.1077070922573368783e+00
1.6162162162162161394e+00,-1.1072975125782609229e+00
1.6185185185185184675e+00,-1.1068795615290476508e+00
1.6208208208208207957e+00,-1.1064532841979055622e+00
1.6231231231231229017e+00,-1.1060187254651971944e+00
1.6254254254254252299e+00,-1.1055759300238530152e+00
1.6277277277277275580e+00,-1.1051249423509417191e+00
1.6300300300300298861e+00,-1.1046658067460513042e+00
1.6323323323323322143e+00,-1.1041985672890153314e+00
1.6346346346346345424e+00,-1.1037232678870210201e+00
1.6369369369369368705e+00,-1.1032399522294495942e+00
1.6392392392392391987e+00,-1.1027486638317118839e+00
1.6415415415415413047e+00,-1.1022494459989944371e+00
1.6438438438438436329e+00,-1.1017423418564453730e+00
1.6461461461461459610e+00,-1.1012273943300874279e+00
1.6484484484484482891e+00,-1.1007046461574916396e+00
1.6507507507507506173e+00,-1.1001741398893296608e+00
1.6530530530530529454e+00,-1.0996359178793657652e+00
1.6553553553553552735e+00,-1.0990900223056307983e+00
1.6576576576576576016e+00,-1.0985364951428437941e+00
1.6599599599599599298e+00,-1.0979753781981012040e+00
1.6622622622622620359e+00,-1.0974067130727285235e+00
1.6645645645645643640e+00,-1.0968305412037910873e+00
1.6668668668668666921e+00,-1.0962469038253523923e+00
1.6691691691691690203e+00,-1.0956558420052640024e+00
1.6714714714714713484e+00,-1.0950573966158285710e+00
1.6737737737737736765e+00,-1.0944516083574338250e+00
1.6760760760760760046e+00,-1.0938385177450538066e+00
1.6783783783783783328e+00,-1.0932181651143806356e+00
1.6806806806806804389e+00,-1.0925905906264559153e+00
1.6829829829829827670e+00,-1.0919558342559791964e+00
1.6852852852852850951e+00,-1.0913139358125056866e+00
1.6875875875875874232e+00,-1.0906649349142873984e+00
1.6898898898898897514e+00,-1.0900088710209800968e+00
1.6921921921921920795e+00,-1.0893457833996895712e+00
1.6944944944944944076e+00,-1.0886757111611267135e+00
1.6967967967967967358e+00,-1.0879986932268044253e+00
1.6990990990990990639e+00,-1.0873147683595465463e+00
1.7014014014014011700e+00,-1.0866239751401536306e+00
1.7037037037037034981e+00,-1.0859263519854982505e+00
1.7060060060060058262e+00,-1.0852219371396008007e+00
1.7083083083083081544e+00,-1.0845107686761921162e+00
1.7106106106106104825e+00,-1.0837928845055553317e+00
1.7129129129129128106e+00,-1.0830683223618831068e+00
1.7152152152152151388e+00,-1.0823371198239517543e+00
1.7175175175175174669e+00,-1.0815993142907356361e+00
1.7198198198198195730e+00,-1.0808549430110043765e+00
1.7221221221221219011e+00,-1.0801040430534631920e+00
1.7244244244244242292e+00,-1.0793466513378968674e+00
1.7267267267267265574e+00,-1.0785828046077470255e+00
1.7290290290290288855e+00,-1.0778125394550877036e+00
1.7313313313313312136e+00,-1.0770358923024316855e+00
1.7336336336336335417e+00,-1.0762528994162074980e+00
1.7359359359359358699e+00,-1.0754635969015080565e+00
1.7382382382382381980e+00,-1.0746680207019239095e+00
1.7405405405405403041e+00,-1.0738662066078730195e+00
1.7428428428428426322e+00,-1.0730581902435807340e+00
1.7451451451451449604e+00,-1.0722440070868013429e+00
1.7474474474474472885e+00,-1.0714236924464457523e+00
1.7497497497497496166e+00,-1.0705972814889834765e+00
1.7520520520520519447e+00,-1.0697648092125462416e+00
1.7543543543543542729e+00,-1.0689263104733701670e+00
1.7566566566566566010e+00,-1.0680818199632444720e+00
1.7589589589589587071e+00,-1.0672313722295796445e+00
1.7612612612612610352e+00,-1.0663750016616189153e+00
1.7635635635635633633e+00,-1.0655127425000476826e+00
1.7658658658658656915e+00,-1.0646446288346469444e+00
1.7681681681681680196e+00,-1.0637706946021077137e+00
1.7704704704704703477e+00,-1.0628909735951879156e+00
1.7727727727727726759e+00,-1.0620054994498810963e+00
1.7750750750750750040e+00,-1.0611143056637748483e+00
1.7773773773773773321e+00,-1.0602174255759704291e+00
1.7796796796796794382e+00,-1.0593148923902386827e+00
1.7819819819819817663e+00,-1.0584067391529661251e+00
1.7842842842842840945e+00,-1.0574929987752597071e+00
1.7865865865865864226e+00,-1.0565737040147591408e+00
1.7888888888888887507e+00,-1.0556488874914702336e+00
1.7911911911911910789e+00,-1.0547185816776698530e+00
1.7934934934934934070e+00,-1.0537828189044107230e+00
1.7957957957957957351e+00,-1.0528416313613884192e+00
1.7980980980980978412e+00,-1.0518950510933806619e+00
1.8004004004004001693e+00,-1.0509431100097341716e+00
1.8027027027027024975e+00,-1.0499858398721038100e+00
1.8050050050050048256e+00,-1.0490232723112318247e+00
1.8073073073073071537e+00,-1.0480554388092184759e+00
1.8096096096096094819e+00,-1.0470823707195464625e+00
1.8119119119119118100e+00,-1.0461040992485843848e+00
1.8142142142142141381e+00,-1.0451206554738108334e+00
1.8165165165165164662e+00,-1.0441320703294127981e+00
1.8188188188188185723e+00,-1.0431383746185385331e+00
1.8211211211211209005e+00,-1.0421395990062234382e+00
1.8234234234234232286e+00,-1.0411357740234499225e+00
1.8257257257257255567e+00,-1.0401269300686244446e+00
1.8280280280280278848e+00,-1.0391130974031679290e+00
1.8303303303303302130e+00,-1.0380943061609233524e+00
1.8326326326326325411e+00,-1.0370705863367444266e+00
1.8349349349349348692e+00,-1.0360419678015664324e+00
1.8372372372372369753e+00,-1.0350084802870129774e+00
1.8395395395395393034e+00,-1.0339701534024590135e+00
1.8418418418418416316e+00,-1.0329270166197777048e+00
1.8441441441441439597e+00,-1.0318790992881365920e+00
1.8464464464464462878e+00,-1.0308264306228387408e+00
1.8487487487487486160e+00,-1.0297690397145815577e+00
1.8510510510510509441e+00,-1.0287069555248085084e+00
1.8533533533533532722e+00,-1.0276402068878656149e+00
1.8556556556556556004e+00,-1.0265688225135856104e+00
1.8579579579579577064e+00,-1.0254928309824316024e+00
1.8602602602602600346e+00,-1.0244122607544898784e+00
1.8625625625625623627e+00,-1.0233271401591255145e+00
1.8648648648648646908e+00,-1.0222374974082144572e+00
1.8671671671671670190e+00,-1.0211433605830770865e+00
1.8694694694694693471e+00,-1.0200447576486897372e+00
1.8717717717717716752e+00,-1.0189417164414242833e+00
1.8740740740740740033e+00,-1.0178342646807505556e+00
1.8763763763763761094e+00,-1.0167224299608872418e+00
1.8786786786786784376e+00,-1.0156062397575409406e+00
1.8809809809809807657e+00,-1.0144857214251896682e+00
1.8832832832832830938e+00,-1.0133609021978546849e+00
1.8855855855855854220e+00,-1.0122318091923376837e+00
1.8878878878878877501e+00,-1.0110984694033402498e+00
1.8901901901901900782e+00,-1.0099609097117447920e+00
1.8924924924924924063e+00,-1.0088191568755526806e+00
1.8947947947947947345e+00,-1.0076732375412189580e+00
1.8970970970970968406e+00,-1.0065231782328660781e+00
1.8993993993993991687e+00,-1.0053690053638613122e+00
1.9017017017017014968e+00,-1.0042107452272377444e+00
1.9040040040040038249e+00,-1.0030484240047443656e+00
1.9063063063063061531e+00,-1.0018820677608353265e+00
1.9086086086086084812e+00,-1.0007117024474034839e+00
1.9109109109109108093e+00,-9.9953735390251818860e-01
1.9132132132132131375e+00,-9.9835904785024476293e-01
1.9155155155155152435e+00,-9.9717680990418078313e-01
1.9178178178178175717e+00,-9.9599066556282178642e-01
1.9201201201201198998e+00,-9.9480064021695968624e-01
1.9224224224224222279e+00,-9.9360675914197083003e-01
1.9247247247247245561e+00,-9.9240904750730529749e-01
1.9270270270270268842e+00,-9.9120753036781272804e-01
1.9293293293293292123e+00,-9.9000223267297116081e-01
1.9316316316316315405e+00,-9.8879317925961729419e-01
1.9339339339339338686e+00,-9.8758039485877591179e-01
1.9362362362362359747e+00,-9.8636390409153462677e-01
1.9385385385385383028e+00,-9.8514373147222489280e-01
1.9408408408408406309e+00,-9.8391990140819507449e-01
1.9431431431431429591e+00,-9.8269243819904616988e-01
1.9454454454454452872e+00,-9.8146136604017397698e-01
1.9477477477477476153e+00,-9.8022670901858943715e-01
1.9500500500500499435e+00,-9.7898849111932984002e-01
1.9523523523523522716e+00,-9.7774673621910168642e-01
1.9546546546546545997e+00,-9.7650146809402305070e-01
1.9569569569569567058e+00,-9.7525271041286765161e-01
1.9592592592592590339e+00,-9.7400048674423422845e-01
1.9615615615615613621e+00,-9.7274482055123046020e-01
1.9638638638638636902e+00,-9.7148573519646741481e-01
1.9661661661661660183e+00,-9.7022325393941788452e-01
1.9684684684684683464e+00,-9.6895739993840357407e-01
1.9707707707707706746e+00,-9.6768819625106095028e-01
1.9730730730730730027e+00,-9.6641566583326854456e-01
1.9753753753753751088e+00,-9.6513983154245486240e-01
1.9776776776776774369e+00,-9.6386071613403168090e-01
1.9799799799799797650e+00,-9.6257834226670246913e-01
1.9822822822822820932e+00,-9.6129273249748814489e-01
1.9845845845845844213e+00,-9.6000390928774836929e-01
1.9868868868868867494e+00,-9.5871189499822406788e-01
1.9891891891891890776e+00,-9.5741671189431154509e-01
1.9914914914914914057e+00,-9.5611838214246402945e-01
1.9937937937937937338e+00,-9.5481692781363336486e-01
1.9960960960960958399e+00,-9.5351237088180751389e-01
1.9983983983983981680e+00,-9.5220473322514742609e-01
2.0007007007007007182e+00,-9.5089403662684579555e-01
2.0030030030030028243e+00,-9.4958030277404015251e-01
2.0053053053053049304e+00,-9.4826355326067179874e-01
2.0076076076076074806e+00,-9.4694380958470514287e-01
2.0099099099099095866e+00,-9.4562109315227282913e-01
2.0122122122122121368e+00,-9.4429542527408028008e-01
2.0145145145145142429e+00,-9.4296682716983148964e-01
2.0168168168168167931e+00,-9.4163531996488025744e-01
2.0191191191191188992e+00,-9.4030092469390713639e-01
2.0214214214214214493e+00,-9.3896366229871464082e-01
2.0237237237237235554e+00,-9.3762355363047200640e-01
2.0260260260260256615e+00,-9.3628061944910134784e-01
2.0283283283283282117e+00,-9.3493488042386663217e-01
2.0306306306306303178e+00,-9.3358635713437010395e-01
2.0329329329329328679e+00,-9.3223507006964856370e-01
2.0352352352352349740e+00,-9.3088103963045942812e-01
2.0375375375375375242e+00,-9.2952428612733939417e-01
2.0398398398398396303e+00,-9.2816482978361114498e-01
2.0421421421421421805e+00,-9.2680269073306509320e-01
2.0444444444444442865e+00,-9.2543788902296875154e-01
2.0467467467467463926e+00,-9.2407044461209097985e-01
2.0490490490490489428e+00,-9.2270037737305887759e-01
2.0513513513513510489e+00,-9.2132770709125311193e-01
2.0536536536536535991e+00,-9.1995245346615250881e-01
2.0559559559559557052e+00,-9.1857463611129086534e-01
2.0582582582582582553e+00,-9.1719427455454594078e-01
2.0605605605605603614e+00,-9.1581138823907404234e-01
2.0628628628628629116e+00,-9.1442599652273626187e-01
2.0651651651651650177e+00,-9.1303811867972961558e-01
2.0674674674674671238e+00,-9.1164777389950024666e-01
2.0697697697697696739e+00,-9.1025498128866999537e-01
2.0720720720720717800e+00,-9.0885975986987266317e-01
2.0743743743743743302e+00,-9.0746212858353181296e-01
2.0766766766766764363e+00,-9.0606210628702543719e-01
2.0789789789789789864e+00,-9.0465971175599391163e-01
2.0812812812812810925e+00,-9.0325496368405344683e-01
2.0835835835835831986e+00,-9.0184788068350740797e-01
2.0858858858858857488e+00,-9.0043848128563008792e-01
2.0881881881881878549e+00,-8.9902678394084567515e-01
2.0904904904904904051e+00,-8.9761280701943457760e-01
2.0927927927927925111e+00,-8.9619656881139253546e-01
2.0950950950950950613e+00,-8.9477808752733045683e-01
2.0973973973973971674e+00,-8.9335738129825503773e-01
2.0996996996996997176e+00,-8.9193446817643029512e-01
2.1020020020020018237e+00,-8.9050936613528608454e-01
2.1043043043043039297e+00,-8.8908209307007490807e-01
2.1066066066066064799e+00,-8.8765266679801546612e-01
2.1089089089089085860e+00,-8.8622110505871143360e-01
2.1112112112112111362e+00,-8.8478742551449474085e-01
2.1135135135135132423e+00,-8.8335164575069446968e-01
2.1158158158158157924e+00,-8.8191378327605252085e-01
2.1181181181181178985e+00,-8.8047385552299595179e-01
2.1204204204204204487e+00,-8.7903187984796282706e-01
2.1227227227227225548e+00,-8.7758787353183109747e-01
2.1250250250250246609e+00,-8.7614185378002751303e-01
2.1273273273273272110e+00,-8.7469383772319797554e-01
2.1296296296296293171e+00,-8.7324384241707009302e-01
2.1319319319319318673e+00,-8.7179188484333036691e-01
2.1342342342342339734e+00,-8.7033798190934141825e-01
2.1365365365365365236e+00,-8.6888215044906802476e-01
2.1388388388388386296e+00,-8.6742440722284674948e-01
2.1411411411411411798e+00,-8.6596476891814111454e-01
2.1434434434434432859e+00,-8.6450325214958834152e-01
2.1457457457457453920e+00,-8.6303987345937238640e-01
2.1480480480480479422e+00,-8.6157464931772775873e-01
2.1503503503503500482e+00,-8.6010759612279596986e-01
2.1526526526526525984e+00,-8.5863873020166348038e-01
2.1549549549549547045e+00,-8.5716806780969478918e-01
2.1572572572572572547e+00,-8.5569562513202790388e-01
2.1595595595595593608e+00,-8.5422141828255293561e-01
2.1618618618618614668e+00,-8.5274546330560352381e-01
2.1641641641641640170e+00,-8.5126777617491999894e-01
2.1664664664664661231e+00,-8.4978837279515784253e-01
2.1687687687687686733e+00,-8.4830726900121389278e-01
2.1710710710710707794e+00,-8.4682448055920023222e-01
2.1733733733733733295e+00,-8.4534002316643896968e-01
2.1756756756756754356e+00,-8.4385391245165808360e-01
2.1779779779779779858e+00,-8.4236616397582431137e-01
2.1802802802802800919e+00,-8.4087679323147646038e-01
2.1825825825825821980e+00,-8.3938581564438308202e-01
2.1848848848848847481e+00,-8.3789324657213759551e-01
2.1871871871871868542e+00,-8.3639910130639461006e-01
2.1894894894894894044e+00,-8.3490339507109601058e-01
2.1917917917917915105e+00,-8.3340614302481186293e-01
2.1940940940940940607e+00,-8.3190736025913714080e-01
2.1963963963963961668e+00,-8.3040706180058909691e-01
2.1986986986986987169e+00,-8.2890526260967967165e-01
2.2010010010010008230e+00,-8.2740197758193612110e-01
2.2033033033033029291e+00,-8.2589722154799416476e-01
2.2056056056056054793e+00,-8.2439100927349739933e-01
2.2079079079079075854e+00,-8.2288335546034285795e-01
2.2102102102102101355e+00,-8.2137427474545765538e-01
2.2125125125125122416e+00,-8.1986378170305540536e-01
2.2148148148148147918e+00,-8.1835189084254456038e-01
2.2171171171171168979e+00,-8.1683861661140988453e-01
2.2194194194194194480e+00,-8.1532397339281548199e-01
2.2217217217217215541e+00,-8.1380797550842964849e-01
2.2240240240240236602e+00,-8.1229063721632255302e-01
2.2263263263263262104e+00,-8.1077197271314949134e-01
2.2286286286286283165e+00,-8.0925199613334031223e-01
2.2309309309309308667e+00,-8.0773072154997738181e-01
2.2332332332332329727e+00,-8.0620816297427277952e-01
2.2355355355355355229e+00,-8.0468433435490127614e-01
2.2378378378378376290e+00,-8.0315924958226758701e-01
2.2401401401401397351e+00,-8.0163292248854545186e-01
2.2424424424424422853e+00,-8.0010536684307098643e-01
2.2447447447447443913e+00,-7.9857659633905175856e-01
2.2470470470470469415e+00,-7.9704662461802899820e-01
2.2493493493493490476e+00,-7.9551546531339112356e-01
2.2516516516516515978e+00,-7.9398313200023695746e-01
2.2539539539539537039e+00,-7.9244963801295442707e-01
2.2562562562562562540e+00,-7.9091499655753572107e-01
2.2585585585585583601e+00,-7.8937922134994198409e-01
2.2608608608608604662e+00,-7.8784232651472119180e-01
2.2631631631631630164e+00,-7.8630432447128462137e-01
2.2654654654654651225e+00,-7.8476522529535919226e-01
2.2677677677677676726e+00,-7.8322504327172814964e-01
2.2700700700700697787e+00,-7.8168380242096047184e-01
2.2723723723723723289e+00,-7.8014151740387960299e-01
2.2746746746746744350e+00,-7.7859816424103756027e-01
2.2769769769769769852e+00,-7.7705373305104008530e-01
2.2792792792792790912e+00,-7.7550835385106609010e-01
2.2815815815815811973e+00,-7.7396216566997921849e-01
2.2838838838838837475e+00,-7.7241483766458196580e-01
2.2861861861861858536e+00,-7.7086582209321818926e-01
2.2884884884884884038e+00,-7.6931603206999799038e-01
2.2907907907907905098e+00,-7.6776770606346955717e-01
2.2930930930930930600e+00,-7.6621892521835832657e-01
2.2953953953953951661e+00,-7.6466147599017531000e-01
2.2976976976976977163e+00,-7.6309764783681077738e-01
2.2999999999999998224e+00,-7.6155626091060135696e-01
