0.0000000000000000000e+00,-1.0054615517760231410e-26
2.3023023023023021089e-03,-3.4401136164248848005e-12
4.6046046046046042177e-03,-2.0280559611981414451e-13
6.9069069069069063266e-03,5.3768228202845318306e-13
9.2092092092092084354e-03,1.1192215374649555219e-12
1.1511511511511510544e-02,2.8458568916886055076e-12
1.3813813813813812653e-02,7.0401761946908888874e-12
1.6116116116116116497e-02,1.4829062039791523536e-11
1.8418418418418416871e-02,2.8477443736774151852e-11
2.0720720720720717245e-02,5.0841660944795502186e-11
2.3023023023023021089e-02,8.5438143707158281082e-11
2.5325325325325324932e-02,1.3710915153217374258e-10
2.7627627627627625306e-02,2.1087043547953197203e-10
2.9929929929929925680e-02,3.1401285163507976179e-10
3.2232232232232232993e-02,4.5350257848444810943e-10
3.4534534534534533368e-02,6.3931029328097766192e-10
3.6836836836836833742e-02,8.8094306684617961647e-10
3.9139139139139134116e-02,1.1911604025552857887e-09
4.1441441441441434490e-02,1.5826655376128064453e-09
4.3743743743743741803e-02,2.0710955383835389477e-09
4.6046046046046042177e-02,2.6729741862407647709e-09
4.8348348348348342551e-02,3.4069519681340285971e-09
5.0650650650650649864e-02,4.2939188413310818753e-09
5.2952952952952950239e-02,5.3557725763975481125e-09
5.5255255255255250613e-02,6.6181745321047658502e-09
5.7557557557557550987e-02,8.1066716214563510052e-09
5.9859859859859851361e-02,9.8518950596560464974e-09
6.2162162162162158674e-02,1.1883658854111314638e-08
6.4464464464464465987e-02,1.4237547590590760536e-08
6.6766766766766766361e-02,1.6948427895169880353e-08
6.9069069069069066735e-02,2.0056718926769057117e-08
7.1371371371371367109e-02,2.3603116946018309591e-08
7.3673673673673667484e-02,2.7632822891578363148e-08
7.5975975975975967858e-02,3.2193028581920334858e-08
7.8278278278278268232e-02,3.7333801971476726403e-08
8.0580580580580568606e-02,4.3109318808526380690e-08
8.2882882882882868980e-02,4.9574793085559634193e-08
8.5185185185185183232e-02,5.6791650878785172583e-08
8.7487487487487483606e-02,6.4820774547629136901e-08
8.9789789789789783980e-02,7.3730825608109133705e-08
9.2092092092092084354e-02,8.3589169395373379647e-08
9.4394394394394384729e-02,9.4471434939265993053e-08
9.6696696696696685103e-02,1.0645242574956853115e-07
9.8998998998998985477e-02,1.1961443118914492211e-07
1.0130130130130129973e-01,1.3404056156198748558e-07
1.0360360360360360010e-01,1.4981961824792619114e-07
1.0590590590590590048e-01,1.6704368641694100577e-07
1.0820820820820820085e-01,1.8580815135854405412e-07
1.1051051051051050123e-01,2.0621448704860549265e-07
1.1281281281281280160e-01,2.2836500846448234498e-07
1.1511511511511510197e-01,2.5237068946019849330e-07
1.1741741741741740235e-01,2.7834144135642466381e-07
1.1971971971971970272e-01,3.0639750222977280964e-07
1.2202202202202201697e-01,3.3665739272892221069e-07
1.2432432432432431735e-01,3.6925011169621548184e-07
1.2662662662662660384e-01,4.0430389164687807594e-07
1.2892892892892893197e-01,4.4195603661960014269e-07
1.3123123123123123235e-01,4.8234541816020540605e-07
1.3353353353353353272e-01,5.2561743645300617144e-07
1.3583583583583583310e-01,5.7192224725693759806e-07
1.3813813813813813347e-01,6.2141343714192230680e-07
1.4044044044044043384e-01,6.7425276344271829673e-07
1.4274274274274273422e-01,7.3060243562032996167e-07
1.4504504504504503459e-01,7.9063575332428369572e-07
1.4734734734734733497e-01,8.5452438158363795569e-07
1.4964964964964963534e-01,9.2245269713916115481e-07
1.5195195195195193572e-01,9.9460303018129719041e-07
1.5425425425425423609e-01,1.0711701189029121677e-06
1.5655655655655653646e-01,1.1523481779440232192e-06
1.5885885885885883684e-01,1.2383417440315641367e-06
1.6116116116116113721e-01,1.3293578706137446049e-06
1.6346346346346343759e-01,1.4256106558607565343e-06
1.6576576576576573796e-01,1.5273205920028853359e-06
1.6806806806806806609e-01,1.6347114721428854561e-06
1.7037037037037036646e-01,1.7480174279043487439e-06
1.7267267267267266684e-01,1.8674725004085393384e-06
1.7497497497497496721e-01,1.9933242124251463674e-06
1.7727727727727726759e-01,2.1258178694942818003e-06
1.7957957957957956796e-01,2.2652136924004971274e-06
1.8188188188188186833e-01,2.4117696426910697512e-06
1.8418418418418416871e-01,2.5657577404153693681e-06
1.8648648648648646908e-01,2.7274499090200827495e-06
1.8878878878878876946e-01,2.8971293334835700161e-06
1.9109109109109106983e-01,3.0750828544672808208e-06
1.9339339339339337021e-01,3.2616045835203467771e-06
1.9569569569569567058e-01,3.4569968115697711894e-06
1.9799799799799797095e-01,3.6615647805086906667e-06
2.0030030030030027133e-01,3.8756262936502470593e-06
2.0260260260260259946e-01,4.0994984127810914839e-06
2.0490490490490489983e-01,4.3335140054612026375e-06
2.0720720720720720021e-01,4.5780031688417742450e-06
2.0950950950950950058e-01,4.8333129130989314350e-06
2.1181181181181180095e-01,5.0997879227830581240e-06
2.1411411411411410133e-01,5.3777883063893828770e-06
2.1641641641641640170e-01,5.6676746975553774538e-06
2.1871871871871870208e-01,5.9698196279251413961e-06
2.2102102102102100245e-01,6.2846006122356759429e-06
2.2332332332332330282e-01,6.6124023935571300939e-06
2.2562562562562560320e-01,6.9536198100453097817e-06
2.2792792792792790357e-01,7.3086501118808142963e-06
2.3023023023023020395e-01,7.6779053697859992443e-06
2.3253253253253250432e-01,8.0617961853355000866e-06
2.3483483483483480470e-01,8.4607512011002292671e-06
2.3713713713713710507e-01,8.8751957950187756005e-06
2.3943943943943940544e-01,9.3055740374035824519e-06
2.4174174174174173357e-01,9.7523277672280680978e-06
2.4404404404404403395e-01,1.0215915333377562738e-05
2.4634634634634633432e-01,1.0696796423485087363e-05
2.4864864864864863470e-01,1.1195442976285690273e-05
2.5095095095095093507e-01,1.1712333414097851736e-05
2.5325325325325320769e-01,1.2247953103683028006e-05
2.5555555555555553582e-01,1.2802799534120685101e-05
2.5785785785785786395e-01,1.3377371909328019948e-05
2.6016016016016013657e-01,1.3972186523660596078e-05
2.6246246246246246470e-01,1.4587757436479569390e-05
2.6476476476476473731e-01,1.5224618862936005202e-05
2.6706706706706706544e-01,1.5883301353183401449e-05
2.6936936936936933806e-01,1.6564355694538231595e-05
2.7167167167167166619e-01,1.7268330712772181422e-05
2.7397397397397393881e-01,1.7995792550513864405e-05
2.7627627627627626694e-01,1.8747309696493248118e-05
2.7857857857857853956e-01,1.9523462971709288418e-05
2.8088088088088086769e-01,2.0324841344126624480e-05
2.8318318318318314031e-01,2.1152040225277871489e-05
2.8548548548548546844e-01,2.2005669265587763641e-05
2.8778778778778774106e-01,2.2886339008445705977e-05
2.9009009009009006919e-01,2.3794679339305986333e-05
2.9239239239239234180e-01,2.4731317141118638073e-05
2.9469469469469466993e-01,2.5696901421077575036e-05
2.9699699699699699806e-01,2.6692077238806887412e-05
2.9929929929929927068e-01,2.7717511192641638577e-05
3.0160160160160159881e-01,2.8773868374278555005e-05
3.0390390390390387143e-01,2.9861831723752781153e-05
3.0620620620620619956e-01,3.0982087723027974791e-05
3.0850850850850847218e-01,3.2135335013690918306e-05
3.1081081081081080031e-01,3.3322282194643348474e-05
3.1311311311311307293e-01,3.4543643615340294901e-05
3.1541541541541540106e-01,3.5800150048866028450e-05
3.1771771771771767368e-01,3.7092532243907499611e-05
3.2002002002002000181e-01,3.8421542498173408275e-05
3.2232232232232227442e-01,3.9787929372977593834e-05
3.2462462462462460255e-01,4.1192465347389875378e-05
3.2692692692692687517e-01,4.2635918815296891494e-05
3.2922922922922920330e-01,4.4119080756881510618e-05
3.3153153153153147592e-01,4.5642741289900063393e-05
3.3383383383383380405e-01,4.7207708646312234715e-05
3.3613613613613613218e-01,4.8814795974962229186e-05
3.3843843843843840480e-01,5.0464828176377916219e-05
3.4074074074074073293e-01,5.2158642048827817889e-05
3.4304304304304300555e-01,5.3897079281326142313e-05
3.4534534534534533368e-01,5.5681000215389918708e-05
3.4764764764764760629e-01,5.7511264187618550941e-05
3.4994994994994993442e-01,5.9388754217120914706e-05
3.5225225225225220704e-01,6.1314348920229571867e-05
3.5455455455455453517e-01,6.3288952423430251139e-05
3.5685685685685680779e-01,6.5313464794774774100e-05
3.5915915915915913592e-01,6.7388809480161529822e-05
3.6146146146146140854e-01,6.9515909898202520251e-05
3.6376376376376373667e-01,7.1695707588726486953e-05
3.6606606606606600929e-01,7.3929150554570753043e-05
3.6836836836836833742e-01,7.6217197925142603243e-05
3.7067067067067066555e-01,7.8560822778965828787e-05
3.7297297297297293817e-01,8.0961002086616157725e-05
3.7527527527527526630e-01,8.3418733717569482251e-05
3.7757757757757753891e-01,8.5935013525825394167e-05
3.7987987987987986704e-01,8.8510863079155363098e-05
3.8218218218218213966e-01,9.1147298973817653762e-05
3.8448448448448446779e-01,9.3845364687984136800e-05
3.8678678678678674041e-01,9.6606099848314149468e-05
3.8908908908908906854e-01,9.9430567991111773788e-05
3.9139139139139134116e-01,1.0231983365097478396e-04
3.9369369369369366929e-01,1.0527497924331787136e-04
3.9599599599599594191e-01,1.0829709535168474232e-04
3.9829829829829827004e-01,1.1138728286425538428e-04
4.0060060060060054266e-01,1.1454665876121068540e-04
4.0290290290290287079e-01,1.1777634280361659385e-04
4.0520520520520519892e-01,1.2107747789113693418e-04
4.0750750750750747153e-01,1.2445120389696645450e-04
4.0980980980980979966e-01,1.2789868831157363230e-04
4.1211211211211207228e-01,1.3142109320716778781e-04
4.1441441441441440041e-01,1.3501960867585947336e-04
4.1671671671671667303e-01,1.3869542135504705767e-04
4.1901901901901900116e-01,1.4244974206505469933e-04
4.2132132132132127378e-01,1.4628378383774808089e-04
4.2362362362362360191e-01,1.5019877710971871166e-04
4.2592592592592587453e-01,1.5419596233710774406e-04
4.2822822822822820266e-01,1.5827658928246613997e-04
4.3053053053053047527e-01,1.6244192601465179816e-04
4.3283283283283280340e-01,1.6669324218703091239e-04
4.3513513513513507602e-01,1.7103183279707696884e-04
4.3743743743743740415e-01,1.7545898883828984160e-04
4.3973973973973967677e-01,1.7997603066943521186e-04
4.4204204204204200490e-01,1.8458427292842568895e-04
4.4434434434434433303e-01,1.8928505916954366912e-04
4.4664664664664660565e-01,1.9407973008344860848e-04
4.4894894894894893378e-01,1.9896965056387882174e-04
4.5125125125125120640e-01,2.0395618910934668207e-04
4.5355355355355353453e-01,2.0904073092690249043e-04
4.5585585585585580715e-01,2.1422467322558934474e-04
4.5815815815815813528e-01,2.1950942136900717955e-04
4.6046046046046040789e-01,2.2489640129052002895e-04
4.6276276276276273602e-01,2.3038703925378200285e-04
4.6506506506506500864e-01,2.3598278901280691773e-04
4.6736736736736733677e-01,2.4168509940536962461e-04
4.6966966966966960939e-01,2.4749545019918481759e-04
4.7197197197197193752e-01,2.5341531530581856268e-04
4.7427427427427421014e-01,2.5944619820011445175e-04
4.7657657657657653827e-01,2.6558960028117269093e-04
4.7887887887887881089e-01,2.7184704692496865913e-04
4.8118118118118113902e-01,2.7822006867849515812e-04
4.8348348348348346715e-01,2.8471021189647907190e-04
4.8578578578578573977e-01,2.9131903703177972238e-04
4.8808808808808806790e-01,2.9804811141052704737e-04
4.9039039039039034051e-01,3.0489902521785045442e-04
4.9269269269269266864e-01,3.1187336768762681950e-04
4.9499499499499494126e-01,3.1897275760220915189e-04
4.9729729729729726939e-01,3.2619880801300875231e-04
4.9959959959959954201e-01,3.3355316425776038430e-04
5.0190190190190187014e-01,3.4103746586758954895e-04
5.0420420420420419827e-01,3.4865338233211435682e-04
5.0650650650650641538e-01,3.5640258204931355270e-04
5.0880880880880874351e-01,3.6428675692999970548e-04
5.1111111111111107164e-01,3.7230760578446122060e-04
5.1341341341341339977e-01,3.8046684214383138080e-04
5.1571571571571572790e-01,3.8876619583025595313e-04
5.1801801801801794500e-01,3.9720740215127219681e-04
5.2032032032032027313e-01,4.0579222156626894693e-04
5.2262262262262260126e-01,4.1452241230212512595e-04
5.2492492492492492939e-01,4.2339976407874263531e-04
5.2722722722722714650e-01,4.3242606019701650306e-04
5.2952952952952947463e-01,4.4160311737054795287e-04
5.3183183183183180276e-01,4.5093274675614625690e-04
5.3413413413413413089e-01,4.6041678961131080267e-04
5.3643643643643634800e-01,4.7005708727912437353e-04
5.3873873873873867613e-01,4.7985550392593034116e-04
5.4104104104104100426e-01,4.8981391249612875501e-04
5.4334334334334333239e-01,4.9993419939977799468e-04
5.4564564564564554949e-01,5.1021826960956091334e-04
5.4794794794794787762e-01,5.2066803211438109685e-04
5.5025025025025020575e-01,5.3128542332693128210e-04
5.5255255255255253388e-01,5.4207237617631264404e-04
5.5485485485485486201e-01,5.5303085688964857478e-04
5.5715715715715707912e-01,5.6416282473745443370e-04
5.5945945945945940725e-01,5.7547027328726317163e-04
5.6176176176176173538e-01,5.8695519100603358795e-04
5.6406406406406406351e-01,5.9861959635602228578e-04
5.6636636636636628062e-01,6.1046550924927906173e-04
5.6866866866866860875e-01,6.2249497151791127834e-04
5.7097097097097093688e-01,6.3471003578774974358e-04
5.7327327327327326500e-01,6.4711276674857308791e-04
5.7557557557557548211e-01,6.5970524998137057820e-04
5.7787787787787781024e-01,6.7248957355958835155e-04
5.8018018018018013837e-01,6.8546785520652347892e-04
5.8248248248248246650e-01,6.9864220797089134594e-04
5.8478478478478468361e-01,7.1201477984018859014e-04
5.8708708708708701174e-01,7.2558771147694721242e-04
5.8938938938938933987e-01,7.3936317847767755833e-04
5.9169169169169166800e-01,7.5334335200432419460e-04
5.9399399399399399613e-01,7.6753043286461068370e-04
5.9629629629629621324e-01,7.8192662486130609743e-04
5.9859859859859854136e-01,7.9653415261540197901e-04
6.0090090090090086949e-01,8.1135525367973014912e-04
6.0320320320320319762e-01,8.2639217614224587481e-04
6.0550550550550541473e-01,8.4164719134879439465e-04
6.0780780780780774286e-01,8.5712257158460710294e-04
6.1011011011011007099e-01,8.7282062094069324046e-04
6.1241241241241239912e-01,8.8874363773138386705e-04
6.1471471471471461623e-01,9.0489395666341009526e-04
6.1701701701701694436e-01,9.2127390493565376912e-04
6.1931931931931927249e-01,9.3788584506843272141e-04
6.2162162162162160062e-01,9.5473213602188745832e-04
6.2392392392392381772e-01,9.7181516581698243733e-04
6.2622622622622614585e-01,9.8913732718678500262e-04
6.2852852852852847398e-01,1.0067010323977726525e-03
6.3083083083083080211e-01,1.0245087088920842855e-03
6.3313313313313313024e-01,1.0425627930147601113e-03
6.3543543543543534735e-01,1.0608657467509317353e-03
6.3773773773773767548e-01,1.0794200314698393101e-03
6.4004004004004000361e-01,1.0982281424062958781e-03
6.4234234234234233174e-01,1.1172925680365223145e-03
6.4464464464464454885e-01,1.1366158344695896729e-03
6.4694694694694687698e-01,1.1562004603276200120e-03
6.4924924924924920511e-01,1.1760489996901096234e-03
6.5155155155155153324e-01,1.1961640041555495970e-03
6.5385385385385375034e-01,1.2165480535746406223e-03
6.5615615615615607847e-01,1.2372037343866429480e-03
6.5845845845845840660e-01,1.2581336511143373976e-03
6.6076076076076073473e-01,1.2793404257887494319e-03
6.6306306306306295184e-01,1.3008266876294622034e-03
6.6536536536536527997e-01,1.3225950938726190736e-03
6.6766766766766760810e-01,1.3446482996072586444e-03
6.6996996996996993623e-01,1.3669889957269620081e-03
6.7227227227227226436e-01,1.3896198655335585941e-03
6.7457457457457448147e-01,1.4125436309667192391e-03
6.7687687687687680960e-01,1.4357630067178559288e-03
6.7917917917917913773e-01,1.4592807428212837325e-03
6.8148148148148146586e-01,1.4830995881101854267e-03
6.8378378378378368296e-01,1.5072223186479018035e-03
6.8608608608608601109e-01,1.5316517191114650126e-03
6.8838838838838833922e-01,1.5563905906636518305e-03
6.9069069069069066735e-01,1.5814417543788719233e-03
6.9299299299299288446e-01,1.6068080367479234318e-03
6.9529529529529521259e-01,1.6324922946249810236e-03
6.9759759759759754072e-01,1.6584973812381032486e-03
6.9989989989989986885e-01,1.6848261874119940720e-03
7.0220220220220219698e-01,1.7114815957204267041e-03
7.0450450450450441409e-01,1.7384665281272785979e-03
7.0680680680680674222e-01,1.7657838998143418965e-03
7.0910910910910907035e-01,1.7934366609442236457e-03
7.1141141141141139848e-01,1.8214277619526513929e-03
7.1371371371371361558e-01,1.8497601792834936392e-03
7.1601601601601594371e-01,1.8784369001539110832e-03
7.1831831831831827184e-01,1.9074609265409879586e-03
7.2062062062062059997e-01,1.9368352827887330009e-03
7.2292292292292281708e-01,1.9665629968504271148e-03
7.2522522522522514521e-01,1.9966471293388072909e-03
7.2752752752752747334e-01,2.0270907358395737902e-03
7.2982982982982980147e-01,2.0578969111589725215e-03
7.3213213213213201858e-01,2.0890687413821439587e-03
7.3443443443443434671e-01,2.1206093524828665414e-03
7.3673673673673667484e-01,2.1525218643433986256e-03
7.3903903903903900297e-01,2.1848094312253906954e-03
7.4134134134134133109e-01,2.2174752093221507601e-03
7.4364364364364354820e-01,2.2505223794273424356e-03
7.4594594594594587633e-01,2.2839541353863713168e-03
7.4824824824824820446e-01,2.3177736839706834446e-03
7.5055055055055053259e-01,2.3519842568052347354e-03
7.5285285285285274970e-01,2.3865890873077423573e-03
7.5515515515515507783e-01,2.4215914437754094968e-03
7.5745745745745740596e-01,2.4569945881850389739e-03
7.5975975975975973409e-01,2.4928018231654756713e-03
7.6206206206206195120e-01,2.5290164423603378463e-03
7.6436436436436427933e-01,2.5656417795439779954e-03
7.6666666666666660745e-01,2.6026811633127464908e-03
7.6896896896896893558e-01,2.6401379558108496043e-03
7.7127127127127115269e-01,2.6780155229477633876e-03
7.7357357357357348082e-01,2.7163172536550936678e-03
7.7587587587587580895e-01,2.7550465522981162393e-03
7.7817817817817813708e-01,2.7942068342462207491e-03
7.8048048048048046521e-01,2.8338015422194125399e-03
7.8278278278278268232e-01,2.8738341189284409040e-03
7.8508508508508501045e-01,2.9143080440820197212e-03
7.8738738738738733858e-01,2.9552267899097921233e-03
7.8968968968968966671e-01,2.9965938705093517549e-03
7.9199199199199188381e-01,3.0384127909475634050e-03
7.9429429429429421194e-01,3.0806870964083465057e-03
7.9659659659659654007e-01,3.1234203280289213160e-03
7.9889889889889886820e-01,3.1666160594434169043e-03
8.0120120120120108531e-01,3.2102778700475809517e-03
8.0350350350350341344e-01,3.2544093605286960810e-03
8.0580580580580574157e-01,3.2990141494756422200e-03
8.0810810810810806970e-01,3.3440958644941148024e-03
8.1041041041041039783e-01,3.3896581630270517481e-03
8.1271271271271261494e-01,3.4357047007463801212e-03
8.1501501501501494307e-01,3.4822391723162079979e-03
8.1731731731731727120e-01,3.5292652639251033062e-03
8.1961961961961959933e-01,3.5767867046079728638e-03
8.2192192192192181643e-01,3.6248072145547869868e-03
8.2422422422422414456e-01,3.6733305538050441824e-03
8.2652652652652647269e-01,3.7223604796930600917e-03
8.2882882882882880082e-01,3.7719007807902149403e-03
8.3113113113113101793e-01,3.8219552535747858789e-03
8.3343343343343334606e-01,3.8725277139493026295e-03
8.3573573573573567419e-01,3.9236219982528679207e-03
8.3803803803803800232e-01,3.9752419498097412917e-03
8.4034034034034021943e-01,4.0273914442345301948e-03
8.4264264264264254756e-01,4.0800743536751017324e-03
8.4494494494494487569e-01,4.1332945911149530233e-03
8.4724724724724720382e-01,4.1870560602565477792e-03
8.4954954954954953195e-01,4.2413627083675064025e-03
8.5185185185185174905e-01,4.2962184743000775972e-03
8.5415415415415407718e-01,4.3516273362389145882e-03
8.5645645645645640531e-01,4.4075932712080339096e-03
8.5875875875875873344e-01,4.4641202860143435263e-03
8.6106106106106095055e-01,4.5212123976531362612e-03
8.6336336336336327868e-01,4.5788736405591038206e-03
8.6566566566566560681e-01,4.6371080721877783529e-03
8.6796796796796793494e-01,4.6959197549266001870e-03
8.7027027027027015205e-01,4.7553127858503321107e-03
8.7257257257257248018e-01,4.8152912569622745645e-03
8.7487487487487480831e-01,4.8758593027706702630e-03
8.7717717717717713644e-01,4.9370210479041205451e-03
8.7947947947947935354e-01,4.9987806610069197497e-03
8.8178178178178168167e-01,5.0611423029799217782e-03
8.8408408408408400980e-01,5.1241101732954347225e-03
8.8638638638638633793e-01,5.1876884720011449612e-03
8.8868868868868866606e-01,5.2518814272921755110e-03
8.9099099099099088317e-01,5.3166932799535377221e-03
8.9329329329329321130e-01,5.3821282861259110708e-03
8.9559559559559553943e-01,5.4481907275842319030e-03
8.9789789789789786756e-01,5.5148848889837835674e-03
9.0020020020020008467e-01,5.5822150919859437820e-03
9.0250250250250241280e-01,5.6501856516941043398e-03
9.0480480480480474093e-01,5.7188009271913337050e-03
9.0710710710710706906e-01,5.7880652673037435996e-03
9.0940940940940928616e-01,5.8579830650581131771e-03
9.1171171171171161429e-01,5.9285587066485335300e-03
9.1401401401401394242e-01,5.9997966158468613029e-03
9.1631631631631627055e-01,6.0717012189174662806e-03
9.1861861861861848766e-01,6.1442769684715431433e-03
9.2092092092092081579e-01,6.2175283322145214610e-03
9.2322322322322314392e-01,6.2914597910451444326e-03
9.2552552552552547205e-01,6.3660758541167006622e-03
9.2782782782782780018e-01,6.4413810314359193354e-03
9.3013013013013001729e-01,6.5173798722288778934e-03
9.3243243243243234541e-01,6.5940769178208279502e-03
9.3473473473473467354e-01,6.6714767547708282713e-03
9.3703703703703700167e-01,6.7495839592359484563e-03
9.3933933933933921878e-01,6.8284031514920899564e-03
9.4164164164164154691e-01,6.9079389461242169182e-03
9.4394394394394387504e-01,6.9881959940786345098e-03
9.4624624624624620317e-01,7.0691789508793533015e-03
9.4854854854854842028e-01,7.1508924964471384453e-03
9.5085085085085074841e-01,7.2333413283880172023e-03
9.5315315315315307654e-01,7.3165301552810535490e-03
9.5545545545545540467e-01,7.4004637165682139732e-03
9.5775775775775762177e-01,7.4851467505679539563e-03
9.6006006006005994990e-01,7.5705840369049660563e-03
9.6236236236236227803e-01,7.6567803461321049321e-03
9.6466466466466460616e-01,7.7437404950508699139e-03
9.6696696696696693429e-01,7.8314692901596451996e-03
9.6926926926926915140e-01,7.9199715817327310391e-03
9.7157157157157147953e-01,8.0092522157180143227e-03
9.7387387387387380766e-01,8.0993160729981358154e-03
9.7617617617617613579e-01,8.1901680412722176888e-03
9.7847847847847835290e-01,8.2818130305535864188e-03
9.8078078078078068103e-01,8.3742559711981259807e-03
9.8308308308308300916e-01,8.4675018022766605774e-03
9.8538538538538533729e-01,8.5615554962934579258e-03
9.8768768768768755439e-01,8.6564220227249768363e-03
9.8998998998998988252e-01,8.7521063942850776257e-03
9.9229229229229221065e-01,8.8486136136421752324e-03
9.9459459459459453878e-01,8.9459487304623507703e-03
9.9689689689689686691e-01,9.0441167844616740523e-03
9.9919919919919908402e-01,9.1431228585299485767e-03
1.0015015015015014122e+00,9.2429720328074047031e-03
1.0038038038038037403e+00,9.3436694207460219835e-03
1.0061061061061060684e+00,9.4452201449919306192e-03
1.0084084084084083965e+00,9.5476293483095549947e-03
1.0107107107107107247e+00,9.6509021965117628566e-03
1.0130130130130128308e+00,9.7550438618543237196e-03
1.0153153153153151589e+00,9.8600595525403216673e-03
1.0176176176176174870e+00,9.9659544719404649649e-03
1.0199199199199198151e+00,1.0072733868418280376e-02
1.0222222222222221433e+00,1.0180402979540380953e-02
1.0245245245245244714e+00,1.0288967090340762206e-02
1.0268268268268267995e+00,1.0398431476516671254e-02
1.0291291291291291277e+00,1.0508801456086144452e-02
1.0314314314314314558e+00,1.0620082346095476369e-02
1.0337337337337335619e+00,1.0732279495096712710e-02
1.0360360360360358900e+00,1.0845398263336388303e-02
1.0383383383383382181e+00,1.0959444028886621003e-02
1.0406406406406405463e+00,1.1074422195600617733e-02
1.0429429429429428744e+00,1.1190338171508060552e-02
1.0452452452452452025e+00,1.1307197403015349993e-02
1.0475475475475475307e+00,1.1425005330014666866e-02
1.0498498498498498588e+00,1.1543767438942989512e-02
1.0521521521521519649e+00,1.1663489204922569339e-02
1.0544544544544542930e+00,1.1784176150728959201e-02
1.0567567567567566211e+00,1.1905833790668438055e-02
1.0590590590590589493e+00,1.2028467680271904064e-02
1.0613613613613612774e+00,1.2152083376065098488e-02
1.0636636636636636055e+00,1.2276686464106602303e-02
1.0659659659659659336e+00,1.2402282544754849453e-02
1.0682682682682682618e+00,1.2528877233826585594e-02
1.0705705705705705899e+00,1.2656476175659573530e-02
1.0728728728728726960e+00,1.2785085016533312766e-02
1.0751751751751750241e+00,1.2914709443429166560e-02
1.0774774774774773523e+00,1.3045355135283081410e-02
1.0797797797797796804e+00,1.3177027818908233769e-02
1.0820820820820820085e+00,1.3309733209530456161e-02
1.0843843843843843366e+00,1.3443477069938234575e-02
1.0866866866866866648e+00,1.3578265155564371233e-02
1.0889889889889889929e+00,1.3714103261741085460e-02
1.0912912912912910990e+00,1.3850997186936964481e-02
1.0935935935935934271e+00,1.3988952757029344404e-02
1.0958958958958957552e+00,1.4127975814888503112e-02
1.0981981981981980834e+00,1.4268072216418882514e-02
1.1005005005005004115e+00,1.4409247848769903347e-02
1.1028028028028027396e+00,1.4551508598850196319e-02
1.1051051051051050678e+00,1.4694860396462450236e-02
1.1074074074074073959e+00,1.4839309162006845619e-02
1.1097097097097097240e+00,1.4984860864844918790e-02
1.1120120120120118301e+00,1.5131521462731405483e-02
1.1143143143143141582e+00,1.5279296960615491169e-02
1.1166166166166164864e+00,1.5428193357438623606e-02
1.1189189189189188145e+00,1.5578216690497694377e-02
1.1212212212212211426e+00,1.5729373002526057107e-02
1.1235235235235234708e+00,1.5881668361408377010e-02
1.1258258258258257989e+00,1.6035108854782615523e-02
1.1281281281281281270e+00,1.6189700580862591978e-02
1.1304304304304302331e+00,1.6345449671793948337e-02
1.1327327327327325612e+00,1.6502362257377441862e-02
1.1350350350350348894e+00,1.6660444512345700535e-02
1.1373373373373372175e+00,1.6819702600874553849e-02
1.1396396396396395456e+00,1.6980142736920736390e-02
1.1419419419419418738e+00,1.7141771123079387051e-02
1.1442442442442442019e+00,1.7304594008505168323e-02
1.1465465465465465300e+00,1.7468617637918400914e-02
1.1488488488488488581e+00,1.7633848292649356715e-02
1.1511511511511509642e+00,1.7800292261910113933e-02
1.1534534534534532924e+00,1.7967955857691467192e-02
1.1557557557557556205e+00,1.8136845414547592831e-02
1.1580580580580579486e+00,1.8306967275136712403e-02
1.1603603603603602767e+00,1.8478327818675456540e-02
1.1626626626626626049e+00,1.8650933420032541482e-02
1.1649649649649649330e+00,1.8824790500864153203e-02
1.1672672672672672611e+00,1.8999905471342067032e-02
1.1695695695695693672e+00,1.9176284791947172809e-02
1.1718718718718716953e+00,1.9353934912314157968e-02
1.1741741741741740235e+00,1.9532862327735336927e-02
1.1764764764764763516e+00,1.9713073530851457638e-02
1.1787787787787786797e+00,1.9894575048976320675e-02
1.1810810810810810079e+00,2.0077373419875244737e-02
1.1833833833833833360e+00,2.0261475201621720332e-02
1.1856856856856856641e+00,2.0446886977688254194e-02
1.1879879879879879923e+00,2.0633615337188281752e-02
1.1902902902902900983e+00,2.0821666908334791890e-02
1.1925925925925924265e+00,2.1011048313116741787e-02
1.1948948948948947546e+00,2.1201766221960814673e-02
1.1971971971971970827e+00,2.1393827293128251515e-02
1.1994994994994994109e+00,2.1587238235419952542e-02
1.2018018018018017390e+00,2.1782005747577940641e-02
1.2041041041041040671e+00,2.1978136572848069874e-02
1.2064064064064063952e+00,2.2175637453806653493e-02
1.2087087087087085013e+00,2.2374515165595743049e-02
1.2110110110110108295e+00,2.2574776496489607630e-02
1.2133133133133131576e+00,2.2776428252525265927e-02
1.2156156156156154857e+00,2.2979477267983369759e-02
1.2179179179179178139e+00,2.3183930380355349810e-02
1.2202202202202201420e+00,2.3389794468667842592e-02
1.2225225225225224701e+00,2.3597076403999092675e-02
1.2248248248248247982e+00,2.3805783107290465206e-02
1.2271271271271271264e+00,2.4015921486891987635e-02
1.2294294294294292325e+00,2.4227498501628953742e-02
1.2317317317317315606e+00,2.4440521101315587638e-02
1.2340340340340338887e+00,2.4654996278873575477e-02
1.2363363363363362168e+00,2.4870931028718609723e-02
1.2386386386386385450e+00,2.5088332375566856774e-02
1.2409409409409408731e+00,2.5307207360035131882e-02
1.2432432432432432012e+00,2.5527563037898222398e-02
1.2455455455455455294e+00,2.5749406496000257216e-02
1.2478478478478476354e+00,2.5972744822018171279e-02
1.2501501501501499636e+00,2.6197585147463332139e-02
1.2524524524524522917e+00,2.6423934594350100002e-02
1.2547547547547546198e+00,2.6651800335729773639e-02
1.2570570570570569480e+00,2.6881189531899388895e-02
1.2593593593593592761e+00,2.7112109393275473507e-02
1.2616616616616616042e+00,2.7344567122559938072e-02
1.2639639639639639324e+00,2.7578569963937909354e-02
1.2662662662662662605e+00,2.7814125165418434465e-02
1.2685685685685683666e+00,2.8051240002908612442e-02
1.2708708708708706947e+00,2.8289921771055794725e-02
1.2731731731731730228e+00,2.8530177777026627384e-02
1.2754754754754753510e+00,2.8772015361846502157e-02
1.2777777777777776791e+00,2.9015441865076128242e-02
1.2800800800800800072e+00,2.9260464672255157709e-02
1.2823823823823823354e+00,2.9507091158082022347e-02
1.2846846846846846635e+00,2.9755328749198711041e-02
1.2869869869869867696e+00,3.0005184859603066527e-02
1.2892892892892890977e+00,3.0256666952777303004e-02
1.2915915915915914258e+00,3.0509782486022818393e-02
1.2938938938938937540e+00,3.0764538956289871202e-02
1.2961961961961960821e+00,3.1020943866833537716e-02
1.2984984984984984102e+00,3.1279004746286011296e-02
1.3008008008008007383e+00,3.1538729144910002122e-02
1.3031031031031030665e+00,3.1800124622834734234e-02
1.3054054054054053946e+00,3.2063198776776227761e-02
1.3077077077077075007e+00,3.2327959199789778333e-02
1.3100100100100098288e+00,3.2594413532869834227e-02
1.3123123123123121569e+00,3.2862569405052430294e-02
1.3146146146146144851e+00,3.3132434497928221762e-02
1.3169169169169168132e+00,3.3404016480831424940e-02
1.3192192192192191413e+00,3.3677323071663795018e-02
1.3215215215215214695e+00,3.3952361983900600229e-02
1.3238238238238237976e+00,3.4229140968629619135e-02
1.3261261261261259037e+00,3.4507667785853443632e-02
1.3284284284284282318e+00,3.4787950218327728935e-02
1.3307307307307305599e+00,3.5069996073355508281e-02
1.3330330330330328881e+00,3.5353813165460303003e-02
1.3353353353353352162e+00,3.5639409348393810695e-02
1.3376376376376375443e+00,3.5926792470177659755e-02
1.3399399399399398725e+00,3.6215970428524445202e-02
1.3422422422422422006e+00,3.6506951108324310618e-02
1.3445445445445445287e+00,3.6799742447322932037e-02
1.3468468468468466348e+00,3.7094352371681932334e-02
1.3491491491491489629e+00,3.7390788854949681685e-02
1.3514514514514512911e+00,3.7689059868210625370e-02
1.3537537537537536192e+00,3.7989173417948614297e-02
1.3560560560560559473e+00,3.8291137522287195527e-02
1.3583583583583582755e+00,3.8594960219401605594e-02
1.3606606606606606036e+00,3.8900649574941291442e-02
1.3629629629629629317e+00,3.9208213659163410059e-02
1.3652652652652652598e+00,3.9517660584089377152e-02
1.3675675675675673659e+00,3.9828998454094509396e-02
1.3698698698698696941e+00,4.0142235424771084695e-02
1.3721721721721720222e+00,4.0457379638291060542e-02
1.3744744744744743503e+00,4.0774439289674085929e-02
1.3767767767767766784e+00,4.1093422563305316564e-02
1.3790790790790790066e+00,4.1414337689522760788e-02
1.3813813813813813347e+00,4.1737192898354792681e-02
1.3836836836836836628e+00,4.2061996452852509765e-02
1.3859859859859857689e+00,4.2388756630524937474e-02
1.3882882882882880970e+00,4.2717481726170132561e-02
1.3905905905905904252e+00,4.3048180064970104075e-02
1.3928928928928927533e+00,4.3380859974153286596e-02
1.3951951951951950814e+00,4.3715529825110947815e-02
1.3974974974974974096e+00,4.4052197979846337283e-02
1.3997997997997997377e+00,4.4390872852847484964e-02
1.4021021021021020658e+00,4.4731562844854320937e-02
1.4044044044044043940e+00,4.5074276409135055621e-02
1.4067067067067065000e+00,4.5419021989533944761e-02
1.4090090090090088282e+00,4.5765808074170785669e-02
1.4113113113113111563e+00,4.6114643153182116597e-02
1.4136136136136134844e+00,4.6465535747204300687e-02
1.4159159159159158126e+00,4.6818494394221671362e-02
1.4182182182182181407e+00,4.7173527646706021887e-02
1.4205205205205204688e+00,4.7530644090384925604e-02
1.4228228228228227970e+00,4.7889852310549353709e-02
1.4251251251251249030e+00,4.8251160938894886721e-02
1.4274274274274272312e+00,4.8614578596190269333e-02
1.4297297297297295593e+00,4.8980113956687880428e-02
1.4320320320320318874e+00,4.9347775680844731261e-02
1.4343343343343342156e+00,4.9717572481033450726e-02
1.4366366366366365437e+00,5.0089513061663870630e-02
1.4389389389389388718e+00,5.0463606169524839740e-02
1.4412412412412411999e+00,5.0839860555906904449e-02
1.4435435435435435281e+00,5.1218284999955981940e-02
1.4458458458458456342e+00,5.1598888301111610344e-02
1.4481481481481479623e+00,5.1981679270486365330e-02
1.4504504504504502904e+00,5.2366666755262927802e-02
1.4527527527527526185e+00,5.2753859599808820835e-02
1.4550550550550549467e+00,5.3143266696959512441e-02
1.4573573573573572748e+00,5.3534896927313661841e-02
1.4596596596596596029e+00,5.3928759225662245558e-02
1.4619619619619619311e+00,5.4324862513239993711e-02
1.4642642642642640372e+00,5.4723215762296606446e-02
1.4665665665665663653e+00,5.5123827938814526362e-02
1.4688688688688686934e+00,5.5526708049050403637e-02
1.4711711711711710215e+00,5.5931865106384891229e-02
1.4734734734734733497e+00,5.6339308149301249584e-02
1.4757757757757756778e+00,5.6749046239550779425e-02
1.4780780780780780059e+00,5.7161088447745325714e-02
1.4803803803803803341e+00,5.7575443883291770042e-02
1.4826826826826826622e+00,5.7992121650524385001e-02
1.4849849849849847683e+00,5.8411130904092958827e-02
1.4872872872872870964e+00,5.8832480785349840213e-02
1.4895895895895894245e+00,5.9256180490226198487e-02
1.4918918918918917527e+00,5.9682239201624527614e-02
1.4941941941941940808e+00,6.0110666152277586471e-02
1.4964964964964964089e+00,6.0541470570561438380e-02
1.4987987987987987371e+00,6.0974661722830295063e-02
1.5011011011011010652e+00,6.1410248885300632027e-02
1.5034034034034031713e+00,6.1848241356454072837e-02
1.5057057057057054994e+00,6.2288648461023249370e-02
1.5080080080080078275e+00,6.2731479529818640062e-02
1.5103103103103101557e+00,6.3176743935063728319e-02
1.5126126126126124838e+00,6.3624451041804114260e-02
1.5149149149149148119e+00,6.4074610267020562504e-02
1.5172172172172171400e+00,6.4527231013609673282e-02
1.5195195195195194682e+00,6.4982322739112113874e-02
1.5218218218218217963e+00,6.5439894888859900801e-02
1.5241241241241239024e+00,6.5899956956568209177e-02
1.5264264264264262305e+00,6.6362518433709119514e-02
1.5287287287287285587e+00,6.6827588847270816275e-02
1.5310310310310308868e+00,6.7295177736943795344e-02
1.5333333333333332149e+00,6.7765294661786643071e-02
1.5356356356356355430e+00,6.8237949210082748941e-02
1.5379379379379378712e+00,6.8713150973466474714e-02
1.5402402402402401993e+00,6.9190909587475910025e-02
1.5425425425425423054e+00,6.9671234678543345065e-02
1.5448448448448446335e+00,7.0154135926409483259e-02
1.5471471471471469616e+00,7.0639622996226184015e-02
1.5494494494494492898e+00,7.1127705607537616839e-02
1.5517517517517516179e+00,7.1618393468778324129e-02
1.5540540540540539460e+00,7.2111696335068364849e-02
1.5563563563563562742e+00,7.2607623961581060912e-02
1.5586586586586586023e+00,7.3106186136390943764e-02
1.5609609609609609304e+00,7.3607392663191051341e-02
1.5632632632632630365e+00,7.4111253362100171227e-02
1.5655655655655653646e+00,7.4617778085395922161e-02
1.5678678678678676928e+00,7.5126976686050755960e-02
1.5701701701701700209e+00,7.5638859063266963845e-02
1.5724724724724723490e+00,7.6153435105408326389e-02
1.5747747747747746772e+00,7.6670714755235652715e-02
1.5770770770770770053e+00,7.7190707940698488621e-02
1.5793793793793793334e+00,7.7713424643565592875e-02
1.5816816816816814395e+00,7.8238874835853206013e-02
1.5839839839839837676e+00,7.8767068534325163087e-02
1.5862862862862860958e+00,7.9298015758254930541e-02
1.5885885885885884239e+00,7.9831726557068077854e-02
1.5908908908908907520e+00,8.0368210998778180643e-02
1.5931931931931930801e+00,8.0907479164862142196e-02
1.5954954954954954083e+00,8.1449541171829190067e-02
1.5977977977977977364e+00,8.1994407134327929043e-02
1.6001001001001000645e+00,8.2542087215383252996e-02
1.6024024024024021706e+00,8.3092591565674916998e-02
1.6047047047047044988e+00,8.3645930391080425270e-02
1.6070070070070068269e+00,8.4202113882736309702e-02
1.6093093093093091550e+00,8.4761152284729732176e-02
1.6116116116116114831e+00,8.5323055833000857606e-02
1.6139139139139138113e+00,8.5887834806088081407e-02
1.6162162162162161394e+00,8.6455499487643902579e-02
1.6185185185185184675e+00,8.7026060188617929136e-02
1.6208208208208207957e+00,8.7599527241556271462e-02
1.6231231231231229017e+00,8.8175910989513064941e-02
1.6254254254254252299e+00,8.8755221813371448780e-02
1.6277277277277275580e+00,8.9337470089725257161e-02
1.6300300300300298861e+00,8.9922666245491778003e-02
1.6323323323323322143e+00,9.0510820693988899843e-02
1.6346346346346345424e+00,9.1101943904227156157e-02
1.6369369369369368705e+00,9.1696046330845382144e-02
1.6392392392392391987e+00,9.2293138480281672331e-02
1.6415415415415413047e+00,9.2893230852663793984e-02
1.6438438438438436329e+00,9.3496333988375660007e-02
1.6461461461461459610e+00,9.4102458435646380019e-02
1.6484484484484482891e+00,9.4711614767058402431e-02
1.6507507507507506173e+00,9.5323813579812455288e-02
1.6530530530530529454e+00,9.5939065478686427757e-02
1.6553553553553552735e+00,9.6557381108974965622e-02
1.6576576576576576016e+00,9.7178771109399264549e-02
1.6599599599599599298e+00,9.7803246170714744356e-02
1.6622622622622620359e+00,9.8430816969091977642e-02
1.6645645645645643640e+00,9.9061494236546782099e-02
1.6668668668668666921e+00,9.9695288691386232949e-02
1.6691691691691690203e+00,1.0033221110227243111e-01
1.6714714714714713484e+00,1.0097227223359768467e-01
1.6737737737737736765e+00,1.0161548288747807023e-01
1.6760760760760760046e+00,1.0226185387670241878e-01
1.6783783783783783328e+00,1.0291139603539438407e-01
1.6806806806806804389e+00,1.0356412022530024630e-01
1.6829829829829827670e+00,1.0422003731285862937e-01
1.6852852852852850951e+00,1.0487915820757694185e-01
1.6875875875875874232e+00,1.0554149381027584653e-01
1.6898898898898897514e+00,1.0620705507526641276e-01
1.6921921921921920795e+00,1.0687585294157687932e-01
1.6944944944944944076e+00,1.0754789840389994415e-01
1.6967967967967967358e+00,1.0822320244417575619e-01
1.6990990990990990639e+00,1.0890177609299808714e-01
1.7014014014014011700e+00,1.0958363037892464298e-01
1.7037037037037034981e+00,1.1026877636555323936e-01
1.7060060060060058262e+00,1.1095722513006782417e-01
1.7083083083083081544e+00,1.1164898776792821222e-01
1.7106106106106104825e+00,1.1234407540519339430e-01
1.7129129129129128106e+00,1.1304249916980649293e-01
1.7152152152152151388e+00,1.1374427023518442204e-01
1.7175175175175174669e+00,1.1444939976414340854e-01
1.7198198198198195730e+00,1.1515789897418229892e-01
1.7221221221221219011e+00,1.1586977906711447284e-01
1.7244244244244242292e+00,1.1658505129992059735e-01
1.7267267267267265574e+00,1.1730372691806391361e-01
1.7290290290290288855e+00,1.1802581721372301660e-01
1.7313313313313312136e+00,1.1875133347945120155e-01
1.7336336336336335417e+00,1.1948028704002740252e-01
1.7359359359359358699e+00,1.2021268923679763463e-01
1.7382382382382381980e+00,1.2094855142630794864e-01
1.7405405405405403041e+00,1.2168788499863171515e-01
1.7428428428428426322e+00,1.2243070134301876906e-01
1.7451451451451449604e+00,1.2317701189642567272e-01
1.7474474474474472885e+00,1.2392682808351611345e-01
1.7497497497497496166e+00,1.2468016138454034170e-01
1.7520520520520519447e+00,1.2543702326395542168e-01
1.7543543543543542729e+00,1.2619742524057359079e-01
1.7566566566566566010e+00,1.2696137882318020429e-01
1.7589589589589587071e+00,1.2772889556510463871e-01
1.7612612612612610352e+00,1.2849998702260898020e-01
1.7635635635635633633e+00,1.2927466478123947335e-01
1.7658658658658656915e+00,1.3005294044612020210e-01
1.7681681681681680196e+00,1.3083482563448656233e-01
1.7704704704704703477e+00,1.3162033199993447563e-01
1.7727727727727726759e+00,1.3240947119263876686e-01
1.7750750750750750040e+00,1.3320225491249526595e-01
1.7773773773773773321e+00,1.3399869484565268829e-01
1.7796796796796794382e+00,1.3479880273442637617e-01
1.7819819819819817663e+00,1.3560259030552659909e-01
1.7842842842842840945e+00,1.3641006933889587849e-01
1.7865865865865864226e+00,1.3722125160617654194e-01
1.7888888888888887507e+00,1.3803614892117360702e-01
1.7911911911911910789e+00,1.3885477310331062473e-01
1.7934934934934934070e+00,1.3967713599826073190e-01
1.7957957957957957351e+00,1.4050324947430184452e-01
1.7980980980980978412e+00,1.4133312540876075136e-01
1.8004004004004001693e+00,1.4216677571805982905e-01
1.8027027027027024975e+00,1.4300421231275084466e-01
1.8050050050050048256e+00,1.4384544715490171773e-01
1.8073073073073071537e+00,1.4469049219165103226e-01
1.8096096096096094819e+00,1.4553935942656395786e-01
1.8119119119119118100e+00,1.4639206084809361363e-01
1.8142142142142141381e+00,1.4724860849652443573e-01
1.8165165165165164662e+00,1.4810901440579044008e-01
1.8188188188188185723e+00,1.4897329064943018451e-01
1.8211211211211209005e+00,1.4984144930940113127e-01
1.8234234234234232286e+00,1.5071350249081075234e-01
1.8257257257257255567e+00,1.5158946232439862722e-01
1.8280280280280278848e+00,1.5246934094694342132e-01
1.8303303303303302130e+00,1.5335315053693576726e-01
1.8326326326326325411e+00,1.5424090326471984191e-01
1.8349349349349348692e+00,1.5513261135371247956e-01
1.8372372372372369753e+00,1.5602828701151227886e-01
1.8395395395395393034e+00,1.5692794250207350859e-01
1.8418418418418416316e+00,1.5783159007503835825e-01
1.8441441441441439597e+00,1.5873924203021777535e-01
1.8464464464464462878e+00,1.5965091066322861790e-01
1.8487487487487486160e+00,1.6056660830657729089e-01
1.8510510510510509441e+00,1.6148634730408603644e-01
1.8533533533533532722e+00,1.6241014001957979063e-01
1.8556556556556556004e+00,1.6333799884551902792e-01
1.8579579579579577064e+00,1.6426993617746135645e-01
1.8602602602602600346e+00,1.6520596445514287853e-01
1.8625625625625623627e+00,1.6614609610806485573e-01
1.8648648648648646908e+00,1.6709034362008270969e-01
1.8671671671671670190e+00,1.6803871945863665949e-01
1.8694694694694693471e+00,1.6899123614710107044e-01
1.8717717717717716752e+00,1.6994790619561928047e-01
1.8740740740740740033e+00,1.7090874216256532470e-01
1.8763763763763761094e+00,1.7187375660444426106e-01
1.8786786786786784376e+00,1.7284296211177116454e-01
1.8809809809809807657e+00,1.7381637128932242442e-01
1.8832832832832830938e+00,1.7479399675868950714e-01
1.8855855855855854220e+00,1.7577585117303345941e-01
1.8878878878878877501e+00,1.7676194718575485854e-01
1.8901901901901900782e+00,1.7775229749671239698e-01
1.8924924924924924063e+00,1.7874691479365190094e-01
1.8947947947947947345e+00,1.7974581181965795795e-01
1.8970970970970968406e+00,1.8074900130110138630e-01
1.8993993993993991687e+00,1.8175649601953869361e-01
1.9017017017017014968e+00,1.8276830874464514154e-01
1.9040040040040038249e+00,1.8378445229215731316e-01
1.9063063063063061531e+00,1.8480493947842921432e-01
1.9086086086086084812e+00,1.8582978315083045762e-01
1.9109109109109108093e+00,1.8685899617398740724e-01
1.9132132132132131375e+00,1.8789259142615452602e-01
1.9155155155155152435e+00,1.8893058182002306356e-01
1.9178178178178175717e+00,1.8997298026578779417e-01
1.9201201201201198998e+00,1.9101979972219235160e-01
1.9224224224224222279e+00,1.9207105313423300519e-01
1.9247247247247245561e+00,1.9312675350293492804e-01
1.9270270270270268842e+00,1.9418691381261748985e-01
1.9293293293293292123e+00,1.9525154710173756034e-01
1.9316316316316315405e+00,1.9632066639847609024e-01
1.9339339339339338686e+00,1.9739428477470188916e-01
1.9362362362362359747e+00,1.9847241530553175193e-01
1.9385385385385383028e+00,1.9955507109401426913e-01
1.9408408408408406309e+00,2.0064226526347886392e-01
1.9431431431431429591e+00,2.0173401094772427933e-01
1.9454454454454452872e+00,2.0283032131776446150e-01
1.9477477477477476153e+00,2.0393120953952695307e-01
1.9500500500500499435e+00,2.0503668882937234330e-01
1.9523523523523522716e+00,2.0614677238854672847e-01
1.9546546546546545997e+00,2.0726147347470708082e-01
1.9569569569569567058e+00,2.0838080532912184317e-01
1.9592592592592590339e+00,2.0950478124586899287e-01
1.9615615615615613621e+00,2.1063341451059133802e-01
1.9638638638638636902e+00,2.1176671845006506123e-01
1.9661661661661660183e+00,2.1290470639706754463e-01
1.9684684684684683464e+00,2.1404739170914963142e-01
1.9707707707707706746e+00,2.1519478776717060331e-01
1.9730730730730730027e+00,2.1634690795933853025e-01
1.9753753753753751088e+00,2.1750376571373208900e-01
1.9776776776776774369e+00,2.1866537445091074887e-01
1.9799799799799797650e+00,2.1983174764349736052e-01
1.9822822822822820932e+00,2.2100289874790987610e-01
1.9845845845845844213e+00,2.2217884127699952246e-01
1.9868868868868867494e+00,2.2335958872784261731e-01
1.9891891891891890776e+00,2.2454515464868562979e-01
1.9914914914914914057e+00,2.2573555258137695256e-01
1.9937937937937937338e+00,2.2693079610614261266e-01
1.9960960960960958399e+00,2.2813089881203874043e-01
1.9983983983983981680e+00,2.2933587430966387299e-01
2.0007007007007007182e+00,2.3054573623590840503e-01
2.0030030030030028243e+00,2.3176049823194549981e-01
2.0053053053053049304e+00,2.3298017398131376510e-01
2.0076076076076074806e+00,2.3420477715777979211e-01
2.0099099099099095866e+00,2.3543432148852896924e-01
2.0122122122122121368e+00,2.3666882068374969772e-01
2.0145145145145142429e+00,2.3790828850973638753e-01
2.0168168168168167931e+00,2.3915273871792211424e-01
2.0191191191191188992e+00,2.4040218510901181781e-01
2.0214214214214214493e+00,2.4165664147954080132e-01
2.0237237237237235554e+00,2.4291612166152526386e-01
2.0260260260260256615e+00,2.4418063949871915419e-01
2.0283283283283282117e+00,2.4545020885316334858e-01
2.0306306306306303178e+00,2.4672484361613450377e-01
2.0329329329329328679e+00,2.4800455768022297565e-01
2.0352352352352349740e+00,2.4928936498271916933e-01
2.0375375375375375242e+00,2.5057927944910468598e-01
2.0398398398398396303e+00,2.5187431505936563880e-01
2.0421421421421421805e+00,2.5317448577600615289e-01
2.0444444444444442865e+00,2.5447980561698946289e-01
2.0467467467467463926e+00,2.5579028858661639889e-01
2.0490490490490489428e+00,2.5710594873633252355e-01
2.0513513513513510489e+00,2.5842680011581270483e-01
2.0536536536536535991e+00,2.5975285680720411330e-01
2.0559559559559557052e+00,2.6108413290735449364e-01
2.0582582582582582553e+00,2.6242064252814617520e-01
2.0605605605605603614e+00,2.6376239981358345910e-01
2.0628628628628629116e+00,2.6510941890613243244e-01
2.0651651651651650177e+00,2.6646171399512075251e-01
2.0674674674674671238e+00,2.6781929925626701827e-01
2.0697697697697696739e+00,2.6918218892059952996e-01
2.0720720720720717800e+00,2.7055039720148849058e-01
2.0743743743743743302e+00,2.7192393836681699737e-01
2.0766766766766764363e+00,2.7330282667227040472e-01
2.0789789789789789864e+00,2.7468707641834744226e-01
2.0812812812812810925e+00,2.7607670190633110119e-01
2.0835835835835831986e+00,2.7747171746687365745e-01
2.0858858858858857488e+00,2.7887213744833244666e-01
2.0881881881881878549e+00,2.8027797621086142366e-01
2.0904904904904904051e+00,2.8168924814954032776e-01
2.0927927927927925111e+00,2.8310596765518919460e-01
2.0950950950950950613e+00,2.8452814916743851548e-01
2.0973973973973971674e+00,2.8595580711075663238e-01
2.0996996996996997176e+00,2.8738895596539965061e-01
2.1020020020020018237e+00,2.8882761019408881298e-01
2.1043043043043039297e+00,2.9027178431278333193e-01
2.1066066066066064799e+00,2.9172149282694048722e-01
2.1089089089089085860e+00,2.9317675028426282147e-01
2.1112112112112111362e+00,2.9463757123589939813e-01
2.1135135135135132423e+00,2.9610397025914725333e-01
2.1158158158158157924e+00,2.9757596195198915412e-01
2.1181181181181178985e+00,2.9905356092098328569e-01
2.1204204204204204487e+00,3.0053678181027049243e-01
2.1227227227227225548e+00,3.0202563925715630866e-01
2.1250250250250246609e+00,3.0352014794944381926e-01
2.1273273273273272110e+00,3.0502032255849242937e-01
2.1296296296296293171e+00,3.0652617781157559529e-01
2.1319319319319318673e+00,3.0803772841885956879e-01
2.1342342342342339734e+00,3.0955498914217666195e-01
2.1365365365365365236e+00,3.1107797473476939132e-01
2.1388388388388386296e+00,3.1260669998938506176e-01
2.1411411411411411798e+00,3.1414117970497884569e-01
2.1434434434434432859e+00,3.1568142870338539163e-01
2.1457457457457453920e+00,3.1722746183009209453e-01
2.1480480480480479422e+00,3.1877929393601178720e-01
2.1503503503503500482e+00,3.2033693991216505292e-01
2.1526526526526525984e+00,3.2190041464035096253e-01
2.1549549549549547045e+00,3.2346973305430659629e-01
2.1572572572572572547e+00,3.2504491007034591599e-01
2.1595595595595593608e+00,3.2662596066049343069e-01
2.1618618618618614668e+00,3.2821289978040102397e-01
2.1641641641641640170e+00,3.2980574243556204372e-01
2.1664664664664661231e+00,3.3140450362499046522e-01
2.1687687687687686733e+00,3.3300919838432663234e-01
2.1710710710710707794e+00,3.3461984175826331445e-01
2.1733733733733733295e+00,3.3623644881108261107e-01
2.1756756756756754356e+00,3.3785903463365485333e-01
2.1779779779779779858e+00,3.3948761431921725684e-01
2.1802802802802800919e+00,3.4112220300349821445e-01
2.1825825825825821980e+00,3.4276281581082290728e-01
2.1848848848848847481e+00,3.4440946791864207599e-01
2.1871871871871868542e+00,3.4606217448631110267e-01
2.1894894894894894044e+00,3.4772095072837350127e-01
2.1917917917917915105e+00,3.4938581184403028068e-01
2.1940940940940940607e+00,3.5105677308026689287e-01
2.1963963963963961668e+00,3.5273384967988669070e-01
2.1986986986986987169e+00,3.5441705691931968403e-01
2.2010010010010008230e+00,3.5610641008696658494e-01
2.2033033033033029291e+00,3.5780192448752234924e-01
2.2056056056056054793e+00,3.5950361545516484885e-01
2.2079079079079075854e+00,3.6121149832349153108e-01
2.2102102102102101355e+00,3.6292558847081035633e-01
2.2125125125125122416e+00,3.6464590126208029641e-01
2.2148148148148147918e+00,3.6637245211631175312e-01
2.2171171171171168979e+00,3.6810525643405289653e-01
2.2194194194194194480e+00,3.6984432967013891602e-01
2.2217217217217215541e+00,3.7158968726537233707e-01
2.2240240240240236602e+00,3.7334134470622526436e-01
2.2263263263263262104e+00,3.7509931747749336584e-01
2.2286286286286283165e+00,3.7686362109388971131e-01
2.2309309309309308667e+00,3.7863427108460862014e-01
2.2332332332332329727e+00,3.8041128299353987874e-01
2.2355355355355355229e+00,3.8219467239900417610e-01
2.2378378378378376290e+00,3.8398445487137661258e-01
2.2401401401401397351e+00,3.8578064601823897073e-01
2.2424424424424422853e+00,3.8758326144235033528e-01
2.2447447447447443913e+00,3.8939231683891945002e-01
2.2470470470470469415e+00,3.9120782786741370440e-01
2.2493493493493490476e+00,3.9302981010107884696e-01
2.2516516516516515978e+00,3.9485827910159199128e-01
2.2539539539539537039e+00,3.9669325094765978124e-01
2.2562562562562562540e+00,3.9853474190372217834e-01
2.2585585585585583601e+00,4.0038276676650197405e-01
2.2608608608608604662e+00,4.0223733912388526246e-01
2.2631631631631630164e+00,4.0409847690170985768e-01
2.2654654654654651225e+00,4.0596620406413908011e-01
2.2677677677677676726e+00,4.0784053336261477662e-01
2.2700700700700697787e+00,4.0972145186367969760e-01
2.2723723723723723289e+00,4.1160897106256444378e-01
2.2746746746746744350e+00,4.1350320387388578292e-01
2.2769769769769769852e+00,4.1540422601055915219e-01
2.2792792792792790912e+00,4.1731174553128363991e-01
2.2815815815815811973e+00,4.1922544666428096516e-01
2.2838838838838837475e+00,4.2114624801470579296e-01
2.2861861861861858536e+00,4.2307563790059982134e-01
2.2884884884884884038e+00,4.2501126643644232539e-01
2.2907907907907905098e+00,4.2694730153140081352e-01
2.2930930930930930600e+00,4.2888883342310663016e-01
2.2953953953953951661e+00,4.3085749016784796739e-01
2.2976976976976977163e+00,4.3284730531806758780e-01
2.2999999999999998224e+00,4.3478260869565193980e-01
