0.0000000000000000000e+00,-9.1489785147875909987e-02
2.3023023023023021089e-03,-5.5607068958951792474e-09
4.6046046046046042177e-03,9.3772924680339898253e-09
6.9069069069069063266e-03,3.5409950572179531971e-08
9.2092092092092084354e-03,8.2988689640706017692e-08
1.1511511511511510544e-02,1.5830155032857497832e-07
1.3813813813813812653e-02,2.6982854818302370471e-07
1.6116116116116116497e-02,4.2500595700288845217e-07
1.8418418418418416871e-02,6.3109654877632989412e-07
2.0720720720720717245e-02,8.9539502854515686423e-07
2.3023023023023021089e-02,1.2245633880110356312e-06
2.5325325325325324932e-02,1.6260419844734008026e-06
2.7627627627627625306e-02,2.1062689278230980185e-06
2.9929929929929925680e-02,2.6726371224834315852e-06
3.2232232232232232993e-02,3.3314994194109976481e-06
3.4534534534534533368e-02,4.0900848035979307815e-06
3.6836836836836833742e-02,4.9547755645036037136e-06
3.9139139139139134116e-02,5.9325580439212475530e-06
4.1441441441441434490e-02,7.0298896855131206825e-06
4.3743743743743741803e-02,8.2534966059293240131e-06
4.6046046046046042177e-02,9.6099112114915444444e-06
4.8348348348348342551e-02,1.1105619125199349889e-05
5.0650650650650649864e-02,1.2747198770164407499e-05
5.2952952952952950239e-02,1.4540936255727712151e-05
5.5255255255255250613e-02,1.6493410980048935576e-05
5.7557557557557550987e-02,1.8610762846047730179e-05
5.9859859859859851361e-02,2.0899517953682149280e-05
6.2162162162162158674e-02,2.3365729977122738853e-05
6.4464464464464465987e-02,2.6015816206878415235e-05
6.6766766766766766361e-02,2.8855796785677202432e-05
6.9069069069069066735e-02,3.1891940208999811134e-05
7.1371371371371367109e-02,3.5130262171516949126e-05
7.3673673673673667484e-02,3.8576868328682060788e-05
7.5975975975975967858e-02,4.2237776353726764393e-05
7.8278278278278268232e-02,4.6118934470680680512e-05
8.0580580580580568606e-02,5.0226352284129632516e-05
8.2882882882882868980e-02,5.4565839844966104125e-05
8.5185185185185183232e-02,5.9143376906450676725e-05
8.7487487487487483606e-02,6.3964664448690268278e-05
8.9789789789789783980e-02,6.9035622406138325924e-05
9.2092092092092084354e-02,7.4361878274768113280e-05
9.4394394394394384729e-02,7.9949259762665658550e-05
9.6696696696696685103e-02,8.5803352301545309281e-05
9.8998998998998985477e-02,9.1929868407426989260e-05
1.0130130130130129973e-01,9.8334369243440670864e-05
1.0360360360360360010e-01,1.0502244401360818701e-04
1.0590590590590590048e-01,1.1199963409891326564e-04
1.0820820820820820085e-01,1.1927140902799751110e-04
1.1051051051051050123e-01,1.2684328447610176494e-04
1.1281281281281280160e-01,1.3472062304002371813e-04
1.1511511511511510197e-01,1.4290890071380968405e-04
1.1741741741741740235e-01,1.5141339292023189562e-04
1.1971971971971970272e-01,1.6023951603297861791e-04
1.2202202202202201697e-01,1.6939248270963445106e-04
1.2432432432432431735e-01,1.7887762825638254790e-04
1.2662662662662660384e-01,1.8870012329568906697e-04
1.2892892892892893197e-01,1.9886520778563310154e-04
1.3123123123123123235e-01,2.0937802185144694864e-04
1.3353353353353353272e-01,2.2024370549061412800e-04
1.3583583583583583310e-01,2.3146737106814773734e-04
1.3813813813813813347e-01,2.4305406190226554772e-04
1.4044044044044043384e-01,2.5500885817164342965e-04
1.4274274274274273422e-01,2.6733671618707775851e-04
1.4504504504504503459e-01,2.8004267372305926111e-04
1.4734734734734733497e-01,2.9313161490879361152e-04
1.4964964964964963534e-01,3.0660852056635796688e-04
1.5195195195195193572e-01,3.2047822056688920599e-04
1.5425425425425423609e-01,3.3474562366835888079e-04
1.5655655655655653646e-01,3.4941551992825209145e-04
1.5885885885885883684e-01,3.6449273675587099850e-04
1.6116116116116113721e-01,3.7998203214785491620e-04
1.6346346346346343759e-01,3.9588814964558265673e-04
1.6576576576576573796e-01,4.1221581669538076651e-04
1.6806806806806806609e-01,4.2896969610485010489e-04
1.7037037037037036646e-01,4.4615448107221248632e-04
1.7267267267267266684e-01,4.6377476151903584056e-04
1.7497497497497496721e-01,4.8183518834840150186e-04
1.7727727727727726759e-01,5.0034029035321786558e-04
1.7957957957957956796e-01,5.1929466494817573714e-04
1.8188188188188186833e-01,5.3870279342721645848e-04
1.8418418418418416871e-01,5.5856920871556780313e-04
1.8648648648648646908e-01,5.7889835500012684199e-04
1.8878878878878876946e-01,5.9969469452234383262e-04
1.9109109109109106983e-01,6.2096263967056908577e-04
1.9339339339339337021e-01,6.4270658077497926520e-04
1.9569569569569567058e-01,6.6493089909906927595e-04
1.9799799799799797095e-01,6.8763991607005529611e-04
2.0030030030030027133e-01,7.1083797855567764853e-04
2.0260260260260259946e-01,7.3452934568490901596e-04
2.0490490490490489983e-01,7.5871832330477284156e-04
2.0720720720720720021e-01,7.8340911788180413785e-04
2.0950950950950950058e-01,8.0860598534672424500e-04
2.1181181181181180095e-01,8.3431309005993731058e-04
2.1411411411411410133e-01,8.6053462989903607271e-04
2.1641641641641640170e-01,8.8727473473876382424e-04
2.1871871871871870208e-01,9.1453754021758452194e-04
2.2102102102102100245e-01,9.4232714538081574929e-04
2.2332332332332330282e-01,9.7064762322448172507e-04
2.2562562562562560320e-01,9.9950304206732629511e-04
2.2792792792792790357e-01,1.0288974151290563187e-03
2.3023023023023020395e-01,1.0588347770263285136e-03
2.3253253253253250432e-01,1.0893190868857718489e-03
2.3483483483483480470e-01,1.1203543400204298355e-03
2.3713713713713710507e-01,1.1519444495166077623e-03
2.3943943943943940544e-01,1.1840933641740632957e-03
2.4174174174174173357e-01,1.2168049592963675349e-03
2.4404404404404403395e-01,1.2500831311135350999e-03
2.4634634634634633432e-01,1.2839317227922137591e-03
2.4864864864864863470e-01,1.3183545751671913154e-03
2.5095095095095093507e-01,1.3533555017756400147e-03
2.5325325325325320769e-01,1.3889382881867489219e-03
2.5555555555555553582e-01,1.4251067180155133508e-03
2.5785785785785786395e-01,1.4618645242798202974e-03
2.6016016016016013657e-01,1.4992154579352113750e-03
2.6246246246246246470e-01,1.5371632044123011325e-03
2.6476476476476473731e-01,1.5757114771885283137e-03
2.6706706706706706544e-01,1.6148639209018244341e-03
2.6936936936936933806e-01,1.6546242056612188963e-03
2.7167167167167166619e-01,1.6949959418031599039e-03
2.7397397397397393881e-01,1.7359827515569814255e-03
2.7627627627627626694e-01,1.7775882151619031360e-03
2.7857857857857853956e-01,1.8198159050897414531e-03
2.8088088088088086769e-01,1.8626693731670159078e-03
2.8318318318318314031e-01,1.9061521425892207458e-03
2.8548548548548546844e-01,1.9502677362137873021e-03
2.8778778778778774106e-01,1.9950196305170029773e-03
2.9009009009009006919e-01,2.0404113168566743661e-03
2.9239239239239234180e-01,2.0864462293658731298e-03
2.9469469469469466993e-01,2.1331278237209250898e-03
2.9699699699699699806e-01,2.1804594974614175881e-03
2.9929929929929927068e-01,2.2284446657648989375e-03
3.0160160160160159881e-01,2.2770866946946531455e-03
3.0390390390390387143e-01,2.3263889555845710874e-03
3.0620620620620619956e-01,2.3763547861529780124e-03
3.0850850850850847218e-01,2.4269875126890537789e-03
3.1081081081081080031e-01,2.4782904456504377400e-03
3.1311311311311307293e-01,2.5302668669889890468e-03
3.1541541541541540106e-01,2.5829200591761893903e-03
3.1771771771771767368e-01,2.6362532622256837356e-03
3.2002002002002000181e-01,2.6902697282869250314e-03
3.2232232232232227442e-01,2.7449726593248321808e-03
3.2462462462462460255e-01,2.8003652735235228140e-03
3.2692692692692687517e-01,2.8564507396521047165e-03
3.2922922922922920330e-01,2.9132322380074552985e-03
3.3153153153153147592e-01,2.9707129081900903247e-03
3.3383383383383380405e-01,3.0288958901534533165e-03
3.3613613613613613218e-01,3.0877842966583212737e-03
3.3843843843843840480e-01,3.1473812266076036520e-03
3.4074074074074073293e-01,3.2076897665778542588e-03
3.4304304304304300555e-01,3.2687129752732337062e-03
3.4534534534534533368e-01,3.3304539122502112812e-03
3.4764764764764760629e-01,3.3929155982523320420e-03
3.4994994994994993442e-01,3.4561010636594414851e-03
3.5225225225225220704e-01,3.5200132947220057027e-03
3.5455455455455453517e-01,3.5846552894807058587e-03
3.5685685685685680779e-01,3.6500300037697985638e-03
3.5915915915915913592e-01,3.7161404001400683700e-03
3.6146146146146140854e-01,3.7829894071782070065e-03
3.6376376376376373667e-01,3.8505799501583988162e-03
3.6606606606606600929e-01,3.9189149321338075452e-03
3.6836836836836833742e-01,3.9879972407520338298e-03
3.7067067067067066555e-01,4.0578297538715474291e-03
3.7297297297297293817e-01,4.1284153224518818984e-03
3.7527527527527526630e-01,4.1997567982722805446e-03
3.7757757757757753891e-01,4.2718569976920367157e-03
3.7987987987987986704e-01,4.3447187444358922881e-03
3.8218218218218213966e-01,4.4183448233575256525e-03
3.8448448448448446779e-01,4.4927380273887783380e-03
3.8678678678678674041e-01,4.5679011132699603309e-03
3.8908908908908906854e-01,4.6438368406425930071e-03
3.9139139139139134116e-01,4.7205479406157470346e-03
3.9369369369369366929e-01,4.7980371382670963451e-03
3.9599599599599594191e-01,4.8763071403274153501e-03
3.9829829829829827004e-01,4.9553606372290176160e-03
4.0060060060060054266e-01,5.0352003114421985119e-03
4.0290290290290287079e-01,5.1158288197376859327e-03
4.0520520520520519892e-01,5.1972488194248316062e-03
4.0750750750750747153e-01,5.2794629355467645807e-03
4.0980980980980979966e-01,5.3624737984502585803e-03
4.1211211211211207228e-01,5.4462840042029288246e-03
4.1441441441441440041e-01,5.5308961538378638781e-03
4.1671671671671667303e-01,5.6163128172488242101e-03
4.1901901901901900116e-01,5.7025365642143707734e-03
4.2132132132132127378e-01,5.7895699403957504720e-03
4.2362362362362360191e-01,5.8774154834405865910e-03
4.2592592592592587453e-01,5.9660757156803105247e-03
4.2822822822822820266e-01,6.0555531427414861431e-03
4.3053053053053047527e-01,6.1458502635829805397e-03
4.3283283283283280340e-01,6.2369695528072081891e-03
4.3513513513513507602e-01,6.3289134851101797041e-03
4.3743743743743740415e-01,6.4216845058555661885e-03
4.3973973973973967677e-01,6.5152850638508872511e-03
4.4204204204204200490e-01,6.6097175776542536202e-03
4.4434434434434433303e-01,6.7049844681933952820e-03
4.4664664664664660565e-01,6.8010881295218197570e-03
4.4894894894894893378e-01,6.8980309532092887181e-03
4.5125125125125120640e-01,6.9958153103121048511e-03
4.5355355355355353453e-01,7.0944435624678524321e-03
4.5585585585585580715e-01,7.1939180583714462322e-03
4.5815815815815813528e-01,7.2942411299766040517e-03
4.6046046046046040789e-01,7.3954151034642916229e-03
4.6276276276276273602e-01,7.4974422820911924142e-03
4.6506506506506500864e-01,7.6003249686661840390e-03
4.6736736736736733677e-01,7.7040654393944066683e-03
4.6966966966966960939e-01,7.8086659722619690752e-03
4.7197197197197193752e-01,7.9141288185536270983e-03
4.7427427427427421014e-01,8.0204562297735339932e-03
4.7657657657657653827e-01,8.1276504341619652122e-03
4.7887887887887881089e-01,8.2357136556392169374e-03
4.8118118118118113902e-01,8.3446481005638329514e-03
4.8348348348348346715e-01,8.4544559649314936917e-03
4.8578578578578573977e-01,8.5651394336530243395e-03
4.8808808808808806790e-01,8.6767006751447325191e-03
4.9039039039039034051e-01,8.7891418526471320333e-03
4.9269269269269266864e-01,8.9024651079578059204e-03
4.9499499499499494126e-01,9.0166725818373628931e-03
4.9729729729729726939e-01,9.1317663909746184941e-03
4.9959959959959954201e-01,9.2477486523693495923e-03
5.0190190190190187014e-01,9.3646214594483682958e-03
5.0420420420420419827e-01,9.4823869040959150867e-03
5.0650650650650641538e-01,9.6010470579942323865e-03
5.0880880880880874351e-01,9.7206039871125301394e-03
5.1111111111111107164e-01,9.8410597422811194740e-03
5.1341341341341339977e-01,9.9624163633920317235e-03
5.1571571571571572790e-01,1.0084675880706807372e-02
5.1801801801801794500e-01,1.0207840308450323585e-02
5.2032032032032027313e-01,1.0331911656052138876e-02
5.2262262262262260126e-01,1.0456891912993411184e-02
5.2492492492492492939e-01,1.0582783067119900036e-02
5.2722722722722714650e-01,1.0709587084548327987e-02
5.2952952952952947463e-01,1.0837305930424444289e-02
5.3183183183183180276e-01,1.0965941549079257639e-02
5.3413413413413413089e-01,1.1095495881879871569e-02
5.3643643643643634800e-01,1.1225970852591533877e-02
5.3873873873873867613e-01,1.1357368378244062437e-02
5.4104104104104100426e-01,1.1489690362718041686e-02
5.4334334334334333239e-01,1.1622938698677105079e-02
5.4564564564564554949e-01,1.1757115270289986847e-02
5.4794794794794787762e-01,1.1892221946305268215e-02
5.5025025025025020575e-01,1.2028260590896783580e-02
5.5255255255255253388e-01,1.2165233049774739141e-02
5.5485485485485486201e-01,1.2303141166431807649e-02
5.5715715715715707912e-01,1.2441986764790633965e-02
5.5945945945945940725e-01,1.2581771666706176652e-02
5.6176176176176173538e-01,1.2722497675646199725e-02
5.6406406406406406351e-01,1.2864166590993543829e-02
5.6636636636636628062e-01,1.3006780196738077990e-02
5.6866866866866860875e-01,1.3150340269419164008e-02
5.7097097097097093688e-01,1.3294848574063662661e-02
5.7327327327327326500e-01,1.3440306864440379475e-02
5.7557557557557548211e-01,1.3586716886705922647e-02
5.7787787787787781024e-01,1.3734080372327754638e-02
5.8018018018018013837e-01,1.3882399048306995684e-02
5.8248248248248246650e-01,1.4031674624634480480e-02
5.8478478478478468361e-01,1.4181908808538817510e-02
5.8708708708708701174e-01,1.4333103289657372556e-02
5.8938938938938933987e-01,1.4485259754641986382e-02
5.9169169169169166800e-01,1.4638379873889521485e-02
5.9399399399399399613e-01,1.4792465312851485471e-02
5.9629629629629621324e-01,1.4947517723463284514e-02
5.9859859859859854136e-01,1.5103538749752204451e-02
6.0090090090090086949e-01,1.5260530025579817359e-02
6.0320320320320319762e-01,1.5418493173693903139e-02
6.0550550550550541473e-01,1.5577429809917988854e-02
6.0780780780780774286e-01,1.5737341536194118796e-02
6.1011011011011007099e-01,1.5898229950030800389e-02
6.1241241241241239912e-01,1.6060096633331705923e-02
6.1471471471471461623e-01,1.6222943164745831646e-02
6.1701701701701694436e-01,1.6386771107134739944e-02
6.1931931931931927249e-01,1.6551582019626205622e-02
6.2162162162162160062e-01,1.6717377446961109028e-02
6.2392392392392381772e-01,1.6884158928298219349e-02
6.2622622622622614585e-01,1.7051927990873485402e-02
6.2852852852852847398e-01,1.7220686153768857696e-02
6.3083083083083080211e-01,1.7390434927007682175e-02
6.3313313313313313024e-01,1.7561175809791568919e-02
6.3543543543543534735e-01,1.7732910294931351208e-02
6.3773773773773767548e-01,1.7905639862214602770e-02
6.4004004004004000361e-01,1.8079365986979144265e-02
6.4234234234234233174e-01,1.8254090130304830020e-02
6.4464464464464454885e-01,1.8429813749584786353e-02
6.4694694694694687698e-01,1.8606538288062905717e-02
6.4924924924924920511e-01,1.8784265184658199832e-02
6.5155155155155153324e-01,1.8962995865533419093e-02
6.5385385385385375034e-01,1.9142731750828482357e-02
6.5615615615615607847e-01,1.9323474250110616451e-02
6.5845845845845840660e-01,1.9505224764717974534e-02
6.6076076076076073473e-01,1.9687984687839416020e-02
6.6306306306306295184e-01,1.9871755402241255556e-02
6.6536536536536527997e-01,2.0056538284712519676e-02
6.6766766766766760810e-01,2.0242334699900332851e-02
6.6996996996996993623e-01,2.0429146007961931919e-02
6.7227227227227226436e-01,2.0616973556074277146e-02
6.7457457457457448147e-01,2.0805818687363034775e-02
6.7687687687687680960e-01,2.0995682732285893268e-02
6.7917917917917913773e-01,2.1186567016528785184e-02
6.8148148148148146586e-01,2.1378472854443168055e-02
6.8378378378378368296e-01,2.1571401554082728080e-02
6.8608608608608601109e-01,2.1765354414073161821e-02
6.8838838838838833922e-01,2.1960332724876498178e-02
6.9069069069069066735e-01,2.2156337769552759964e-02
6.9299299299299288446e-01,2.2353370821219280956e-02
6.9529529529529521259e-01,2.2551433147335809420e-02
6.9759759759759754072e-01,2.2750526004103641120e-02
6.9989989989989986885e-01,2.2950650643176747495e-02
7.0220220220220219698e-01,2.3151808304428242447e-02
7.0450450450450441409e-01,2.3354000223379547257e-02
7.0680680680680674222e-01,2.3557227624216539597e-02
7.0910910910910907035e-01,2.3761491726035036814e-02
7.1141141141141139848e-01,2.3966793737833738676e-02
7.1371371371371361558e-01,2.4173134862180555016e-02
7.1601601601601594371e-01,2.4380516293186847709e-02
7.1831831831831827184e-01,2.4588939216977731550e-02
7.2062062062062059997e-01,2.4798404812894313948e-02
7.2292292292292281708e-01,2.5008914250871355084e-02
7.2522522522522514521e-01,2.5220468695438948842e-02
7.2752752752752747334e-01,2.5433069300741097812e-02
7.2982982982982980147e-01,2.5646717216319607491e-02
7.3213213213213201858e-01,2.5861413581051172217e-02
7.3443443443443434671e-01,2.6077159529228541995e-02
7.3673673673673667484e-01,2.6293956184996507969e-02
7.3903903903903900297e-01,2.6511804667198320823e-02
7.4134134134134133109e-01,2.6730706085647606973e-02
7.4364364364364354820e-01,2.6950661543704665379e-02
7.4594594594594587633e-01,2.7171672137090818744e-02
7.4824824824824820446e-01,2.7393738953804206565e-02
7.5055055055055053259e-01,2.7616863075567609637e-02
7.5285285285285274970e-01,2.7841045575272217044e-02
7.5515515515515507783e-01,2.8066287520609300987e-02
7.5745745745745740596e-01,2.8292589969734088101e-02
7.5975975975975973409e-01,2.8519953976159504588e-02
7.6206206206206195120e-01,2.8748380583765376778e-02
7.6436436436436427933e-01,2.8977870831685924313e-02
7.6666666666666660745e-01,2.9208425749965395007e-02
7.6896896896896893558e-01,2.9440046363235727184e-02
7.7127127127127115269e-01,2.9672733688023738424e-02
7.7357357357357348082e-01,2.9906488734474438035e-02
7.7587587587587580895e-01,3.0141312505784063902e-02
7.7817817817817813708e-01,3.0377205997749113370e-02
7.8048048048048046521e-01,3.0614170200306323188e-02
7.8278278278278268232e-01,3.0852206095149093540e-02
7.8508508508508501045e-01,3.1091314658926082204e-02
7.8738738738738733858e-01,3.1331496859564281210e-02
7.8968968968968966671e-01,3.1572753660315013013e-02
7.9199199199199188381e-01,3.1815086015741012027e-02
7.9429429429429421194e-01,3.2058494875560179793e-02
7.9659659659659654007e-01,3.2302981181335239935e-02
7.9889889889889886820e-01,3.2548545869195234792e-02
8.0120120120120108531e-01,3.2795189867962766528e-02
8.0350350350350341344e-01,3.3042914100231704499e-02
8.0580580580580574157e-01,3.3291719482233424199e-02
8.0810810810810806970e-01,3.3541606923174094312e-02
8.1041041041041039783e-01,3.3792577326748771127e-02
8.1271271271271261494e-01,3.4044631589005072692e-02
8.1501501501501494307e-01,3.4297770601080156128e-02
8.1731731731731727120e-01,3.4551995246162196807e-02
8.1961961961961959933e-01,3.4807306402750190499e-02
8.2192192192192181643e-01,3.5063704941512480184e-02
8.2422422422422414456e-01,3.5321191728224420048e-02
8.2652652652652647269e-01,3.5579767621325787685e-02
8.2882882882882880082e-01,3.5839433473860281276e-02
8.3113113113113101793e-01,3.6100190132243824281e-02
8.3343343343343334606e-01,3.6362038436867895330e-02
8.3573573573573567419e-01,3.6624979222247805444e-02
8.3803803803803800232e-01,3.6889013316276857146e-02
8.4034034034034021943e-01,3.7154141541623497691e-02
8.4264264264264254756e-01,3.7420364713899485765e-02
8.4494494494494487569e-01,3.7687683643922734178e-02
8.4724724724724720382e-01,3.7956099135291611335e-02
8.4954954954954953195e-01,3.8225611986930030373e-02
8.5185185185185174905e-01,3.8496222990709552669e-02
8.5415415415415407718e-01,3.8767932933620644076e-02
8.5645645645645640531e-01,3.9040742596039741674e-02
8.5875875875875873344e-01,3.9314652753050599587e-02
8.6106106106106095055e-01,3.9589664173694347205e-02
8.6336336336336327868e-01,3.9865777621240293394e-02
8.6566566566566560681e-01,4.0142993853492979495e-02
8.6796796796796793494e-01,4.0421313622056018189e-02
8.7027027027027015205e-01,4.0700737673544824802e-02
8.7257257257257248018e-01,4.0981266748090536267e-02
8.7487487487487480831e-01,4.1262901581126325279e-02
8.7717717717717713644e-01,4.1545642901539427128e-02
8.7947947947947935354e-01,4.1829491433564520986e-02
8.8178178178178168167e-01,4.2114447895075943218e-02
8.8408408408408400980e-01,4.2400512999112675849e-02
8.8638638638638633793e-01,4.2687687452722611336e-02
8.8868868868868866606e-01,4.2975971957806870238e-02
8.9099099099099088317e-01,4.3265367210720315216e-02
8.9329329329329321130e-01,4.3555873902332377379e-02
8.9559559559559553943e-01,4.3847492718393929478e-02
8.9789789789789786756e-01,4.4140224338888228717e-02
9.0020020020020008467e-01,4.4434069439016038450e-02
9.0250250250250241280e-01,4.4729028688049725371e-02
9.0480480480480474093e-01,4.5025102750663778539e-02
9.0710710710710706906e-01,4.5322292285612485185e-02
9.0940940940940928616e-01,4.5620597947052761445e-02
9.1171171171171161429e-01,4.5920020383400851627e-02
9.1401401401401394242e-01,4.6220560238327351721e-02
9.1631631631631627055e-01,4.6522218150053404329e-02
9.1861861861861848766e-01,4.6824994751836386542e-02
9.2092092092092081579e-01,4.7128890671807172064e-02
9.2322322322322314392e-01,4.7433906532915917631e-02
9.2552552552552547205e-01,4.7740042953278265248e-02
9.2782782782782780018e-01,4.8047300545668372718e-02
9.3013013013013001729e-01,4.8355679918239767578e-02
9.3243243243243234541e-01,4.8665181673739399404e-02
9.3473473473473467354e-01,4.8975806410397726420e-02
9.3703703703703700167e-01,4.9287554721091864085e-02
9.3933933933933921878e-01,4.9600427194168156264e-02
9.4164164164164154691e-01,4.9914424412776770001e-02
9.4394394394394387504e-01,5.0229546955441392586e-02
9.4624624624624620317e-01,5.0545795395701302588e-02
9.4854854854854842028e-01,5.0863170302345724061e-02
9.5085085085085074841e-01,5.1181672239393891100e-02
9.5315315315315307654e-01,5.1501301766009498218e-02
9.5545545545545540467e-01,5.1822059436766293450e-02
9.5775775775775762177e-01,5.2143945801323351996e-02
9.6006006006005994990e-01,5.2466961404869498498e-02
9.6236236236236227803e-01,5.2791106787684088930e-02
9.6466466466466460616e-01,5.3116382485622531950e-02
9.6696696696696693429e-01,5.3442789029703556547e-02
9.6926926926926915140e-01,5.3770326946506907806e-02
9.7157157157157147953e-01,5.4098996757894826648e-02
9.7387387387387380766e-01,5.4428798981247188127e-02
9.7617617617617613579e-01,5.4759734129355482068e-02
9.7847847847847835290e-01,5.5091802710490758721e-02
9.8078078078078068103e-01,5.5425005228447211947e-02
9.8308308308308300916e-01,5.5759342182487216244e-02
9.8538538538538533729e-01,5.6094814067474234320e-02
9.8768768768768755439e-01,5.6431421373764244220e-02
9.8998998998998988252e-01,5.6769164587356785168e-02
9.9229229229229221065e-01,5.7108044189800741264e-02
9.9459459459459453878e-01,5.7448060658303400083e-02
9.9689689689689686691e-01,5.7789214465696972511e-02
9.9919919919919908402e-01,5.8131506080478491383e-02
1.0015015015015014122e+00,5.8474935966842160606e-02
1.0038038038038037403e+00,5.8819504584666511271e-02
1.0061061061061060684e+00,5.9165212389578447638e-02
1.0084084084084083965e+00,5.9512059832934414982e-02
1.0107107107107107247e+00,5.9860047361862053772e-02
1.0130130130130128308e+00,6.0209175419290973663e-02
1.0153153153153151589e+00,6.0559444443921479906e-02
1.0176176176176174870e+00,6.0910854870344324774e-02
1.0199199199199198151e+00,6.1263407128907598764e-02
1.0222222222222221433e+00,6.1617101645936395160e-02
1.0245245245245244714e+00,6.1971938843509634387e-02
1.0268268268268267995e+00,6.2327919139743490073e-02
1.0291291291291291277e+00,6.2685042948541144781e-02
1.0314314314314314558e+00,6.3043310679860325996e-02
1.0337337337337335619e+00,6.3402722739523423301e-02
1.0360360360360358900e+00,6.3763279529381156063e-02
1.0383383383383382181e+00,6.4124981447266096724e-02
1.0406406406406405463e+00,6.4487828886979223220e-02
1.0429429429429428744e+00,6.4851822238444448154e-02
1.0452452452452452025e+00,6.5216961887482050031e-02
1.0475475475475475307e+00,6.5583248216174103162e-02
1.0498498498498498588e+00,6.5950681602445104801e-02
1.0521521521521519649e+00,6.6319262420583113826e-02
1.0544544544544542930e+00,6.6688991040718917369e-02
1.0567567567567566211e+00,6.7059867829380864768e-02
1.0590590590590589493e+00,6.7431893149014751621e-02
1.0613613613613612774e+00,6.7805067358424286894e-02
1.0636636636636636055e+00,6.8179390812472220884e-02
1.0659659659659659336e+00,6.8554863862281698039e-02
1.0682682682682682618e+00,6.8931486855221282828e-02
1.0705705705705705899e+00,6.9309260134792452512e-02
1.0728728728728726960e+00,6.9688184040941555941e-02
1.0751751751751750241e+00,7.0068258909625522057e-02
1.0774774774774773523e+00,7.0449485073419193526e-02
1.0797797797797796804e+00,7.0831862860832983664e-02
1.0820820820820820085e+00,7.1215392597095653060e-02
1.0843843843843843366e+00,7.1600074603383537242e-02
1.0866866866866866648e+00,7.1985909197587807928e-02
1.0889889889889889929e+00,7.2372896693663146817e-02
1.0912912912912910990e+00,7.2761037402178777023e-02
1.0935935935935934271e+00,7.3150331629965162361e-02
1.0958958958958957552e+00,7.3540779680301773813e-02
1.0981981981981980834e+00,7.3932381852973017011e-02
1.1005005005005004115e+00,7.4325138444021845996e-02
1.1028028028028027396e+00,7.4719049746240981391e-02
1.1051051051051050678e+00,7.5114116048514867341e-02
1.1074074074074073959e+00,7.5510337636671767680e-02
1.1097097097097097240e+00,7.5907714792543684590e-02
1.1120120120120118301e+00,7.6306247794992815292e-02
1.1143143143143141582e+00,7.6705936918924952361e-02
1.1166166166166164864e+00,7.7106782436228468725e-02
1.1189189189189188145e+00,7.7508784615002879193e-02
1.1212212212212211426e+00,7.7911943720170670491e-02
1.1235235235235234708e+00,7.8316260013122918071e-02
1.1258258258258257989e+00,7.8721733751847600136e-02
1.1281281281281281270e+00,7.9128365191098726239e-02
1.1304304304304302331e+00,7.9536154581988344203e-02
1.1327327327327325612e+00,7.9945102172676044128e-02
1.1350350350350348894e+00,8.0355208207486705785e-02
1.1373373373373372175e+00,8.0766472927995144881e-02
1.1396396396396395456e+00,8.1178896571859449072e-02
1.1419419419419418738e+00,8.1592479374049772800e-02
1.1442442442442442019e+00,8.2007221565696161725e-02
1.1465465465465465300e+00,8.2423123375144263791e-02
1.1488488488488488581e+00,8.2840185027116070016e-02
1.1511511511511509642e+00,8.3258406743331098143e-02
1.1534534534534532924e+00,8.3677788742191921978e-02
1.1557557557557556205e+00,8.4098331238816437239e-02
1.1580580580580579486e+00,8.4520034445344990881e-02
1.1603603603603602767e+00,8.4942898570350561238e-02
1.1626626626626626049e+00,8.5366923819734263912e-02
1.1649649649649649330e+00,8.5792110395616724694e-02
1.1672672672672672611e+00,8.6218458497644645533e-02
1.1695695695695693672e+00,8.6645968321613781038e-02
1.1718718718718716953e+00,8.7074640060872302016e-02
1.1741741741741740235e+00,8.7504473905032659209e-02
1.1764764764764763516e+00,8.7935470041108812489e-02
1.1787787787787786797e+00,8.8367628652647453591e-02
1.1810810810810810079e+00,8.8800949920322058695e-02
1.1833833833833833360e+00,8.9235434021698215035e-02
1.1856856856856856641e+00,8.9671081131136615161e-02
1.1879879879879879923e+00,9.0107891420269731197e-02
1.1902902902902900983e+00,9.0545865057210947469e-02
1.1925925925925924265e+00,9.0985002207668322360e-02
1.1948948948948947546e+00,9.1425303033613652959e-02
1.1971971971971970827e+00,9.1866767694796985788e-02
1.1994994994994994109e+00,9.2309396347190250665e-02
1.2018018018018017390e+00,9.2753189144527861676e-02
1.2041041041041040671e+00,9.3198146236929776953e-02
1.2064064064064063952e+00,9.3644267772073949696e-02
1.2087087087087085013e+00,9.4091553894344731601e-02
1.2110110110110108295e+00,9.4540004745357952842e-02
1.2133133133133131576e+00,9.4989620463840920839e-02
1.2156156156156154857e+00,9.5440401185380469018e-02
1.2179179179179178139e+00,9.5892347043082845626e-02
1.2202202202202201420e+00,9.6345458166576594672e-02
1.2225225225225224701e+00,9.6799734683336177699e-02
1.2248248248248247982e+00,9.7255176717142649556e-02
1.2271271271271271264e+00,9.7711784389780564908e-02
1.2294294294294292325e+00,9.8169557819330621751e-02
1.2317317317317315606e+00,9.8628497121812000459e-02
1.2340340340340338887e+00,9.9088602409749509947e-02
1.2363363363363362168e+00,9.9549873793345233786e-02
1.2386386386386385450e+00,1.0001231137967526996e-01
1.2409409409409408731e+00,1.0047591527311350301e-01
1.2432432432432432012e+00,1.0094068557535156028e-01
1.2455455455455455294e+00,1.0140662238496739311e-01
1.2478478478478476354e+00,1.0187372579828775365e-01
1.2501501501501499636e+00,1.0234199590817262548e-01
1.2524524524524522917e+00,1.0281143280555599118e-01
1.2547547547547546198e+00,1.0328203657770511359e-01
1.2570570570570569480e+00,1.0375380731008645996e-01
1.2593593593593592761e+00,1.0422674508453361186e-01
1.2616616616616616042e+00,1.0470084998096160223e-01
1.2639639639639639324e+00,1.0517612207591638118e-01
1.2662662662662662605e+00,1.0565256144370972768e-01
1.2685685685685683666e+00,1.0613016815570226747e-01
1.2708708708708706947e+00,1.0660894228059632216e-01
1.2731731731731730228e+00,1.0708888388462314833e-01
1.2754754754754753510e+00,1.0756999303091575870e-01
1.2777777777777776791e+00,1.0805226978058338205e-01
1.2800800800800800072e+00,1.0853571419128016373e-01
1.2823823823823823354e+00,1.0902032631894988113e-01
1.2846846846846846635e+00,1.0950610621590708971e-01
1.2869869869869867696e+00,1.0999305393283997923e-01
1.2892892892892890977e+00,1.1048116951689269938e-01
1.2915915915915914258e+00,1.1097045301340940915e-01
1.2938938938938937540e+00,1.1146090446450417077e-01
1.2961961961961960821e+00,1.1195252391012294746e-01
1.2984984984984984102e+00,1.1244531138744041920e-01
1.3008008008008007383e+00,1.1293926693099522185e-01
1.3031031031031030665e+00,1.1343439057306239914e-01
1.3054054054054053946e+00,1.1393068234281548967e-01
1.3077077077077075007e+00,1.1442814226761763297e-01
1.3100100100100098288e+00,1.1492677037137241647e-01
1.3123123123123121569e+00,1.1542656667646453150e-01
1.3146146146146144851e+00,1.1592753120167383074e-01
1.3169169169169168132e+00,1.1642966396429588194e-01
1.3192192192192191413e+00,1.1693296497815586221e-01
1.3215215215215214695e+00,1.1743743425536150304e-01
1.3238238238238237976e+00,1.1794307180491767073e-01
1.3261261261261259037e+00,1.1844987763369077549e-01
1.3284284284284282318e+00,1.1895785174594837585e-01
1.3307307307307305599e+00,1.1946699414331446443e-01
1.3330330330330328881e+00,1.1997730482534864349e-01
1.3353353353353352162e+00,1.2048878378848572324e-01
1.3376376376376375443e+00,1.2100143102755160640e-01
1.3399399399399398725e+00,1.2151524653390137487e-01
1.3422422422422422006e+00,1.2203023029754399287e-01
1.3445445445445445287e+00,1.2254638230491540773e-01
1.3468468468468466348e+00,1.2306370254108642270e-01
1.3491491491491489629e+00,1.2358219098774796130e-01
1.3514514514514512911e+00,1.2410184762493432775e-01
1.3537537537537536192e+00,1.2462267242972067949e-01
1.3560560560560559473e+00,1.2514466537705745686e-01
1.3583583583583582755e+00,1.2566782643947929654e-01
1.3606606606606606036e+00,1.2619215558686078249e-01
1.3629629629629629317e+00,1.2671765278721439096e-01
1.3652652652652652598e+00,1.2724431800540442206e-01
1.3675675675675673659e+00,1.2777215120488139011e-01
1.3698698698698696941e+00,1.2830115234562375348e-01
1.3721721721721720222e+00,1.2883132138642000575e-01
1.3744744744744743503e+00,1.2936265828253115662e-01
1.3767767767767766784e+00,1.2989516298794995253e-01
1.3790790790790790066e+00,1.3042883545338809781e-01
1.3813813813813813347e+00,1.3096367562793856387e-01
1.3836836836836836628e+00,1.3149968345788026758e-01
1.3859859859859857689e+00,1.3203685888735749998e-01
1.3882882882882880970e+00,1.3257520185827584291e-01
1.3905905905905904252e+00,1.3311471230984098235e-01
1.3928928928928927533e+00,1.3365539017958458223e-01
1.3951951951951950814e+00,1.3419723540184380628e-01
1.3974974974974974096e+00,1.3474024790971494969e-01
1.3997997997997997377e+00,1.3528442763279852068e-01
1.4021021021021020658e+00,1.3582977449963271055e-01
1.4044044044044043940e+00,1.3637628843525992361e-01
1.4067067067067065000e+00,1.3692396936351969305e-01
1.4090090090090088282e+00,1.3747281720506354663e-01
1.4113113113113111563e+00,1.3802283187893274463e-01
1.4136136136136134844e+00,1.3857401330149821117e-01
1.4159159159159158126e+00,1.3912636138696282684e-01
1.4182182182182181407e+00,1.3967987604746656682e-01
1.4205205205205204688e+00,1.4023455719239541484e-01
1.4228228228228227970e+00,1.4079040472964574060e-01
1.4251251251251249030e+00,1.4134741856387109116e-01
1.4274274274274272312e+00,1.4190559859864770864e-01
1.4297297297297295593e+00,1.4246494473404497372e-01
1.4320320320320318874e+00,1.4302545686918149981e-01
1.4343343343343342156e+00,1.4358713489973198851e-01
1.4366366366366365437e+00,1.4414997872021576009e-01
1.4389389389389388718e+00,1.4471398822207684476e-01
1.4412412412412411999e+00,1.4527916329514273253e-01
1.4435435435435435281e+00,1.4584550382672920033e-01
1.4458458458458456342e+00,1.4641300970194215392e-01
1.4481481481481479623e+00,1.4698168080400880742e-01
1.4504504504504502904e+00,1.4755151701334759395e-01
1.4527527527527526185e+00,1.4812251820907212929e-01
1.4550550550550549467e+00,1.4869468426701326624e-01
1.4573573573573572748e+00,1.4926801506207695858e-01
1.4596596596596596029e+00,1.4984251046566415821e-01
1.4619619619619619311e+00,1.5041817034831747590e-01
1.4642642642642640372e+00,1.5099499457719686712e-01
1.4665665665665663653e+00,1.5157298301833269094e-01
1.4688688688688686934e+00,1.5215213553479464692e-01
1.4711711711711710215e+00,1.5273245198800772249e-01
1.4734734734734733497e+00,1.5331393223703831952e-01
1.4757757757757756778e+00,1.5389657613867760433e-01
1.4780780780780780059e+00,1.5448038354800980310e-01
1.4803803803803803341e+00,1.5506535431723103557e-01
1.4826826826826826622e+00,1.5565148829739680614e-01
1.4849849849849847683e+00,1.5623878533621574083e-01
1.4872872872872870964e+00,1.5682724528059893698e-01
1.4895895895895894245e+00,1.5741686797393894537e-01
1.4918918918918917527e+00,1.5800765325883456280e-01
1.4941941941941940808e+00,1.5859960097455744199e-01
1.4964964964964964089e+00,1.5919271095924886206e-01
1.4987987987987987371e+00,1.5978698304820435072e-01
1.5011011011011010652e+00,1.6038241707502376432e-01
1.5034034034034031713e+00,1.6097901287110455426e-01
1.5057057057057054994e+00,1.6157677026548922239e-01
1.5080080080080078275e+00,1.6217568908568660846e-01
1.5103103103103101557e+00,1.6277576915623570564e-01
1.5126126126126124838e+00,1.6337701030069615160e-01
1.5149149149149148119e+00,1.6397941233922846971e-01
1.5172172172172171400e+00,1.6458297509131136760e-01
1.5195195195195194682e+00,1.6518769837291397140e-01
1.5218218218218217963e+00,1.6579358199926030881e-01
1.5241241241241239024e+00,1.6640062578232528434e-01
1.5264264264264262305e+00,1.6700882953293952338e-01
1.5287287287287285587e+00,1.6761819305922170953e-01
1.5310310310310308868e+00,1.6822871616753601320e-01
1.5333333333333332149e+00,1.6884039866221334236e-01
1.5356356356356355430e+00,1.6945324034514958056e-01
1.5379379379379378712e+00,1.7006724101688552864e-01
1.5402402402402401993e+00,1.7068240047491917144e-01
1.5425425425425423054e+00,1.7129871851592634591e-01
1.5448448448448446335e+00,1.7191619493314935774e-01
1.5471471471471469616e+00,1.7253482951925044886e-01
1.5494494494494492898e+00,1.7315462206340972995e-01
1.5517517517517516179e+00,1.7377557235409238356e-01
1.5540540540540539460e+00,1.7439768017660323141e-01
1.5563563563563562742e+00,1.7502094531506973141e-01
1.5586586586586586023e+00,1.7564536755104298571e-01
1.5609609609609609304e+00,1.7627094666424172886e-01
1.5632632632632630365e+00,1.7689768243251308144e-01
1.5655655655655653646e+00,1.7752557463116935832e-01
1.5678678678678676928e+00,1.7815462303433052260e-01
1.5701701701701700209e+00,1.7878482741297838099e-01
1.5724724724724723490e+00,1.7941618753740756764e-01
1.5747747747747746772e+00,1.8004870317442128735e-01
1.5770770770770770053e+00,1.8068237409031756568e-01
1.5793793793793793334e+00,1.8131720004792570289e-01
1.5816816816816814395e+00,1.8195318080936193073e-01
1.5839839839839837676e+00,1.8259031613366535907e-01
1.5862862862862860958e+00,1.8322860577863939180e-01
1.5885885885885884239e+00,1.8386804949964591360e-01
1.5908908908908907520e+00,1.8450864705011751910e-01
1.5931931931931930801e+00,1.8515039818177800313e-01
1.5954954954954954083e+00,1.8579330264370672032e-01
1.5977977977977977364e+00,1.8643736018395259957e-01
1.6001001001001000645e+00,1.8708257054733645752e-01
1.6024024024024021706e+00,1.8772893347811872578e-01
1.6047047047047044988e+00,1.8837644871703163041e-01
1.6070070070070068269e+00,1.8902511600436358585e-01
1.6093093093093091550e+00,1.8967493507697336108e-01
1.6116116116116114831e+00,1.9032590567099544332e-01
1.6139139139139138113e+00,1.9097802751959383483e-01
1.6162162162162161394e+00,1.9163130035462969114e-01
1.6185185185185184675e+00,1.9228572390567597039e-01
1.6208208208208207957e+00,1.9294129790027747529e-01
1.6231231231231229017e+00,1.9359802206444354233e-01
1.6254254254254252299e+00,1.9425589612143748242e-01
1.6277277277277275580e+00,1.9491491979365521692e-01
1.6300300300300298861e+00,1.9557509280019141906e-01
1.6323323323323322143e+00,1.9623641485970039211e-01
1.6346346346346345424e+00,1.9689888568729668750e-01
1.6369369369369368705e+00,1.9756250499770031115e-01
1.6392392392392391987e+00,1.9822727250226757079e-01
1.6415415415415413047e+00,1.9889318791160784383e-01
1.6438438438438436329e+00,1.9956025093348431221e-01
1.6461461461461459610e+00,2.0022846127428081675e-01
1.6484484484484482891e+00,2.0089781863825148522e-01
1.6507507507507506173e+00,2.0156832272751531998e-01
1.6530530530530529454e+00,2.0223997324282419474e-01
1.6553553553553552735e+00,2.0291276988207226917e-01
1.6576576576576576016e+00,2.0358671234243583270e-01
1.6599599599599599298e+00,2.0426180031770568846e-01
1.6622622622622620359e+00,2.0493803350132802632e-01
1.6645645645645643640e+00,2.0561541158318510925e-01
1.6668668668668666921e+00,2.0629393425278322316e-01
1.6691691691691690203e+00,2.0697360119631191822e-01
1.6714714714714713484e+00,2.0765441209915941334e-01
1.6737737737737736765e+00,2.0833636664397625626e-01
1.6760760760760760046e+00,2.0901946451192848775e-01
1.6783783783783783328e+00,2.0970370538220173273e-01
1.6806806806806804389e+00,2.1038908893171667791e-01
1.6829829829829827670e+00,2.1107561483618772491e-01
1.6852852852852850951e+00,2.1176328276834857633e-01
1.6875875875875874232e+00,2.1245209240035436982e-01
1.6898898898898897514e+00,2.1314204340089348833e-01
1.6921921921921920795e+00,2.1383313543839119197e-01
1.6944944944944944076e+00,2.1452536817770212485e-01
1.6967967967967967358e+00,2.1521874128330870102e-01
1.6990990990990990639e+00,2.1591325441644854122e-01
1.7014014014014011700e+00,2.1660890723749323672e-01
1.7037037037037034981e+00,2.1730569940420851882e-01
1.7060060060060058262e+00,2.1800363057276642142e-01
1.7083083083083081544e+00,2.1870270039752343072e-01
1.7106106106106104825e+00,2.1940290853044611130e-01
1.7129129129129128106e+00,2.2010425462246280270e-01
1.7152152152152151388e+00,2.2080673832141278767e-01
1.7175175175175174669e+00,2.2151035927469339692e-01
1.7198198198198195730e+00,2.2221511712617861289e-01
1.7221221221221219011e+00,2.2292101151955015514e-01
1.7244244244244242292e+00,2.2362804209494330232e-01
1.7267267267267265574e+00,2.2433620849211252657e-01
1.7290290290290288855e+00,2.2504551034766831497e-01
1.7313313313313312136e+00,2.2575594729728359900e-01
1.7336336336336335417e+00,2.2646751897417932708e-01
1.7359359359359358699e+00,2.2718022500987497536e-01
1.7382382382382381980e+00,2.2789406503425377326e-01
1.7405405405405403041e+00,2.2860903867469459239e-01
1.7428428428428426322e+00,2.2932514555770835973e-01
1.7451451451451449604e+00,2.3004238530662285411e-01
1.7474474474474472885e+00,2.3076075754445152244e-01
1.7497497497497496166e+00,2.3148026189064033198e-01
1.7520520520520519447e+00,2.3220089796449583375e-01
1.7543543543543542729e+00,2.3292266538180964042e-01
1.7566566566566566010e+00,2.3364556375796244336e-01
1.7589589589589587071e+00,2.3436959270528798238e-01
1.7612612612612610352e+00,2.3509475183508823926e-01
1.7635635635635633633e+00,2.3582104075635335061e-01
1.7658658658658656915e+00,2.3654845907623744949e-01
1.7681681681681680196e+00,2.3727700640041657354e-01
1.7704704704704703477e+00,2.3800668233191518697e-01
1.7727727727727726759e+00,2.3873748647303794090e-01
1.7750750750750750040e+00,2.3946941842278490764e-01
1.7773773773773773321e+00,2.4020247777994538363e-01
1.7796796796796794382e+00,2.4093666413968517492e-01
1.7819819819819817663e+00,2.4167197709705742770e-01
1.7842842842842840945e+00,2.4240841624363074214e-01
1.7865865865865864226e+00,2.4314598117050978399e-01
1.7888888888888887507e+00,2.4388467146585518508e-01
1.7911911911911910789e+00,2.4462448671668457489e-01
1.7934934934934934070e+00,2.4536542650785439501e-01
1.7957957957957957351e+00,2.4610749042224439043e-01
1.7980980980980978412e+00,2.4685067804142318826e-01
1.8004004004004001693e+00,2.4759498894416998027e-01
1.8027027027027024975e+00,2.4834042270869458036e-01
1.8050050050050048256e+00,2.4908697890980210921e-01
1.8073073073073071537e+00,2.4983465712218341781e-01
1.8096096096096094819e+00,2.5058345691687983203e-01
1.8119119119119118100e+00,2.5133337786483472831e-01
1.8142142142142141381e+00,2.5208441953356863774e-01
1.8165165165165164662e+00,2.5283658149007559590e-01
1.8188188188188185723e+00,2.5358986329853600017e-01
1.8211211211211209005e+00,2.5434426452187336443e-01
1.8234234234234232286e+00,2.5509978472101951796e-01
1.8257257257257255567e+00,2.5585642345479542303e-01
1.8280280280280278848e+00,2.5661418028088883725e-01
1.8303303303303302130e+00,2.5737305475407606936e-01
1.8326326326326325411e+00,2.5813304642871587324e-01
1.8349349349349348692e+00,2.5889415485568861852e-01
1.8372372372372369753e+00,2.5965637958584825151e-01
1.8395395395395393034e+00,2.6041972016640768661e-01
1.8418418418418416316e+00,2.6118417614448613540e-01
1.8441441441441439597e+00,2.6194974706387424979e-01
1.8464464464464462878e+00,2.6271643246776871239e-01
1.8487487487487486160e+00,2.6348423189670561184e-01
1.8510510510510509441e+00,2.6425314488985240935e-01
1.8533533533533532722e+00,2.6502317098456323885e-01
1.8556556556556556004e+00,2.6579430971594913968e-01
1.8579579579579577064e+00,2.6656656061816191849e-01
1.8602602602602600346e+00,2.6733992322232047467e-01
1.8625625625625623627e+00,2.6811439705926226607e-01
1.8648648648648646908e+00,2.6888998165627064907e-01
1.8671671671671670190e+00,2.6966667654066550641e-01
1.8694694694694693471e+00,2.7044448123612568891e-01
1.8717717717717716752e+00,2.7122339526621019878e-01
1.8740740740740740033e+00,2.7200341815122364153e-01
1.8763763763763761094e+00,2.7278454941077512341e-01
1.8786786786786784376e+00,2.7356678856194205363e-01
1.8809809809809807657e+00,2.7435013512028394445e-01
1.8832832832832830938e+00,2.7513458859970768566e-01
1.8855855855855854220e+00,2.7592014851171520196e-01
1.8878878878878877501e+00,2.7670681436700783618e-01
1.8901901901901900782e+00,2.7749458567311513502e-01
1.8924924924924924063e+00,2.7828346193740516323e-01
1.8947947947947947345e+00,2.7907344266361366891e-01
1.8970970970970968406e+00,2.7986452735555750193e-01
1.8993993993993991687e+00,2.8065671551342502577e-01
1.9017017017017014968e+00,2.8145000663724178969e-01
1.9040040040040038249e+00,2.8224440022387364824e-01
1.9063063063063061531e+00,2.8303989576938165529e-01
1.9086086086086084812e+00,2.8383649276744532530e-01
1.9109109109109108093e+00,2.8463419071008028149e-01
1.9132132132132131375e+00,2.8543298908782349654e-01
1.9155155155155152435e+00,2.8623288738865743097e-01
1.9178178178178175717e+00,2.8703388509992777688e-01
1.9201201201201198998e+00,2.8783598170569135721e-01
1.9224224224224222279e+00,2.8863917668995914267e-01
1.9247247247247245561e+00,2.8944346953306254733e-01
1.9270270270270268842e+00,2.9024885971544794883e-01
1.9293293293293292123e+00,2.9105534671398020086e-01
1.9316316316316315405e+00,2.9186293000530927344e-01
1.9339339339339338686e+00,2.9267160906305006440e-01
1.9362362362362359747e+00,2.9348138335990103798e-01
1.9385385385385383028e+00,2.9429225236635214724e-01
1.9408408408408406309e+00,2.9510421555108945491e-01
1.9431431431431429591e+00,2.9591727238150861146e-01
1.9454454454454452872e+00,2.9673142232231780602e-01
1.9477477477477476153e+00,2.9754666483775576991e-01
1.9500500500500499435e+00,2.9836299938868260373e-01
1.9523523523523522716e+00,2.9918042543602224592e-01
1.9546546546546545997e+00,2.9999894243700875318e-01
1.9569569569569567058e+00,3.0081854984901312822e-01
1.9592592592592590339e+00,3.0163924712591017041e-01
1.9615615615615613621e+00,3.0246103372130012099e-01
1.9638638638638636902e+00,3.0328390908589997199e-01
1.9661661661661660183e+00,3.0410787266939692808e-01
1.9684684684684683464e+00,3.0493292391945231445e-01
1.9707707707707706746e+00,3.0575906228178317825e-01
1.9730730730730730027e+00,3.0658628720100011833e-01
1.9753753753753751088e+00,3.0741459811888988130e-01
1.9776776776776774369e+00,3.0824399447692191201e-01
1.9799799799799797650e+00,3.0907447571308960255e-01
1.9822822822822820932e+00,3.0990604126553272790e-01
1.9845845845845844213e+00,3.1073869056867736704e-01
1.9868868868868867494e+00,3.1157242305707721908e-01
1.9891891891891890776e+00,3.1240723816184601258e-01
1.9914914914914914057e+00,3.1324313531372915964e-01
1.9937937937937937338e+00,3.1408011394071033706e-01
1.9960960960960958399e+00,3.1491817346959338764e-01
1.9983983983983981680e+00,3.1575731332531870033e-01
2.0007007007007007182e+00,3.1659753293071257740e-01
2.0030030030030028243e+00,3.1743883170766223900e-01
2.0053053053053049304e+00,3.1828120907507762016e-01
2.0076076076076074806e+00,3.1912466445168713447e-01
2.0099099099099095866e+00,3.1996919725264383327e-01
2.0122122122122121368e+00,3.2081480689331276501e-01
2.0145145145145142429e+00,3.2166149278533523459e-01
2.0168168168168167931e+00,3.2250925434045391027e-01
2.0191191191191188992e+00,3.2335809096705336874e-01
2.0214214214214214493e+00,3.2420800207304706353e-01
2.0237237237237235554e+00,3.2505898706373292928e-01
2.0260260260260256615e+00,3.2591104534308168450e-01
2.0283283283283282117e+00,3.2676417631337939529e-01
2.0306306306306303178e+00,3.2761837937463805792e-01
2.0329329329329328679e+00,3.2847365392610761159e-01
2.0352352352352349740e+00,3.2932999936392642892e-01
2.0375375375375375242e+00,3.3018741508418630870e-01
2.0398398398398396303e+00,3.3104590047933502017e-01
2.0421421421421421805e+00,3.3190545494208689714e-01
2.0444444444444442865e+00,3.3276607786146028545e-01
2.0467467467467463926e+00,3.3362776862653736876e-01
2.0490490490490489428e+00,3.3449052662315814644e-01
2.0513513513513510489e+00,3.3535435123658302592e-01
2.0536536536536535991e+00,3.3621924184963142279e-01
2.0559559559559557052e+00,3.3708519784365054139e-01
2.0582582582582582553e+00,3.3795221859849949864e-01
2.0605605605605603614e+00,3.3882030349161956773e-01
2.0628628628628629116e+00,3.3968945189987181932e-01
2.0651651651651650177e+00,3.4055966319689889854e-01
2.0674674674674671238e+00,3.4143093675642699480e-01
2.0697697697697696739e+00,3.4230327194850712624e-01
2.0720720720720717800e+00,3.4317666814349984117e-01
2.0743743743743743302e+00,3.4405112470813759007e-01
2.0766766766766764363e+00,3.4492664100917042047e-01
2.0789789789789789864e+00,3.4580321641025546509e-01
2.0812812812812810925e+00,3.4668085027436412737e-01
2.0835835835835831986e+00,3.4755954196222105246e-01
2.0858858858858857488e+00,3.4843929083294489235e-01
2.0881881881881878549e+00,3.4932009624436577422e-01
2.0904904904904904051e+00,3.5020195755176208863e-01
2.0927927927927925111e+00,3.5108487411000399714e-01
2.0950950950950950613e+00,3.5196884527064242754e-01
2.0973973973973971674e+00,3.5285387038542093130e-01
2.0996996996996997176e+00,3.5373994880237391580e-01
2.1020020020020018237e+00,3.5462707986986213848e-01
2.1043043043043039297e+00,3.5551526293267099454e-01
2.1066066066066064799e+00,3.5640449733552825862e-01
2.1089089089089085860e+00,3.5729478242018636314e-01
2.1112112112112111362e+00,3.5818611752757223421e-01
2.1135135135135132423e+00,3.5907850199652463496e-01
2.1158158158158157924e+00,3.5997193516410236347e-01
2.1181181181181178985e+00,3.6086641636624861018e-01
2.1204204204204204487e+00,3.6176194493618840653e-01
2.1227227227227225548e+00,3.6265852020688760238e-01
2.1250250250250246609e+00,3.6355614150787279870e-01
2.1273273273273272110e+00,3.6445480816895020615e-01
2.1296296296296293171e+00,3.6535451951617958777e-01
2.1319319319319318673e+00,3.6625527487594278231e-01
2.1342342342342339734e+00,3.6715707357110710651e-01
2.1365365365365365236e+00,3.6805991492439116275e-01
2.1388388388388386296e+00,3.6896379825567587885e-01
2.1411411411411411798e+00,3.6986872288386868357e-01
2.1434434434434432859e+00,3.7077468812596858783e-01
2.1457457457457453920e+00,3.7168169329702660519e-01
2.1480480480480479422e+00,3.7258973771116427054e-01
2.1503503503503500482e+00,3.7349882067963274812e-01
2.1526526526526525984e+00,3.7440894151357789754e-01
2.1549549549549547045e+00,3.7532009952061190505e-01
2.1572572572572572547e+00,3.7623229400870494832e-01
2.1595595595595593608e+00,3.7714552428208159007e-01
2.1618618618618614668e+00,3.7805978964526981700e-01
2.1641641641641640170e+00,3.7897508939938240324e-01
2.1664664664664661231e+00,3.7989142284528260030e-01
2.1687687687687686733e+00,3.8080878928116335125e-01
2.1710710710710707794e+00,3.8172718800409799478e-01
2.1733733733733733295e+00,3.8264661830945040366e-01
2.1756756756756754356e+00,3.8356707949048135520e-01
2.1779779779779779858e+00,3.8448857083971482718e-01
2.1802802802802800919e+00,3.8541109164668008180e-01
2.1825825825825821980e+00,3.8633464120094856975e-01
2.1848848848848847481e+00,3.8725921878850111391e-01
2.1871871871871868542e+00,3.8818482369574286439e-01
2.1894894894894894044e+00,3.8911145520537543385e-01
2.1917917917917915105e+00,3.9003911260037477104e-01
2.1940940940940940607e+00,3.9096779516043472791e-01
2.1963963963963961668e+00,3.9189750216489943613e-01
2.1986986986986987169e+00,3.9282823289063384387e-01
2.2010010010010008230e+00,3.9375998661324762562e-01
2.2033033033033029291e+00,3.9469276260685415281e-01
2.2056056056056054793e+00,3.9562656014333019705e-01
2.2079079079079075854e+00,3.9656137849401268403e-01
2.2102102102102101355e+00,3.9749721692714806709e-01
2.2125125125125122416e+00,3.9843407471116976115e-01
2.2148148148148147918e+00,3.9937195111089873745e-01
2.2171171171171168979e+00,4.0031084539163058755e-01
2.2194194194194194480e+00,4.0125075681500499414e-01
2.2217217217217215541e+00,4.0219168464289217768e-01
2.2240240240240236602e+00,4.0313362813406622420e-01
2.2263263263263262104e+00,4.0407658654685102428e-01
2.2286286286286283165e+00,4.0502055913710871549e-01
2.2309309309309308667e+00,4.0596554515917226968e-01
2.2332332332332329727e+00,4.0691154386653904940e-01
2.2355355355355355229e+00,4.0785855451090402557e-01
2.2378378378378376290e+00,4.0880657634233963371e-01
2.2401401401401397351e+00,4.0975560860507492800e-01
2.2424424424424422853e+00,4.1070565054646379632e-01
2.2447447447447443913e+00,4.1165670142062710246e-01
2.2470470470470469415e+00,4.1260876047742683914e-01
2.2493493493493490476e+00,4.1356182692465487394e-01
2.2516516516516515978e+00,4.1451589997050986014e-01
2.2539539539539537039e+00,4.1547097895101919862e-01
2.2562562562562562540e+00,4.1642706325263750822e-01
2.2585585585585583601e+00,4.1738415184704846794e-01
2.2608608608608604662e+00,4.1834224336576492087e-01
2.2631631631631630164e+00,4.1930133763385274426e-01
2.2654654654654651225e+00,4.2026143613085953366e-01
2.2677677677677676726e+00,4.2122253724289349108e-01
2.2700700700700697787e+00,4.2218463224985830484e-01
2.2723723723723723289e+00,4.2314771917936822021e-01
2.2746746746746744350e+00,4.2411182403376090910e-01
2.2769769769769769852e+00,4.2507696255258059503e-01
2.2792792792792790912e+00,4.2604304897841333011e-01
2.2815815815815811973e+00,4.2700999097923142411e-01
2.2838838838838837475e+00,4.2797803691921970648e-01
2.2861861861861858536e+00,4.2894759241183216814e-01
2.2884884884884884038e+00,4.2991800364885646157e-01
2.2907907907907905098e+00,4.3088765566340109237e-01
2.2930930930930930600e+00,4.3185794824465184583e-01
2.2953953953953951661e+00,4.3283484590366955169e-01
2.2976976976976977163e+00,4.3381669657525445682e-01
2.2999999999999998224e+00,4.3478260869565216185e-01
