1.0000000000000000479e-04,-1.3203428710401729636e-21
1.0384722771622945103e-01,-9.3819611498063062390e-10
2.0759445543245888532e-01,-1.4667095738597872605e-08
3.1134168314868831962e-01,-7.2651641149402942613e-08
4.1508891086491778166e-01,-2.2473584100767548213e-07
5.1883613858114718820e-01,-5.3706380049572887775e-07
6.2258336629737665024e-01,-1.0901201853182660715e-06
7.2633059401360611229e-01,-1.9768853977793375918e-06
8.3007782172983557434e-01,-3.3011008897975333824e-06
9.3382504944606503638e-01,-5.1756401734761392234e-06
1.0375722771622943874e+00,-7.7209812237969203919e-06
1.1413195048785238495e+00,-1.1063776117561735662e-05
1.2450667325947533115e+00,-1.5335513849975686783e-05
1.3488139603109827735e+00,-2.0671272437063762571e-05
1.4525611880272122356e+00,-2.7208556377815277144e-05
1.5563084157434416976e+00,-3.5086216269279783516e-05
1.6600556434596711597e+00,-4.4443446103672070281e-05
1.7638028711759006217e+00,-5.5418856073504684228e-05
1.8675500988921300838e+00,-6.8149616075428710144e-05
1.9712973266083595458e+00,-8.2770668221171696125e-05
2.0750445543245890079e+00,-9.9414004087312662569e-05
2.1787917820408186920e+00,-1.1820800394726245627e-04
2.2825390097570479320e+00,-1.3927683557959599260e-04
2.3862862374732776161e+00,-1.6273990945073882656e-04
2.4900334651895068561e+00,-1.8871138713414929862e-04
2.5937806929057365402e+00,-2.1729974132038044226e-04
2.6975279206219657802e+00,-2.4860736383165547717e-04
2.8012751483381954642e+00,-2.8273022026130113999e-04
2.9050223760544247043e+00,-3.1975754771679845137e-04
3.0087696037706543883e+00,-3.5977159441462011353e-04
3.1125168314868836283e+00,-4.0284739816963697828e-04
3.2162640592031133124e+00,-4.4905260201997610273e-04
3.3200112869193425524e+00,-4.9844730512776263577e-04
3.4237585146355717924e+00,-5.5108394636812802359e-04
3.5275057423518014765e+00,-6.0700721940703172494e-04
3.6312529700680307165e+00,-6.6625401682724708259e-04
3.7350001977842604006e+00,-7.2885340195492844418e-04
3.8387474255004896406e+00,-7.9482660662336579362e-04
3.9424946532167193247e+00,-8.6418705290367556562e-04
4.0462418809329481206e+00,-9.3694039735263596764e-04
4.1499891086491773606e+00,-1.0130845976355719231e-03
4.2537363363654074888e+00,-1.0926099982280636051e-03
4.3574835640816367288e+00,-1.1754994305981046870e-03
4.4612307917978659688e+00,-1.2617283410702067378e-03
4.5649780195140952088e+00,-1.3512649178192993188e-03
4.6687252472303253370e+00,-1.4440702512672255482e-03
4.7724724749465545770e+00,-1.5400984922659714197e-03
4.8762197026627838170e+00,-1.6392970281324079247e-03
4.9799669303790130570e+00,-1.7416066743932683697e-03
5.0837141580952422970e+00,-1.8469618703444543213e-03
5.1874613858114724252e+00,-1.9552908843480159770e-03
5.2912086135277016652e+00,-2.0665160288901936354e-03
5.3949558412439309052e+00,-2.1805538834492178661e-03
5.4987030689601601452e+00,-2.2973155225724743028e-03
5.6024502966763902734e+00,-2.4167067496193061008e-03
5.7061975243926195134e+00,-2.5386283354885443020e-03
5.8099447521088487534e+00,-2.6629762616896717267e-03
5.9136919798250779934e+00,-2.7896419657733547738e-03
6.0174392075413081216e+00,-2.9185125883078428220e-03
6.1211864352575373616e+00,-3.0494712240490091590e-03
6.2249336629737666016e+00,-3.1823971760258341034e-03
6.3286808906899958416e+00,-3.3171662125261280711e-03
6.4324281184062259697e+00,-3.4536508101094000843e-03
6.5361753461224552098e+00,-3.5917204041891700496e-03
6.6399225738386844498e+00,-3.7312416613903168043e-03
6.7436698015549136898e+00,-3.8720787131338919342e-03
6.8474170292711429298e+00,-4.0140933963671221116e-03
6.9511642569873730579e+00,-4.1571455390137374009e-03
7.0549114847036022979e+00,-4.3010931499801495839e-03
7.1586587124198315379e+00,-4.4457927169395550920e-03
7.2624059401360607779e+00,-4.5910993979699186995e-03
7.3661531678522909061e+00,-4.7368672967387408582e-03
7.4699003955685201461e+00,-4.8829496568570159715e-03
7.5736476232847493861e+00,-5.0291991331212881206e-03
7.6773948510009786261e+00,-5.1754679606328766323e-03
7.7811420787172087543e+00,-5.3216082407311982375e-03
7.8848893064334379943e+00,-5.4674720859673019840e-03
7.9886365341496672343e+00,-5.6129118833254439819e-03
8.0923837618658964743e+00,-5.7577804836117544782e-03
8.1961309895821266025e+00,-5.9019313743082788340e-03
8.2998782172983549543e+00,-6.0452189183497302347e-03
8.4036254450145850825e+00,-6.1874985203438943177e-03
8.5073726727308152107e+00,-6.3286267934576792907e-03
8.6111199004470435625e+00,-6.4684617664036870438e-03
8.7148671281632736907e+00,-6.6068630508865078266e-03
8.8186143558795020425e+00,-6.7436919892450040634e-03
8.9223615835957321707e+00,-6.8788118226520119161e-03
9.0261088113119622989e+00,-7.0120878541335626699e-03
9.1298560390281906507e+00,-7.1433875936262143311e-03
9.2336032667444207789e+00,-7.2725808962247539755e-03
9.3373504944606509071e+00,-7.3995400942292515953e-03
9.4410977221768792589e+00,-7.5241401336294073607e-03
9.5448449498931093871e+00,-7.6462586985517949287e-03
9.6485921776093377389e+00,-7.7657763282373828626e-03
9.7523394053255678671e+00,-7.8825765283888019758e-03
9.8560866330417979952e+00,-7.9965458768165142284e-03
9.9598338607580263471e+00,-8.1075741232796896124e-03
1.0063581088474256475e+01,-8.2155542834346454578e-03
1.0167328316190484827e+01,-8.3203827275342544939e-03
1.0271075543906714955e+01,-8.4219592628417203062e-03
1.0374822771622945083e+01,-8.5201872099945914069e-03
1.0478569999339173435e+01,-8.6149734737110024441e-03
1.0582317227055403563e+01,-8.7062286078747989915e-03
1.0686064454771633692e+01,-8.7938668750591406087e-03
1.0789811682487862043e+01,-8.8778063005562450616e-03
1.0893558910204092172e+01,-8.9579687209869057751e-03
1.0997306137920320523e+01,-9.0342798275700984811e-03
1.1101053365636550652e+01,-9.1066692041434100374e-03
1.1204800593352780780e+01,-9.1750703600194782189e-03
1.1308547821069009132e+01,-9.2394207577723604097e-03
1.1412295048785239260e+01,-9.2996618360387563185e-03
1.1516042276501469388e+01,-9.3557390274225087773e-03
1.1619789504217697740e+01,-9.4076017715790782175e-03
1.1723536731933927868e+01,-9.4552035235579597050e-03
1.1827283959650156220e+01,-9.4985017575077851371e-03
1.1931031187366386348e+01,-9.5374579671306750767e-03
1.2034778415082616476e+01,-9.5720376619523594997e-03
1.2138525642798844828e+01,-9.6022103578096307946e-03
1.2242272870515074956e+01,-9.6279495636490252525e-03
1.2346020098231303308e+01,-9.6492327641243911401e-03
1.2449767325947533436e+01,-9.6660413979662972855e-03
1.2553514553663763564e+01,-9.6783608321191205714e-03
1.2657261781379991916e+01,-9.6861803316295527755e-03
1.2761009009096222044e+01,-9.6894930278675316104e-03
1.2864756236812452173e+01,-9.6882958971751045874e-03
1.2968503464528680524e+01,-9.6825897176038549369e-03
1.3072250692244910653e+01,-9.6723790201460411314e-03
1.3175997919961139004e+01,-9.6576720405152586407e-03
1.3279745147677369133e+01,-9.6384806667086930787e-03
1.3383492375393599261e+01,-9.6148203901603099264e-03
1.3487239603109827613e+01,-9.5867102888860661336e-03
1.3590986830826057741e+01,-9.5541729520465940029e-03
1.3694734058542286093e+01,-9.5172344021613921455e-03
1.3798481286258516221e+01,-9.4759240254574540058e-03
1.3902228513974746349e+01,-9.4302745159323946716e-03
1.4005975741690974701e+01,-9.3803218765697703868e-03
1.4109722969407204829e+01,-9.3261053044801766471e-03
1.4213470197123434957e+01,-9.2676670879926360130e-03
1.4317217424839663309e+01,-9.2050525271145360734e-03
1.4420964652555893437e+01,-9.1383099502819892246e-03
1.4524711880272121789e+01,-9.0674906314508821326e-03
1.4628459107988351917e+01,-8.9926486280760553615e-03
1.4732206335704582045e+01,-8.9138406929509302751e-03
1.4835953563420810397e+01,-8.8311263285966203063e-03
1.4939700791137040525e+01,-8.7445676754913746059e-03
1.5043448018853268877e+01,-8.6542293135196783627e-03
1.5147195246569499005e+01,-8.5601782086284616130e-03
1.5250942474285729133e+01,-8.4624838175061077583e-03
1.5354689702001957485e+01,-8.3612178358228074482e-03
1.5458436929718187614e+01,-8.2564540331161867526e-03
1.5562184157434417742e+01,-8.1482683662810941744e-03
1.5665931385150646094e+01,-8.0367388916865109549e-03
1.5769678612866876222e+01,-7.9219454602093529461e-03
1.5873425840583104574e+01,-7.8039697730485652755e-03
1.5977173068299334702e+01,-7.6828954605944969197e-03
1.6080920296015563054e+01,-7.5588076870005630609e-03
1.6184667523731793182e+01,-7.4317931564282487325e-03
1.6288414751448023310e+01,-7.3019402895974829665e-03
1.6392161979164253438e+01,-7.1693387760757851593e-03
1.6495909206880483566e+01,-7.0340795761278697429e-03
1.6599656434596710142e+01,-6.8962551298455019785e-03
1.6703403662312940270e+01,-6.7559588570394587745e-03
1.6807150890029170398e+01,-6.6132852356877392871e-03
1.6910898117745400526e+01,-6.4683299547002625143e-03
1.7014645345461630654e+01,-6.3211893761390934576e-03
1.7118392573177857230e+01,-6.1719607808529671281e-03
1.7222139800894087358e+01,-6.0207423205440660507e-03
1.7325887028610317486e+01,-5.8676325486277328830e-03
1.7429634256326547614e+01,-5.7127308430286747112e-03
1.7533381484042777743e+01,-5.5561370161791396802e-03
1.7637128711759004318e+01,-5.3979511508388880459e-03
1.7740875939475234446e+01,-5.2382739617127613979e-03
1.7844623167191464574e+01,-5.0772061598797499707e-03
1.7948370394907694703e+01,-4.9148487738285839832e-03
1.8052117622623924831e+01,-4.7513030073956718721e-03
1.8155864850340154959e+01,-4.5866698721308751460e-03
1.8259612078056381534e+01,-4.4210506493780063822e-03
1.8363359305772611663e+01,-4.2545462509415137714e-03
1.8467106533488841791e+01,-4.0872575390769518705e-03
1.8570853761205071919e+01,-3.9192851539058808780e-03
1.8674600988921302047e+01,-3.7507292390294658807e-03
1.8778348216637528623e+01,-3.5816898180744253556e-03
1.8882095444353758751e+01,-3.4122661755006072730e-03
1.8985842672069988879e+01,-3.2425573099841647172e-03
1.9089589899786219007e+01,-3.0726614957209538379e-03
1.9193337127502449135e+01,-2.9026763857235887874e-03
1.9297084355218675711e+01,-2.7326990042451813553e-03
1.9400831582934905839e+01,-2.5628254432522464511e-03
1.9504578810651135967e+01,-2.3931511829521053339e-03
1.9608326038367366095e+01,-2.2237705891303850142e-03
1.9712073266083596224e+01,-2.0547773027369395024e-03
1.9815820493799822799e+01,-1.8862637940638066810e-03
1.9919567721516052927e+01,-1.7183216140061201207e-03
2.0023314949232283055e+01,-1.5510411397732966343e-03
2.0127062176948513184e+01,-1.3845116307353284944e-03
2.0230809404664743312e+01,-1.2188211597036987567e-03
2.0334556632380969887e+01,-1.0540565208369337413e-03
2.0438303860097200015e+01,-8.9030327561447596130e-04
2.0542051087813430144e+01,-7.2764559321460457134e-04
2.0645798315529660272e+01,-5.6616633163246812312e-04
2.0749545543245890400e+01,-4.0594688239039319454e-04
2.0853292770962120528e+01,-2.4706722689957140871e-04
2.0957039998678347104e+01,-8.9605831651074063630e-05
2.1060787226394577232e+01,6.6360352509810941238e-05
2.1164534454110807360e+01,2.2075592473960896681e-04
2.1268281681827037488e+01,3.7350710209744944577e-04
2.1372028909543267616e+01,5.2454168009337571749e-04
2.1475776137259494192e+01,6.7378916768198000506e-04
2.1579523364975724320e+01,8.2118067479507509104e-04
2.1683270592691954448e+01,9.6664911519023460993e-04
2.1787017820408184576e+01,1.1101290172453330465e-03
2.1890765048124414704e+01,1.2515568023324719679e-03
2.1994512275840641280e+01,1.3908705070373528559e-03
2.2098259503556871408e+01,1.5280101529977273365e-03
2.2202006731273101536e+01,1.6629173614125156676e-03
2.2305753958989331664e+01,1.7955358354344692299e-03
2.2409501186705561793e+01,1.9258108462646063731e-03
2.2513248414421788368e+01,2.0536898454950906420e-03
2.2616995642138018496e+01,2.1791218131543303380e-03
2.2720742869854248625e+01,2.3020579969147466487e-03
2.2824490097570478753e+01,2.4224511439596709515e-03
2.2928237325286708881e+01,2.5402563213728947267e-03
2.3031984553002939009e+01,2.6554301049252918357e-03
2.3135731780719165585e+01,2.7679313787313032137e-03
2.3239479008435395713e+01,2.8777206119850371434e-03
2.3343226236151625841e+01,2.9847604801004124810e-03
2.3446973463867855969e+01,3.0890154093291474768e-03
2.3550720691584086097e+01,3.1904518258298701638e-03
2.3654467919300312673e+01,3.2890381632688608753e-03
2.3758215147016542801e+01,3.3847445604902742788e-03
2.3861962374732772929e+01,3.4775434735234613676e-03
2.3965709602449003057e+01,3.5674087470130505864e-03
2.4069456830165233185e+01,3.6543168048373863080e-03
2.4173204057881459761e+01,3.7382452621941924219e-03
2.4276951285597689889e+01,3.8191743613410957664e-03
2.4380698513313920017e+01,3.8970856158147735258e-03
2.4484445741030150145e+01,3.9719628861183547963e-03
2.4588192968746380274e+01,4.0437916956929803591e-03
2.4691940196462606849e+01,4.1125593640531114478e-03
2.4795687424178836977e+01,4.1782554410658518870e-03
2.4899434651895067105e+01,4.2408706652779341872e-03
2.5003181879611297234e+01,4.3003984518121809652e-03
2.5106929107327527362e+01,4.3568331217782403295e-03
2.5210676335043753937e+01,4.4101715991222379884e-03
2.5314423562759984065e+01,4.4604120388966874908e-03
2.5418170790476214194e+01,4.5075545251117132145e-03
2.5521918018192444322e+01,4.5516011443985119819e-03
2.5625665245908674450e+01,4.5925550351373226401e-03
2.5729412473624904578e+01,4.6304219884203906901e-03
2.5833159701341131154e+01,4.6652084642716130231e-03
2.5936906929057361282e+01,4.6969234133088788585e-03
2.6040654156773591410e+01,4.7255769890484893708e-03
2.6144401384489821538e+01,4.7511808561981616617e-03
2.6248148612206051666e+01,4.7737488870011101152e-03
2.6351895839922278242e+01,4.7932955228377907911e-03
2.6455643067638508370e+01,4.8098378378529345681e-03
2.6559390295354738498e+01,4.8233935783991103291e-03
2.6663137523070968626e+01,4.8339822921657530849e-03
2.6766884750787198755e+01,4.8416252950412193290e-03
2.6870631978503425330e+01,4.8463444654126804426e-03
2.6974379206219655458e+01,4.8481642273482507613e-03
2.7078126433935885586e+01,4.8471093953445527208e-03
2.7181873661652115715e+01,4.8432065973449548238e-03
2.7285620889368345843e+01,4.8364839965387316709e-03
2.7389368117084572418e+01,4.8269701850768053156e-03
2.7493115344800802546e+01,4.8146961758060453224e-03
2.7596862572517032675e+01,4.7996932461248035390e-03
2.7700609800233262803e+01,4.7819942255253409386e-03
2.7804357027949492931e+01,4.7616334932702071570e-03
2.7908104255665723059e+01,4.7386455750819496055e-03
2.8011851483381949635e+01,4.7130672489011883261e-03
2.8115598711098179763e+01,4.6849356188304854334e-03
2.8219345938814409891e+01,4.6542887981813399478e-03
2.8323093166530640019e+01,4.6211666589023531540e-03
2.8426840394246870147e+01,4.5856089455475913114e-03
2.8530587621963096723e+01,4.5476572446612704981e-03
2.8634334849679326851e+01,4.5073538336599661136e-03
2.8738082077395556979e+01,4.4647412484640092850e-03
2.8841829305111787107e+01,4.4198639603877463294e-03
2.8945576532828017235e+01,4.3727663267492458687e-03
2.9049323760544243811e+01,4.3234937172370565064e-03
2.9153070988260473939e+01,4.2720927921109652647e-03
2.9256818215976704067e+01,4.2186099138541363618e-03
2.9360565443692934195e+01,4.1630929929039493451e-03
2.9464312671409164324e+01,4.1055903995831184369e-03
2.9568059899125390899e+01,4.0461504724123012119e-03
2.9671807126841621027e+01,3.9848231628524920928e-03
2.9775554354557851156e+01,3.9216582537284945531e-03
2.9879301582274081284e+01,3.8567059655151346258e-03
2.9983048809990311412e+01,3.7900177566172798052e-03
3.0086796037706537987e+01,3.7216446417442311870e-03
3.0190543265422768116e+01,3.6516384665903176172e-03
3.0294290493138998244e+01,3.5800517834675593849e-03
3.0398037720855228372e+01,3.5069366725535384630e-03
3.0501784948571458500e+01,3.4323462517408579418e-03
3.0605532176287688628e+01,3.3563338506750451350e-03
3.0709279404003915204e+01,3.2789524297597259783e-03
3.0813026631720145332e+01,3.2002559969011418715e-03
3.0916773859436375460e+01,3.1202983992128815842e-03
3.1020521087152605588e+01,3.0391332620064025367e-03
3.1124268314868835716e+01,2.9568151146510219737e-03
3.1228015542585062292e+01,2.8733980928745805200e-03
3.1331762770301292420e+01,2.7889362342357923268e-03
3.1435509998017522548e+01,2.7034842630923382016e-03
3.1539257225733752676e+01,2.6170963845263792331e-03
3.1643004453449982805e+01,2.5298267704987730670e-03
3.1746751681166209380e+01,2.4417300566732720070e-03
3.1850498908882439508e+01,2.3528602970273437139e-03
3.1954246136598669636e+01,2.2632715164744589796e-03
3.2057993364314903317e+01,2.1730180062820114543e-03
3.2161740592031129893e+01,2.0821534480191246190e-03
3.2265487819747363574e+01,1.9907314473377834933e-03
3.2369235047463590149e+01,1.8988057133573997808e-03
3.2472982275179823830e+01,1.8064293355650098277e-03
3.2576729502896050406e+01,1.7136552441036937647e-03
3.2680476730612276981e+01,1.6205363402092471704e-03
3.2784223958328510662e+01,1.5271249059581304929e-03
3.2887971186044737237e+01,1.4334729591040098421e-03
3.2991718413760970918e+01,1.3396323762412496328e-03
3.3095465641477197494e+01,1.2456544228965380026e-03
3.3199212869193424069e+01,1.1515899888455006627e-03
3.3302960096909657750e+01,1.0574897173436783801e-03
3.3406707324625884326e+01,9.6340365489577404947e-04
3.3510454552342118006e+01,8.6938137016756599548e-04
3.3614201780058344582e+01,7.7547207339245187007e-04
3.3717949007774571157e+01,6.8172439556680943136e-04
3.3821696235490804838e+01,5.8818641339102907279e-04
3.3925443463207031414e+01,4.9490571658015937873e-04
3.4029190690923265095e+01,4.0192932924140462730e-04
3.4132937918639491670e+01,3.0930368402779380129e-04
3.4236685146355718246e+01,2.1707458120884904956e-04
3.4340432374071951926e+01,1.2528725225685748731e-04
3.4444179601788178502e+01,3.3986342610723072597e-05
3.4547926829504412183e+01,-5.6784276388248873275e-05
3.4651674057220638758e+01,-1.4698134417198398401e-04
3.4755421284936865334e+01,-2.3656214969494413305e-04
3.4859168512653099015e+01,-3.2548485097073638454e-04
3.4962915740369325590e+01,-4.1370832532153548836e-04
3.5066662968085559271e+01,-5.0119195383679221705e-04
3.5170410195801785846e+01,-5.8789598946039519061e-04
3.5274157423518012422e+01,-6.7378159157639228895e-04
3.5377904651234246103e+01,-7.5881039982401098359e-04
3.5481651878950472678e+01,-8.4294481648001249111e-04
3.5585399106666706359e+01,-9.2614838203457033015e-04
3.5689146334382932935e+01,-1.0083851555274321761e-03
3.5792893562099159510e+01,-1.0896197824306218162e-03
3.5896640789815393191e+01,-1.1698182019149541439e-03
3.6000388017531619766e+01,-1.2489470332624301712e-03
3.6104135245247853447e+01,-1.3269733336668955003e-03
3.6207882472964080023e+01,-1.4038653738098038747e-03
3.6311629700680313704e+01,-1.4795924438678034665e-03
3.6415376928396540279e+01,-1.5541242057979590130e-03
3.6519124156112766855e+01,-1.6274312141750547911e-03
3.6622871383829000536e+01,-1.6994854507127587096e-03
3.6726618611545227111e+01,-1.7702593436315740890e-03
3.6830365839261460792e+01,-1.8397258378038403633e-03
3.6934113066977687367e+01,-1.9078594594458054331e-03
3.7037860294693913943e+01,-1.9746355090674901772e-03
3.7141607522410147624e+01,-2.0400295944236744063e-03
3.7245354750126374199e+01,-2.1040185442476252997e-03
3.7349101977842607880e+01,-2.1665805586657252077e-03
3.7452849205558834456e+01,-2.2276941430310016543e-03
3.7556596433275061031e+01,-2.2873384147100712764e-03
3.7660343660991294712e+01,-2.3454942714032840125e-03
3.7764090888707521287e+01,-2.4021432217866994958e-03
3.7867838116423754968e+01,-2.4572670303986206448e-03
3.7971585344139981544e+01,-2.5108488569719703692e-03
3.8075332571856208119e+01,-2.5628732238699471202e-03
3.8179079799572441800e+01,-2.6133248717700339678e-03
3.8282827027288668376e+01,-2.6621891273715062726e-03
3.8386574255004902056e+01,-2.7094532180497749724e-03
3.8490321482721128632e+01,-2.7551049598302772975e-03
3.8594068710437355207e+01,-2.7991323378065949452e-03
3.8697815938153588888e+01,-2.8415246657832161047e-03
3.8801563165869815464e+01,-2.8822727837385080790e-03
3.8905310393586049145e+01,-2.9213677104091666237e-03
3.9009057621302275720e+01,-2.9588008521865445666e-03
3.9112804849018502296e+01,-2.9945655358624033091e-03
3.9216552076734735977e+01,-3.0286558652746421900e-03
3.9320299304450962552e+01,-3.0610660140981430996e-03
3.9424046532167196233e+01,-3.0917911011459973773e-03
3.9527793759883422808e+01,-3.1208280959248275131e-03
3.9631540987599649384e+01,-3.1481742185981973804e-03
3.9735288215315883065e+01,-3.1738268138767908658e-03
3.9839035443032109640e+01,-3.1977848159089735866e-03
3.9942782670748343321e+01,-3.2200484426317690055e-03
4.0046529898464569897e+01,-3.2406179469139421122e-03
4.0150277126180796472e+01,-3.2594939301720561586e-03
4.0254024353897030153e+01,-3.2766789560805830751e-03
4.0357771581613256728e+01,-3.2921762473376628942e-03
4.0461518809329490409e+01,-3.3059889964517173017e-03
4.0565266037045716985e+01,-3.3181211470503547967e-03
4.0669013264761943560e+01,-3.3285785444613726937e-03
4.0772760492478177241e+01,-3.3373672701714489526e-03
4.0876507720194403817e+01,-3.3444933764252785663e-03
4.0980254947910637497e+01,-3.3499641098033595271e-03
4.1084002175626864073e+01,-3.3537882680375911623e-03
4.1187749403343097754e+01,-3.3559746682387614838e-03
4.1291496631059324329e+01,-3.3565321487504396619e-03
4.1395243858775550905e+01,-3.3554710799923010388e-03
4.1498991086491784586e+01,-3.3528029636260506946e-03
4.1602738314208011161e+01,-3.3485392177270332202e-03
4.1706485541924244842e+01,-3.3426913708280011836e-03
4.1810232769640471417e+01,-3.3352726663195843802e-03
4.1913979997356697993e+01,-3.3262971090925589658e-03
4.2017727225072931674e+01,-3.3157785717885233413e-03
4.2121474452789158249e+01,-3.3037311389046302747e-03
4.2225221680505391930e+01,-3.2901706528045749668e-03
4.2328968908221618506e+01,-3.2751134422792198275e-03
4.2432716135937845081e+01,-3.2585756769444129514e-03
4.2536463363654078762e+01,-3.2405738209881126272e-03
4.2640210591370305337e+01,-3.2211260461650508859e-03
4.2743957819086539018e+01,-3.2002508298543301882e-03
4.2847705046802765594e+01,-3.1779664705124297495e-03
4.2951452274518992169e+01,-3.1542915998393197471e-03
4.3055199502235225850e+01,-3.1292464636820381020e-03
4.3158946729951452426e+01,-3.1028515073369912144e-03
4.3262693957667686107e+01,-3.0751269800659898103e-03
4.3366441185383912682e+01,-3.0460934460389932181e-03
4.3470188413100139257e+01,-3.0157729812603723332e-03
4.3573935640816372938e+01,-2.9841878096539165184e-03
4.3677682868532599514e+01,-2.9513599440074188632e-03
4.3781430096248833195e+01,-2.9173116390347492849e-03
4.3885177323965059770e+01,-2.8820665590015598530e-03
4.3988924551681286346e+01,-2.8456485088818941898e-03
4.4092671779397520027e+01,-2.8080810696034922726e-03
4.4196419007113746602e+01,-2.7693879512456728333e-03
4.4300166234829980283e+01,-2.7295941584935820914e-03
4.4403913462546206858e+01,-2.6887248724286791877e-03
4.4507660690262433434e+01,-2.6468050393516746009e-03
4.4611407917978667115e+01,-2.6038596068394983911e-03
4.4715155145694893690e+01,-2.5599146623083088303e-03
4.4818902373411127371e+01,-2.5149965509363679528e-03
4.4922649601127353947e+01,-2.4691313752587037283e-03
4.5026396828843580522e+01,-2.4223451228159399370e-03
4.5130144056559814203e+01,-2.3746647019956290160e-03
4.5233891284276040778e+01,-2.3261174007662790454e-03
4.5337638511992274459e+01,-2.2767302634722477381e-03
4.5441385739708501035e+01,-2.2265301356161290060e-03
4.5545132967424727610e+01,-2.1755444962685767558e-03
4.5648880195140961291e+01,-2.1238013411468332527e-03
4.5752627422857187867e+01,-2.0713284378322824666e-03
4.5856374650573421548e+01,-2.0181533117227105391e-03
4.5960121878289648123e+01,-1.9643037961809138754e-03
4.6063869106005881804e+01,-1.9098083410354221596e-03
4.6167616333722108379e+01,-1.8546952155911089390e-03
4.6271363561438334955e+01,-1.7989924356878240520e-03
4.6375110789154568636e+01,-1.7427280289770709885e-03
4.6478858016870795211e+01,-1.6859306255293860823e-03
4.6582605244587028892e+01,-1.6286287731877998296e-03
4.6686352472303255468e+01,-1.5708507660372986355e-03
4.6790099700019482043e+01,-1.5126247269959935265e-03
4.6893846927735715724e+01,-1.4539791863210074427e-03
4.6997594155451942299e+01,-1.3949427445991578658e-03
4.7101341383168175980e+01,-1.3355437526749343313e-03
4.7205088610884402556e+01,-1.2758103225708216678e-03
4.7308835838600629131e+01,-1.2157706752561417158e-03
4.7412583066316862812e+01,-1.1554532193621188264e-03
4.7516330294033089388e+01,-1.0948861419106895726e-03
4.7620077521749323068e+01,-1.0340973842904517717e-03
4.7723824749465549644e+01,-9.7311475453633724045e-04
4.7827571977181776219e+01,-9.1196621190396817084e-04
4.7931319204898009900e+01,-8.5067956139918291057e-04
4.8035066432614236476e+01,-7.8928236781229980587e-04
4.8138813660330470157e+01,-7.2780197148390312224e-04
4.8242560888046696732e+01,-6.6626566830281963756e-04
4.8346308115762923308e+01,-6.0470066336102627335e-04
4.8450055343479156988e+01,-5.4313393224501610619e-04
4.8553802571195383564e+01,-4.8159222002923634653e-04
4.8657549798911617245e+01,-4.2010207099637191875e-04
4.8761297026627843820e+01,-3.5868987628846776697e-04
4.8865044254344070396e+01,-2.9738181490861648887e-04
4.8968791482060304077e+01,-2.3620384400440552373e-04
4.9072538709776530652e+01,-1.7518169619394879238e-04
4.9176285937492764333e+01,-1.1434081831589389437e-04
4.9280033165208990908e+01,-5.3706393250609075487e-05
4.9383780392925217484e+01,6.6966088529737828516e-06
4.9487527620641451165e+01,6.6843427255036048560e-05
4.9591274848357677740e+01,1.2670958025611824254e-04
4.9695022076073911421e+01,1.8627102686891595235e-04
4.9798769303790137997e+01,2.4550397495259727604e-04
4.9902516531506364572e+01,3.0438483022158694486e-04
5.0006263759222598253e+01,3.6289020386338867105e-04
5.0110010986938824828e+01,4.2099716651836414190e-04
5.0213758214655058509e+01,4.7868327036196635978e-04
5.0317505442371285085e+01,5.3592626768666693209e-04
5.0421252670087511660e+01,5.9270409389329038220e-04
5.0524999897803745341e+01,6.4899493846623773196e-04
5.0628747125519971917e+01,7.0477767872947699127e-04
5.0732494353236205598e+01,7.6003158189549282434e-04
5.0836241580952432173e+01,8.1473608523853849068e-04
5.0939988808668665854e+01,8.6887079388629155207e-04
5.1043736036384892429e+01,9.2241571740079729338e-04
5.1147483264101119005e+01,9.7535168363544464711e-04
5.1251230491817352686e+01,1.0276597874776401652e-03
5.1354977719533579261e+01,1.0793212765830698715e-03
5.1458724947249812942e+01,1.1303175617284767079e-03
5.1562472174966039518e+01,1.1806306939953345111e-03
5.1666219402682266093e+01,1.2302435222300903400e-03
5.1769966630398499774e+01,1.2791390781534519097e-03
5.1873713858114726349e+01,1.3273005292320878487e-03
5.1977461085830960030e+01,1.3747112291918181168e-03
5.2081208313547186606e+01,1.4213554155301129367e-03
5.2184955541263413181e+01,1.4672180164405931955e-03
5.2288702768979646862e+01,1.5122840935879277961e-03
5.2392449996695873438e+01,1.5565388269599981976e-03
5.2496197224412107118e+01,1.5999676362244449716e-03
5.2599944452128333694e+01,1.6425570210649147879e-03
5.2703691679844560269e+01,1.6842940442517240554e-03
5.2807438907560793950e+01,1.7251658729688095113e-03
5.2911186135277020526e+01,1.7651597750494491847e-03
5.3014933362993254207e+01,1.8042633278300751129e-03
5.3118680590709480782e+01,1.8424653210446046911e-03
5.3222427818425707358e+01,1.8797550009363569925e-03
5.3326175046141941039e+01,1.9161216976759580348e-03
5.3429922273858167614e+01,1.9515548243063307512e-03
5.3533669501574401295e+01,1.9860441654962340818e-03
5.3637416729290627870e+01,2.0195807999823412078e-03
5.3741163957006854446e+01,2.0521561940410404726e-03
5.3844911184723088127e+01,2.0837618797204912786e-03
5.3948658412439314702e+01,2.1143894542077512101e-03
5.4052405640155548383e+01,2.1440309157651229154e-03
5.4156152867871774959e+01,2.1726796115064455836e-03
5.4259900095588001534e+01,2.2003292472699748951e-03
5.4363647323304235215e+01,2.2269735769409118586e-03
5.4467394551020461790e+01,2.2526064019938131164e-03
5.4571141778736695471e+01,2.2772219053663273272e-03
5.4674889006452922047e+01,2.3008156605147109600e-03
5.4778636234169148622e+01,2.3233836133032268259e-03
5.4882383461885382303e+01,2.3449217402511770073e-03
5.4986130689601608879e+01,2.3654260482437032033e-03
5.5089877917317842559e+01,2.3848928558010489519e-03
5.5193625145034069135e+01,2.4033198900466870747e-03
5.5297372372750295710e+01,2.4207053178279740006e-03
5.5401119600466529391e+01,2.4370473198345532842e-03
5.5504866828182755967e+01,2.4523440903583618167e-03
5.5608614055898989648e+01,2.4665940311841940205e-03
5.5712361283615216223e+01,2.4797969107517429423e-03
5.5816108511331449904e+01,2.4919530766596754458e-03
5.5919855739047676479e+01,2.5030628760864992617e-03
5.6023602966763903055e+01,2.5131266536390383694e-03
5.6127350194480136736e+01,2.5221448515426138012e-03
5.6231097422196363311e+01,2.5301191285520266069e-03
5.6334844649912596992e+01,2.5370519448611483261e-03
5.6438591877628823568e+01,2.5429457574302496113e-03
5.6542339105345050143e+01,2.5478030051869007822e-03
5.6646086333061283824e+01,2.5516261397169038259e-03
5.6749833560777510399e+01,2.5544185413645731017e-03
5.6853580788493744080e+01,2.5561846713291354848e-03
5.6957328016209970656e+01,2.5569290209679889497e-03
5.7061075243926197231e+01,2.5566560489741680696e-03
5.7164822471642430912e+01,2.5553701836060357076e-03
5.7268569699358657488e+01,2.5530763886714461994e-03
5.7372316927074891169e+01,2.5497809445580140245e-03
5.7476064154791117744e+01,2.5454902834676244525e-03
5.7579811382507344319e+01,2.5402107912440310099e-03
5.7683558610223578000e+01,2.5339488077897446595e-03
5.7787305837939804576e+01,2.5267108484579347064e-03
5.7891053065656038257e+01,2.5185047253617437284e-03
5.7994800293372264832e+01,2.5093386995800721039e-03
5.8098547521088491408e+01,2.4992209741000279838e-03
5.8202294748804725089e+01,2.4881596934204965738e-03
5.8306041976520951664e+01,2.4761629847030487694e-03
5.8409789204237185345e+01,2.4632398703949018662e-03
5.8513536431953411920e+01,2.4494002716223413872e-03
5.8617283659669638496e+01,2.4346540819506698461e-03
5.8721030887385872177e+01,2.4190111250261196567e-03
5.8824778115102098752e+01,2.4024811553423268233e-03
5.8928525342818332433e+01,2.3850742565074039073e-03
5.9032272570534559009e+01,2.3668017009006287431e-03
5.9136019798250785584e+01,2.3476749305468705767e-03
5.9239767025967019265e+01,2.3277053073168419046e-03
5.9343514253683245840e+01,2.3069041136277541534e-03
5.9447261481399479521e+01,2.2852826204084776551e-03
5.9551008709115706097e+01,2.2628529945240886088e-03
5.9654755936831932672e+01,2.2396280518511553319e-03
5.9758503164548166353e+01,2.2156205372505068454e-03
5.9862250392264392929e+01,2.1908431072305352590e-03
5.9965997619980626610e+01,2.1653083308823327206e-03
6.0069744847696853185e+01,2.1390290440556881078e-03
6.0173492075413079760e+01,2.1120190899953468142e-03
6.0277239303129313441e+01,2.0842924283348573423e-03
6.0380986530845540017e+01,2.0558629227654303534e-03
6.0484733758561773698e+01,2.0267443418587622467e-03
6.0588480986278000273e+01,1.9969503931967147112e-03
6.0692228213994233954e+01,1.9664954241731050222e-03
6.0795975441710460530e+01,1.9353943995304725111e-03
6.0899722669426687105e+01,1.9036622117865227566e-03
6.1003469897142920786e+01,1.8713136521494853383e-03
6.1107217124859147361e+01,1.8383634113781281531e-03
6.1210964352575381042e+01,1.8048262334466149467e-03
6.1314711580291607618e+01,1.7707176420379978476e-03
6.1418458808007834193e+01,1.7360533699278637206e-03
6.1522206035724067874e+01,1.7008490441633705974e-03
6.1625953263440294450e+01,1.6651201865592129246e-03
6.1729700491156528130e+01,1.6288822160298675051e-03
6.1833447718872754706e+01,1.5921507748188588882e-03
6.1937194946588981281e+01,1.5549421385467401824e-03
6.2040942174305214962e+01,1.5172725752856303962e-03
6.2144689402021441538e+01,1.4791582444729617883e-03
6.2248436629737675219e+01,1.4406151978167453138e-03
6.2352183857453901794e+01,1.4016593956779185761e-03
6.2455931085170128370e+01,1.3623071337492053887e-03
6.2559678312886362050e+01,1.3225750938697063749e-03
6.2663425540602588626e+01,1.2824798735576008191e-03
6.2767172768318822307e+01,1.2420379605955740934e-03
6.2870919996035048882e+01,1.2012657339362472521e-03
6.2974667223751275458e+01,1.1601795022191355340e-03
6.3078414451467509139e+01,1.1187959114416412467e-03
6.3182161679183735714e+01,1.0771317885231144768e-03
6.3285908906899969395e+01,1.0352038550481275185e-03
6.3389656134616195970e+01,9.9302872313116125405e-04
6.3493403362332422546e+01,9.5062289631094715452e-04
6.3597150590048656227e+01,9.0800282137301234139e-04
6.3700897817764882802e+01,8.6518520035880710529e-04
6.3804645045481116483e+01,8.2218678373753443026e-04
6.3908392273197343059e+01,7.7902421384602998228e-04
6.4012139500913576740e+01,7.3571402512931296114e-04
6.4115886728629803315e+01,6.9227264501352063757e-04
6.4219633956346029890e+01,6.4871643931618480378e-04
6.4323381184062256466e+01,6.0506190541993688705e-04
6.4427128411778497252e+01,5.6132551304588853853e-04
6.4530875639494723828e+01,5.1752362605260492437e-04
6.4634622867210950403e+01,4.7367250323389348135e-04
6.4738370094927176979e+01,4.2978829916069096959e-04
6.4842117322643403554e+01,3.8588708562075523705e-04
6.4945864550359644340e+01,3.4198492998044853616e-04
6.5049611778075870916e+01,2.9809782636698530000e-04
6.5153359005792097491e+01,2.5424166703936194487e-04
6.5257106233508324067e+01,2.1043224319308579382e-04
6.5360853461224550642e+01,1.6668524576225908886e-04
6.5464600688940791429e+01,1.2301625805012382010e-04
6.5568347916657018004e+01,7.9440723210556001758e-05
6.5672095144373244580e+01,3.5973973643741263113e-05
6.5775842372089471155e+01,-7.3687549897737304608e-06
6.5879589599805697731e+01,-5.0572323001961409685e-05
6.5983336827521938517e+01,-9.3621685922819564206e-05
6.6087084055238165092e+01,-1.3650192050174890729e-04
6.6190831282954391668e+01,-1.7919837072133119773e-04
6.6294578510670618243e+01,-2.2169654164108835797e-04
6.6398325738386844819e+01,-2.6398202909627048549e-04
6.6502072966103085605e+01,-3.0604051880758179234e-04
6.6605820193819312180e+01,-3.4785778568111633095e-04
6.6709567421535538756e+01,-3.8941972033323669607e-04
6.6813314649251765331e+01,-4.3071257926119850242e-04
6.6917061876967991907e+01,-4.7172286704464907103e-04
6.7020809104684232693e+01,-5.1243717388762806495e-04
6.7124556332400459269e+01,-5.5284217289849283544e-04
6.7228303560116685844e+01,-5.9292461945025800533e-04
6.7332050787832912420e+01,-6.3267136479125776240e-04
6.7435798015549138995e+01,-6.7206966043269786119e-04
6.7539545243265379781e+01,-7.1110715082250248401e-04
6.7643292470981606357e+01,-7.4977156953918771762e-04
6.7747039698697832932e+01,-7.8805072530005113030e-04
6.7850786926414059508e+01,-8.2593250138669575822e-04
6.7954534154130286083e+01,-8.6340485722251195718e-04
6.8058281381846526870e+01,-9.0045608986954713340e-04
6.8162028609562753445e+01,-9.3707508265129238131e-04
6.8265775837278980021e+01,-9.7325084592027322206e-04
6.8369523064995206596e+01,-1.0089724567339055945e-03
6.8473270292711433171e+01,-1.0442290583491597392e-03
6.8577017520427673958e+01,-1.0790098597218138361e-03
6.8680764748143900533e+01,-1.1133042703987618312e-03
6.8784511975860127109e+01,-1.1471024298036209665e-03
6.8888259203576353684e+01,-1.1803947411899316702e-03
6.8992006431292580260e+01,-1.2131716655914550826e-03
6.9095753659008821046e+01,-1.2454237213329647730e-03
6.9199500886725047621e+01,-1.2771414836007584804e-03
6.9303248114441274197e+01,-1.3083156165195741066e-03
6.9406995342157500772e+01,-1.3389374304932713522e-03
6.9510742569873727348e+01,-1.3689988019825701567e-03
6.9614489797589968134e+01,-1.3984916730859495767e-03
6.9718237025306194710e+01,-1.4274080338655063382e-03
6.9821984253022421285e+01,-1.4557399219906402496e-03
6.9925731480738647861e+01,-1.4834794226907725787e-03
7.0029478708454874436e+01,-1.5106189620077224278e-03
7.0133225936171115222e+01,-1.5371518514877601305e-03
7.0236973163887341798e+01,-1.5630715915579691377e-03
7.0340720391603568373e+01,-1.5883717209909549700e-03
7.0444467619319794949e+01,-1.6130458166224573898e-03
7.0548214847036021524e+01,-1.6370874930714846441e-03
7.0651962074752262311e+01,-1.6604904554342757219e-03
7.0755709302468488886e+01,-1.6832492051008782815e-03
7.0859456530184715461e+01,-1.7053588434175241065e-03
7.0963203757900942037e+01,-1.7268145140693191408e-03
7.1066950985617168612e+01,-1.7476113890993710386e-03
7.1170698213333409399e+01,-1.7677446687021064042e-03
7.1274445441049635974e+01,-1.7872095810421229425e-03
7.1378192668765862550e+01,-1.8060016647064144803e-03
7.1481939896482089125e+01,-1.8241174686724774458e-03
7.1585687124198315701e+01,-1.8415537761153225136e-03
7.1689434351914556487e+01,-1.8583073888312098658e-03
7.1793181579630783062e+01,-1.8743751271030934143e-03
7.1896928807347009638e+01,-1.8897538295672546092e-03
7.2000676035063236213e+01,-1.9044403718992660227e-03
7.2104423262779462789e+01,-1.9184323073074174403e-03
7.2208170490495703575e+01,-1.9317280197399975747e-03
7.2311917718211930151e+01,-1.9443259531850675542e-03
7.2415664945928156726e+01,-1.9562245605476576669e-03
7.2519412173644383302e+01,-1.9674223035859696521e-03
7.2623159401360624088e+01,-1.9779176528481518839e-03
7.2726906629076850663e+01,-1.9877091888121849010e-03
7.2830653856793077239e+01,-1.9967964548601130174e-03
7.2934401084509303814e+01,-2.0051795216759057613e-03
7.3038148312225530390e+01,-2.0128584649867376638e-03
7.3141895539941771176e+01,-2.0198333600901226086e-03
7.3245642767657997751e+01,-2.0261042818569604401e-03
7.3349389995374224327e+01,-2.0316713047345566837e-03
7.3453137223090450902e+01,-2.0365347460641054604e-03
7.3556884450806677478e+01,-2.0406959878578696463e-03
7.3660631678522918264e+01,-2.0441566964459543902e-03
7.3764378906239144840e+01,-2.0469185287917894371e-03
7.3868126133955371415e+01,-2.0489831325500346311e-03
7.3971873361671597991e+01,-2.0503521461318558253e-03
7.4075620589387824566e+01,-2.0510271996197998283e-03
7.4179367817104065352e+01,-2.0510103119296984632e-03
7.4283115044820291928e+01,-2.0503045203388524896e-03
7.4386862272536518503e+01,-2.0489130095194263426e-03
7.4490609500252745079e+01,-2.0468389464017027086e-03
7.4594356727968971654e+01,-2.0440854802974590954e-03
7.4698103955685212441e+01,-2.0406557430223209136e-03
7.4801851183401439016e+01,-2.0365528535772228595e-03
7.4905598411117665592e+01,-2.0317804153587586298e-03
7.5009345638833892167e+01,-2.0263429593748781381e-03
7.5113092866550118742e+01,-2.0202450968543669146e-03
7.5216840094266359529e+01,-2.0134914135847802041e-03
7.5320587321982586104e+01,-2.0060864700876630470e-03
7.5424334549698812680e+01,-1.9980348017923127597e-03
7.5528081777415039255e+01,-1.9893409263655125428e-03
7.5631829005131265831e+01,-1.9800098654548783580e-03
7.5735576232847506617e+01,-1.9700474948597572825e-03
7.5839323460563733192e+01,-1.9594597418550281295e-03
7.5943070688279959768e+01,-1.9482525013261248539e-03
7.6046817915996186343e+01,-1.9364316359899841607e-03
7.6150565143712412919e+01,-1.9240029766141723052e-03
7.6254312371428653705e+01,-1.9109723276943971562e-03
7.6358059599144880281e+01,-1.8973459424677817028e-03
7.6461806826861106856e+01,-1.8831308881998418039e-03
7.6565554054577333432e+01,-1.8683342804297117107e-03
7.6669301282293560007e+01,-1.8529631961821562466e-03
7.6773048510009800793e+01,-1.8370246742277992775e-03
7.6876795737726027369e+01,-1.8205257153412592389e-03
7.6980542965442253944e+01,-1.8034732842029436127e-03
7.7084290193158480520e+01,-1.7858746770774503246e-03
7.7188037420874707095e+01,-1.7677379837224150693e-03
7.7291784648590947882e+01,-1.7490713646034297419e-03
7.7395531876307174457e+01,-1.7298829364303029525e-03
7.7499279104023401032e+01,-1.7101807724499214648e-03
7.7603026331739627608e+01,-1.6899729027367873212e-03
7.7706773559455854183e+01,-1.6692673144923766883e-03
7.7810520787172094970e+01,-1.6480721754243172084e-03
7.7914268014888321545e+01,-1.6263964045211503056e-03
7.8018015242604548121e+01,-1.6042490502382656704e-03
7.8121762470320774696e+01,-1.5816391129649519810e-03
7.8225509698037001272e+01,-1.5585755453431373793e-03
7.8329256925753242058e+01,-1.5350672525835898797e-03
7.8433004153469468633e+01,-1.5111230927796317006e-03
7.8536751381185695209e+01,-1.4867519713758923974e-03
7.8640498608901921784e+01,-1.4619634158676308479e-03
7.8744245836618148360e+01,-1.4367671931746061210e-03
7.8847993064334389146e+01,-1.4111730199784092762e-03
7.8951740292050615722e+01,-1.3851905618874802394e-03
7.9055487519766842297e+01,-1.3588294337722086735e-03
7.9159234747483068872e+01,-1.3320992000974412207e-03
7.9262981975199295448e+01,-1.3050093958214428833e-03
7.9366729202915536234e+01,-1.2775699452106069332e-03
7.9470476430631762810e+01,-1.2497911415780302118e-03
7.9574223658347989385e+01,-1.2216832415032786302e-03
7.9677970886064215961e+01,-1.1932564481463038813e-03
7.9781718113780442536e+01,-1.1645209115947706413e-03
7.9885465341496683322e+01,-1.1354867292086778200e-03
7.9989212569212909898e+01,-1.1061639463674367411e-03
8.0092959796929136473e+01,-1.0765627392281000487e-03
8.0196707024645363049e+01,-1.0466937015806434229e-03
8.0300454252361589624e+01,-1.0165674470557731646e-03
8.0404201480077830411e+01,-9.8619453450423115622e-04
8.0507948707794056986e+01,-9.5558546834977303296e-04
8.0611695935510283562e+01,-9.2475069893938163963e-04
8.0715443163226510137e+01,-8.9370062289081963775e-04
8.0819190390942736713e+01,-8.6244561646516362547e-04
8.0922937618658977499e+01,-8.3099632956324352706e-04
8.1026684846375204074e+01,-7.9936354407796181201e-04
8.1130432074091430650e+01,-7.6755798893605846085e-04
8.1234179301807657225e+01,-7.3559033825501356739e-04
8.1337926529523883801e+01,-7.0347121169259162546e-04
8.1441673757240124587e+01,-6.7121117479371238991e-04
8.1545420984956351163e+01,-6.3882073983691450934e-04
8.1649168212672577738e+01,-6.0631046871654310434e-04
8.1752915440388804313e+01,-5.7369109773690286046e-04
8.1856662668105030889e+01,-5.4097333934140874514e-04
8.1960409895821271675e+01,-5.0816785173331735417e-04
8.2064157123537498251e+01,-4.7528523921860346343e-04
8.2167904351253724826e+01,-4.4233605254619226587e-04
8.2271651578969951402e+01,-4.0933078924566362834e-04
8.2375398806686192188e+01,-3.7627990083080180587e-04
8.2479146034402418763e+01,-3.4319388089701011310e-04
8.2582893262118645339e+01,-3.1008323922200305232e-04
8.2686640489834871914e+01,-2.7695843439779914462e-04
8.2790387717551098490e+01,-2.4382987259246040497e-04
8.2894134945267339276e+01,-2.1070790787814682029e-04
8.2997882172983565852e+01,-1.7760284255673351402e-04
8.3101629400699792427e+01,-1.4452492748294346134e-04
8.3205376628416019003e+01,-1.1148435961798962139e-04
8.3309123856132245578e+01,-7.8491272879399473983e-05
8.3412871083848486364e+01,-4.5555747378849820986e-05
8.3516618311564712940e+01,-1.2687813140457330569e-05
8.3620365539280939515e+01,2.0102549588409942887e-05
8.3724112766997166091e+01,5.2805410028708841728e-05
8.3827859994713392666e+01,8.5410886563609997963e-05
8.3931607222429633453e+01,1.1790914689226983099e-04
8.4035354450145860028e+01,1.5029047039520024862e-04
8.4139101677862086603e+01,1.8254531129305182286e-04
8.4242848905578313179e+01,2.1466418603103241958e-04
8.4346596133294539754e+01,2.4663765771385035962e-04
8.4450343361010780541e+01,2.7845633581911357051e-04
8.4554090588727007116e+01,3.1011087591281569177e-04
8.4657837816443233692e+01,3.4159197936695838383e-04
8.4761585044159460267e+01,3.7289039834336877750e-04
8.4865332271875686843e+01,4.0399709911986418686e-04
8.4969079499591927629e+01,4.3490329267230175151e-04
8.5072826727308154204e+01,4.6560024452466325460e-04
8.5176573955024380780e+01,4.9607926275619675625e-04
8.5280321182740607355e+01,5.2633169774254787501e-04
8.5384068410456833931e+01,5.5634894189879931931e-04
8.5487815638173074717e+01,5.8612242942438180608e-04
8.5591562865889301293e+01,6.1564365196258865297e-04
8.5695310093605527868e+01,6.4490442825163257854e-04
8.5799057321321754443e+01,6.7389686389551805602e-04
8.5902804549037981019e+01,7.0261311079985219307e-04
8.6006551776754221805e+01,7.3104535873796797942e-04
8.6110299004470448381e+01,7.5918583512278960991e-04
8.6214046232186674956e+01,7.8702680478038417565e-04
8.6317793459902901532e+01,8.1456056972510799963e-04
8.6421540687619128107e+01,8.4177949477881684054e-04
8.6525287915335368893e+01,8.6867636692410901862e-04
8.6629035143051595469e+01,8.9524430378774648692e-04
8.6732782370767822044e+01,9.2147646351402822361e-04
8.6836529598484048620e+01,9.4736603694425196125e-04
8.6940276826200275195e+01,9.7290624742162859408e-04
8.7044024053916515982e+01,9.9809035059759184522e-04
8.7147771281632742557e+01,1.0229116342394747874e-03
8.7251518509348969133e+01,1.0473634443988600988e-03
8.7355265737065195708e+01,1.0714396053463865009e-03
8.7459012964781422284e+01,1.0951343431121166212e-03
8.7562760192497663070e+01,1.1184419224990857673e-03
8.7666507420213889645e+01,1.1413566354591493310e-03
8.7770254647930116221e+01,1.1638728009325486224e-03
8.7874001875646342796e+01,1.1859847646885810727e-03
8.7977749103362569372e+01,1.2076868991674140526e-03
8.8081496331078810158e+01,1.2289736192655528572e-03
8.8185243558795036733e+01,1.2498398112175380069e-03
8.8288990786511263309e+01,1.2702808785259723894e-03
8.8392738014227489884e+01,1.2902922719210372943e-03
8.8496485241943716460e+01,1.3098694634659255407e-03
8.8600232469659957246e+01,1.3290079464319431209e-03
8.8703979697376183822e+01,1.3477032351744745210e-03
8.8807726925092410397e+01,1.3659508650098459766e-03
8.8911474152808636973e+01,1.3837463957709814598e-03
8.9015221380524863548e+01,1.4010857656122793508e-03
8.9118968608241104334e+01,1.4179655829703249892e-03
8.9222715835957330910e+01,1.4343825412202028738e-03
8.9326463063673557485e+01,1.4503333490987790119e-03
8.9430210291389784061e+01,1.4658147306155790666e-03
8.9533957519106010636e+01,1.4808234249643103045e-03
8.9637704746822251423e+01,1.4953561864349917791e-03
8.9741451974538477998e+01,1.5094097843267458795e-03
8.9845199202254704574e+01,1.5229812005948810578e-03
8.9948946429970931149e+01,1.5360682048674444318e-03
9.0052693657687157724e+01,1.5486687662845093766e-03
9.0156440885403398511e+01,1.5607808633341690215e-03
9.0260188113119625086e+01,1.5724024837988103461e-03
9.0363935340835851662e+01,1.5835316247017690479e-03
9.0467682568552078237e+01,1.5941662922543346076e-03
9.0571429796268304813e+01,1.6043045018031289704e-03
9.0675177023984545599e+01,1.6139443363694919078e-03
9.0778924251700772174e+01,1.6230845820851343315e-03
9.0882671479416998750e+01,1.6317244848087753516e-03
9.0986418707133225325e+01,1.6398633017077025257e-03
9.1090165934849451901e+01,1.6475002933334030163e-03
9.1193913162565692687e+01,1.6546347236023137978e-03
9.1297660390281919263e+01,1.6612658597767019676e-03
9.1401407617998145838e+01,1.6673929724456768974e-03
9.1505154845714372414e+01,1.6730153381907353176e-03
9.1608902073430598989e+01,1.6781326166010667941e-03
9.1712649301146839775e+01,1.6827452372105767327e-03
9.1816396528863066351e+01,1.6868537203895820654e-03
9.1920143756579292926e+01,1.6904585841591053541e-03
9.2023890984295519502e+01,1.6935603442041120316e-03
9.2127638212011760288e+01,1.6961595138866624247e-03
9.2231385439727986864e+01,1.6982566042589809438e-03
9.2335132667444213439e+01,1.6998521240764302969e-03
9.2438879895160440014e+01,1.7009466597153099967e-03
9.2542627122876666590e+01,1.7015415456176992328e-03
9.2646374350592907376e+01,1.7016385214137495253e-03
9.2750121578309133952e+01,1.7012393231673591989e-03
9.2853868806025360527e+01,1.7003456791834924578e-03
9.2957616033741587103e+01,1.6989593100514743980e-03
9.3061363261457813678e+01,1.6970819286879989217e-03
9.3165110489174054464e+01,1.6947152403798495558e-03
9.3268857716890281040e+01,1.6918609433537008194e-03
9.3372604944606507615e+01,1.6885210260417816974e-03
9.3476352172322734191e+01,1.6846982612565995687e-03
9.3580099400038960766e+01,1.6803955401689287929e-03
9.3683846627755201553e+01,1.6756157411425976877e-03
9.3787593855471428128e+01,1.6703617298053283474e-03
9.3891341083187654704e+01,1.6646363591190950753e-03
9.3995088310903881279e+01,1.6584424694500289697e-03
9.4098835538620107855e+01,1.6517828886378513147e-03
9.4202582766336348641e+01,1.6446604516930326319e-03
9.4306329994052575216e+01,1.6370785170314204257e-03
9.4410077221768801792e+01,1.6290410154567325912e-03
9.4513824449485028367e+01,1.6205518904650166329e-03
9.4617571677201254943e+01,1.6116150682563030062e-03
9.4721318904917495729e+01,1.6022344578293255726e-03
9.4825066132633722304e+01,1.5924139510756229760e-03
9.4928813360349948880e+01,1.5821574228730161688e-03
9.5032560588066175455e+01,1.5714687311784798687e-03
9.5136307815782402031e+01,1.5603517822527952774e-03
9.5240055043498642817e+01,1.5488111180083695504e-03
9.5343802271214869393e+01,1.5368516367466173410e-03
9.5447549498931095968e+01,1.5244782200107031330e-03
9.5551296726647322544e+01,1.5116957281427606790e-03
9.5655043954363549119e+01,1.4985090003988602806e-03
9.5758791182079789905e+01,1.4849228550632379443e-03
9.5862538409796016481e+01,1.4709420895617814247e-03
9.5966285637512243056e+01,1.4565714805747701204e-03
9.6070032865228469632e+01,1.4418158932139977114e-03
9.6173780092944696207e+01,1.4266808228637342312e-03
9.6277527320660936994e+01,1.4111719819130874240e-03
9.6381274548377163569e+01,1.3952950585434666878e-03
9.6485021776093390145e+01,1.3790557164710072133e-03
9.6588769003809616720e+01,1.3624595950779642278e-03
9.6692516231525843295e+01,1.3455123095432626468e-03
9.6796263459242084082e+01,1.3282194509721995286e-03
9.6900010686958310657e+01,1.3105865865253264399e-03
9.7003757914674537233e+01,1.2926193825156522422e-03
9.7107505142390763808e+01,1.2743240671911912690e-03
9.7211252370106990384e+01,1.2557070166644820810e-03
9.7314999597823231170e+01,1.2367745798875498173e-03
9.7418746825539457745e+01,1.2175330787668680547e-03
9.7522494053255684321e+01,1.1979888083071988259e-03
9.7626241280971910896e+01,1.1781480367545470612e-03
9.7729988508688137472e+01,1.1580170057381895549e-03
9.7833735736404378258e+01,1.1376019304117990574e-03
9.7937482964120604834e+01,1.1169090996175738695e-03
9.8041230191836831409e+01,1.0959452703188919155e-03
9.8144977419553057985e+01,1.0747173235951725662e-03
9.8248724647269284560e+01,1.0532321115054724733e-03
9.8352471874985525346e+01,1.0314964571972310477e-03
9.8456219102701751922e+01,1.0095171550586123574e-03
9.8559966330417978497e+01,9.8730097086985085970e-04
9.8663713558134205073e+01,9.6485464195367090078e-04
9.8767460785850431648e+01,9.4218487732474799634e-04
9.8871208013566672435e+01,9.1929841474862339108e-04
9.8974955241282899010e+01,8.9620234580566721875e-04
9.9078702468999125585e+01,8.7290388960276001518e-04
9.9182449696715352161e+01,8.4941023552996877937e-04
9.9286196924431578736e+01,8.2572854292769408760e-04
9.9389944152147819523e+01,8.0186594124350058822e-04
9.9493691379864046098e+01,7.7782953018798591752e-04
9.9597438607580272674e+01,7.5362637988963978967e-04
9.9701185835296499249e+01,7.2926353104877034757e-04
9.9804933063012725825e+01,7.0474801431744647524e-04
9.9908680290728966611e+01,6.8008707483555779025e-04
1.0001242751844519319e+02,6.5528809499352570506e-04
1.0011617474616141976e+02,6.3035842986560309924e-04
1.0021992197387764634e+02,6.0530540407028167547e-04
1.0032366920159387291e+02,5.8013631192776538622e-04
1.0042741642931011370e+02,5.5485841761646547635e-04
1.0053116365702634027e+02,5.2947895532854500570e-04
1.0063491088474256685e+02,5.0400512942446579721e-04
1.0073865811245879343e+02,4.7844494730567586676e-04
1.0084240534017502000e+02,4.5284597118357161095e-04
1.0094615256789126079e+02,4.2731157343735813332e-04
1.0104989979560748736e+02,4.0194894573766716973e-04
1.0115364702332371394e+02,3.7686483999485495240e-04
1.0125739425103994051e+02,3.5216557061188379345e-04
1.0136114147875616709e+02,3.2795701672335119672e-04
1.0146488870647240788e+02,3.0434462442078326653e-04
1.0156863593418863445e+02,2.8143340896430522457e-04
1.0167238316190486103e+02,2.5932795698048222328e-04
1.0177613038962108760e+02,2.3810727611749154435e-04
1.0187987761733732839e+02,2.1775019787253056965e-04
1.0198362484505355496e+02,1.9821086380322644493e-04
1.0208737207276978154e+02,1.7944360188344751056e-04
1.0219111930048600811e+02,1.6140292555704053939e-04
1.0229486652820223469e+02,1.4404353279731137291e-04
1.0239861375591847548e+02,1.2732030517222396506e-04
1.0250236098363470205e+02,1.1118830691528773329e-04
1.0260610821135092863e+02,9.5602784002058461264e-05
1.0270985543906715520e+02,8.0526727165423721798e-05
1.0281360266678338178e+02,6.6064162135631685521e-05
1.0291734989449962256e+02,5.2443285666754980079e-05
1.0302109712221584914e+02,3.9895673961587889758e-05
1.0312484434993207572e+02,2.8651971327634451534e-05
1.0322859157764830229e+02,1.8941894860002325376e-05
1.0333233880536452887e+02,1.0994239096077082607e-05
1.0343608603308076965e+02,5.0368806421856982970e-06
1.0353983326079699623e+02,1.2967827724480776689e-06
1.0364358048851322280e+02,0.0000000000000000000e+00
