0.0000000000000000000e+00,-nan
6.4155595848471538845e-02,-1.9305607048734396702e+00
1.2831119169694307769e-01,-1.7831116337574219877e+00
1.9246678754541463041e-01,-1.6874073506809734724e+00
2.5662238339388615538e-01,-1.5716365920867794159e+00
3.2077797924235768035e-01,-1.4678323215935595858e+00
3.8493357509082926082e-01,-1.3727800622909409611e+00
4.4908917093930078579e-01,-1.2989104138416143197e+00
5.1324476678777231076e-01,-1.2135713536171326421e+00
5.7740036263624383572e-01,-1.1346048024969748180e+00
6.4155595848471536069e-01,-1.0614328091039417767e+00
7.0571155433318688566e-01,-9.9342820151156530084e-01
7.6986715018165852165e-01,-9.3009645246818262176e-01
8.3402274603013004661e-01,-8.7103031386406237768e-01
8.9817834187860157158e-01,-8.1588349175282171011e-01
9.6233393772707309655e-01,-7.6435451101891949133e-01
1.0264895335755446215e+00,-7.1617632884970006124e-01
1.0906451294240162575e+00,-6.7110935055203557731e-01
1.1548007252724876714e+00,-6.2826478564182874909e-01
1.2189563211209593074e+00,-5.8660031760452613359e-01
1.2831119169694307214e+00,-5.4916829566285152442e-01
1.3472675128179023574e+00,-5.1429484350503262835e-01
1.4114231086663737713e+00,-4.8169865289322372215e-01
1.4755787045148454073e+00,-4.5121962374699048359e-01
1.5397343003633170433e+00,-4.2271115882894094717e-01
1.6038898962117884572e+00,-3.9603860881154306917e-01
1.6680454920602600932e+00,-3.7107788410771869181e-01
1.7322010879087315072e+00,-3.4771437178130409906e-01
1.7963566837572031432e+00,-3.2584199956548848265e-01
1.8605122796056745571e+00,-3.0536240980927564781e-01
1.9246678754541461931e+00,-2.8618429945344675547e-01
1.9888234713026176070e+00,-2.6822278223892914717e-01
2.0529790671510892430e+00,-2.5139887553565032352e-01
2.1171346629995606570e+00,-2.3563901942889844965e-01
2.1812902588480325150e+00,-2.2087464618461311039e-01
2.2454458546965039289e+00,-2.0704181351126443866e-01
2.3096014505449753429e+00,-1.9408084316012846893e-01
2.3737570463934467568e+00,-1.8193602167966008154e-01
2.4379126422419186149e+00,-1.7055530821646211481e-01
2.5020682380903900288e+00,-1.5989007394573373499e-01
2.5662238339388614428e+00,-1.4989486830486914437e-01
2.6303794297873333008e+00,-1.4052719128985483033e-01
2.6945350256358047147e+00,-1.3174729872111903828e-01
2.7586906214842761287e+00,-1.2351801015412096352e-01
2.8228462173327475426e+00,-1.1580453793648295968e-01
2.8870018131812194007e+00,-1.0857432840121569728e-01
2.9511574090296908146e+00,-1.0179691031673604451e-01
3.0153130048781622286e+00,-9.5443761005223559657e-02
3.0794686007266340866e+00,-8.9481495654044673760e-02
3.1436241965751055005e+00,-8.2768193340122253598e-02
3.2077797924235769145e+00,-7.6309206744394383892e-02
3.2719353882720483284e+00,-7.0723482935251866244e-02
3.3360909841205201865e+00,-6.5923538713933263478e-02
3.4002465799689916004e+00,-6.1727901115497099682e-02
3.4644021758174630143e+00,-5.7858516681449860541e-02
3.5285577716659344283e+00,-5.4232860066304941493e-02
3.5927133675144062863e+00,-5.0835403622254027312e-02
3.6568689633628777003e+00,-4.7651668475517092172e-02
3.7210245592113491142e+00,-4.4668114984746827567e-02
3.7851801550598209722e+00,-4.1872069788121885070e-02
3.8493357509082923862e+00,-3.9251671625559064749e-02
3.9134913467567638001e+00,-3.6795819618137735885e-02
3.9776469426052352141e+00,-3.4494120848278089775e-02
4.0418025384537070721e+00,-3.2336846582024680874e-02
4.1059581343021784861e+00,-3.0314886754050876516e-02
4.1701137301506499000e+00,-2.8419713454501678573e-02
4.2342693259991213139e+00,-2.6643337119924288825e-02
4.2984249218475927279e+00,-2.4978280518621026607e-02
4.3625805176960650300e+00,-2.3417535925249675227e-02
4.4267361135445364440e+00,-2.1954543289642327458e-02
4.4908917093930078579e+00,-2.0583157173061337325e-02
4.5550473052414792718e+00,-1.9297618615084655841e-02
4.6192029010899506858e+00,-1.8092538013926868362e-02
4.6833584969384220997e+00,-1.6962859516338947563e-02
4.7475140927868935137e+00,-1.5903853101683133181e-02
4.8116696886353658158e+00,-1.4911082733294221334e-02
4.8758252844838372297e+00,-1.3980393259573476242e-02
4.9399808803323086437e+00,-1.3107893816543996282e-02
5.0041364761807800576e+00,-1.2289933282665010603e-02
5.0682920720292514716e+00,-1.1523097198881086453e-02
5.1324476678777228855e+00,-1.0804179752714323723e-02
5.1966032637261942995e+00,-1.0130180802132564277e-02
5.2607588595746666016e+00,-9.4982879185046484305e-03
5.3249144554231380155e+00,-8.9058630618342946028e-03
5.3890700512716094295e+00,-8.3504387102041558594e-03
5.4532256471200808434e+00,-7.8296965007243861379e-03
5.5173812429685522574e+00,-7.3414688202612810725e-03
5.5815368388170236713e+00,-6.8837208542961688187e-03
5.6456924346654950853e+00,-6.4545459285808553379e-03
5.7098480305139673874e+00,-6.0521590593991614684e-03
5.7740036263624388013e+00,-5.6748831323147948952e-03
5.8381592222109102153e+00,-5.3211509098761052006e-03
5.9023148180593816292e+00,-4.9894892981685685582e-03
5.9664704139078530432e+00,-4.6785198260101135137e-03
6.0306260097563244571e+00,-4.3869501534125280445e-03
6.0947816056047958710e+00,-4.1135669936584445122e-03
6.1589372014532681732e+00,-3.8572362622312375904e-03
6.2230927973017395871e+00,-3.6168912275090121800e-03
6.2872483931502110011e+00,-3.3915349287329667020e-03
6.3514039889986824150e+00,-3.1802311180869637618e-03
6.4155595848471538289e+00,-2.9821020665938271707e-03
6.4797151806956252429e+00,-2.7963264790285382103e-03
6.5438707765440966568e+00,-2.6221318842650845338e-03
6.6080263723925680708e+00,-2.4587968690314727233e-03
6.6721819682410403729e+00,-2.3056429185040376931e-03
6.7363375640895117868e+00,-2.1620350168555643386e-03
6.8004931599379832008e+00,-2.0273779797780559081e-03
6.8646487557864546147e+00,-1.9011125413961680718e-03
6.9288043516349260287e+00,-1.7827163108827595844e-03
6.9929599474833974426e+00,-1.6716975230306411332e-03
7.0571155433318688566e+00,-1.5675966642431150323e-03
7.1212711391803411587e+00,-1.4699821962060434857e-03
7.1854267350288125726e+00,-1.3784493017882091300e-03
7.2495823308772839866e+00,-1.2926194330038233947e-03
7.3137379267257554005e+00,-1.2121362332498774716e-03
7.3778935225742268145e+00,-1.1366670525225525557e-03
7.4420491184226982284e+00,-1.0658989267484852634e-03
7.5062047142711696424e+00,-9.9953886024682853453e-04
7.5703603101196419445e+00,-9.3731236779698962839e-04
7.6345159059681133584e+00,-8.7896130867134070110e-04
7.6986715018165847724e+00,-8.2424471690624066204e-04
7.7628270976650561863e+00,-7.7293562853322621015e-04
7.8269826935135276003e+00,-7.2482196708384427110e-04
7.8911382893619990142e+00,-6.7970460582169201641e-04
7.9552938852104704281e+00,-6.3739660903507685402e-04
8.0194494810589418421e+00,-5.9772332790247924023e-04
8.0836050769074141442e+00,-5.6052021825409709382e-04
8.1477606727558846700e+00,-5.2563363799376736779e-04
8.2119162686043569721e+00,-4.9291915246791337749e-04
8.2760718644528292742e+00,-4.6224162050304164326e-04
8.3402274603012998000e+00,-4.3347405131277964505e-04
8.4043830561497721021e+00,-4.0587238712858926927e-04
8.4685386519982426279e+00,-3.7602774130436871641e-04
8.5326942478467149300e+00,-3.4329446115961414088e-04
8.5968498436951854558e+00,-3.1320915913681809202e-04
8.6610054395436577579e+00,-2.8766286046242922538e-04
8.7251610353921300600e+00,-2.6500953137732687504e-04
8.7893166312406005858e+00,-2.4460999456225369529e-04
8.8534722270890728879e+00,-2.2627271953219442414e-04
8.9176278229375434137e+00,-2.0981280592224764176e-04
8.9817834187860157158e+00,-1.9505057867776946453e-04
9.0459390146344862416e+00,-1.8179839392106796189e-04
9.1100946104829585437e+00,-1.6984446910818114230e-04
9.1742502063314308458e+00,-1.5897891762127737913e-04
9.2384058021799013716e+00,-1.4899768302635338206e-04
9.3025613980283736737e+00,-1.3970664242569626537e-04
9.3667169938768441995e+00,-1.3099634850912092606e-04
9.4308725897253165016e+00,-1.2282991866793648082e-04
9.4950281855737870274e+00,-1.1517384166073811038e-04
9.5591837814222593295e+00,-1.0799550587676170306e-04
9.6233393772707316316e+00,-1.0126377650832512440e-04
9.6874949731192021574e+00,-9.4951593173704266831e-05
9.7516505689676744595e+00,-8.9033690050500694196e-05
9.8158061648161449853e+00,-8.3485462643282954548e-05
9.8799617606646172874e+00,-7.8282956007390567870e-05
9.9441173565130878131e+00,-7.3404034330437910490e-05
1.0008272952361560115e+01,-6.8829416413548907502e-05
1.0072428548210032417e+01,-6.4540569219724539560e-05
1.0136584144058502943e+01,-6.0519428902775872345e-05
1.0200739739906975245e+01,-5.6748493211840488515e-05
1.0264895335755445771e+01,-5.3212239226658486783e-05
1.0329050931603918073e+01,-4.9896683480439370955e-05
1.0393206527452388599e+01,-4.6788215835280264900e-05
1.0457362123300860901e+01,-4.3873560144392192137e-05
1.0521517719149333203e+01,-4.1140083345801257834e-05
1.0585673314997803729e+01,-3.8576881775844504947e-05
1.0649828910846276031e+01,-3.6173710883300664904e-05
1.0713984506694746557e+01,-3.3920571514880804064e-05
1.0778140102543218859e+01,-3.1807711106675024947e-05
1.0842295698391689385e+01,-2.9826187769616870359e-05
1.0906451294240161687e+01,-2.7968207275309502844e-05
1.0970606890088633989e+01,-2.6226243183165020851e-05
1.1034762485937104515e+01,-2.4592944086097534665e-05
1.1098918081785576817e+01,-2.3061189578615574051e-05
1.1163073677634047343e+01,-2.1624722326994965261e-05
1.1227229273482519645e+01,-2.0277873854275167638e-05
1.1291384869330990171e+01,-1.9015111776517695319e-05
1.1355540465179462473e+01,-1.7831028737176645750e-05
1.1419696061027934775e+01,-1.6720502429039957575e-05
1.1483851656876405301e+01,-1.5679132947251305067e-05
1.1548007252724877603e+01,-1.4702759407469877018e-05
1.1612162848573348128e+01,-1.3787312878600073323e-05
1.1676318444421820431e+01,-1.2928819994795487703e-05
1.1740474040270290956e+01,-1.2123668818315951583e-05
1.1804629636118763258e+01,-1.1368703744945178781e-05
1.1868785231967235561e+01,-1.0660864961118767701e-05
1.1932940827815706086e+01,-9.9971584557145387172e-06
1.1997096423664178388e+01,-9.3746878486602259393e-06
1.2061252019512648914e+01,-8.7909297740519059524e-06
1.2125407615361121216e+01,-8.2435828797949899571e-06
1.2189563211209591742e+01,-7.7303959445255189677e-06
1.2253718807058064044e+01,-7.2491649303876349203e-06
1.2317874402906536346e+01,-6.7978138804712695518e-06
1.2382029998755006872e+01,-6.3745650068829355316e-06
1.2446185594603479174e+01,-5.9777265663355872309e-06
1.2510341190451949700e+01,-5.6056415179686252661e-06
1.2574496786300422002e+01,-5.2566906981047152228e-06
1.2638652382148892528e+01,-4.9294154550413941048e-06
1.2702807977997364830e+01,-4.6225364008716258172e-06
1.2766963573845835356e+01,-4.3348084397959579174e-06
1.2831119169694307658e+01,-4.0650113779308944179e-06
1.2895274765542779960e+01,-3.8119673003088430955e-06
1.2959430361391250486e+01,-3.5746581596437198414e-06
1.3023585957239722788e+01,-3.3521485391327792478e-06
1.3087741553088193314e+01,-3.1435216946727425557e-06
1.3151897148936665616e+01,-2.9478788514209425702e-06
1.3216052744785136142e+01,-2.7643791666344867321e-06
1.3280208340633608444e+01,-2.5923034486874230939e-06
1.3344363936482080746e+01,-2.4309632810651573691e-06
1.3408519532330551272e+01,-2.2796834226887798376e-06
1.3472675128179023574e+01,-2.1378040143593957033e-06
1.3536830724027494099e+01,-2.0047361022390838755e-06
1.3600986319875966402e+01,-1.8799603594970085321e-06
1.3665141915724436927e+01,-1.7629697749887794018e-06
1.3729297511572909229e+01,-1.6532668144138107636e-06
1.3793453107421381532e+01,-1.5503726279586982857e-06
1.3857608703269852057e+01,-1.4538762719174634907e-06
1.3921764299118324359e+01,-1.3633971741879585815e-06
1.3985919894966794885e+01,-1.2785617955979293803e-06
1.4050075490815267187e+01,-1.1990035178009651834e-06
1.4114231086663737713e+01,-1.1243819677941504590e-06
1.4178386682512210015e+01,-1.0544058743185965587e-06
1.4242542278360682317e+01,-9.8879491501701693529e-07
1.4306697874209152843e+01,-9.2727379573584199892e-07
1.4370853470057625145e+01,-8.6957362786282942209e-07
1.4435009065906095671e+01,-8.1545664417527507185e-07
1.4499164661754567973e+01,-7.6471182121666653927e-07
1.4563320257603038499e+01,-7.1713258402800801107e-07
1.4627475853451510801e+01,-6.7251598177238570264e-07
1.4691631449299983103e+01,-6.3066745485670240839e-07
1.4755787045148453629e+01,-5.9142101894727990355e-07
1.4819942640996925931e+01,-5.5462172272751159456e-07
1.4884098236845396457e+01,-5.2011729081593248262e-07
1.4948253832693868759e+01,-4.8775815137211219902e-07
1.5012409428542339285e+01,-4.5740659963213879806e-07
1.5076565024390811587e+01,-4.2894454765494747919e-07
1.5140720620239283889e+01,-4.0225778704822414942e-07
1.5204876216087754415e+01,-3.7723403698745653076e-07
1.5269031811936226717e+01,-3.5376375062902621150e-07
1.5333187407784697243e+01,-3.3175094412258496318e-07
1.5397343003633169545e+01,-3.1110979255870607968e-07
1.5461498599481640071e+01,-2.9175609126322196814e-07
1.5525654195330112373e+01,-2.7360702737475886316e-07
1.5589809791178584675e+01,-2.5658360207897568644e-07
1.5653965387027055201e+01,-2.4061872268677734730e-07
1.5718120982875527503e+01,-2.2564926292162609173e-07
1.5782276578723998028e+01,-2.1161312300675331416e-07
1.5846432174572470331e+01,-1.9844927787243795818e-07
1.5910587770420940856e+01,-1.8610204531653111586e-07
1.5974743366269413158e+01,-1.7452350309950673601e-07
1.6038898962117883684e+01,-1.6366710016953978323e-07
1.6103054557966355986e+01,-1.5348702732423547244e-07
1.6167210153814828288e+01,-1.4393866905877386231e-07
1.6231365749663300591e+01,-1.3498327624613722004e-07
1.6295521345511769340e+01,-1.2658591582467165012e-07
1.6359676941360241642e+01,-1.1871225118092940906e-07
1.6423832537208713944e+01,-1.1132848225071703166e-07
1.6487988133057186246e+01,-1.0440255698941757365e-07
1.6552143728905658548e+01,-9.7907331983814356227e-08
1.6616299324754127298e+01,-9.1817078352914357691e-08
1.6680454920602599600e+01,-8.6106463044661879028e-08
1.6744610516451071902e+01,-8.0750589128879395740e-08
1.6808766112299544204e+01,-7.5726951304325168372e-08
1.6872921708148012954e+01,-7.1016084222018246732e-08
1.6937077303996485256e+01,-6.6599006868585113221e-08
1.7001232899844957558e+01,-6.2457024736515392787e-08
1.7065388495693429860e+01,-5.8571974849498271355e-08
1.7129544091541902162e+01,-5.4928211624261818021e-08
1.7193699687390370912e+01,-5.1511506758332205918e-08
1.7257855283238843214e+01,-4.8307854261766775454e-08
1.7322010879087315516e+01,-4.5303456019050418027e-08
1.7386166474935787818e+01,-4.2485317985750743627e-08
1.7450322070784260120e+01,-3.9842448571932637925e-08
1.7514477666632728869e+01,-3.7364357524824209062e-08
1.7578633262481201172e+01,-3.5040707734029400132e-08
1.7642788858329673474e+01,-3.2861343195574308230e-08
1.7706944454178145776e+01,-3.0817171318697915431e-08
1.7771100050026614525e+01,-2.8900278926224684606e-08
1.7835255645875086827e+01,-2.7102924219304281444e-08
1.7899411241723559129e+01,-2.5417476392618632179e-08
1.7963566837572031432e+01,-2.3836545129776274502e-08
1.8027722433420503734e+01,-2.2353811528036142695e-08
1.8091878029268972483e+01,-2.0963477048692509894e-08
1.8156033625117444785e+01,-1.9659827118960006828e-08
1.8220189220965917087e+01,-1.8437228354759856074e-08
1.8284344816814389389e+01,-1.7290416887149947898e-08
1.8348500412662861692e+01,-1.6214937640985737157e-08
1.8412656008511330441e+01,-1.5206512223345073534e-08
1.8476811604359802743e+01,-1.4260921663429586731e-08
1.8540967200208275045e+01,-1.3374024033669535389e-08
1.8605122796056747347e+01,-1.2542146820844001389e-08
1.8669278391905216097e+01,-1.1762070634524201715e-08
1.8733433987753688399e+01,-1.1030637003308353266e-08
1.8797589583602160701e+01,-1.0344730574858289782e-08
1.8861745179450633003e+01,-9.7013461340908656961e-09
1.8925900775299105305e+01,-9.0979305685123236194e-09
1.8990056371147574055e+01,-8.5321196443579127037e-09
1.9054211966996046357e+01,-8.0015812494567912941e-09
1.9118367562844518659e+01,-7.5040153604333362592e-09
1.9182523158692990961e+01,-7.0372910815143609654e-09
1.9246678754541463263e+01,-6.5996010876914687104e-09
1.9310834350389932013e+01,-6.1892000128497091053e-09
1.9374989946238404315e+01,-5.8043656083060482278e-09
1.9439145542086876617e+01,-5.4434091809302096703e-09
1.9503301137935348919e+01,-5.1048476830961765418e-09
1.9567456733783817668e+01,-4.7873704267380614737e-09
1.9631612329632289971e+01,-4.4896885473544348493e-09
1.9695767925480762273e+01,-4.2105299734667437335e-09
1.9759923521329234575e+01,-3.9486735072673529037e-09
1.9824079117177706877e+01,-3.7030870068020287597e-09
1.9888234713026175626e+01,-3.4728061347541974629e-09
1.9952390308874647928e+01,-3.2568789775011854238e-09
2.0016545904723120231e+01,-3.0543665096030232381e-09
2.0080701500571592533e+01,-2.8644066556868557550e-09
2.0144857096420064835e+01,-2.6862655969138734170e-09
2.0209012692268533584e+01,-2.5192311568018343673e-09
2.0273168288117005886e+01,-2.3626001737606490850e-09
2.0337323883965478188e+01,-2.2156844174318107728e-09
2.0401479479813950491e+01,-2.0778850497947324646e-09
2.0465635075662419240e+01,-1.9486681260450792952e-09
2.0529790671510891542e+01,-1.8275076064365767823e-09
2.0593946267359363844e+01,-1.7138840062353855954e-09
2.0658101863207836146e+01,-1.6073014685641465524e-09
2.0722257459056308448e+01,-1.5073424337725049976e-09
2.0786413054904777198e+01,-1.4136134441007477445e-09
2.0850568650753249500e+01,-1.3257258844406860118e-09
2.0914724246601721802e+01,-1.2432964210695420649e-09
2.0978879842450194104e+01,-1.1659764882582202782e-09
2.1043035438298666406e+01,-1.0934679031531079618e-09
2.1107191034147135156e+01,-1.0254800242305527342e-09
2.1171346629995607458e+01,-9.6172573289445194362e-10
2.1235502225844079760e+01,-9.0192467423153749091e-10
2.1299657821692552062e+01,-8.4583502519660006246e-10
2.1363813417541020812e+01,-7.9323912604150008282e-10
2.1427969013389493114e+01,-7.4392222100928413065e-10
2.1492124609237965416e+01,-6.9767211919788364712e-10
2.1556280205086437718e+01,-6.5428764887587622723e-10
2.1620435800934910020e+01,-6.1359978403490656703e-10
2.1684591396783378769e+01,-5.7544801297955920130e-10
2.1748746992631851072e+01,-5.3967371795772176169e-10
2.1812902588480323374e+01,-5.0612049344142136633e-10
2.1877058184328795676e+01,-4.7464744243387150224e-10
2.1941213780177267978e+01,-4.4513317667334850592e-10
2.2005369376025736727e+01,-4.1745892885012176921e-10
2.2069524971874209029e+01,-3.9150731266968534611e-10
2.2133680567722681332e+01,-3.6716408459693350027e-10
2.2197836163571153634e+01,-3.4433176703419976359e-10
2.2261991759419622383e+01,-3.2292192821309003267e-10
2.2326147355268094685e+01,-3.0284721788231192489e-10
2.2390302951116566987e+01,-2.8402129019674085049e-10
2.2454458546965039289e+01,-2.6636266877694620584e-10
2.2518614142813511592e+01,-2.4980217933313856843e-10
2.2582769738661980341e+01,-2.3427350567163990610e-10
2.2646925334510452643e+01,-2.1971108305705470014e-10
2.2711080930358924945e+01,-2.0604680457375715131e-10
2.2775236526207397247e+01,-1.9312054744481186385e-10
2.2839392122055869550e+01,-1.8067059658505338600e-10
2.2903547717904338299e+01,-1.6843273779682114877e-10
2.2967703313752810601e+01,-1.5614570899639250673e-10
2.3031858909601282903e+01,-1.4361019093694001138e-10
2.3096014505449755205e+01,-1.3104911127238487566e-10
2.3160170101298223955e+01,-1.1886495407240417299e-10
2.3224325697146696257e+01,-1.0745649709626156402e-10
2.3288481292995168559e+01,-9.7217660673859165219e-11
2.3352636888843640861e+01,-8.8376136662142572339e-11
2.3416792484692113163e+01,-8.0758943045020149504e-11
2.3480948080540581913e+01,-7.4134857780010508172e-11
2.3545103676389054215e+01,-6.8275178955884426855e-11
2.3609259272237526517e+01,-6.2958296488024832389e-11
2.3673414868085998819e+01,-5.8062189130366354121e-11
2.3737570463934471121e+01,-5.3558609479539470089e-11
2.3801726059782939871e+01,-4.9423291324214716296e-11
2.3865881655631412173e+01,-4.5632229380065557307e-11
2.3930037251479884475e+01,-4.2161675792088654927e-11
2.3994192847328356777e+01,-3.8988136693034499091e-11
2.4058348443176825526e+01,-3.6088368816904389168e-11
2.4122504039025297828e+01,-3.3439376166486375062e-11
2.4186659634873770131e+01,-3.1018406733929314778e-11
2.4250815230722242433e+01,-2.8802949273369772975e-11
2.4314970826570714735e+01,-2.6770730124652589638e-11
2.4379126422419183484e+01,-2.4899710087203351123e-11
2.4443282018267655786e+01,-2.3169659553954861773e-11
2.4507437614116128088e+01,-2.1569400096562785680e-11
2.4571593209964600391e+01,-2.0090945296541969678e-11
2.4635748805813072693e+01,-1.8726395094454881122e-11
2.4699904401661541442e+01,-1.7467931509403677106e-11
2.4764059997510013744e+01,-1.6307817575836393589e-11
2.4828215593358486046e+01,-1.5238396296837467647e-11
2.4892371189206958348e+01,-1.4252089613603804561e-11
2.4956526785055427098e+01,-1.3341397390816189883e-11
2.5020682380903899400e+01,-1.2498896417620074654e-11
2.5084837976752371702e+01,-1.1717239423937064364e-11
2.5148993572600844004e+01,-1.0989154111832379451e-11
2.5213149168449316306e+01,-1.0307456957558130245e-11
2.5277304764297785056e+01,-9.6666947189178780603e-12
2.5341460360146257358e+01,-9.0646158009643740515e-12
2.5405615955994729660e+01,-8.4993431570312777592e-12
2.5469771551843201962e+01,-7.9690186527611869788e-12
2.5533927147691670712e+01,-7.4718028285138961038e-12
2.5598082743540143014e+01,-7.0058746653472644987e-12
2.5662238339388615316e+01,-6.5694313545086482772e-12
2.5726393935237087618e+01,-6.1606880703750806988e-12
2.5790549531085559920e+01,-5.7778777467825318964e-12
2.5854705126934028669e+01,-5.4192508566852458843e-12
2.5918860722782500972e+01,-5.0830751950873644887e-12
2.5983016318630973274e+01,-4.7676356651905745681e-12
2.6047171914479445576e+01,-4.4712675800424332417e-12
2.6111327510327917878e+01,-4.1927729905702139515e-12
2.6175483106176386627e+01,-3.9312877608888535336e-12
2.6239638702024858929e+01,-3.6859632092934266957e-12
2.6303794297873331232e+01,-3.4559589339005590475e-12
2.6367949893721803534e+01,-3.2404427119206199841e-12
2.6432105489570272283e+01,-3.0385904003968969585e-12
2.6496261085418744585e+01,-2.8495858383867543766e-12
2.6560416681267216887e+01,-2.6726207505605618880e-12
2.6624572277115689189e+01,-2.5068946521942648912e-12
2.6688727872964161492e+01,-2.3516147555323085681e-12
2.6752883468812630241e+01,-2.2059958774978569782e-12
2.6817039064661102543e+01,-2.0692603487277035337e-12
2.6881194660509574845e+01,-1.9407021322867588355e-12
2.6945350256358047147e+01,-1.8198807278504604839e-12
2.7009505852206519450e+01,-1.7064250223864402434e-12
2.7073661448054988199e+01,-1.5999674205238401758e-12
2.7137817043903460501e+01,-1.5001438029709404198e-12
2.7201972639751932803e+01,-1.4065934855236976582e-12
2.7266128235600405105e+01,-1.3189591786529244952e-12
2.7330283831448873855e+01,-1.2368869476606967253e-12
2.7394439427297346157e+01,-1.1600261733965982998e-12
2.7458595023145818459e+01,-1.0880295135247183312e-12
2.7522750618994290761e+01,-1.0205528643323177085e-12
2.7586906214842763063e+01,-9.5725532307142883578e-13
2.7651061810691231813e+01,-8.9780049468619745728e-13
2.7715217406539704115e+01,-8.4191932071317961694e-13
2.7779373002388176417e+01,-7.8943620907733498685e-13
2.7843528598236648719e+01,-7.4018409747343732921e-13
2.7907684194085121021e+01,-6.9399745980136436894e-13
2.7971839789933589770e+01,-6.5071228854907167940e-13
2.8035995385782062073e+01,-6.1016607741743197797e-13
2.8100150981630534375e+01,-5.7219780418311694848e-13
2.8164306577479006677e+01,-5.3664791379567265603e-13
2.8228462173327475426e+01,-5.0335830170510683312e-13
2.8292617769175947728e+01,-4.7217229741629581460e-13
2.8356773365024420031e+01,-4.4293464826665728421e-13
2.8420928960872892333e+01,-4.1549150342351732476e-13
2.8485084556721364635e+01,-3.8969551681168775799e-13
2.8549240152569833384e+01,-3.6544726931827339524e-13
2.8613395748418305686e+01,-3.4267311618504491994e-13
2.8677551344266777988e+01,-3.2130030659279237932e-13
2.8741706940115250291e+01,-3.0125673928318971387e-13
2.8805862535963722593e+01,-2.8247095532537969605e-13
2.8870018131812191342e+01,-2.6487213097900235291e-13
2.8934173727660663644e+01,-2.4839007065216801131e-13
2.8998329323509135946e+01,-2.3295519995291831214e-13
2.9062484919357608248e+01,-2.1849855883271071436e-13
2.9126640515206076998e+01,-2.0495179482052352796e-13
2.9190796111054549300e+01,-1.9224715634617710161e-13
2.9254951706903021602e+01,-1.8031749261705271041e-13
2.9319107302751493904e+01,-1.6910362598973021482e-13
2.9383262898599966206e+01,-1.5856843933948401554e-13
2.9447418494448434956e+01,-1.4867904647209857843e-13
2.9511574090296907258e+01,-1.3940284716026272510e-13
2.9575729686145379560e+01,-1.3070752404198009453e-13
2.9639885281993851862e+01,-1.2256103955925361712e-13
2.9704040877842324164e+01,-1.1493163293644471923e-13
2.9768196473690792914e+01,-1.0778781719770512395e-13
2.9832352069539265216e+01,-1.0109837622289183636e-13
2.9896507665387737518e+01,-9.4832361841391956754e-14
2.9960663261236209820e+01,-8.8959090963282765702e-14
3.0024818857084678569e+01,-8.3448142747273591260e-14
3.0088974452933150872e+01,-7.8269628680534672165e-14
3.0153130048781623174e+01,-7.3400971816091150143e-14
3.0217285644630095476e+01,-6.8827299916060367528e-14
3.0281441240478567778e+01,-6.4534231995760610105e-14
3.0345596836327036527e+01,-6.0507508685602906279e-14
3.0409752432175508829e+01,-5.6732990948230377859e-14
3.0473908028023981132e+01,-5.3196658811864611903e-14
3.0538063623872453434e+01,-4.9884610119615850999e-14
3.0602219219720925736e+01,-4.6783059294526320089e-14
3.0666374815569394485e+01,-4.3878336120114998256e-14
3.0730530411417866787e+01,-4.1156884536196769737e-14
3.0794686007266339089e+01,-3.8605261449755110978e-14
3.0858841603114811392e+01,-3.6210135560646713245e-14
3.0922997198963280141e+01,-3.3958948786406350017e-14
3.0987152794811752443e+01,-3.1843487068981597930e-14
3.1051308390660224745e+01,-2.9857274642154824112e-14
3.1115463986508697047e+01,-2.7993893227410671760e-14
3.1179619582357169350e+01,-2.6246977371571387308e-14
3.1243775178205638099e+01,-2.4610213904442241111e-14
3.1307930774054110401e+01,-2.3077341403124940093e-14
3.1372086369902582703e+01,-2.1642149662904671946e-14
3.1436241965751055005e+01,-2.0298479174615230921e-14
3.1500397561599527307e+01,-1.9040220608391159083e-14
3.1564553157447996057e+01,-1.7861314303715543484e-14
3.1628708753296468359e+01,-1.6755749765673854656e-14
3.1692864349144940661e+01,-1.5717570031684216770e-14
3.1757019944993412963e+01,-1.4741728272584341600e-14
3.1821175540841881713e+01,-1.3825061613645165681e-14
3.1885331136690354015e+01,-1.2964670178617110334e-14
3.1949486732538826317e+01,-1.2157677383429454904e-14
3.2013642328387298619e+01,-1.1401229702801587574e-14
3.2077797924235767368e+01,-1.0692496439655173071e-14
3.2141953520084243223e+01,-1.0028669497287593887e-14
3.2206109115932711973e+01,-9.4069631542690284132e-15
3.2270264711781180722e+01,-8.8246138420237529682e-15
3.2334420307629656577e+01,-8.2788799250599780331e-15
3.2398575903478125326e+01,-7.7670414838107998929e-15
3.2462731499326601181e+01,-7.2864001000495162201e-15
3.2526887095175069931e+01,-6.8343260572921819737e-15
3.2591042691023538680e+01,-6.4089649202402923740e-15
3.2655198286872014535e+01,-6.0090812730842662619e-15
3.2719353882720483284e+01,-5.6334664018105733037e-15
3.2783509478568959139e+01,-5.2809210539633543727e-15
3.2847665074417427888e+01,-4.9502553462467206540e-15
3.2911820670265896638e+01,-4.6402886732071256018e-15
3.2975976266114372493e+01,-4.3498496169821167010e-15
3.3040131861962841242e+01,-4.0777758581004920886e-15
3.3104287457811317097e+01,-3.8229140873193903792e-15
3.3168443053659785846e+01,-3.5841199184849874690e-15
3.3232598649508254596e+01,-3.3602578024020856953e-15
3.3296754245356730451e+01,-3.1502009416997373129e-15
3.3360909841205199200e+01,-2.9529071283681171874e-15
3.3425065437053675055e+01,-2.7676904308421919805e-15
3.3489221032902143804e+01,-2.5939699774638218801e-15
3.3553376628750612554e+01,-2.4311693477947662982e-15
3.3617532224599088408e+01,-2.2787165215528083149e-15
3.3681687820447557158e+01,-2.1360438367055476435e-15
3.3745843416296025907e+01,-2.0025879480420744890e-15
3.3809999012144501762e+01,-1.8777897862164595362e-15
3.3874154607992970512e+01,-1.7610945172566487977e-15
3.3938310203841446366e+01,-1.6519515025324774802e-15
3.4002465799689915116e+01,-1.5498142591770775158e-15
3.4066621395538383865e+01,-1.4541404209553102819e-15
3.4130776991386859720e+01,-1.3643931538384069452e-15
3.4194932587235328469e+01,-1.2801333209877569484e-15
3.4259088183083804324e+01,-1.2010738949694025497e-15
3.4323243778932273074e+01,-1.1269432389074632782e-15
3.4387399374780741823e+01,-1.0574717430668972247e-15
3.4451554970629217678e+01,-9.9239180597884583660e-16
3.4515710566477686427e+01,-9.3143781577647362355e-16
3.4579866162326162282e+01,-8.7434613173849433010e-16
3.4644021758174631032e+01,-8.2085506603788042191e-16
3.4708177354023099781e+01,-7.7070486569288660043e-16
3.4772332949871575636e+01,-7.2363769471794493454e-16
3.4836488545720044385e+01,-6.7939761647177866962e-16
3.4900644141568520240e+01,-6.3773057620015967513e-16
3.4964799737416988989e+01,-5.9839372535389953525e-16
3.5028955333265457739e+01,-5.6124464196721752135e-16
3.5093110929113933594e+01,-5.2620113764147879494e-16
3.5157266524962402343e+01,-4.9318243127783940928e-16
3.5221422120810878198e+01,-4.6210833034646665835e-16
3.5285577716659346947e+01,-4.3289922553594079382e-16
3.5349733312507815697e+01,-4.0547608546086737993e-16
3.5413888908356291552e+01,-3.7976045142705125092e-16
3.5478044504204760301e+01,-3.5567443225346445992e-16
3.5542200100053229050e+01,-3.3314069915026905688e-16
3.5606355695901704905e+01,-3.1208248065223934909e-16
3.5670511291750173655e+01,-2.9242355760685592029e-16
3.5734666887598649510e+01,-2.7408825834640397034e-16
3.5798822483447118259e+01,-2.5700208610257471988e-16
3.5862978079295587008e+01,-2.4109317124018598841e-16
3.5927133675144062863e+01,-2.2629059031257520527e-16
3.5991289270992531613e+01,-2.1252392556610860805e-16
3.6055444866841007467e+01,-1.9972326044112246293e-16
3.6119600462689476217e+01,-1.8781917512083375799e-16
3.6183756058537944966e+01,-1.7674274212758149091e-16
3.6247911654386420821e+01,-1.6642552196584763004e-16
3.6312067250234889570e+01,-1.5679955881146398348e-16
3.6376222846083365425e+01,-1.4779737624642494117e-16
3.6440378441931834175e+01,-1.3935197303877124252e-16
3.6504534037780302924e+01,-1.3139681896695867055e-16
3.6568689633628778779e+01,-1.2386655550068026251e-16
3.6632845229477247528e+01,-1.1671905643898484200e-16
3.6697000825325723383e+01,-1.0993962239009396263e-16
3.6761156421174192133e+01,-1.0351524429025635564e-16
3.6825312017022660882e+01,-9.7433003731215066377e-17
3.6889467612871136737e+01,-9.1680072171901192252e-17
3.6953623208719605486e+01,-8.6243710158338405431e-17
3.7017778804568081341e+01,-8.1111266551653563731e-17
3.7081934400416550091e+01,-7.6270177764109765717e-17
3.7146089996265018840e+01,-7.1707967003047958253e-17
3.7210245592113494695e+01,-6.7412243522654931696e-17
3.7274401187961963444e+01,-6.3370701883458540458e-17
3.7338556783810432194e+01,-5.9571121219452305535e-17
3.7402712379658908048e+01,-5.6000947109683999170e-17
3.7466867975507376798e+01,-5.2644650668919342117e-17
3.7531023571355852653e+01,-4.9485447271626509839e-17
3.7595179167204321402e+01,-4.6506660607451727676e-17
3.7659334763052790152e+01,-4.3691728003589411244e-17
3.7723490358901266006e+01,-4.1024199458477644055e-17
3.7787645954749734756e+01,-3.8487736685336784159e-17
3.7851801550598210611e+01,-3.6066112165432001723e-17
3.7915957146446679360e+01,-3.3743208210951618124e-17
3.7980112742295148109e+01,-3.1503016037379176490e-17
3.8044268338143623964e+01,-2.9329634845254029378e-17
3.8108423933992092714e+01,-2.7207270911206866096e-17
3.8172579529840568568e+01,-2.5120262107247042497e-17
3.8236735125689037318e+01,-2.3061028655246612006e-17
3.8300890721537506067e+01,-2.1041292969985408947e-17
3.8365046317385981922e+01,-1.9075545635715693350e-17
3.8429201913234450672e+01,-1.7178180471520088591e-17
3.8493357509082926526e+01,-1.5363495337686452869e-17
3.8557513104931395276e+01,-1.3645692934035688452e-17
3.8621668700779864025e+01,-1.2038881590289605415e-17
3.8685824296628339880e+01,-1.0557076048576544630e-17
3.8749979892476808629e+01,-9.2141982381635530531e-18
3.8814135488325284484e+01,-8.0240780425037241523e-18
3.8878291084173753234e+01,-7.0004540586912913671e-18
3.8942446680022221983e+01,-6.1569743494075838932e-18
3.9006602275870697838e+01,-5.5062640997769657625e-18
3.9070757871719166587e+01,-5.0430796637985704443e-18
3.9134913467567635337e+01,-4.7462661262373819658e-18
3.9199069063416111192e+01,-4.5942414982187354579e-18
3.9263224659264579941e+01,-4.5655648496188208079e-18
3.9327380255113055796e+01,-4.6389351585038263061e-18
3.9391535850961524545e+01,-4.7931901718124664026e-18
3.9455691446809993295e+01,-5.0073052771537899602e-18
3.9519847042658469150e+01,-5.2603923855939634365e-18
3.9584002638506937899e+01,-5.5316988253072210294e-18
3.9648158234355413754e+01,-5.8006062459684055910e-18
3.9712313830203882503e+01,-6.0466295337648399659e-18
3.9776469426052351253e+01,-6.2494157369085378673e-18
3.9840625021900827107e+01,-6.3913556982979871042e-18
3.9904780617749295857e+01,-6.4686032859600918150e-18
3.9968936213597771712e+01,-6.4817797319456077057e-18
4.0033091809446240461e+01,-6.4315047233685176906e-18
4.0097247405294709210e+01,-6.3183939813452769905e-18
4.0161403001143185065e+01,-6.1430592926720851535e-18
4.0225558596991653815e+01,-5.9061085411991276357e-18
4.0289714192840129670e+01,-5.6081457389048537937e-18
4.0353869788688598419e+01,-5.2497710566741547032e-18
4.0418025384537067168e+01,-4.8315808547830423507e-18
4.0482180980385543023e+01,-4.3541677130937074800e-18
4.0546336576234011773e+01,-3.8181204609630391222e-18
4.0610492172082487627e+01,-3.2240850679810214790e-18
4.0674647767930956377e+01,-2.5782415073058527365e-18
4.0738803363779425126e+01,-1.8966115925257745962e-18
4.0802958959627900981e+01,-1.1961387550482303233e-18
4.0867114555476369731e+01,-4.9366003110721938546e-19
4.0931270151324838480e+01,1.9409310441918824131e-19
4.0995425747173314335e+01,8.5049391201991158533e-19
4.1059581343021783084e+01,1.4590195693056007515e-18
4.1123736938870258939e+01,2.0032503604231559829e-18
4.1187892534718727688e+01,2.4668688730447854472e-18
4.1252048130567196438e+01,2.8336592028511446039e-18
4.1316203726415672293e+01,3.0875061654254515660e-18
4.1380359322264141042e+01,3.2123945154790093589e-18
4.1444514918112616897e+01,3.1940606975799187042e-18
4.1508670513961085646e+01,3.0387084948842824314e-18
4.1572826109809554396e+01,2.7662223249304171187e-18
4.1636981705658030251e+01,2.3966204041954523380e-18
4.1701137301506499000e+01,1.9497977601321673677e-18
4.1765292897354974855e+01,1.4455271773209522312e-18
4.1829448493203443604e+01,9.0346013491553039369e-19
4.1893604089051912354e+01,3.4312773547434040162e-19
4.1957759684900388208e+01,-2.1605837472895584042e-19
4.2021915280748856958e+01,-7.5480509382522767955e-19
4.2086070876597332813e+01,-1.2539369608106437871e-18
4.2150226472445801562e+01,-1.6943952602580327277e-18
4.2214382068294270312e+01,-2.0572371719810552330e-18
4.2278537664142746166e+01,-2.3286751827623943944e-18
4.2342693259991214916e+01,-2.5139773237504683269e-18
4.2406848855839683665e+01,-2.6228427796535621762e-18
4.2471004451688159520e+01,-2.6649121298342563613e-18
4.2535160047536628269e+01,-2.6497677902803905856e-18
4.2599315643385104124e+01,-2.5869344515822897085e-18
4.2663471239233572874e+01,-2.4858795129583238007e-18
4.2727626835082041623e+01,-2.3560135123702776704e-18
4.2791782430930517478e+01,-2.2066905527696577099e-18
4.2855938026778986227e+01,-2.0472087245154969167e-18
4.2920093622627462082e+01,-1.8868105240034782314e-18
4.2984249218475930832e+01,-1.7346832685463964397e-18
4.3048404814324399581e+01,-1.5998303338913328627e-18
4.3112560410172875436e+01,-1.4858587564726484452e-18
4.3176716006021344185e+01,-1.3892280036608046499e-18
4.3240871601869820040e+01,-1.3059227974819723621e-18
4.3305027197718288789e+01,-1.2319516542022087941e-18
4.3369182793566757539e+01,-1.1633467083344890753e-18
4.3433338389415233394e+01,-1.0961635382055989632e-18
4.3497493985263702143e+01,-1.0264809930666713827e-18
4.3561649581112177998e+01,-9.5040102173139505719e-19
4.3625805176960646747e+01,-8.6404850272635047176e-19
4.3689960772809115497e+01,-7.6357107593770423290e-19
4.3754116368657591352e+01,-6.4513897573908694100e-19
4.3818271964506060101e+01,-5.0494486558543655113e-19
4.3882427560354535956e+01,-3.3992046751573557516e-19
4.3946583156203004705e+01,-1.5306054447025082189e-19
4.4010738752051473455e+01,4.9625954528361615332e-20
4.4074894347899949310e+01,2.6214223827297209176e-19
4.4139049943748418059e+01,4.7852638062153742725e-19
4.4203205539596886808e+01,6.9285106748515988002e-19
4.4267361135445362663e+01,8.9922334601603560902e-19
4.4331516731293831413e+01,1.0917843759732264814e-18
4.4395672327142307267e+01,1.2647091832444404870e-18
4.4459827922990776017e+01,1.4122064155015057869e-18
4.4523983518839244766e+01,1.5285180999686318955e-18
4.4588139114687720621e+01,1.6079194032816744775e-18
4.4652294710536189370e+01,1.6447224963511481430e-18
4.4716450306384665225e+01,1.6360202136405177758e-18
4.4780605902233133975e+01,1.5864228620237707185e-18
4.4844761498081602724e+01,1.5017824981488058108e-18
4.4908917093930078579e+01,1.3879177383398026137e-18
4.4973072689778547328e+01,1.2506139971159933017e-18
4.5037228285627023183e+01,1.0956237236716584054e-18
4.5101383881475491933e+01,9.2866663633801818062e-19
4.5165539477323960682e+01,7.5542995504663163630e-19
4.5229695073172436537e+01,5.8156863181454994687e-19
4.5293850669020905286e+01,4.1270557927068360307e-19
4.5358006264869381141e+01,2.5443189724257350845e-19
4.5422161860717849891e+01,1.1230709742321228842e-19
4.5486317456566318640e+01,-8.3005536741272332797e-21
4.5550473052414794495e+01,-1.0575416047295372892e-19
4.5614628648263263244e+01,-1.8213815803455783573e-19
4.5678784244111739099e+01,-2.3968771273993703520e-19
4.5742939839960207848e+01,-2.8062545146721958771e-19
4.5807095435808676598e+01,-3.0716154940336021461e-19
4.5871251031657152453e+01,-3.2149381711887643467e-19
4.5935406627505621202e+01,-3.2580778691293809572e-19
4.5999562223354089951e+01,-3.2227679843591051168e-19
4.6063717819202565806e+01,-3.1306208359637076210e-19
4.6127873415051034556e+01,-3.0031285075959713939e-19
4.6192029010899510411e+01,-2.8616636824438945049e-19
4.6256184606747979160e+01,-2.7274804712506627616e-19
4.6320340202596447909e+01,-2.6196147810604924082e-19
4.6384495798444923764e+01,-2.5444793151523737786e-19
4.6448651394293392514e+01,-2.5038336207792085570e-19
4.6512806990141868368e+01,-2.4994201733807687919e-19
4.6576962585990337118e+01,-2.5329718479811881113e-19
4.6641118181838805867e+01,-2.6062119852165698968e-19
4.6705273777687281722e+01,-2.7208544568184398411e-19
4.6769429373535750472e+01,-2.8786037305581658623e-19
4.6833584969384226326e+01,-3.0811549346577442382e-19
4.6897740565232695076e+01,-3.3301939216716666361e-19
4.6961896161081163825e+01,-3.6273973318454474598e-19
4.7026051756929639680e+01,-3.9744326559553427421e-19
4.7090207352778108429e+01,-4.3729097729166609288e-19
4.7154362948626584284e+01,-4.8177754607169709278e-19
4.7218518544475053034e+01,-5.2906495810479908873e-19
4.7282674140323521783e+01,-5.7716551255408622048e-19
4.7346829736171997638e+01,-6.2410228202894324124e-19
4.7410985332020466387e+01,-6.6790903969295119841e-19
4.7475140927868942242e+01,-7.0663018696288091794e-19
4.7539296523717410992e+01,-7.3832068179304525825e-19
4.7603452119565879741e+01,-7.6104596753963601863e-19
4.7667607715414355596e+01,-7.7288190239945202397e-19
4.7731763311262824345e+01,-7.7191468941769367094e-19
4.7795918907111293095e+01,-7.5624080705945762059e-19
4.7860074502959768949e+01,-7.2396694033961895985e-19
4.7924230098808237699e+01,-6.7343179355633234306e-19
4.7988385694656713554e+01,-6.0620530626112328373e-19
4.8052541290505182303e+01,-5.2627953365717002405e-19
4.8116696886353651053e+01,-4.3768503876888233740e-19
4.8180852482202126907e+01,-3.4443091690815265007e-19
4.8245008078050595657e+01,-2.5050493841184114513e-19
4.8309163673899071512e+01,-1.5987369024180466713e-19
4.8373319269747540261e+01,-7.6482716458285028709e-20
4.8437474865596009010e+01,-4.2566575768038671970e-21
4.8501630461444484865e+01,5.2900611180845542301e-20
4.8565786057292953615e+01,9.1105842731407613730e-20
4.8629941653141429470e+01,1.0649628206068858323e-19
4.8694097248989898219e+01,9.5229531229656508527e-20
4.8758252844838366968e+01,5.5114196774427646725e-20
4.8822408440686842823e+01,-9.0469179289207586368e-21
4.8886564036535311573e+01,-9.0607686722642892038e-20
4.8950719632383787427e+01,-1.8295680398010479496e-19
4.9014875228232256177e+01,-2.7951757824021895061e-19
4.9079030824080724926e+01,-3.7374770597113770623e-19
4.9143186419929200781e+01,-4.5913904710592998461e-19
4.9207342015777669531e+01,-5.2921740233417917796e-19
4.9271497611626145385e+01,-5.7754229213357641300e-19
4.9335653207474614135e+01,-5.9770673752546765942e-19
4.9399808803323082884e+01,-5.8333704253889680683e-19
4.9463964399171558739e+01,-5.2809257836746446262e-19
4.9528119995020027488e+01,-4.2578181671948765544e-19
4.9592275590868496238e+01,-2.7659314818423004975e-19
4.9656431186716972093e+01,-9.0201160927391184711e-20
4.9720586782565440842e+01,1.2299280367651278375e-19
4.9784742378413916697e+01,3.5264101941477766907e-19
4.9848897974262385446e+01,5.8844903022241466392e-19
4.9913053570110854196e+01,8.2017530782919126099e-19
4.9977209165959330051e+01,1.0376309120432817749e-18
5.0041364761807798800e+01,1.2306791536481307993e-18
5.0105520357656274655e+01,1.3892352598893305804e-18
5.0169675953504743404e+01,1.5032660425277627274e-18
5.0233831549353212154e+01,1.5627895684366995338e-18
5.0297987145201688008e+01,1.5578748327196261585e-18
5.0362142741050156758e+01,1.4799350777680848910e-18
5.0426298336898632613e+01,1.3330384948911170639e-18
5.0490453932747101362e+01,1.1283454272763954689e-18
5.0554609528595570112e+01,8.7703980815614797024e-19
5.0618765124444045966e+01,5.9024887148130429484e-19
5.0682920720292514716e+01,2.7904351077782556570e-19
5.0747076316140990571e+01,-4.5561364719362391732e-20
5.0811231911989459320e+01,-3.7260647662991633437e-19
5.0875387507837928069e+01,-6.9118782666631137248e-19
5.0939543103686403924e+01,-9.9045634852232125206e-19
5.1003698699534872674e+01,-1.2596175623887550318e-18
5.1067854295383341423e+01,-1.4879312320736566537e-18
5.1132009891231817278e+01,-1.6647126889371134759e-18
5.1196165487080286027e+01,-1.7826938956018800979e-18
5.1260321082928761882e+01,-1.8450486090055252053e-18
5.1324476678777230632e+01,-1.8569410680932705278e-18
5.1388632274625699381e+01,-1.8235097228518294050e-18
5.1452787870474175236e+01,-1.7498673950884112895e-18
5.1516943466322643985e+01,-1.6411014380084728988e-18
5.1581099062171119840e+01,-1.5022738946024785272e-18
5.1645254658019588589e+01,-1.3384216548523002651e-18
5.1709410253868057339e+01,-1.1545566117671481613e-18
5.1773565849716533194e+01,-9.5566581625952375734e-19
5.1837721445565001943e+01,-7.4671163087114288204e-19
5.1901877041413477798e+01,-5.3263188235850521424e-19
5.1966032637261946547e+01,-3.1834080472436930384e-19
5.2030188233110415297e+01,-1.0875103460374025808e-19
5.2094343828958891152e+01,9.1223588986442559105e-20
5.2158499424807359901e+01,2.7669205504195494024e-19
5.2222655020655835756e+01,4.4278738701076508670e-19
5.2286810616504304505e+01,5.8466649534224747610e-19
5.2350966212352773255e+01,6.9751003112088576276e-19
5.2415121808201249110e+01,7.7652224077467740029e-19
5.2479277404049717859e+01,8.1693082184930696924e-19
5.2543432999898193714e+01,8.1398677983898015041e-19
5.2607588595746662463e+01,7.6296428606475231317e-19
5.2671744191595131213e+01,6.5916053659154829344e-19
5.2735899787443607067e+01,4.9789561217495235718e-19
5.2800055383292075817e+01,2.7616598081111087801e-19
5.2864210979140544566e+01,2.2526840201185230499e-21
5.2928366574989020421e+01,-3.1090240411804567213e-19
5.2992522170837489170e+01,-6.5040437791067661043e-19
5.3056677766685965025e+01,-1.0034207012211640550e-18
5.3120833362534433775e+01,-1.3571808308409405653e-18
5.3184988958382902524e+01,-1.6989758425878949965e-18
5.3249144554231378379e+01,-2.0161580601072957693e-18
5.3313300150079847128e+01,-2.2961406863528715680e-18
5.3377455745928322983e+01,-2.5263974377258205774e-18
5.3441611341776791733e+01,-2.6944621808485922246e-18
5.3505766937625260482e+01,-2.7879285719522419443e-18
5.3569922533473736337e+01,-2.7944821413045771089e-18
5.3634078129322205086e+01,-2.7092236780125024826e-18
5.3698233725170680941e+01,-2.5439161843553855872e-18
5.3762389321019149691e+01,-2.3125536585683365046e-18
5.3826544916867618440e+01,-2.0290633813739697476e-18
5.3890700512716094295e+01,-1.7073063131104849886e-18
5.3954856108564563044e+01,-1.3610774880265869719e-18
5.4019011704413038899e+01,-1.0041064057663340081e-18
5.4083167300261507648e+01,-6.5005742006814941081e-19
5.4147322896109976398e+01,-3.1253012470001614160e-19
5.4211478491958452253e+01,-5.0597366546882887364e-21
5.4275634087806921002e+01,2.5888252337281525747e-19
5.4339789683655396857e+01,4.6588905320327943825e-19
5.4403945279503865606e+01,6.0330165592782139539e-19
5.4468100875352334356e+01,6.7037796805741347332e-19
5.4532256471200810211e+01,6.7638949745429341727e-19
5.4596412067049278960e+01,6.3087872958848361847e-19
5.4660567662897747709e+01,5.4334334952874548547e-19
5.4724723258746223564e+01,4.2323650454748367047e-19
5.4788878854594692314e+01,2.7996706488074157578e-19
5.4853034450443168168e+01,1.2289988265813614565e-19
5.4917190046291636918e+01,-3.8643950981907477417e-20
5.4981345642140105667e+01,-1.9538685057727767133e-19
5.5045501237988581522e+01,-3.3809448281253629924e-19
5.5109656833837050272e+01,-4.5757551476016261560e-19
5.5173812429685526126e+01,-5.4468136387840295511e-19
5.5237968025533994876e+01,-5.9254589324383079892e-19
5.5302123621382463625e+01,-6.0524985406659296133e-19
5.5366279217230939480e+01,-5.9017477603590846618e-19
5.5430434813079408229e+01,-5.5466880345118767076e-19
5.5494590408927884084e+01,-5.0604610075379853484e-19
5.5558746004776352834e+01,-4.5158704871565141348e-19
5.5622901600624821583e+01,-3.9853843927001542053e-19
5.5687057196473297438e+01,-3.5411366899562948220e-19
5.5751212792321766187e+01,-3.2549293126490094405e-19
5.5815368388170242042e+01,-3.1982340706690043138e-19
5.5879523984018710792e+01,-3.4421945451589854485e-19
5.5943679579867179541e+01,-4.0576279705591365006e-19
5.6007835175715655396e+01,-5.1141479249064542591e-19
5.6071990771564124145e+01,-6.6150523502749719398e-19
5.6136146367412600000e+01,-8.4529674483599122186e-19
5.6200301963261068749e+01,-1.0510438082427269671e-18
5.6264457559109537499e+01,-1.2670544829024078992e-18
5.6328613154958013354e+01,-1.4816900927218842389e-18
5.6392768750806482103e+01,-1.6833649248666062940e-18
5.6456924346654950853e+01,-1.8605459288331635358e-18
5.6521079942503426707e+01,-2.0017524175710435664e-18
5.6585235538351895457e+01,-2.0955557706376276833e-18
5.6649391134200371312e+01,-2.1305791393703833202e-18
5.6713546730048840061e+01,-2.0954971540599742470e-18
5.6777702325897308810e+01,-1.9790356331087603361e-18
5.6841857921745784665e+01,-1.7713786992239941245e-18
5.6906013517594253415e+01,-1.4787126146059061939e-18
5.6970169113442729270e+01,-1.1172999822657971187e-18
5.7034324709291198019e+01,-7.0349056727282440911e-19
5.7098480305139666768e+01,-2.5356065260582858174e-19
5.7162635900988142623e+01,2.1628654848915486993e-19
5.7226791496836611373e+01,6.8992048291501989162e-19
5.7290947092685087227e+01,1.1512828508922085832e-18
5.7355102688533555977e+01,1.5843872018569761348e-18
5.7419258284382024726e+01,1.9733185330694805063e-18
5.7483413880230500581e+01,2.3022328909092347282e-18
5.7547569476078969331e+01,2.5553569748375678271e-18
5.7611725071927445185e+01,2.7169881060237811415e-18
5.7675880667775913935e+01,2.7766889274725097095e-18
5.7740036263624382684e+01,2.7423252930792553438e-18
5.7804191859472858539e+01,2.6257362131664490682e-18
5.7868347455321327288e+01,2.4387081969021451274e-18
5.7932503051169796038e+01,2.1929755430040063574e-18
5.7996658647018271893e+01,1.9002206285139241373e-18
5.8060814242866740642e+01,1.5720741956582370133e-18
5.8124969838715216497e+01,1.2201156368078468690e-18
5.8189125434563685246e+01,8.5587327755377480088e-19
5.8253281030412153996e+01,4.9082465791163522342e-19
5.8317436626260629851e+01,1.3639681167035251429e-19
5.8381592222109098600e+01,-1.9603345610098614022e-19
5.8445747817957574455e+01,-4.9527593275684031535e-19
5.8509903413806043204e+01,-7.5512274626793295191e-19
5.8574059009654511954e+01,-9.7558722891364621509e-19
5.8638214605502987808e+01,-1.1570759521601098741e-18
5.8702370201351456558e+01,-1.2999937101117950847e-18
5.8766525797199932413e+01,-1.4047435292133998687e-18
5.8830681393048401162e+01,-1.4717266778879983505e-18
5.8894836988896869912e+01,-1.5013426761124135358e-18
5.8958992584745345766e+01,-1.4939893049299291899e-18
5.9023148180593814516e+01,-1.4500626159010376155e-18
5.9087303776442290371e+01,-1.3699569404925788583e-18
5.9151459372290759120e+01,-1.2540648994058379479e-18
5.9215614968139227869e+01,-1.1027774118439127527e-18
5.9279770563987703724e+01,-9.1710983606833161566e-19
5.9343926159836172474e+01,-7.0296973126704081173e-19
5.9408081755684648328e+01,-4.6854335179231995489e-19
5.9472237351533117078e+01,-2.2199510857703879429e-19
5.9536392947381585827e+01,2.8545778872444507203e-20
5.9600548543230061682e+01,2.7498509307133097181e-19
5.9664704139078530432e+01,5.0926343037338204272e-19
5.9728859734926999181e+01,7.2335601400095607139e-19
5.9793015330775475036e+01,9.0927250827845077357e-19
5.9857170926623943785e+01,1.0590568340604325179e-18
5.9921326522472419640e+01,1.1647869853456311644e-18
5.9985482118320888389e+01,1.2185748470674874315e-18
6.0049637714169357139e+01,1.2125765748695184766e-18
6.0113793310017832994e+01,1.1435472591488634280e-18
6.0177948905866301743e+01,1.0199194670656994801e-18
6.0242104501714777598e+01,8.5192592466425009593e-19
6.0306260097563246347e+01,6.4975581447372064693e-19
6.0370415693411715097e+01,4.2355500687648555285e-19
6.0434571289260190952e+01,1.8342629000275463012e-19
6.0498726885108659701e+01,-6.0570401837459478251e-20
6.0562882480957135556e+01,-2.9841776117454515280e-19
6.0627038076805604305e+01,-5.2014088184024488718e-19
6.0691193672654073055e+01,-7.1580703485948185766e-19
6.0755349268502548910e+01,-8.7552544576181372142e-19
6.0819504864351017659e+01,-9.8944707330236093528e-19
6.0883660460199493514e+01,-1.0481617973800463147e-18
6.0947816056047962263e+01,-1.0505720953991565899e-18
6.1011971651896431013e+01,-1.0033995896148267139e-18
6.1076127247744906867e+01,-9.1364387228031714639e-19
6.1140282843593375617e+01,-7.8827515645793112075e-19
6.1204438439441851472e+01,-6.3423442999792480353e-19
6.1268594035290320221e+01,-4.5843360855019376866e-19
6.1332749631138788970e+01,-2.6775568761542184547e-19
6.1396905226987264825e+01,-6.9054893643081146420e-20
6.1461060822835733575e+01,1.3084316581686973143e-19
6.1525216418684202324e+01,3.2514135290192077483e-19
6.1589372014532678179e+01,5.0707085115731965323e-19
6.1653527610381146928e+01,6.6989101818217676247e-19
6.1717683206229622783e+01,8.0755982040147379731e-19
6.1781838802078091533e+01,9.1778366203226721220e-19
6.1845994397926560282e+01,9.9956326568201042350e-19
6.1910149993775036137e+01,1.0519047167038771216e-18
6.1974305589623504886e+01,1.0738182160396233166e-18
6.2038461185471980741e+01,1.0643180589394327146e-18
6.2102616781320449491e+01,1.0224226138136091405e-18
6.2166772377168918240e+01,9.4715430121524182530e-19
6.2230927973017394095e+01,8.3753957295285382475e-19
6.2295083568865862844e+01,6.9260889133219251486e-19
6.2359239164714338699e+01,5.1139670852600285034e-19
6.2423394760562807448e+01,2.9294144607124330777e-19
6.2487550356411276198e+01,3.6319155976970110371e-20
6.2551705952259752053e+01,-2.5572070574213517000e-19
6.2615861548108220802e+01,-5.7352653512603442199e-19
6.2680017143956696657e+01,-9.0672076336614124392e-19
6.2744172739805165406e+01,-1.2449682656979331698e-18
6.2808328335653634156e+01,-1.5779761446287626262e-18
6.2872483931502110011e+01,-1.8954935144924816043e-18
6.2936639527350578760e+01,-2.1873112873217811483e-18
6.3000795123199054615e+01,-2.4432619600291898411e-18
6.3064950719047523364e+01,-2.6532194028865775915e-18
6.3129106314895992114e+01,-2.8070986492948759068e-18
6.3193261910744467968e+01,-2.8948556868340783912e-18
6.3257417506592936718e+01,-2.9064872495848384170e-18
6.3321573102441405467e+01,-2.8330810471452570369e-18
6.3385728698289881322e+01,-2.6797190309926024313e-18
6.3449884294138350072e+01,-2.4613703083397719621e-18
6.3514039889986825926e+01,-2.1931546651826940461e-18
6.3578195485835294676e+01,-1.8901308591178246910e-18
6.3642351081683763425e+01,-1.5672969269447716353e-18
6.3706506677532239280e+01,-1.2395904904105667291e-18
6.3770662273380708029e+01,-9.2188906010844059876e-19
6.3834817869229183884e+01,-6.2901033754367071530e-19
6.3898973465077652634e+01,-3.7571251538028212762e-19
6.3963129060926121383e+01,-1.7669457588033646458e-19
6.4027284656774597238e+01,-4.6596587549359111120e-20
6.4091440252623073093e+01,0.0000000000000000000e+00
