1.0000000000000000479e-04,-1.2444600425867912723e-05
3.0129929929929927940e-02,-3.0642349747609393812e-03
6.0159859859859859954e-02,-6.0229314883185683382e-03
9.0189789789789795438e-02,-8.8900981482132879208e-03
1.2021971971971971704e-01,-1.1667376574608251741e-02
1.5024964964964962477e-01,-1.4356387633426200348e-02
1.8027957957957957413e-01,-1.6958731580733195365e-02
2.1030950950950949574e-01,-1.9475988248951889986e-02
2.4033943943943941735e-01,-2.1909717242260411812e-02
2.7036936936936933895e-01,-2.4261458129480526630e-02
3.0039929929929926056e-01,-2.6532730631989239617e-02
3.3042922922922918216e-01,-2.8725034824264458755e-02
3.6045915915915915928e-01,-3.0839851313899518948e-02
3.9048908908908908089e-01,-3.2878641428705085437e-02
4.2051901901901900249e-01,-3.4842847411076856290e-02
4.5054894894894892410e-01,-3.6733892595867116693e-02
4.8057887887887884570e-01,-3.8553181616561564560e-02
5.1060880880880876731e-01,-4.0302100544192427656e-02
5.4063873873873868892e-01,-4.1982017104269707397e-02
5.7066866866866861052e-01,-4.3594280844841876155e-02
6.0069859859859853213e-01,-4.5140223325000519705e-02
6.3072852852852845373e-01,-4.6621158300293771837e-02
6.6075845845845837534e-01,-4.8038381813731614867e-02
6.9078838838838829695e-01,-4.9393172533492853138e-02
7.2081831831831832957e-01,-5.0686791780818453435e-02
7.5084824824824825118e-01,-5.1920483740491622793e-02
7.8087817817817817279e-01,-5.3095475670513689326e-02
8.1090810810810809439e-01,-5.4212978047361568001e-02
8.4093803803803801600e-01,-5.5274184720261507198e-02
8.7096796796796793760e-01,-5.6280273086778964675e-02
9.0099789789789785921e-01,-5.7232404289742258574e-02
9.3102782782782778082e-01,-5.8131723378616287357e-02
9.6105775775775770242e-01,-5.8979359359718215583e-02
9.9108768768768762403e-01,-5.9776425466025212563e-02
1.0211176176176175456e+00,-6.0524019465950443242e-02
1.0511475475475475783e+00,-6.1223223333213581954e-02
1.0811774774774773888e+00,-6.1875104138027624268e-02
1.1112074074074074215e+00,-6.2480713349580024873e-02
1.1412373373373372321e+00,-6.3041087873880158332e-02
1.1712672672672672647e+00,-6.3557249453760733537e-02
1.2012971971971970753e+00,-6.4030205204684845222e-02
1.2313271271271271079e+00,-6.4460947908486027069e-02
1.2613570570570569185e+00,-6.4850455733118581025e-02
1.2913869869869869511e+00,-6.5199692574271730927e-02
1.3214169169169167617e+00,-6.5509608432743518525e-02
1.3514468468468467943e+00,-6.5781139328270774036e-02
1.3814767767767766049e+00,-6.6015207430650563181e-02
1.4115067067067066375e+00,-6.6212721247264738622e-02
1.4415366366366366702e+00,-6.6374575788058096104e-02
1.4715665665665664807e+00,-6.6501652715393766435e-02
1.5015964964964965134e+00,-6.6594820486438291440e-02
1.5316264264264263240e+00,-6.6654934485256611687e-02
1.5616563563563563566e+00,-6.6682837152643170686e-02
1.5916862862862861672e+00,-6.6679358127243307242e-02
1.6217162162162161998e+00,-6.6645314384292816956e-02
1.6517461461461460104e+00,-6.6581510370956539790e-02
1.6817760760760760430e+00,-6.6488738138698835756e-02
1.7118060060060058536e+00,-6.6367777484682116684e-02
1.7418359359359358862e+00,-6.6219396095876500996e-02
1.7718658658658656968e+00,-6.6044349682749539654e-02
1.8018957957957957294e+00,-6.5843382109667267232e-02
1.8319257257257255400e+00,-6.5617225517148547453e-02
1.8619556556556555726e+00,-6.5366600432953669841e-02
1.8919855855855853832e+00,-6.5092215868956859737e-02
1.9220155155155154159e+00,-6.4794769411730832043e-02
1.9520454454454454485e+00,-6.4474947530367754389e-02
1.9820753753753752591e+00,-6.4133425758593126664e-02
2.0121053053053055137e+00,-6.3770868606378108834e-02
2.0421352352352353243e+00,-6.3387929584918414894e-02
2.0721651651651651349e+00,-6.2985251293415256413e-02
2.1021950950950953896e+00,-6.2563466105811427198e-02
2.1322250250250252002e+00,-6.2123196036254817176e-02
2.1622549549549550107e+00,-6.1665052407199626161e-02
2.1922848848848848213e+00,-6.1189635999598146476e-02
2.2223148148148150760e+00,-6.0697538144596503706e-02
2.2523447447447448866e+00,-6.0189340086762230242e-02
2.2823746746746746972e+00,-5.9665612521655107814e-02
2.3124046046046045078e+00,-5.9126916781264998724e-02
2.3424345345345347624e+00,-5.8573805005013322711e-02
2.3724644644644645730e+00,-5.8006818877879853802e-02
2.4024943943943943836e+00,-5.7426490945371284902e-02
2.4325243243243246383e+00,-5.6833345105494391392e-02
2.4625542542542544489e+00,-5.6227894877723762213e-02
2.4925841841841842594e+00,-5.5610645352154271237e-02
2.5226141141141140700e+00,-5.4982092947386311532e-02
2.5526440440440443247e+00,-5.4342723932268639786e-02
2.5826739739739741353e+00,-5.3693017223610799149e-02
2.6127039039039039459e+00,-5.3033442211101497477e-02
2.6427338338338337564e+00,-5.2364459488827168332e-02
2.6727637637637640111e+00,-5.1686522296788356412e-02
2.7027936936936938217e+00,-5.1000073833728384876e-02
2.7328236236236236323e+00,-5.0305550681809745039e-02
2.7628535535535534429e+00,-4.9603380035865014819e-02
2.7928834834834836975e+00,-4.8893981480518579341e-02
2.8229134134134135081e+00,-4.8177766906010423276e-02
2.8529433433433433187e+00,-4.7455139338165308605e-02
2.8829732732732735734e+00,-4.6726495505920610796e-02
2.9130032032032033840e+00,-4.5992222627386114553e-02
2.9430331331331331945e+00,-4.5252702273548939260e-02
2.9730630630630630051e+00,-4.4508306577500461598e-02
3.0030929929929932598e+00,-4.3759402071405280321e-02
3.0331229229229230704e+00,-4.3006346323587497926e-02
3.0631528528528528810e+00,-4.2249491142455977699e-02
3.0931827827827826916e+00,-4.1489179889383304145e-02
3.1232127127127129462e+00,-4.0725750066294259810e-02
3.1532426426426427568e+00,-3.9959531112892084093e-02
3.1832725725725725674e+00,-3.9190846669286266701e-02
3.2133025025025023780e+00,-3.8420012519670886098e-02
3.2433324324324326327e+00,-3.7647338876918484685e-02
3.2733623623623624432e+00,-3.6873128145871326977e-02
3.3033922922922922538e+00,-3.6097677511560830044e-02
3.3334222222222220644e+00,-3.5321276311289964700e-02
3.3634521521521523191e+00,-3.4544209037648543337e-02
3.3934820820820821297e+00,-3.3766752341708450302e-02
3.4235120120120119402e+00,-3.2989178259592855103e-02
3.4535419419419421949e+00,-3.2211751239759812970e-02
3.4835718718718720055e+00,-3.1434730996900826783e-02
3.5136018018018018161e+00,-3.0658370304284157659e-02
3.5436317317317316267e+00,-2.9882916688214040263e-02
3.5736616616616618813e+00,-2.9108611699622418539e-02
3.6036915915915916919e+00,-2.8335690930856968078e-02
3.6337215215215215025e+00,-2.7564384978510637902e-02
3.6637514514514513131e+00,-2.6794917972447034049e-02
3.6937813813813815678e+00,-2.6027509576841398320e-02
3.7238113113113113783e+00,-2.5262373154087507804e-02
3.7538412412412411889e+00,-2.4499717342643084761e-02
3.7838711711711709995e+00,-2.3739745313779959945e-02
3.8139011011011012542e+00,-2.2982654865561065460e-02
3.8439310310310310648e+00,-2.2228639163173358195e-02
3.8739609609609608754e+00,-2.1477885751485747273e-02
3.9039908908908911300e+00,-2.0730577695520301107e-02
3.9340208208208209406e+00,-1.9986892919869287538e-02
3.9640507507507507512e+00,-1.9247004483816228249e-02
3.9940806806806805618e+00,-1.8511080901093417833e-02
4.0241106106106103724e+00,-1.7779285758605708340e-02
4.0541405405405397389e+00,-1.7051778151173240666e-02
4.0841704704704699935e+00,-1.6328712621005422867e-02
4.1142004004004002482e+00,-1.5610239153982000473e-02
4.1442303303303296147e+00,-1.4896503312333228899e-02
4.1742602602602598694e+00,-1.4187646424805293310e-02
4.2042901901901901240e+00,-1.3483805339626434364e-02
4.2343201201201194905e+00,-1.2785112732959227552e-02
4.2643500500500497452e+00,-1.2091697322898149400e-02
4.2943799799799791117e+00,-1.1403683298687029499e-02
4.3244099099099093664e+00,-1.0721191145801783548e-02
4.3544398398398396210e+00,-1.0044337415436914440e-02
4.3844697697697689875e+00,-9.3732342418119014849e-03
4.4144996996996992422e+00,-8.7079905236671657082e-03
4.4445296296296294969e+00,-8.0487110794910266681e-03
4.4745595595595588634e+00,-7.3954966126184885911e-03
4.5045894894894891181e+00,-6.7484449567029808695e-03
4.5346194194194193727e+00,-6.1076496871104819439e-03
4.5646493493493487392e+00,-5.4732006465438125253e-03
4.5946792792792789939e+00,-4.8451850885003764149e-03
4.6247092092092083604e+00,-4.2236858769781294651e-03
4.6547391391391386151e+00,-3.6087824986652562720e-03
4.6847690690690688697e+00,-3.0005521035807248068e-03
4.7147989989989982362e+00,-2.3990673945701573161e-03
4.7448289289289284909e+00,-1.8043979493449124798e-03
4.7748588588588587456e+00,-1.2166112869747580140e-03
4.8048887887887881121e+00,-6.3577051100020365131e-04
4.8349187187187183667e+00,-6.1935692864346512856e-05
4.8649486486486486214e+00,5.0483483166299184929e-04
4.8949785785785779879e+00,1.0644869713326066997e-03
4.9250085085085082426e+00,1.6169697868889298855e-03
4.9550384384384376091e+00,2.1622337377049517630e-03
4.9850683683683678638e+00,2.7002331179948576081e-03
5.0150982982982981184e+00,3.2309257485791127024e-03
5.0451282282282274849e+00,3.7542705821502950735e-03
5.0751581581581577396e+00,4.2702296564090863260e-03
5.1051880880880879943e+00,4.7787691255481087871e-03
5.1352180180180173608e+00,5.2798562078450999441e-03
5.1652479479479476154e+00,5.7734601508153196581e-03
5.1952778778778769819e+00,6.2595548459618366791e-03
5.2253078078078072366e+00,6.7381155460838572033e-03
5.2553377377377374913e+00,7.2091185405305730285e-03
5.2853676676676668578e+00,7.6725445240845248016e-03
5.3153975975975971124e+00,8.1283765227273922782e-03
5.3454275275275273671e+00,8.5765980190958997220e-03
5.3754574574574567336e+00,9.0171955004348242069e-03
5.4054873873873869883e+00,9.4501593030362606579e-03
5.4355173173173172430e+00,9.8754802276057561394e-03
5.4655472472472466094e+00,1.0293150203295207967e-02
5.4955771771771768641e+00,1.0703165788650478851e-02
5.5256071071071062306e+00,1.1105524953438368485e-02
5.5556370370370364853e+00,1.1500225799340560093e-02
5.5856669669669667400e+00,1.1887269443971020325e-02
5.6156968968968961065e+00,1.2266660600788537386e-02
5.6457268268268263611e+00,1.2638404102391396361e-02
5.6757567567567566158e+00,1.3002505381762938241e-02
5.7057866866866859823e+00,1.3358974299868079175e-02
5.7358166166166162370e+00,1.3707822316874189797e-02
5.7658465465465464916e+00,1.4049060667034056829e-02
5.7958764764764758581e+00,1.4382702336968646376e-02
5.8259064064064061128e+00,1.4708764593819690508e-02
5.8559363363363354793e+00,1.5027264985283225046e-02
5.8859662662662657340e+00,1.5338220824438456372e-02
5.9159961961961959886e+00,1.5641652406628892696e-02
5.9460261261261253551e+00,1.5937583241820311997e-02
5.9760560560560556098e+00,1.6226036550431029853e-02
6.0060859859859858645e+00,1.6507035459659979981e-02
6.0361159159159152310e+00,1.6780606862386620443e-02
6.0661458458458454857e+00,1.7046779800265043220e-02
6.0961757757757748521e+00,1.7305582785785839084e-02
6.1262057057057051068e+00,1.7557044408753295917e-02
6.1562356356356353615e+00,1.7801197344775542691e-02
6.1862655655655647280e+00,1.8038075692015317214e-02
6.2162954954954949827e+00,1.8267712899101996166e-02
6.2463254254254252373e+00,1.8490142550469275406e-02
6.2763553553553546038e+00,1.8705402348354441960e-02
6.3063852852852848585e+00,1.8913531074029658191e-02
6.3364152152152151132e+00,1.9114566777004456805e-02
6.3664451451451444797e+00,1.9308547510563267569e-02
6.3964750750750747343e+00,1.9495515310837648743e-02
6.4265050050050041008e+00,1.9675513307406050645e-02
6.4565349349349343555e+00,1.9848583832526363324e-02
6.4865648648648646102e+00,2.0014768926793918141e-02
6.5165947947947939767e+00,2.0174114260946264532e-02
6.5466247247247242314e+00,2.0326666986104708484e-02
6.5766546546546544860e+00,2.0472473413144960663e-02
6.6066845845845838525e+00,2.0611579224226735801e-02
6.6367145145145141072e+00,2.0744032975012840353e-02
6.6667444444444434737e+00,2.0869885474557259286e-02
6.6967743743743737284e+00,2.0989186719464838354e-02
6.7268043043043039830e+00,2.1101985846577405587e-02
6.7568342342342333495e+00,2.1208333587233233614e-02
6.7868641641641636042e+00,2.1308283897998353540e-02
6.8168940940940938589e+00,2.1401890177117799396e-02
6.8469240240240232254e+00,2.1489204886038948406e-02
6.8769539539539534800e+00,2.1570280593968409882e-02
6.9069838838838837347e+00,2.1645173523745835087e-02
6.9370138138138131012e+00,2.1713940197742843952e-02
6.9670437437437433559e+00,2.1776636163882409636e-02
6.9970736736736727224e+00,2.1833316189716418104e-02
7.0271036036036029770e+00,2.1884037467897576867e-02
7.0571335335335332317e+00,2.1928859260186957247e-02
7.0871634634634625982e+00,2.1967839934154999304e-02
7.1171933933933928529e+00,2.2001036872296167446e-02
7.1472233233233231076e+00,2.2028507660969046111e-02
7.1772532532532524741e+00,2.2050313241265367264e-02
7.2072831831831827287e+00,2.2066514536259813212e-02
7.2373131131131129834e+00,2.2077171457869661925e-02
7.2673430430430423499e+00,2.2082343008757332470e-02
7.2973729729729726046e+00,2.2082089927471276053e-02
7.3274029029029019711e+00,2.2076475230082142492e-02
7.3574328328328322257e+00,2.2065561100188351568e-02
7.3874627627627624804e+00,2.2049408710286579061e-02
7.4174926926926918469e+00,2.2028078645706026389e-02
7.4475226226226221016e+00,2.2001634163962072166e-02
7.4775525525525523562e+00,2.1970139443990066574e-02
7.5075824824824817227e+00,2.1933657655898376043e-02
7.5376124124124119774e+00,2.1892250963113805973e-02
7.5676423423423413439e+00,2.1845981386471612085e-02
7.5976722722722715986e+00,2.1794913782341607256e-02
7.6277022022022018533e+00,2.1739113063599161541e-02
7.6577321321321312197e+00,2.1678643124962416328e-02
7.6877620620620614744e+00,2.1613566863384739425e-02
7.7177919919919917291e+00,2.1543947361031989818e-02
7.7478219219219210956e+00,2.1469850314698273042e-02
7.7778518518518513503e+00,2.1391341097527254850e-02
7.8078817817817816049e+00,2.1308484076934815221e-02
7.8379117117117109714e+00,2.1221342635332117454e-02
7.8679416416416412261e+00,2.1129980386383254848e-02
7.8979715715715705926e+00,2.1034463333264797474e-02
7.9280015015015008473e+00,2.0934857062363039504e-02
7.9580314314314311019e+00,2.0831226170093548183e-02
7.9880613613613604684e+00,2.0723634281651189676e-02
8.0180912912912898349e+00,2.0612145017119418849e-02
8.0481212212212209778e+00,2.0496824242878283751e-02
8.0781511511511503443e+00,2.0377737518635460900e-02
8.1081810810810797108e+00,2.0254949432855620661e-02
8.1382110110110108536e+00,2.0128523620679898698e-02
8.1682409409409402201e+00,1.9998523318086089406e-02
8.1982708708708695866e+00,1.9865013774281879005e-02
8.2283008008008007295e+00,1.9728060287294568731e-02
8.2583307307307300960e+00,1.9587727206240773681e-02
8.2883606606606594625e+00,1.9444077947652432803e-02
8.3183905905905906053e+00,1.9297175187772956650e-02
8.3484205205205199718e+00,1.9147083002348075365e-02
8.3784504504504493383e+00,1.8993866165916438449e-02
8.4084803803803804811e+00,1.8837588561453094682e-02
8.4385103103103098476e+00,1.8678313162577727530e-02
8.4685402402402392141e+00,1.8516102062043078569e-02
8.4985701701701703570e+00,1.8351017713504301498e-02
8.5286001001000997235e+00,1.8183123963326594530e-02
8.5586300300300290900e+00,1.8012484005425405398e-02
8.5886599599599584565e+00,1.7839160149895515878e-02
8.6186898898898895993e+00,1.7663213838408377970e-02
8.6487198198198189658e+00,1.7484705952374109822e-02
8.6787497497497483323e+00,1.7303698676644541782e-02
8.7087796796796794752e+00,1.7120254292066830470e-02
8.7388096096096088417e+00,1.6934434227784286170e-02
8.7688395395395382081e+00,1.6746299071454653906e-02
8.7988694694694693510e+00,1.6555908589614476423e-02
8.8288993993993987175e+00,1.6363322646644893471e-02
8.8589293293293280840e+00,1.6168602168780361883e-02
8.8889592592592592268e+00,1.5971807489651563411e-02
8.9189891891891885933e+00,1.5772998130324199229e-02
8.9490191191191179598e+00,1.5572232812932379487e-02
8.9790490490490491027e+00,1.5369569546046872241e-02
9.0090789789789784692e+00,1.5165066906769995511e-02
9.0391089089089078357e+00,1.4958783879858312746e-02
9.0691388388388389785e+00,1.4750778709791858082e-02
9.0991687687687683450e+00,1.4541108872155154158e-02
9.1291986986986977115e+00,1.4329831086283249114e-02
9.1592286286286288544e+00,1.4117001489555630958e-02
9.1892585585585582209e+00,1.3902676872388863502e-02
9.2192884884884875873e+00,1.3686913989636086825e-02
9.2493184184184169538e+00,1.3469768864668590219e-02
9.2793483483483480967e+00,1.3251296795643841692e-02
9.3093782782782774632e+00,1.3031552367202384884e-02
9.3394082082082068297e+00,1.2810589654140587881e-02
9.3694381381381379725e+00,1.2588463250096246920e-02
9.3994680680680673390e+00,1.2365227522159752405e-02
9.4294979979979967055e+00,1.2140936145921606137e-02
9.4595279279279278484e+00,1.1915642115384709326e-02
9.4895578578578572149e+00,1.1689397753748902511e-02
9.5195877877877865814e+00,1.1462254867103961395e-02
9.5496177177177177242e+00,1.1234265568552299214e-02
9.5796476476476470907e+00,1.1005481711392761657e-02
9.6096775775775764572e+00,1.0775954501984775710e-02
9.6397075075075076001e+00,1.0545734508608899105e-02
9.6697374374374369665e+00,1.0314871671374840900e-02
9.6997673673673663330e+00,1.0083415374635701020e-02
9.7297972972972974759e+00,9.8514150522543003641e-03
9.7598272272272268424e+00,9.6189199238131857517e-03
9.7898571571571562089e+00,9.3859786103127999801e-03
9.8198870870870855754e+00,9.1526391380073561510e-03
9.8499170170170167182e+00,8.9189489474709778699e-03
9.8799469469469460847e+00,8.6849549131478281233e-03
9.9099768768768754512e+00,8.4507036731832612525e-03
9.9400068068068065941e+00,8.2162416903647176453e-03
9.9700367367367359606e+00,7.9816148897772064980e-03
1.0000066666666665327e+01,7.7468686448585472731e-03
1.0030096596596596470e+01,7.5120477856574982556e-03
1.0060126526526525836e+01,7.2771966069599446428e-03
1.0090156456456455203e+01,7.0423589549763803905e-03
1.0120186386386386346e+01,6.8075784161981340095e-03
1.0150216316316315712e+01,6.5728981151935532423e-03
1.0180246246246245079e+01,6.3383606676914788433e-03
1.0210276176176176222e+01,6.1040081880641390913e-03
1.0240306106106105588e+01,5.8698822966784039434e-03
1.0270336036036034955e+01,5.6360241284557025671e-03
1.0300365965965966097e+01,5.4024743619156224625e-03
1.0330395895895895464e+01,5.1692732223354168411e-03
1.0360425825825824830e+01,4.9364604692443969647e-03
1.0390455755755754197e+01,4.7040754025285697743e-03
1.0420485685685685340e+01,4.4721568690536585983e-03
1.0450515615615614706e+01,4.2407432691739981381e-03
1.0480545545545544073e+01,4.0098725234212449775e-03
1.0510575475475475216e+01,3.7795819267484724070e-03
1.0540605405405404582e+01,3.5499082910253028714e-03
1.0570635335335333949e+01,3.3208880097957541901e-03
1.0600665265265265091e+01,3.0925570642162999307e-03
1.0630695195195194458e+01,2.8649510288805378477e-03
1.0660725125125123824e+01,2.6381050769432316978e-03
1.0690755055055054967e+01,2.4120538211508612235e-03
1.0720784984984984334e+01,2.1868310982857629664e-03
1.0750814914914913700e+01,1.9624703113605809941e-03
1.0780844844844844843e+01,1.7390044912129990363e-03
1.0810874774774774210e+01,1.5164663016748256962e-03
1.0840904704704703576e+01,1.2948880446550560270e-03
1.0870934634634634719e+01,1.0743016612351913297e-03
1.0900964564564564085e+01,8.5473842568374092978e-04
1.0930994494494493452e+01,6.3622872851944363166e-04
1.0961024424424422818e+01,4.1880257404882417467e-04
1.0991054354354353961e+01,2.0248963866545971620e-04
1.1021084284284283328e+01,-1.2680724682531521592e-05
1.1051114214214212694e+01,-2.2667948209796533817e-04
1.1081144144144143837e+01,-4.3947791856728508171e-04
1.1111174074074073204e+01,-6.5104802645503617817e-04
1.1141204004004002570e+01,-8.6136281841376412423e-04
1.1171233933933933713e+01,-1.0703956729655583063e-03
1.1201263863863863079e+01,-1.2781202541149408892e-03
1.1231293793793792446e+01,-1.4845105075323632247e-03
1.1261323723723723589e+01,-1.6895406567986580044e-03
1.1291353653653652955e+01,-1.8931852001201235174e-03
1.1321383583583582322e+01,-2.0954192456828675539e-03
1.1351413513513513465e+01,-2.2962191168735684998e-03
1.1381443443443442831e+01,-2.4955615525801746329e-03
1.1411473373373372198e+01,-2.6934235365423326095e-03
1.1441503303303303340e+01,-2.8897822941381062604e-03
1.1471533233233232707e+01,-3.0846152892211649993e-03
1.1501563163163162073e+01,-3.2779002210076156783e-03
1.1531593093093093216e+01,-3.4696151797903545914e-03
1.1561623023023022583e+01,-3.6597395672767108095e-03
1.1591652952952951949e+01,-3.8482534512579999811e-03
1.1621682882882881316e+01,-4.0351371070721396214e-03
1.1651712812812812459e+01,-4.2203710134023379383e-03
1.1681742742742741825e+01,-4.4039358496633894402e-03
1.1711772672672671192e+01,-4.5858124934282764110e-03
1.1741802602602602335e+01,-4.7659820365536509357e-03
1.1771832532532531701e+01,-4.9444265424811771961e-03
1.1801862462462461068e+01,-5.1211292991320085319e-03
1.1831892392392392210e+01,-5.2960738369616034218e-03
1.1861922322322321577e+01,-5.4692438532041821528e-03
1.1891952252252250943e+01,-5.6406232097670145134e-03
1.1921982182182182086e+01,-5.8101959311564347135e-03
1.1952012112112111453e+01,-5.9779462024351307653e-03
1.1982042042042040819e+01,-6.1438585519555995867e-03
1.2012071971971971962e+01,-6.3079189941032788938e-03
1.2042101901901901329e+01,-6.4701142662248536941e-03
1.2072131831831830695e+01,-6.6304312401357801826e-03
1.2102161761761761838e+01,-6.7888569179549856925e-03
1.2132191691691691204e+01,-6.9453784304922116383e-03
1.2162221621621620571e+01,-7.0999830356592930417e-03
1.2192251551551549937e+01,-7.2526581170941550533e-03
1.2222281481481481080e+01,-7.4033916574644089217e-03
1.2252311411411410447e+01,-7.5521732535078029899e-03
1.2282341341341339813e+01,-7.6989928975783961454e-03
1.2312371271271270956e+01,-7.8438406796650303465e-03
1.2342401201201200323e+01,-7.9867067862035324988e-03
1.2372431131131129689e+01,-8.1275814989063086685e-03
1.2402461061061060832e+01,-8.2664551936088622591e-03
1.2432490990990990198e+01,-8.4033183424247533816e-03
1.2462520920920919565e+01,-8.5381621917489190082e-03
1.2492550850850850708e+01,-8.6709795844468993964e-03
1.2522580780780780074e+01,-8.8017636351440109443e-03
1.2552610710710709441e+01,-8.9305075243538319107e-03
1.2582640640640640584e+01,-9.0572044976919199172e-03
1.2612670570570569950e+01,-9.1818478651007635200e-03
1.2642700500500499317e+01,-9.3044310000858637677e-03
1.2672730430430430459e+01,-9.4249473410601553036e-03
1.2702760360360359826e+01,-9.5433910526985157169e-03
1.2732790290290289192e+01,-9.6597579594798546609e-03
1.2762820220220218559e+01,-9.7740441627827551185e-03
1.2792850150150149702e+01,-9.8862458005923043586e-03
1.2822880080080079068e+01,-9.9963590470713951930e-03
1.2852910010010008435e+01,-1.0104380112138173359e-02
1.2882939939939939578e+01,-1.0210305241049247651e-02
1.2912969869869868944e+01,-1.0314130713988792915e-02
1.2942999799799798311e+01,-1.0415853258085368271e-02
1.2973029729729729453e+01,-1.0515471355148396995e-02
1.3003059659659658820e+01,-1.0612983951617260131e-02
1.3033089589589588186e+01,-1.0708390003643120450e-02
1.3063119519519519329e+01,-1.0801688476975683170e-02
1.3093149449449448696e+01,-1.0892878346853093058e-02
1.3123179379379378062e+01,-1.0981958597893413596e-02
1.3153209309309309205e+01,-1.1068928223987532095e-02
1.3183239239239238572e+01,-1.1153786343296468245e-02
1.3213269169169167938e+01,-1.1236533559814734437e-02
1.3243299099099099081e+01,-1.1317171495656653743e-02
1.3273329029029028447e+01,-1.1395701778835282125e-02
1.3303358958958957814e+01,-1.1472126022663913306e-02
1.3333388888888887180e+01,-1.1546445825921580058e-02
1.3363418818818818323e+01,-1.1618662773016381895e-02
1.3393448748748747690e+01,-1.1688778434146585364e-02
1.3423478678678677056e+01,-1.1756794366478895073e-02
1.3453508608608608199e+01,-1.1822712752716495882e-02
1.3483538538538537566e+01,-1.1886537484273162341e-02
1.3513568468468466932e+01,-1.1948272707083063340e-02
1.3543598398398398075e+01,-1.2007922530309597317e-02
1.3573628328328327441e+01,-1.2065491026752150211e-02
1.3603658258258256808e+01,-1.2120982233247467111e-02
1.3633688188188187951e+01,-1.2174400151065706971e-02
1.3663718118118117317e+01,-1.2225748746301289688e-02
1.3693748048048046684e+01,-1.2275031993233433483e-02
1.3723777977977977827e+01,-1.2322255034205470761e-02
1.3753807907907907193e+01,-1.2367424300840952969e-02
1.3783837837837836560e+01,-1.2410546238237877073e-02
1.3813867767767767702e+01,-1.2451627235450322267e-02
1.3843897697697697069e+01,-1.2490673626096276266e-02
1.3873927627627626435e+01,-1.2527691688957627580e-02
1.3903957557557555802e+01,-1.2562687648572296029e-02
1.3933987487487486945e+01,-1.2595667675818782508e-02
1.3964017417417416311e+01,-1.2626637991979123427e-02
1.3994047347347345678e+01,-1.2655606200766838718e-02
1.4024077277277276821e+01,-1.2682580890458440212e-02
1.4054107207207206187e+01,-1.2707570599972637174e-02
1.4084137137137135554e+01,-1.2730583795402062100e-02
1.4114167067067066696e+01,-1.2751628870788003431e-02
1.4144196996996996063e+01,-1.2770714148885281558e-02
1.4174226926926925429e+01,-1.2787847881917387832e-02
1.4204256856856856572e+01,-1.2803038252322065244e-02
1.4234286786786785939e+01,-1.2816293468560883972e-02
1.4264316716716715305e+01,-1.2827623053488607444e-02
1.4294346646646646448e+01,-1.2837037494619899652e-02
1.4324376576576575815e+01,-1.2844547217317420565e-02
1.4354406506506505181e+01,-1.2850162559702895185e-02
1.4384436436436436324e+01,-1.2853893773567803480e-02
1.4414466366366365691e+01,-1.2855751025272595112e-02
1.4444496296296295057e+01,-1.2855744396634782856e-02
1.4474526226226226200e+01,-1.2853883885805916440e-02
1.4504556156156155566e+01,-1.2850179438464070375e-02
1.4534586086086084933e+01,-1.2844641970233466877e-02
1.4564616016016014299e+01,-1.2837283602919124029e-02
1.4594645945945945442e+01,-1.2828116438528287119e-02
1.4624675875875874809e+01,-1.2817152479668379728e-02
1.4654705805805804175e+01,-1.2804403630565499780e-02
1.4684735735735735318e+01,-1.2789881698070302424e-02
1.4714765665665664685e+01,-1.2773598392651654837e-02
1.4744795595595594051e+01,-1.2755565329378094203e-02
1.4774825525525525194e+01,-1.2735794028948983769e-02
1.4804855455455454560e+01,-1.2714296376441683312e-02
1.4834885385385383927e+01,-1.2691085715975828491e-02
1.4864915315315315070e+01,-1.2666175613783763401e-02
1.4894945245245244436e+01,-1.2639579526693476771e-02
1.4924975175175173803e+01,-1.2611310803229211150e-02
1.4955005105105104946e+01,-1.2581382684698889929e-02
1.4985035035035034312e+01,-1.2549808306268379551e-02
1.5015064964964963679e+01,-1.2516600698022918234e-02
1.5045094894894894821e+01,-1.2481772786015832635e-02
1.5075124824824824188e+01,-1.2445337441264506598e-02
1.5105154754754753554e+01,-1.2407308498971396024e-02
1.5135184684684682921e+01,-1.2367700730257428013e-02
1.5165214614614614064e+01,-1.2326528833187026107e-02
1.5195244544544543430e+01,-1.2283807389635142612e-02
1.5225274474474472797e+01,-1.2239550866433104165e-02
1.5255304404404403940e+01,-1.2193773616500943810e-02
1.5285334334334333306e+01,-1.2146489879966323663e-02
1.5315364264264262673e+01,-1.2097713785270374290e-02
1.5345394194194193815e+01,-1.2047459350260492431e-02
1.5375424124124123182e+01,-1.1995740641794962189e-02
1.5405454054054052548e+01,-1.1942572887700356188e-02
1.5435483983983983691e+01,-1.1887971807840210306e-02
1.5465513913913913058e+01,-1.1831953003882764858e-02
1.5495543843843842424e+01,-1.1774531956553866904e-02
1.5525573773773773567e+01,-1.1715724026806628374e-02
1.5555603703703702934e+01,-1.1655544456977541198e-02
1.5585633633633632300e+01,-1.1594008371929179560e-02
1.5615663563563563443e+01,-1.1531130780179763354e-02
1.5645693493493492809e+01,-1.1466926575019726828e-02
1.5675723423423422176e+01,-1.1401410728841255421e-02
1.5705753353353351542e+01,-1.1334599304999594047e-02
1.5735783283283282685e+01,-1.1266508708194537466e-02
1.5765813213213212052e+01,-1.1197155219120966466e-02
1.5795843143143141418e+01,-1.1126554994666968887e-02
1.5825873073073072561e+01,-1.1054724069088478142e-02
1.5855903003003001928e+01,-1.0981678355170569963e-02
1.5885932932932931294e+01,-1.0907433645375549242e-02
1.5915962862862862437e+01,-1.0832005612978075001e-02
1.5945992792792791803e+01,-1.0755409813187464044e-02
1.5976022722722721170e+01,-1.0677661796712709444e-02
1.6006052652652652313e+01,-1.0598778010564361557e-02
1.6036082582582579903e+01,-1.0518775314829531542e-02
1.6066112512512511046e+01,-1.0437670448451497746e-02
1.6096142442442442189e+01,-1.0355480025456855614e-02
1.6126172372372369779e+01,-1.0272220536118582129e-02
1.6156202302302300922e+01,-1.0187908348106126249e-02
1.6186232232232232064e+01,-1.0102559707622775151e-02
1.6216262162162159655e+01,-1.0016190740530318826e-02
1.6246292092092090797e+01,-9.9288174534612177319e-03
1.6276322022022021940e+01,-9.8404557541321609204e-03
1.6306351951951949530e+01,-9.7511220649502960978e-03
1.6336381881881880673e+01,-9.6608334466933148965e-03
1.6366411811811811816e+01,-9.5696068799421309115e-03
1.6396441741741739406e+01,-9.4774592208785469333e-03
1.6426471671671670549e+01,-9.3844072024223349621e-03
1.6456501601601601692e+01,-9.2904674353559407035e-03
1.6486531531531529282e+01,-9.1956564094368073436e-03
1.6516561461461460425e+01,-9.0999904944975562593e-03
1.6546591391391391568e+01,-9.0034859415343091588e-03
1.6576621321321319158e+01,-8.9061588837830493043e-03
1.6606651251251250301e+01,-8.8080254974239099303e-03
1.6636681181181181444e+01,-8.7091026556554845817e-03
1.6666711111111109034e+01,-8.6094073687220541019e-03
1.6696741041041040177e+01,-8.5089565246020404388e-03
1.6726770970970971320e+01,-8.4077668899965075922e-03
1.6756800900900898910e+01,-8.3058551114158305634e-03
1.6786830830830830052e+01,-8.2032377162547000238e-03
1.6816860760760761195e+01,-8.0999311138557367890e-03
1.6846890690690688785e+01,-7.9959515965615790556e-03
1.6876920620620619928e+01,-7.8913153407557997537e-03
1.6906950550550551071e+01,-7.7860384093278488596e-03
1.6936980480480478661e+01,-7.6801370375029808305e-03
1.6967010410410409804e+01,-7.5736279747679697769e-03
1.6997040340340340947e+01,-7.4665279359477330912e-03
1.7027070270270268537e+01,-7.3588535179502541361e-03
1.7057100200200199680e+01,-7.2506212008045271486e-03
1.7087130130130130823e+01,-7.1418473486876844075e-03
1.7117160060060058413e+01,-7.0325482109412033177e-03
1.7147189989989989556e+01,-6.9227399230764154539e-03
1.7177219919919917146e+01,-6.8124385077696306828e-03
1.7207249849849848289e+01,-6.7016598758465927357e-03
1.7237279779779779432e+01,-6.5904198301382031083e-03
1.7267309709709707022e+01,-6.4787343208869054706e-03
1.7297339639639638165e+01,-6.3666196439921057468e-03
1.7327369569569569308e+01,-6.2540920292597050600e-03
1.7357399499499496898e+01,-6.1411675941792538691e-03
1.7387429429429428041e+01,-6.0278623448938280574e-03
1.7417459359359359183e+01,-5.9141921771599815366e-03
1.7447489289289286774e+01,-5.8001728772976738832e-03
1.7477519219219217916e+01,-5.6858201231304002568e-03
1.7507549149149149059e+01,-5.5711494849157681963e-03
1.7537579079079076649e+01,-5.4561764262663955266e-03
1.7567609009009007792e+01,-5.3409163053488714276e-03
1.7597638938938938935e+01,-5.2253845069324452582e-03
1.7627668868868866525e+01,-5.1095966496384377653e-03
1.7657698798798797668e+01,-4.9935682996600488232e-03
1.7687728728728728811e+01,-4.8773149174784358878e-03
1.7717758658658656401e+01,-4.7608518587585251999e-03
1.7747788588588587544e+01,-4.6441943752357339043e-03
1.7777818518518518687e+01,-4.5273576155938346707e-03
1.7807848448448446277e+01,-4.4103566263338118969e-03
1.7837878378378377420e+01,-4.2932063526339367399e-03
1.7867908308308308563e+01,-4.1759216392012969005e-03
1.7897938238238236153e+01,-4.0585172311146302387e-03
1.7927968168168167296e+01,-3.9410077989779617597e-03
1.7957998098098098438e+01,-3.8234080955783806416e-03
1.7988028028028026029e+01,-3.7057328562144558823e-03
1.8018057957957957171e+01,-3.5879967183389369252e-03
1.8048087887887888314e+01,-3.4702142219845059749e-03
1.8078117817817815904e+01,-3.3523998105728660367e-03
1.8108147747747747047e+01,-3.2345678317157828749e-03
1.8138177677677678190e+01,-3.1167325380082894909e-03
1.8168207607607605780e+01,-2.9989080878139048013e-03
1.8198237537537536923e+01,-2.8811085460420759845e-03
1.8228267467467468066e+01,-2.7633478849180574330e-03
1.8258297397397395656e+01,-2.6456399848488816769e-03
1.8288327327327326799e+01,-2.5279986508320744822e-03
1.8318357257257257942e+01,-2.4104376297982140973e-03
1.8348387187187185532e+01,-2.2929705826845382839e-03
1.8378417117117116675e+01,-2.1756110811415561856e-03
1.8408447047047044265e+01,-2.0583726082614192503e-03
1.8438476976976975408e+01,-1.9412685592989683669e-03
1.8468506906906906551e+01,-1.8243122423859457586e-03
1.8498536836836834141e+01,-1.7075168792381237824e-03
1.8528566766766765284e+01,-1.5908956058555462267e-03
1.8558596696696696426e+01,-1.4744614732161034996e-03
1.8588626626626624017e+01,-1.3582274479622560934e-03
1.8618656556556555159e+01,-1.2422064107226924411e-03
1.8648686486486486302e+01,-1.1264110833139927628e-03
1.8678716416416413892e+01,-1.0108540155829767986e-03
1.8708746346346345035e+01,-8.9554767154317849696e-04
1.8738776276276276178e+01,-7.8050443531107614650e-04
1.8768806206206203768e+01,-6.6573661174522456938e-04
1.8798836136136134911e+01,-5.5125642707926233131e-04
1.8828866066066066054e+01,-4.3707602954898202305e-04
1.8858895995995993644e+01,-3.2320749001328802699e-04
1.8888925925925924787e+01,-2.0966280256923234431e-04
1.8918955855855855930e+01,-9.6453885161312905580e-05
1.8948985785785783520e+01,1.6407419815143424078e-05
1.8979015715715714663e+01,1.2890934937091175325e-04
1.9009045645645645806e+01,2.4104037851087681266e-04
1.9039075575575573396e+01,3.5278926203530176818e-04
1.9069105505505504539e+01,4.6414483888915247269e-04
1.9099135435435435681e+01,5.7509601821230274359e-04
1.9129165365365363272e+01,6.8563177878859591762e-04
1.9159195295295294414e+01,7.9574116850008745540e-04
1.9189225225225225557e+01,9.0541330378629536740e-04
1.9219255155155153147e+01,1.0146373691086371920e-03
1.9249285085085084290e+01,1.1234026164198783731e-03
1.9279315015015015433e+01,1.2316983646384256114e-03
1.9309344944944943023e+01,1.3395139991276381209e-03
1.9339374874874874166e+01,1.4468389715277152514e-03
1.9369404804804805309e+01,1.5536629479420880316e-03
1.9399434734734732899e+01,1.6599760385526728459e-03
1.9429464664664664042e+01,1.7657684744021443293e-03
1.9459494594594595185e+01,1.8710305468350371932e-03
1.9489524524524522775e+01,1.9757526070332070110e-03
1.9519554454454453918e+01,2.0799250655555876974e-03
1.9549584384384381508e+01,2.1835383918820563780e-03
1.9579614314314312651e+01,2.2865831139616907969e-03
1.9609644244244243794e+01,2.3890498177649875308e-03
1.9639674174174171384e+01,2.4909291468403118447e-03
1.9669704104104102527e+01,2.5922118018744107031e-03
1.9699734034034033670e+01,2.6928885402568367158e-03
1.9729763963963961260e+01,2.7929502122929230311e-03
1.9759793893893892403e+01,2.8923881640820076067e-03
1.9789823823823823545e+01,2.9911940849948158438e-03
1.9819853753753751135e+01,3.0893597199408034427e-03
1.9849883683683682278e+01,3.1868768637843677624e-03
1.9879913613613613421e+01,3.2837373609674808464e-03
1.9909943543543541011e+01,3.3799331051358387328e-03
1.9939973473473472154e+01,3.4754560387683882706e-03
1.9970003403403403297e+01,3.5702981528100852932e-03
2.0000033333333330887e+01,3.6644514863080836393e-03
2.0030063263263262030e+01,3.7579081260511785177e-03
2.0060093193193193173e+01,3.8506602062123918874e-03
2.0090123123123120763e+01,3.9426999079948650898e-03
2.0120153053053051906e+01,4.0340195809172030295e-03
2.0150182982982983049e+01,4.1246122386264438484e-03
2.0180212912912910639e+01,4.2144711324610430181e-03
2.0210242842842841782e+01,4.3035895539504792628e-03
2.0240272772772772925e+01,4.3919608344368896852e-03
2.0270302702702700515e+01,4.4795783447801841223e-03
2.0300332632632631658e+01,4.5664354950657902107e-03
2.0330362562562562800e+01,4.6525257343148981870e-03
2.0360392492492490391e+01,4.7378425501973476727e-03
2.0390422422422421533e+01,4.8223794687470619008e-03
2.0420452352352352676e+01,4.9061300540799036157e-03
2.0450482282282280266e+01,4.9890879081140992318e-03
2.0480512212212211409e+01,5.0712466702931262991e-03
2.0510542142142142552e+01,5.1526001644057141046e-03
2.0540572072072070142e+01,5.2331429644207477780e-03
2.0570602002002001285e+01,5.3128698923582875352e-03
2.0600631931931932428e+01,5.3917758004793942678e-03
2.0630661861861860018e+01,5.4698555710172612823e-03
2.0660691791791791161e+01,5.5471041159594249720e-03
2.0690721721721722304e+01,5.6235163768317830701e-03
2.0720751651651649894e+01,5.6990873244845818152e-03
2.0750781581581581037e+01,5.7738119588802531978e-03
2.0780811511511508627e+01,5.8476853088830042793e-03
2.0810841441441439770e+01,5.9207024320503667467e-03
2.0840871371371370913e+01,5.9928584144264048644e-03
2.0870901301301298503e+01,6.0641483703368151414e-03
2.0900931231231229646e+01,6.1345675101453977715e-03
2.0930961161161160788e+01,6.2041117759918888025e-03
2.0960991091091088379e+01,6.2727775498578131411e-03
2.0991021021021019521e+01,6.3405612398710056374e-03
2.1021050950950950664e+01,6.4074592746841607313e-03
2.1051080880880878254e+01,6.4734681033284582202e-03
2.1081110810810809397e+01,6.5385841950684519056e-03
2.1111140740740740540e+01,6.6028040392581092283e-03
2.1141170670670668130e+01,6.6661241451981588860e-03
2.1171200600600599273e+01,6.7285410419946336744e-03
2.1201230530530530416e+01,6.7900512784185816650e-03
2.1231260460460458006e+01,6.8506514227670090370e-03
2.1261290390390389149e+01,6.9103380627249973156e-03
2.1291320320320320292e+01,6.9691078070776247763e-03
2.1321350250250247882e+01,7.0269576513689417652e-03
2.1351380180180179025e+01,7.0838854158407809150e-03
2.1381410110110110168e+01,7.1398890403942200447e-03
2.1411440040040037758e+01,7.1949664764876467699e-03
2.1441469969969968901e+01,7.2491156870558319178e-03
2.1471499899899900043e+01,7.3023346464296508621e-03
2.1501529829829827634e+01,7.3546213402564996134e-03
2.1531559759759758776e+01,7.4059737654214299538e-03
2.1561589689689689919e+01,7.4563899299688258041e-03
2.1591619619619617509e+01,7.5058678530248376659e-03
2.1621649549549548652e+01,7.5544055647204311557e-03
2.1651679479479479795e+01,7.6020011061150487633e-03
2.1681709409409407385e+01,7.6486525291209351424e-03
2.1711739339339338528e+01,7.6943579168835185209e-03
2.1741769269269269671e+01,7.7391159660800314807e-03
2.1771799199199197261e+01,7.7829260673545029581e-03
2.1801829129129128404e+01,7.8257876520809160209e-03
2.1831859059059059547e+01,7.8677001547618335975e-03
2.1861888988988987137e+01,7.9086630130069321409e-03
2.1891918918918918280e+01,7.9486756675117183069e-03
2.1921948848848845870e+01,7.9877375620363271630e-03
2.1951978778778777013e+01,8.0258481433846430575e-03
2.1982008708708708156e+01,8.0630068613834326302e-03
2.2012038638638635746e+01,8.0992131688617692575e-03
2.2042068568568566889e+01,8.1344665216305789279e-03
2.2072098498498498031e+01,8.1687663784623387730e-03
2.2102128428428425622e+01,8.2021122010709664185e-03
2.2132158358358356764e+01,8.2345034720983627946e-03
2.2162188288288287907e+01,8.2659402752687204108e-03
2.2192218218218215497e+01,8.2964234163183242510e-03
2.2222248148148146640e+01,8.3259537398099568717e-03
2.2252278078078077783e+01,8.3545320857473740622e-03
2.2282308008008005373e+01,8.3821592896060250627e-03
2.2312337937937936516e+01,8.4088361823635455333e-03
2.2342367867867867659e+01,8.4345635905299573554e-03
2.2372397797797795249e+01,8.4593423361776620001e-03
2.2402427727727726392e+01,8.4831732369711997099e-03
2.2432457657657657535e+01,8.5060571061967293893e-03
2.2462487587587585125e+01,8.5279947527912951244e-03
2.2492517517517516268e+01,8.5489869813718966790e-03
2.2522547447447447411e+01,8.5690345922642355975e-03
2.2552577377377375001e+01,8.5881383820750004793e-03
2.2582607307307306144e+01,8.6062994776045943085e-03
2.2612637237237237287e+01,8.6235199016612574391e-03
2.2642667167167164877e+01,8.6398018168811381579e-03
2.2672697097097096020e+01,8.6551473744427755846e-03
2.2702727027027027162e+01,8.6695587141428481076e-03
2.2732756956956954753e+01,8.6830379644713701764e-03
2.2762786886886885895e+01,8.6955872426862697994e-03
2.2792816816816817038e+01,8.7072086548873744993e-03
2.2822846746746744628e+01,8.7179042960898317505e-03
2.2852876676676675771e+01,8.7276762502969205265e-03
2.2882906606606606914e+01,8.7365265905723302892e-03
2.2912936536536534504e+01,8.7444573791118224149e-03
2.2942966466466465647e+01,8.7514706673143798782e-03
2.2972996396396396790e+01,8.7575684958527619250e-03
2.3003026326326324380e+01,8.7627529349779877815e-03
2.3033056256256255523e+01,8.7670267490035265479e-03
2.3063086186186186666e+01,8.7703932880804601202e-03
2.3093116116116114256e+01,8.7728559041320899187e-03
2.3123146046046045399e+01,8.7744179316692032244e-03
2.3153175975975972989e+01,8.7750826879030036781e-03
2.3183205905905904132e+01,8.7748534728571345176e-03
2.3213235835835835275e+01,8.7737335694788726181e-03
2.3243265765765762865e+01,8.7717262437494274152e-03
2.3273295695695694008e+01,8.7688347447934036905e-03
2.3303325625625625150e+01,8.7650623049874195475e-03
2.3333355555555552741e+01,8.7604121400678639647e-03
2.3363385485485483883e+01,8.7548874492378546408e-03
2.3393415415415415026e+01,8.7484914152733423559e-03
2.3423445345345342616e+01,8.7412272046284260341e-03
2.3453475275275273759e+01,8.7330980448496846325e-03
2.3483505205205204902e+01,8.7241079264464838072e-03
2.3513535135135132492e+01,8.7142612709153778605e-03
2.3543565065065063635e+01,8.7035624827227816430e-03
2.3573594994994994778e+01,8.6920159438920660544e-03
2.3603624924924922368e+01,8.6796260141463153770e-03
2.3633654854854853511e+01,8.6663970310500194894e-03
2.3663684784784784654e+01,8.6523333101496697345e-03
2.3693714714714712244e+01,8.6374391451132792596e-03
2.3723744644644643387e+01,8.6217188078688711955e-03
2.3753774574574574530e+01,8.6051765487418774292e-03
2.3783804504504502120e+01,8.5878165965915433805e-03
2.3813834434434433263e+01,8.5696431589462537803e-03
2.3843864364364364405e+01,8.5506604221378627179e-03
2.3873894294294291996e+01,8.5308725514350227520e-03
2.3903924224224223138e+01,8.5102837281164772643e-03
2.3933954154154154281e+01,8.4888987529098507145e-03
2.3963984084084081871e+01,8.4667229443196843908e-03
2.3994014014014013014e+01,8.4437616113247574573e-03
2.4024043943943944157e+01,8.4200200363590566727e-03
2.4054073873873871747e+01,8.3955034754774910538e-03
2.4084103803803802890e+01,8.3702171585203384574e-03
2.4114133733733734033e+01,8.3441662892764709158e-03
2.4144163663663661623e+01,8.3173560456453830142e-03
2.4174193593593592766e+01,8.2897915797979660618e-03
2.4204223523523523909e+01,8.2614780183361442856e-03
2.4234253453453451499e+01,8.2324204624512793693e-03
2.4264283383383382642e+01,8.2026239880814057898e-03
2.4294313313313310232e+01,8.1720936460673264390e-03
2.4324343243243241375e+01,8.1408344623075112878e-03
2.4354373173173172518e+01,8.1088514382980144551e-03
2.4384403103103100108e+01,8.0761498201007662912e-03
2.4414433033033031251e+01,8.0427355669807978900e-03
2.4444462962962962393e+01,8.0086147346238797939e-03
2.4474492892892889984e+01,7.9737933489947392107e-03
2.4504522822822821126e+01,7.9382774065191764878e-03
2.4534552752752752269e+01,7.9020728742648510545e-03
2.4564582682682679859e+01,7.8651856901207316264e-03
2.4594612612612611002e+01,7.8276217629752089383e-03
2.4624642542542542145e+01,7.7893869728929655480e-03
2.4654672472472469735e+01,7.7504871712904830142e-03
2.4684702402402400878e+01,7.7109281811103096149e-03
2.4714732332332332021e+01,7.6707157969940565137e-03
2.4744762262262259611e+01,7.6298557854541293119e-03
2.4774792192192190754e+01,7.5883538850441741713e-03
2.4804822122122121897e+01,7.5462158065283634067e-03
2.4834852052052049487e+01,7.5034472430906828944e-03
2.4864881981981980630e+01,7.4600542732005973787e-03
2.4894911911911911773e+01,7.4160434952027657132e-03
2.4924941841841839363e+01,7.3714215137042965117e-03
2.4954971771771770506e+01,7.3261949015212815203e-03
2.4985001701701701649e+01,7.2803701998698676021e-03
2.5015031631631629239e+01,7.2339539185559348713e-03
2.5045061561561560382e+01,7.1869525361633775085e-03
2.5075091491491491524e+01,7.1393725002410991440e-03
2.5105121421421419114e+01,7.0912202274886083214e-03
2.5135151351351350257e+01,7.0425021039402903658e-03
2.5165181281281281400e+01,6.9932244851484024958e-03
2.5195211211211208990e+01,6.9433936963647115148e-03
2.5225241141141140133e+01,6.8930160327208504084e-03
2.5255271071071071276e+01,6.8420977594074042574e-03
2.5285301001000998866e+01,6.7906451118517089857e-03
2.5315330930930930009e+01,6.7386643020337280013e-03
2.5345360860860861152e+01,6.6861618426360324915e-03
2.5375390790790788742e+01,6.6331447060346522895e-03
2.5405420720720719885e+01,6.5796198714693681156e-03
2.5435450650650647475e+01,6.5255942852202996479e-03
2.5465480580580578618e+01,6.4710748608021980213e-03
2.5495510510510509761e+01,6.4160684791574563654e-03
2.5525540440440437351e+01,6.3605819888476857263e-03
2.5555570370370368494e+01,6.3046222062439587208e-03
2.5585600300300299637e+01,6.2481959157157382703e-03
2.5615630230230227227e+01,6.1913098698184601890e-03
2.5645660160160158370e+01,6.1339707894797661572e-03
2.5675690090090089512e+01,6.0761853641845059090e-03
2.5705720020020017103e+01,6.0179602521583759264e-03
2.5735749949949948245e+01,5.9593020805502744386e-03
2.5765779879879879388e+01,5.9002174456134334410e-03
2.5795809809809806978e+01,5.8407129128852505393e-03
2.5825839739739738121e+01,5.7807951339009511216e-03
2.5855869669669669264e+01,5.7204712008588776834e-03
2.5885899599599596854e+01,5.6597482923100451285e-03
2.5915929529529527997e+01,5.5986335535330375435e-03
2.5945959459459459140e+01,5.5371340967266032690e-03
2.5975989389389386730e+01,5.4752570012008274988e-03
2.6006019319319317873e+01,5.4130093135670159787e-03
2.6036049249249249016e+01,5.3503980479262941428e-03
2.6066079179179176606e+01,5.2874301860568757166e-03
2.6096109109109107749e+01,5.2241126775999973189e-03
2.6126139039039038892e+01,5.1604524402446717152e-03
2.6156168968968966482e+01,5.0964563599110801820e-03
2.6186198898898897625e+01,5.0321312909327167370e-03
2.6216228828828828767e+01,4.9674840562373293387e-03
2.6246258758758756358e+01,4.9025214475265782577e-03
2.6276288688688687500e+01,4.8372502254544350389e-03
2.6306318618618618643e+01,4.7716771228891469853e-03
2.6336348548548546233e+01,4.7058090378753738778e-03
2.6366378478478477376e+01,4.6396531468084790950e-03
2.6396408408408408519e+01,4.5732166208177181532e-03
2.6426438338338336109e+01,4.5065065984364284166e-03
2.6456468268268267252e+01,4.4395301857869948550e-03
2.6486498198198198395e+01,4.3722944567646396599e-03
2.6516528128128125985e+01,4.3048064532198761223e-03
2.6546558058058057128e+01,4.2370731851397430007e-03
2.6576587987987988271e+01,4.1691016308278558075e-03
2.6606617917917915861e+01,4.1008987370832004210e-03
2.6636647847847847004e+01,4.0324714193776863697e-03
2.6666677777777774594e+01,3.9638265620325985675e-03
2.6696707707707705737e+01,3.8949710183937306593e-03
2.6726737637637636880e+01,3.8259116110054627868e-03
2.6756767567567564470e+01,3.7566551317835851498e-03
2.6786797497497495613e+01,3.6872083421869519294e-03
2.6816827427427426755e+01,3.6175779755614608998e-03
2.6846857357357354346e+01,3.5477708670825329473e-03
2.6876887287287285488e+01,3.4777940266626111189e-03
2.6906917217217216631e+01,3.4076544506743480789e-03
2.6936947147147144221e+01,3.3373591042915309521e-03
2.6966977077077075364e+01,3.2669149216627609705e-03
2.6997007007007006507e+01,3.1963288060840623628e-03
2.7027036936936934097e+01,3.1256076301702539512e-03
2.7057066866866865240e+01,3.0547582360251905771e-03
2.7087096796796796383e+01,2.9837874354109411405e-03
2.7117126726726723973e+01,2.9127020099157657773e-03
2.7147156656656655116e+01,2.8415087111209828136e-03
2.7177186586586586259e+01,2.7702142607668000900e-03
2.7207216516516513849e+01,2.6988253509169822866e-03
2.7237246446446444992e+01,2.6273486441224140966e-03
2.7267276376376376135e+01,2.5557907735836663671e-03
2.7297306306306303725e+01,2.4841583433124181900e-03
2.7327336236236234868e+01,2.4124579282918212457e-03
2.7357366166166166010e+01,2.3406961045195242947e-03
2.7387396096096093601e+01,2.2688795357612384467e-03
2.7417426026026024743e+01,2.1970148850269364572e-03
2.7447455955955955886e+01,2.1251087861669376577e-03
2.7477485885885883476e+01,2.0531678440312314642e-03
2.7507515815815814619e+01,1.9811986346277461746e-03
2.7537545745745745762e+01,1.9092077052796638855e-03
2.7567575675675673352e+01,1.8372015747816264862e-03
2.7597605605605604495e+01,1.7651867335549300923e-03
2.7627635535535535638e+01,1.6931696438017731880e-03
2.7657665465465463228e+01,1.6211567396584320583e-03
2.7687695395395394371e+01,1.5491544273474357196e-03
2.7717725325325325514e+01,1.4771690853288257841e-03
2.7747755255255253104e+01,1.4052070644503633461e-03
2.7777785185185184247e+01,1.3332746880967574852e-03
2.7807815115115111837e+01,1.2613782523380123127e-03
2.7837845045045042980e+01,1.1895240260766876475e-03
2.7867874974974974123e+01,1.1177182511525767840e-03
2.7897904904904901713e+01,1.0459671402734129712e-03
2.7927934834834832856e+01,9.7427687606615445606e-04
2.7957964764764763999e+01,9.0265361432097072653e-04
2.7987994694694691589e+01,8.3110348440842442535e-04
2.8018024624624622732e+01,7.5963258942103053205e-04
2.8048054554554553874e+01,6.8824700631398125130e-04
2.8078084484484481465e+01,6.1695278604489316773e-04
2.8108114414414412607e+01,5.4575595371265494659e-04
2.8138144344344343750e+01,4.7466250869546659915e-04
2.8168174274274271340e+01,4.0367842478791613912e-04
2.8198204204204202483e+01,3.3280965033718226372e-04
2.8228234134134133626e+01,2.6206210837844329037e-04
2.8258264064064061216e+01,1.9144169676934573768e-04
2.8288293993993992359e+01,1.2095428832361867718e-04
2.8318323923923923502e+01,5.0605730943910684884e-05
2.8348353853853851092e+01,-1.9598152246290194786e-05
2.8378383783783782235e+01,-8.9651562771576125111e-05
2.8408413713713713378e+01,-1.5954872791894720305e-04
2.8438443643643640968e+01,-2.2928396781069697394e-04
2.8468473573573572111e+01,-2.9885172913558344203e-04
2.8498503503503503254e+01,-3.6824649042177759429e-04
2.8528533433433430844e+01,-4.3746275344567136590e-04
2.8558563363363361987e+01,-5.0649504310967255125e-04
2.8588593293293293129e+01,-5.7533790732069533917e-04
2.8618623223223220720e+01,-6.4398591686949061691e-04
2.8648653153153151862e+01,-7.1243366531073396876e-04
2.8678683083083083005e+01,-7.8067576884379525845e-04
2.8708713013013010595e+01,-8.4870686619432824781e-04
2.8738742942942941738e+01,-9.1652161849660256868e-04
2.8768772872872872881e+01,-9.8411470917650172019e-04
2.8798802802802800471e+01,-1.0514808438353245683e-03
2.8828832732732731614e+01,-1.1186147501343107671e-03
2.8858862662662662757e+01,-1.1855111776798185445e-03
2.8888892592592590347e+01,-1.2521648979092897275e-03
2.8918922522522521490e+01,-1.3185707039779245939e-03
2.8948952452452452633e+01,-1.3847234106459892482e-03
2.8978982382382380223e+01,-1.4506179106047768779e-03
2.9009012312312311366e+01,-1.5162493475726120801e-03
2.9039042242242238956e+01,-1.5816129438761164071e-03
2.9069072172172170099e+01,-1.6467039415843415413e-03
2.9099102102102101242e+01,-1.7115176024068300045e-03
2.9129132032032028832e+01,-1.7760492075924001146e-03
2.9159161961961959975e+01,-1.8402940578285545761e-03
2.9189191891891891117e+01,-1.9042474731414389764e-03
2.9219221821821818708e+01,-1.9679047927964950400e-03
2.9249251751751749850e+01,-2.0312613751997123622e-03
2.9279281681681680993e+01,-2.0943125977994307002e-03
2.9309311611611608583e+01,-2.1570538569888101331e-03
2.9339341541541539726e+01,-2.2194805680088970992e-03
2.9369371471471470869e+01,-2.2815881648522236443e-03
2.9399401401401398459e+01,-2.3433721001670584916e-03
2.9429431331331329602e+01,-2.4048278451622500870e-03
2.9459461261261260745e+01,-2.4659508895125796524e-03
2.9489491191191188335e+01,-2.5267367412647656275e-03
2.9519521121121119478e+01,-2.5871809286641786647e-03
2.9549551051051050621e+01,-2.6472791654564699175e-03
2.9579580980980978211e+01,-2.7070274774004979106e-03
2.9609610910910909354e+01,-2.7664219363503100325e-03
2.9639640840840840497e+01,-2.8254586300794121319e-03
2.9669670770770768087e+01,-2.8841336622002313773e-03
2.9699700700700699230e+01,-2.9424431520840635401e-03
2.9729730630630630372e+01,-3.0003832347814348748e-03
2.9759760560560557963e+01,-3.0579500609430217140e-03
2.9789790490490489105e+01,-3.1151397967410384381e-03
2.9819820420420420248e+01,-3.1719486237910396106e-03
2.9849850350350347838e+01,-3.2283727390742642145e-03
2.9879880280280278981e+01,-3.2844083548604361203e-03
2.9909910210210210124e+01,-3.3400516986309739496e-03
2.9939940140140137714e+01,-3.3952990130027326313e-03
2.9969970070070068857e+01,-3.4501465556521821072e-03
3.0000000000000000000e+01,-3.5045905992400058424e-03
