1.0000000000000000479e-04,-4.2716314743708252339e-16
1.0384722771622945103e-01,-3.1951557692205024587e-07
2.0759445543245888532e-01,-2.4856535448658678015e-06
3.1134168314868831962e-01,-8.1659559392876690975e-06
4.1508891086491778166e-01,-1.8844930916361972439e-05
5.1883613858114718820e-01,-3.5834642756558185829e-05
6.2258336629737665024e-01,-6.0284875557272619680e-05
7.2633059401360611229e-01,-9.3192883735402671933e-05
8.3007782172983557434e-01,-1.3541274218831499425e-04
9.3382504944606503638e-01,-1.8766430860100481465e-04
1.0375722771622943874e+00,-2.5054181009924242005e-04
1.1413195048785238495e+00,-3.2452206615377797915e-04
1.2450667325947533115e+00,-4.0997235928197020690e-04
1.3488139603109827735e+00,-5.0715796486244032071e-04
1.4525611880272122356e+00,-6.1624935123430566591e-04
1.5563084157434416976e+00,-7.3732906022855304855e-04
1.6600556434596711597e+00,-8.7039827981378421404e-04
1.7638028711759006217e+00,-1.0153831169527219400e-03
1.8675500988921300838e+00,-1.1721405837871855943e-03
1.9712973266083595458e+00,-1.3404643028322598981e-03
2.0750445543245890079e+00,-1.5200899435563650607e-03
2.1787917820408186920e+00,-1.7107003997771134344e-03
2.2825390097570479320e+00,-1.9119307139416025047e-03
2.3862862374732776161e+00,-2.1233727581646422850e-03
2.4900334651895068561e+00,-2.3445796840384602704e-03
2.5937806929057365402e+00,-2.5750701427053128943e-03
2.6975279206219657802e+00,-2.8143322910104784200e-03
2.8012751483381954642e+00,-3.0618275815777235178e-03
2.9050223760544247043e+00,-3.3169943567967910894e-03
3.0087696037706543883e+00,-3.5792512413366172307e-03
3.1125168314868836283e+00,-3.8480003490657288708e-03
3.2162640592031133124e+00,-4.1226303182465597053e-03
3.3200112869193425524e+00,-4.4025191459175754688e-03
3.4237585146355717924e+00,-4.6870368863727506978e-03
3.5275057423518014765e+00,-4.9755481694867204415e-03
3.6312529700680307165e+00,-5.2674145641801702403e-03
3.7350001977842604006e+00,-5.5619967984034601391e-03
3.8387474255004896406e+00,-5.8586568341987476857e-03
3.9424946532167193247e+00,-6.1567598021208414655e-03
4.0462418809329481206e+00,-6.4556758043409784992e-03
4.1499891086491773606e+00,-6.7547815992217178846e-03
4.2537363363654074888e+00,-7.0534621553357710819e-03
4.3574835640816367288e+00,-7.3511120737468956671e-03
4.4612307917978659688e+00,-7.6471369509664060063e-03
4.5649780195140952088e+00,-7.9409545562241154459e-03
4.6687252472303253370e+00,-8.2319959896430296153e-03
4.7724724749465545770e+00,-8.5197066783475310786e-03
4.8762197026627838170e+00,-8.8035473050267157996e-03
4.9799669303790130570e+00,-9.0829946572842483465e-03
5.0837141580952422970e+00,-9.3575423728938858514e-03
5.1874613858114724252e+00,-9.6267016082022816015e-03
5.2912086135277016652e+00,-9.8900016328866378890e-03
5.3949558412439309052e+00,-1.0146990350831334299e-02
5.4987030689601601452e+00,-1.0397234748438132640e-02
5.6024502966763902734e+00,-1.0640321276441848039e-02
5.7061975243926195134e+00,-1.0875856168412358430e-02
5.8099447521088487534e+00,-1.1103465698903232026e-02
5.9136919798250779934e+00,-1.1322796383786037228e-02
6.0174392075413081216e+00,-1.1533515126936746964e-02
6.1211864352575373616e+00,-1.1735309316855018977e-02
6.2249336629737666016e+00,-1.1927886873729807646e-02
6.3286808906899958416e+00,-1.2110976247796246055e-02
6.4324281184062259697e+00,-1.2284326378820620632e-02
6.5361753461224552098e+00,-1.2447706619104204756e-02
6.6399225738386844498e+00,-1.2600906600750316072e-02
6.7436698015549136898e+00,-1.2743736085255008214e-02
6.8474170292711429298e+00,-1.2876024786955124132e-02
6.9511642569873730579e+00,-1.2997622112893134419e-02
7.0549114847036022979e+00,-1.3108396967586897347e-02
7.1586587124198315379e+00,-1.3208237414939724350e-02
7.2624059401360607779e+00,-1.3297050429687937503e-02
7.3661531678522909061e+00,-1.3374761520104309215e-02
7.4699003955685201461e+00,-1.3441314432729693437e-02
7.5736476232847493861e+00,-1.3496670714846800351e-02
7.6773948510009786261e+00,-1.3540809423851619606e-02
7.7811420787172087543e+00,-1.3573726596402950831e-02
7.8848893064334379943e+00,-1.3595434972343981364e-02
7.9886365341496672343e+00,-1.3605963447842619324e-02
8.0923837618658964743e+00,-1.3605356661929638579e-02
8.1961309895821266025e+00,-1.3593674612262841156e-02
8.2998782172983549543e+00,-1.3570992072084224478e-02
8.4036254450145850825e+00,-1.3537398174395242137e-02
8.5073726727308152107e+00,-1.3492995986771002398e-02
8.6111199004470435625e+00,-1.3437901932381242018e-02
8.7148671281632736907e+00,-1.3372245304630487120e-02
8.8186143558795020425e+00,-1.3296167840194769022e-02
8.9223615835957321707e+00,-1.3209823195286364214e-02
9.0261088113119622989e+00,-1.3113376406380458303e-02
9.1298560390281906507e+00,-1.3007003395910789884e-02
9.2336032667444207789e+00,-1.2890890486479351928e-02
9.3373504944606509071e+00,-1.2765233925233942375e-02
9.4410977221768792589e+00,-1.2630239350594556560e-02
9.5448449498931093871e+00,-1.2486121287900532606e-02
9.6485921776093377389e+00,-1.2333102656562712485e-02
9.7523394053255678671e+00,-1.2171414279419180693e-02
9.8560866330417979952e+00,-1.2001294395025449008e-02
9.9598338607580263471e+00,-1.1822988174069477135e-02
1.0063581088474256475e+01,-1.1636747242924261672e-02
1.0167328316190484827e+01,-1.1442829203736015753e-02
1.0271075543906714955e+01,-1.1241497162658493914e-02
1.0374822771622945083e+01,-1.1033019267901480326e-02
1.0478569999339173435e+01,-1.0817668254298985417e-02
1.0582317227055403563e+01,-1.0595720994803353721e-02
1.0686064454771633692e+01,-1.0367458059331396969e-02
1.0789811682487862043e+01,-1.0133163281342644213e-02
1.0893558910204092172e+01,-9.8931233324880754609e-03
1.0997306137920320523e+01,-9.6476273056296905917e-03
1.1101053365636550652e+01,-9.3969663065000819113e-03
1.1204800593352780780e+01,-9.1414330542288237125e-03
1.1308547821069009132e+01,-8.8813214909404854941e-03
1.1412295048785239260e+01,-8.6169264005928596778e-03
1.1516042276501469388e+01,-8.3485430372104534047e-03
1.1619789504217697740e+01,-8.0764667626421135505e-03
1.1723536731933927868e+01,-7.8009926939689045594e-03
1.1827283959650156220e+01,-7.5224153608222134315e-03
1.1931031187366386348e+01,-7.2410283765231226241e-03
1.2034778415082616476e+01,-6.9571241176853669541e-03
1.2138525642798844828e+01,-6.6709934087795814267e-03
1.2242272870515074956e+01,-6.3829252190895340718e-03
1.2346020098231303308e+01,-6.0932063697816353162e-03
1.2449767325947533436e+01,-5.8021212510420243358e-03
1.2553514553663763564e+01,-5.5099515494221968856e-03
1.2657261781379991916e+01,-5.2169759855755452188e-03
1.2761009009096222044e+01,-4.9234700660956169302e-03
1.2864756236812452173e+01,-4.6297058611088470065e-03
1.2968503464528680524e+01,-4.3359517600280606670e-03
1.3072250692244910653e+01,-4.0424722408721113984e-03
1.3175997919961139004e+01,-3.7495276584247451759e-03
1.3279745147677369133e+01,-3.4573740436784788400e-03
1.3383492375393599261e+01,-3.1662629200425234863e-03
1.3487239603109827613e+01,-2.8764411451256662391e-03
1.3590986830826057741e+01,-2.5881507145014588656e-03
1.3694734058542286093e+01,-2.3016285898733251057e-03
1.3798481286258516221e+01,-2.0171065510285789493e-03
1.3902228513974746349e+01,-1.7348110648010698406e-03
1.4005975741690974701e+01,-1.4549631636244682309e-03
1.4109722969407204829e+01,-1.1777782943566631607e-03
1.4213470197123434957e+01,-9.0346620367753730559e-04
1.4317217424839663309e+01,-6.3223084643137378563e-04
1.4420964652555893437e+01,-3.6427028828225302979e-04
1.4524711880272121789e+01,-9.9776594761843875447e-05
1.4628459107988351917e+01,1.6106423792637257508e-04
1.4732206335704582045e+01,4.1807233151124187018e-04
1.4835953563420810397e+01,6.7107402522528932474e-04
1.4939700791137040525e+01,9.1990194906741437966e-04
1.5043448018853268877e+01,1.1643950207501987948e-03
1.5147195246569499005e+01,1.4043984729288374290e-03
1.5250942474285729133e+01,1.6397639972718265622e-03
1.5354689702001957485e+01,1.8703497007650081874e-03
1.5458436929718187614e+01,2.0960200460626030386e-03
1.5562184157434417742e+01,2.3166459880134258366e-03
1.5665931385150646094e+01,2.5321050142861952631e-03
1.5769678612866876222e+01,2.7422809599029159856e-03
1.5873425840583104574e+01,2.9470640884244813859e-03
1.5977173068299334702e+01,3.1463512635223019921e-03
1.6080920296015563054e+01,3.3400456396448061254e-03
1.6184667523731793182e+01,3.5280566866991184757e-03
1.6288414751448023310e+01,3.7103004743886396251e-03
1.6392161979164253438e+01,3.8866992441680360201e-03
1.6495909206880483566e+01,4.0571814206151954330e-03
1.6599656434596710142e+01,4.2216819683421284021e-03
1.6703403662312940270e+01,4.3801418156954059074e-03
1.6807150890029170398e+01,4.5325079662507606823e-03
1.6910898117745400526e+01,4.6787338243143633196e-03
1.7014645345461630654e+01,4.8187784561442735184e-03
1.7118392573177857230e+01,4.9526069806221616199e-03
1.7222139800894087358e+01,5.0801906173724943258e-03
1.7325887028610317486e+01,5.2015059260614674580e-03
1.7429634256326547614e+01,5.3165355847862505109e-03
1.7533381484042777743e+01,5.4252678127210208006e-03
1.7637128711759004318e+01,5.5276960481496209207e-03
1.7740875939475234446e+01,5.6238197595566584083e-03
1.7844623167191464574e+01,5.7136432395252989211e-03
1.7948370394907694703e+01,5.7971762776741547415e-03
1.8052117622623924831e+01,5.8744340077744264944e-03
1.8155864850340154959e+01,5.9454360661887412434e-03
1.8259612078056381534e+01,6.0102077802789803662e-03
1.8363359305772611663e+01,6.0687787079732038661e-03
1.8467106533488841791e+01,6.1211834419136980021e-03
1.8570853761205071919e+01,6.1674613396918397112e-03
1.8674600988921302047e+01,6.2076557384339306131e-03
1.8778348216637528623e+01,6.2418151920708934283e-03
1.8882095444353758751e+01,6.2699916825504388440e-03
1.8985842672069988879e+01,6.2922420826585249640e-03
1.9089589899786219007e+01,6.3086269129676653469e-03
1.9193337127502449135e+01,6.3192106498692075106e-03
1.9297084355218675711e+01,6.3240619598667413906e-03
1.9400831582934905839e+01,6.3232524989175016225e-03
1.9504578810651135967e+01,6.3168584350167525029e-03
1.9608326038367366095e+01,6.3049583607661411830e-03
1.9712073266083596224e+01,6.2876351874591451807e-03
1.9815820493799822799e+01,6.2649742011847637038e-03
1.9919567721516052927e+01,6.2370643693061373833e-03
2.0023314949232283055e+01,6.2039972941488599409e-03
2.0127062176948513184e+01,6.1658674543952855102e-03
2.0230809404664743312e+01,6.1227722746909117937e-03
2.0334556632380969887e+01,6.0748112879969754993e-03
2.0438303860097200015e+01,6.0220871856967121000e-03
2.0542051087813430144e+01,5.9647041393981227453e-03
2.0645798315529660272e+01,5.9027695324674481561e-03
2.0749545543245890400e+01,5.8363917686143577251e-03
2.0853292770962120528e+01,5.7656823581767472145e-03
2.0957039998678347104e+01,5.6907535198060842443e-03
2.1060787226394577232e+01,5.6117203532301410465e-03
2.1164534454110807360e+01,5.5286984532260698144e-03
2.1268281681827037488e+01,5.4418060071437391462e-03
2.1372028909543267616e+01,5.3511615267600870505e-03
2.1475776137259494192e+01,5.2568858166134897064e-03
2.1579523364975724320e+01,5.1590998373438907293e-03
2.1683270592691954448e+01,5.0579265613205810770e-03
2.1787017820408184576e+01,4.9534889317619295798e-03
2.1890765048124414704e+01,4.8459116533607037025e-03
2.1994512275840641280e+01,4.7353191955749607267e-03
2.2098259503556871408e+01,4.6218375685737715652e-03
2.2202006731273101536e+01,4.5055923281784697465e-03
2.2305753958989331664e+01,4.3867103675217971118e-03
2.2409501186705561793e+01,4.2653179112867407527e-03
2.2513248414421788368e+01,4.1415423132140161480e-03
2.2616995642138018496e+01,4.0155100774617001613e-03
2.2720742869854248625e+01,3.8873485930426259632e-03
2.2824490097570478753e+01,3.7571842846789381930e-03
2.2928237325286708881e+01,3.6251441513515205751e-03
2.3031984553002939009e+01,3.4913542023452389870e-03
2.3135731780719165585e+01,3.3559406334674169413e-03
2.3239479008435395713e+01,3.2190287136486871004e-03
2.3343226236151625841e+01,3.0807434481245296078e-03
2.3446973463867855969e+01,2.9412090386505980975e-03
2.3550720691584086097e+01,2.8005489520320481743e-03
2.3654467919300312673e+01,2.6588859821016440875e-03
2.3758215147016542801e+01,2.5163417599550694237e-03
2.3861962374732772929e+01,2.3730373095834094051e-03
2.3965709602449003057e+01,2.2290921834895445312e-03
2.4069456830165233185e+01,2.0846252555826627791e-03
2.4173204057881459761e+01,1.9397538014093503467e-03
2.4276951285597689889e+01,1.7945941723595138645e-03
2.4380698513313920017e+01,1.6492611642041023114e-03
2.4484445741030150145e+01,1.5038682986036311894e-03
2.4588192968746380274e+01,1.3585276351965704707e-03
2.4691940196462606849e+01,1.2133496528967087705e-03
2.4795687424178836977e+01,1.0684433704137572593e-03
2.4899434651895067105e+01,9.2391607445513562833e-04
2.5003181879611297234e+01,7.7987343892107151809e-04
2.5106929107327527362e+01,6.3641940369563827166e-04
2.5210676335043753937e+01,4.9365607149566407587e-04
2.5314423562759984065e+01,3.5168380375582457883e-04
2.5418170790476214194e+01,2.1060102115811194976e-04
2.5521918018192444322e+01,7.0504224399929642459e-05
2.5625665245908674450e+01,-6.8511923287871973726e-05
2.5729412473624904578e+01,-2.0635499425601644928e-04
2.5833159701341131154e+01,-3.4293427505804180682e-04
2.5936906929057361282e+01,-4.7816143658784357332e-04
2.6040654156773591410e+01,-6.1195004440831013946e-04
2.6144401384489821538e+01,-7.4421579236868900219e-04
2.6248148612206051666e+01,-8.7487679033775760454e-04
2.6351895839922278242e+01,-1.0038528483858472073e-03
2.6455643067638508370e+01,-1.1310665856387803248e-03
2.6559390295354738498e+01,-1.2564423475720722274e-03
2.6663137523070968626e+01,-1.3799069648836456096e-03
2.6766884750787198755e+01,-1.5013897064608784041e-03
2.6870631978503425330e+01,-1.6208215629436699152e-03
2.6974379206219655458e+01,-1.7381366456911387288e-03
2.7078126433935885586e+01,-1.8532706319648423968e-03
2.7181873661652115715e+01,-1.9661619302926325488e-03
2.7285620889368345843e+01,-2.0767514340761647137e-03
2.7389368117084572418e+01,-2.1849816802660742762e-03
2.7493115344800802546e+01,-2.2907985850687062959e-03
2.7596862572517032675e+01,-2.3941495287758815178e-03
2.7700609800233262803e+01,-2.4949846264532386797e-03
2.7804357027949492931e+01,-2.5932567025737829521e-03
2.7908104255665723059e+01,-2.6889199637737731460e-03
2.8011851483381949635e+01,-2.7819321870520721633e-03
2.8115598711098179763e+01,-2.8722526843615657326e-03
2.8219345938814409891e+01,-2.9598431240872042497e-03
2.8323093166530640019e+01,-3.0446683561944579838e-03
2.8426840394246870147e+01,-3.1266942808005847819e-03
2.8530587621963096723e+01,-3.2058902392178840850e-03
2.8634334849679326851e+01,-3.2822275913928938319e-03
2.8738082077395556979e+01,-3.3556792447152856626e-03
2.8841829305111787107e+01,-3.4262218234462132535e-03
2.8945576532828017235e+01,-3.4938329756528780333e-03
2.9049323760544243811e+01,-3.5584929713961192636e-03
2.9153070988260473939e+01,-3.6201850704556367069e-03
2.9256818215976704067e+01,-3.6788933041118523741e-03
2.9360565443692934195e+01,-3.7346052271401129243e-03
2.9464312671409164324e+01,-3.7873102679687790061e-03
2.9568059899125390899e+01,-3.8369990384486012992e-03
2.9671807126841621027e+01,-3.8836659466608886883e-03
2.9775554354557851156e+01,-3.9273063248671203837e-03
2.9879301582274081284e+01,-3.9679175050810885569e-03
2.9983048809990311412e+01,-4.0055001689051341826e-03
3.0086796037706537987e+01,-4.0400554539121533854e-03
3.0190543265422768116e+01,-4.0715872967440553190e-03
3.0294290493138998244e+01,-4.1001021828569808592e-03
3.0398037720855228372e+01,-4.1256069860981670755e-03
3.0501784948571458500e+01,-4.1481119341976674733e-03
3.0605532176287688628e+01,-4.1676289560846450921e-03
3.0709279404003915204e+01,-4.1841705664360318365e-03
3.0813026631720145332e+01,-4.1977528607127232232e-03
3.0916773859436375460e+01,-4.2083929196223652733e-03
3.1020521087152605588e+01,-4.2161087463693193086e-03
3.1124268314868835716e+01,-4.2209218421250197656e-03
3.1228015542585062292e+01,-4.2228541871011200312e-03
3.1331762770301292420e+01,-4.2219290305759264725e-03
3.1435509998017522548e+01,-4.2181728448406133336e-03
3.1539257225733752676e+01,-4.2116122621694588798e-03
3.1643004453449982805e+01,-4.2022754495707999658e-03
3.1746751681166209380e+01,-4.1901934632506670358e-03
3.1850498908882439508e+01,-4.1753973210801129806e-03
3.1954246136598669636e+01,-4.1579197283509736552e-03
3.2057993364314903317e+01,-4.1377959666303578898e-03
3.2161740592031129893e+01,-4.1150611513114812925e-03
3.2265487819747363574e+01,-4.0897521197399838710e-03
3.2369235047463590149e+01,-4.0619080338108329645e-03
3.2472982275179823830e+01,-4.0315677998243879335e-03
3.2576729502896050406e+01,-3.9987719691504126224e-03
3.2680476730612276981e+01,-3.9635632417773618286e-03
3.2784223958328510662e+01,-3.9259839955579781470e-03
3.2887971186044737237e+01,-3.8860780752521298896e-03
3.2991718413760970918e+01,-3.8438913719380830847e-03
3.3095465641477197494e+01,-3.7994694090460285826e-03
3.3199212869193424069e+01,-3.7528589085747627099e-03
3.3302960096909657750e+01,-3.7041085951773915393e-03
3.3406707324625884326e+01,-3.6532668095366422137e-03
3.3510454552342118006e+01,-3.6003827474246283269e-03
3.3614201780058344582e+01,-3.5455075940103056124e-03
3.3717949007774571157e+01,-3.4886921773586076698e-03
3.3821696235490804838e+01,-3.4299877877410596752e-03
3.3925443463207031414e+01,-3.3694476772780567950e-03
3.4029190690923265095e+01,-3.3071248265569355707e-03
3.4132937918639491670e+01,-3.2430722806822691491e-03
3.4236685146355718246e+01,-3.1773449398748523399e-03
3.4340432374071951926e+01,-3.1099975910980396342e-03
3.4444179601788178502e+01,-3.0410847488667488818e-03
3.4547926829504412183e+01,-2.9706625170680613264e-03
3.4651674057220638758e+01,-2.8987871332894449110e-03
3.4755421284936865334e+01,-2.8255143293460789448e-03
3.4859168512653099015e+01,-2.7509009800611855523e-03
3.4962915740369325590e+01,-2.6750044006959745879e-03
3.5066662968085559271e+01,-2.5978812885528996916e-03
3.5170410195801785846e+01,-2.5195889166094260700e-03
3.5274157423518012422e+01,-2.4401852753566338587e-03
3.5377904651234246103e+01,-2.3597277516969670901e-03
3.5481651878950472678e+01,-2.2782737377302058474e-03
3.5585399106666706359e+01,-2.1958814637068899481e-03
3.5689146334382932935e+01,-2.1126086865810404791e-03
3.5792893562099159510e+01,-2.0285127488582554642e-03
3.5896640789815393191e+01,-1.9436516607501575123e-03
3.6000388017531619766e+01,-1.8580831960107895874e-03
3.6104135245247853447e+01,-1.7718645211764710683e-03
3.6207882472964080023e+01,-1.6850530227914728605e-03
3.6311629700680313704e+01,-1.5977061193049528053e-03
3.6415376928396540279e+01,-1.5098805962772358230e-03
3.6519124156112766855e+01,-1.4216329806203526452e-03
3.6622871383829000536e+01,-1.3330199304054128270e-03
3.6726618611545227111e+01,-1.2440975551857890499e-03
3.6830365839261460792e+01,-1.1549214225995184727e-03
3.6934113066977687367e+01,-1.0655470359205441219e-03
3.7037860294693913943e+01,-9.7602949086042132230e-04
3.7141607522410147624e+01,-8.8642327467564042097e-04
3.7245354750126374199e+01,-7.9678247755111399845e-04
3.7349101977842607880e+01,-7.0716083514914566607e-04
3.7452849205558834456e+01,-6.1761150181441533142e-04
3.7556596433275061031e+01,-5.2818705940468565520e-04
3.7660343660991294712e+01,-4.3893957184469600558e-04
3.7764090888707521287e+01,-3.4992054683524135162e-04
3.7867838116423754968e+01,-2.6118092143791036457e-04
3.7971585344139981544e+01,-1.7277093731269372950e-04
3.8075332571856208119e+01,-8.4740151764467900653e-05
3.8179079799572441800e+01,2.8624223756220286678e-06
3.8282827027288668376e+01,8.9988409658655786269e-05
3.8386574255004902056e+01,1.7659039696250457643e-04
3.8490321482721128632e+01,2.6262159608510233068e-04
3.8594068710437355207e+01,3.4803573614046240045e-04
3.8697815938153588888e+01,4.3278749071511693957e-04
3.8801563165869815464e+01,5.1683254565040132825e-04
3.8905310393586049145e+01,6.0012708975183508275e-04
3.9009057621302275720e+01,6.8262791915762197157e-04
3.9112804849018502296e+01,7.6429317297016475738e-04
3.9216552076734735977e+01,8.4508177487642931972e-04
3.9320299304450962552e+01,9.2495308637895851632e-04
3.9424046532167196233e+01,1.0038674135161272400e-03
3.9527793759883422808e+01,1.0817865311974473024e-03
3.9631540987599649384e+01,1.1586727425991713049e-03
3.9735288215315883065e+01,1.2344888094503244248e-03
3.9839035443032109640e+01,1.3091989418022593594e-03
3.9942782670748343321e+01,1.3827685857037707879e-03
4.0046529898464569897e+01,1.4551635705263377477e-03
4.0150277126180796472e+01,1.5263503485388771157e-03
4.0254024353897030153e+01,1.5962972297588701263e-03
4.0357771581613256728e+01,1.6649733764819249927e-03
4.0461518809329490409e+01,1.7323482696699156122e-03
4.0565266037045716985e+01,1.7983923712964209121e-03
4.0669013264761943560e+01,1.8630781017976974414e-03
4.0772760492478177241e+01,1.9263784145976631332e-03
4.0876507720194403817e+01,1.9882665681196284163e-03
4.0980254947910637497e+01,2.0487172667209107950e-03
4.1084002175626864073e+01,2.1077069904917268214e-03
4.1187749403343097754e+01,2.1652125575944186804e-03
4.1291496631059324329e+01,2.2212111308834900890e-03
4.1395243858775550905e+01,2.2756817503199432140e-03
4.1498991086491784586e+01,2.3286049213520052838e-03
4.1602738314208011161e+01,2.3799613755580541555e-03
4.1706485541924244842e+01,2.4297322821689474812e-03
4.1810232769640471417e+01,2.4779010050483595354e-03
4.1913979997356697993e+01,2.5244520524696500985e-03
4.2017727225072931674e+01,2.5693700923730858170e-03
4.2121474452789158249e+01,2.6126403545874278371e-03
4.2225221680505391930e+01,2.6542504493670049034e-03
4.2328968908221618506e+01,2.6941888648945536838e-03
4.2432716135937845081e+01,2.7324442025497938831e-03
4.2536463363654078762e+01,2.7690057456449135992e-03
4.2640210591370305337e+01,2.8038652385173386955e-03
4.2743957819086539018e+01,2.8370151138886168761e-03
4.2847705046802765594e+01,2.8684478778175496495e-03
4.2951452274518992169e+01,2.8981567962591439462e-03
4.3055199502235225850e+01,2.9261376178724707309e-03
4.3158946729951452426e+01,2.9523866634364229720e-03
4.3262693957667686107e+01,2.9769002891414015656e-03
4.3366441185383912682e+01,2.9996756179526498122e-03
4.3470188413100139257e+01,3.0207122580432226901e-03
4.3573935640816372938e+01,3.0400103366594846861e-03
4.3677682868532599514e+01,3.0575699798652163086e-03
4.3781430096248833195e+01,3.0733920048663680366e-03
4.3885177323965059770e+01,3.0874797103560458651e-03
4.3988924551681286346e+01,3.0998369231454241633e-03
4.4092671779397520027e+01,3.1104674340287144507e-03
4.4196419007113746602e+01,3.1193755744629530872e-03
4.4300166234829980283e+01,3.1265681284734039326e-03
4.4403913462546206858e+01,3.1320524907719493081e-03
4.4507660690262433434e+01,3.1358359871343755541e-03
4.4611407917978667115e+01,3.1379262868445325849e-03
4.4715155145694893690e+01,3.1383334074188760747e-03
4.4818902373411127371e+01,3.1370681545184477511e-03
4.4922649601127353947e+01,3.1341412352704923344e-03
4.5026396828843580522e+01,3.1295634971332318523e-03
4.5130144056559814203e+01,3.1233478952413127813e-03
4.5233891284276040778e+01,3.1155084581647122383e-03
4.5337638511992274459e+01,3.1060590977722243346e-03
4.5441385739708501035e+01,3.0950136984816563855e-03
4.5545132967424727610e+01,3.0823878351471049181e-03
4.5648880195140961291e+01,3.0681985268343997357e-03
4.5752627422857187867e+01,3.0524626916075816782e-03
4.5856374650573421548e+01,3.0351971151385531006e-03
4.5960121878289648123e+01,3.0164196973054475427e-03
4.6063869106005881804e+01,2.9961501492231060358e-03
4.6167616333722108379e+01,2.9744081758821456531e-03
4.6271363561438334955e+01,2.9512133057271955697e-03
4.6375110789154568636e+01,2.9265855598286649730e-03
4.6478858016870795211e+01,2.9005469482028742312e-03
4.6582605244587028892e+01,2.8731197241622622070e-03
4.6686352472303255468e+01,2.8443259432124725142e-03
4.6790099700019482043e+01,2.8141876977772289047e-03
4.6893846927735715724e+01,2.7827287974653064015e-03
4.6997594155451942299e+01,2.7499737809272115259e-03
4.7101341383168175980e+01,2.7159469771570569907e-03
4.7205088610884402556e+01,2.6806725375478897104e-03
4.7308835838600629131e+01,2.6441756400649289206e-03
4.7412583066316862812e+01,2.6064827563458204188e-03
4.7516330294033089388e+01,2.5676202191417790005e-03
4.7620077521749323068e+01,2.5276141317462489690e-03
4.7723824749465549644e+01,2.4864908622432382347e-03
4.7827571977181776219e+01,2.4442783108640188036e-03
4.7931319204898009900e+01,2.4010045302818401255e-03
4.8035066432614236476e+01,2.3566973308147562763e-03
4.8138813660330470157e+01,2.3113843727960462979e-03
4.8242560888046696732e+01,2.2650943778272578100e-03
4.8346308115762923308e+01,2.2178567984568946063e-03
4.8450055343479156988e+01,2.1697008589004868583e-03
4.8553802571195383564e+01,2.1206555345004269274e-03
4.8657549798911617245e+01,2.0707500685696335861e-03
4.8761297026627843820e+01,2.0200148279763173800e-03
4.8865044254344070396e+01,1.9684801478186287477e-03
4.8968791482060304077e+01,1.9161761061181413045e-03
4.9072538709776530652e+01,1.8631326000342286666e-03
4.9176285937492764333e+01,1.8093802793507113725e-03
4.9280033165208990908e+01,1.7549502630711730482e-03
4.9383780392925217484e+01,1.6998734249642388945e-03
4.9487527620641451165e+01,1.6441803799686117733e-03
4.9591274848357677740e+01,1.5879017921444833240e-03
4.9695022076073911421e+01,1.5310690736486580552e-03
4.9798769303790137997e+01,1.4737135810192752029e-03
4.9902516531506364572e+01,1.4158664100337530443e-03
5.0006263759222598253e+01,1.3575584183161801179e-03
5.0110010986938824828e+01,1.2988207548965604188e-03
5.0213758214655058509e+01,1.2396849124164041611e-03
5.0317505442371285085e+01,1.1801821546164391157e-03
5.0421252670087511660e+01,1.1203434879231545605e-03
5.0524999897803745341e+01,1.0601997437347074511e-03
5.0628747125519971917e+01,9.9978205723490589166e-04
5.0732494353236205598e+01,9.3912154626037028064e-04
5.0836241580952432173e+01,8.7824907551588716342e-04
5.0939988808668665854e+01,8.1719525844563777311e-04
5.1043736036384892429e+01,7.5599058900279380788e-04
5.1147483264101119005e+01,6.9466566950840164408e-04
5.1251230491817352686e+01,6.3325091511474724138e-04
5.1354977719533579261e+01,5.7177649519559966326e-04
5.1458724947249812942e+01,5.1027233797165281667e-04
5.1562472174966039518e+01,4.4876821941395033007e-04
5.1666219402682266093e+01,3.8729379437134570053e-04
5.1769966630398499774e+01,3.2587848817657353272e-04
5.1873713858114726349e+01,2.6455149076017264818e-04
5.1977461085830960030e+01,2.0334175490634547327e-04
5.2081208313547186606e+01,1.4227794342069947876e-04
5.2184955541263413181e+01,8.1388446556966752374e-05
5.2288702768979646862e+01,2.0701428156492716290e-05
5.2392449996695873438e+01,-3.9755171018870338027e-05
5.2496197224412107118e+01,-9.9953665044079834209e-05
5.2599944452128333694e+01,-1.5986685389689811281e-04
5.2703691679844560269e+01,-2.1946787833960579132e-04
5.2807438907560793950e+01,-2.7873009096977786284e-04
5.2911186135277020526e+01,-3.3762705338381723526e-04
5.3014933362993254207e+01,-3.9613262560987748222e-04
5.3118680590709480782e+01,-4.5422135812248195987e-04
5.3222427818425707358e+01,-5.1186816073960496147e-04
5.3326175046141941039e+01,-5.6904813863809617855e-04
5.3429922273858167614e+01,-6.2573659035227997393e-04
5.3533669501574401295e+01,-6.8190917034301071296e-04
5.3637416729290627870e+01,-7.3754241146247638897e-04
5.3741163957006854446e+01,-7.9261320874107125782e-04
5.3844911184723088127e+01,-8.4709863528262859932e-04
5.3948658412439314702e+01,-9.0097594055201803663e-04
5.4052405640155548383e+01,-9.5422277789180729671e-04
5.4156152867871774959e+01,-1.0068178487360743886e-03
5.4259900095588001534e+01,-1.0587402270642327223e-03
5.4363647323304235215e+01,-1.1099691465960175897e-03
5.4467394551020461790e+01,-1.1604839992701411564e-03
5.4571141778736695471e+01,-1.2102645947082528704e-03
5.4674889006452922047e+01,-1.2592919467246572757e-03
5.4778636234169148622e+01,-1.3075474774857775290e-03
5.4882383461885382303e+01,-1.3550127496328996483e-03
5.4986130689601608879e+01,-1.4016694649569248765e-03
5.5089877917317842559e+01,-1.4474997081089305273e-03
5.5193625145034069135e+01,-1.4924869001770309056e-03
5.5297372372750295710e+01,-1.5366149544904777070e-03
5.5401119600466529391e+01,-1.5798679049741643898e-03
5.5504866828182755967e+01,-1.6222299049252850850e-03
5.5608614055898989648e+01,-1.6636854107461370063e-03
5.5712361283615216223e+01,-1.7042202853315274996e-03
5.5816108511331449904e+01,-1.7438210468268158619e-03
5.5919855739047676479e+01,-1.7824743154853869842e-03
5.6023602966763903055e+01,-1.8201668106696917634e-03
5.6127350194480136736e+01,-1.8568854531221458837e-03
5.6231097422196363311e+01,-1.8926185166862306841e-03
5.6334844649912596992e+01,-1.9273551997794871778e-03
5.6438591877628823568e+01,-1.9610847955467145334e-03
5.6542339105345050143e+01,-1.9937966757150021174e-03
5.6646086333061283824e+01,-2.0254803235822548164e-03
5.6749833560777510399e+01,-2.0561263447296130452e-03
5.6853580788493744080e+01,-2.0857266340917508807e-03
5.6957328016209970656e+01,-2.1142732148514212231e-03
5.7061075243926197231e+01,-2.1417581682044981896e-03
5.7164822471642430912e+01,-2.1681736351081503343e-03
5.7268569699358657488e+01,-2.1935124813290498604e-03
5.7372316927074891169e+01,-2.2177692155154558190e-03
5.7476064154791117744e+01,-2.2409386179346540112e-03
5.7579811382507344319e+01,-2.2630155064735655093e-03
5.7683558610223578000e+01,-2.2839947363004348135e-03
5.7787305837939804576e+01,-2.3038714754359999014e-03
5.7891053065656038257e+01,-2.3226426039333432014e-03
5.7994800293372264832e+01,-2.3403056545257994343e-03
5.8098547521088491408e+01,-2.3568581787134592655e-03
5.8202294748804725089e+01,-2.3722977454544904446e-03
5.8306041976520951664e+01,-2.3866219947152591749e-03
5.8409789204237185345e+01,-2.3998298429409059031e-03
5.8513536431953411920e+01,-2.4119214867154826175e-03
5.8617283659669638496e+01,-2.4228971776416919660e-03
5.8721030887385872177e+01,-2.4327571655441311560e-03
5.8824778115102098752e+01,-2.4415016986945384247e-03
5.8928525342818332433e+01,-2.4491315797753650946e-03
5.9032272570534559009e+01,-2.4556493669021382982e-03
5.9136019798250785584e+01,-2.4610579480057780469e-03
5.9239767025967019265e+01,-2.4653601907865469248e-03
5.9343514253683245840e+01,-2.4685589428908964738e-03
5.9447261481399479521e+01,-2.4706571316184958512e-03
5.9551008709115706097e+01,-2.4716591056597710455e-03
5.9654755936831932672e+01,-2.4715702689254897065e-03
5.9758503164548166353e+01,-2.4703960144064340820e-03
5.9862250392264392929e+01,-2.4681416977070315573e-03
5.9965997619980626610e+01,-2.4648126376368749771e-03
6.0069744847696853185e+01,-2.4604146711324497050e-03
6.0173492075413079760e+01,-2.4549553146383869436e-03
6.0277239303129313441e+01,-2.4484423650521819522e-03
6.0380986530845540017e+01,-2.4408835656844966693e-03
6.0484733758561773698e+01,-2.4322866067187287262e-03
6.0588480986278000273e+01,-2.4226591813502422988e-03
6.0692228213994233954e+01,-2.4120101562345322779e-03
6.0795975441710460530e+01,-2.4003495330535101586e-03
6.0899722669426687105e+01,-2.3876872950588474628e-03
6.1003469897142920786e+01,-2.3740333575890527722e-03
6.1107217124859147361e+01,-2.3593975686459823550e-03
6.1210964352575381042e+01,-2.3437899834254532529e-03
6.1314711580291607618e+01,-2.3272221658086956510e-03
6.1418458808007834193e+01,-2.3097061644411190535e-03
6.1522206035724067874e+01,-2.2912539474033411478e-03
6.1625953263440294450e+01,-2.2718774021829781645e-03
6.1729700491156528130e+01,-2.2515883391672503883e-03
6.1833447718872754706e+01,-2.2303991249216633883e-03
6.1937194946588981281e+01,-2.2083234784536836734e-03
6.2040942174305214962e+01,-2.1853752240054806488e-03
6.2144689402021441538e+01,-2.1615680935039060032e-03
6.2248436629737675219e+01,-2.1369157273297720127e-03
6.2352183857453901794e+01,-2.1114317083220702533e-03
6.2455931085170128370e+01,-2.0851304765411729850e-03
6.2559678312886362050e+01,-2.0580274372087640176e-03
6.2663425540602588626e+01,-2.0301379496692382141e-03
6.2767172768318822307e+01,-2.0014772717177609085e-03
6.2870919996035048882e+01,-1.9720605604381449827e-03
6.2974667223751275458e+01,-1.9419029648907030518e-03
6.3078414451467509139e+01,-1.9110206201793525707e-03
6.3182161679183735714e+01,-1.8794302641482868704e-03
6.3285908906899969395e+01,-1.8471485371075061031e-03
6.3389656134616195970e+01,-1.8141919704289905749e-03
6.3493403362332422546e+01,-1.7805769874367010589e-03
6.3597150590048656227e+01,-1.7463200537441393376e-03
6.3700897817764882802e+01,-1.7114385910334277332e-03
6.3804645045481116483e+01,-1.6759503685080171225e-03
6.3908392273197343059e+01,-1.6398730418553718411e-03
6.4012139500913576740e+01,-1.6032241523016182473e-03
6.4115886728629803315e+01,-1.5660211275376266331e-03
6.4219633956346029890e+01,-1.5282814596540882698e-03
6.4323381184062256466e+01,-1.4900234702888369952e-03
6.4427128411778497252e+01,-1.4512656754163929303e-03
6.4530875639494723828e+01,-1.4120264721438336147e-03
6.4634622867210950403e+01,-1.3723241394589364393e-03
6.4738370094927176979e+01,-1.3321768391766665440e-03
6.4842117322643403554e+01,-1.2916027798165010711e-03
6.4945864550359644340e+01,-1.2506208306417392322e-03
6.5049611778075870916e+01,-1.2092499719395064395e-03
6.5153359005792097491e+01,-1.1675090631436068310e-03
6.5257106233508324067e+01,-1.1254168437552279722e-03
6.5360853461224550642e+01,-1.0829919342947801585e-03
6.5464600688940791429e+01,-1.0402529538517720636e-03
6.5568347916657018004e+01,-9.9721899672835156644e-04
6.5672095144373244580e+01,-9.5390922463156418119e-04
6.5775842372089471155e+01,-9.1034267845180750350e-04
6.5879589599805697731e+01,-8.6653827913704456389e-04
6.5983336827521938517e+01,-8.2251482863574063714e-04
6.6087084055238165092e+01,-7.7829107177350626608e-04
6.6190831282954391668e+01,-7.3388603153250837538e-04
6.6294578510670618243e+01,-6.8931876978022704489e-04
6.6398325738386844819e+01,-6.4460822966341379398e-04
6.6502072966103085605e+01,-5.9977323611902770995e-04
6.6605820193819312180e+01,-5.5483249679489613122e-04
6.6709567421535538756e+01,-5.0980462190032484367e-04
6.6813314649251765331e+01,-4.6470829965712201568e-04
6.6917061876967991907e+01,-4.1956221570382367780e-04
6.7020809104684232693e+01,-3.7438494141300675266e-04
6.7124556332400459269e+01,-3.2919493334215203881e-04
6.7228303560116685844e+01,-2.8401053411952352544e-04
6.7332050787832912420e+01,-2.3884997416172436724e-04
6.7435798015549138995e+01,-1.9373139052593243937e-04
6.7539545243265379781e+01,-1.4867282737626052362e-04
6.7643292470981606357e+01,-1.0369221896248648456e-04
6.7747039698697832932e+01,-5.8807389676953066905e-05
6.7850786926414059508e+01,-1.4036054894479596224e-05
6.7954534154130286083e+01,3.0604178822146381304e-05
6.8058281381846526870e+01,7.5095889403276218496e-05
6.8162028609562753445e+01,1.1942191120106927663e-04
6.8265775837278980021e+01,1.6356520027390104334e-04
6.8369523064995206596e+01,2.0750881613335313844e-04
6.8473270292711433171e+01,2.5123592096048391609e-04
6.8577017520427673958e+01,2.9472977882921333730e-04
6.8680764748143900533e+01,3.3797382516385975158e-04
6.8784511975860127109e+01,3.8095194077637637613e-04
6.8888259203576353684e+01,4.2364820962108090327e-04
6.8992006431292580260e+01,4.6604681141656156221e-04
6.9095753659008821046e+01,5.0813202089798018436e-04
6.9199500886725047621e+01,5.4988820710478178780e-04
6.9303248114441274197e+01,5.9129985479248027905e-04
6.9406995342157500772e+01,6.3235194328481328721e-04
6.9510742569873727348e+01,6.7302989147449178431e-04
6.9614489797589968134e+01,7.1331921688791552396e-04
6.9718237025306194710e+01,7.5320552325654492772e-04
6.9821984253022421285e+01,7.9267449987648085953e-04
6.9925731480738647861e+01,8.3171192121966430570e-04
7.0029478708454874436e+01,8.7030388238587032268e-04
7.0133225936171115222e+01,9.0843723673649369281e-04
7.0236973163887341798e+01,9.4609903540885916320e-04
7.0340720391603568373e+01,9.8327640593467145226e-04
7.0444467619319794949e+01,1.0199565516774396559e-03
7.0548214847036021524e+01,1.0561267512748996091e-03
7.0651962074752262311e+01,1.0917744059433279972e-03
7.0755709302468488886e+01,1.1268876768480932254e-03
7.0859456530184715461e+01,1.1614553074256888949e-03
7.0963203757900942037e+01,1.1954661193102438226e-03
7.1066950985617168612e+01,1.2289089994109213353e-03
7.1170698213333409399e+01,1.2617728994361655011e-03
7.1274445441049635974e+01,1.2940468354455053959e-03
7.1378192668765862550e+01,1.3257201662566168304e-03
7.1481939896482089125e+01,1.3567832837859349331e-03
7.1585687124198315701e+01,1.3872268469754583855e-03
7.1689434351914556487e+01,1.4170415688398081168e-03
7.1793181579630783062e+01,1.4462182160755157525e-03
7.1896928807347009638e+01,1.4747476086737299015e-03
7.2000676035063236213e+01,1.5026206394575536158e-03
7.2104423262779462789e+01,1.5298289518788988402e-03
7.2208170490495703575e+01,1.5563651019668957396e-03
7.2311917718211930151e+01,1.5822217422119685092e-03
7.2415664945928156726e+01,1.6073915672105653068e-03
7.2519412173644383302e+01,1.6318673133639575654e-03
7.2623159401360624088e+01,1.6556417585796409566e-03
7.2726906629076850663e+01,1.6787078356046054601e-03
7.2830653856793077239e+01,1.7010595895131583322e-03
7.2934401084509303814e+01,1.7226916883950667975e-03
7.3038148312225530390e+01,1.7435988367483911277e-03
7.3141895539941771176e+01,1.7637757691165512411e-03
7.3245642767657997751e+01,1.7832172498755351122e-03
7.3349389995374224327e+01,1.8019180730229334125e-03
7.3453137223090450902e+01,1.8198733494566177865e-03
7.3556884450806677478e+01,1.8370794777334126507e-03
7.3660631678522918264e+01,1.8535332218347683100e-03
7.3764378906239144840e+01,1.8692313639568666588e-03
7.3868126133955371415e+01,1.8841707043734208168e-03
7.3971873361671597991e+01,1.8983480613088959000e-03
7.4075620589387824566e+01,1.9117602718642331440e-03
7.4179367817104065352e+01,1.9244046830101764131e-03
7.4283115044820291928e+01,1.9362799299655984037e-03
7.4386862272536518503e+01,1.9473848588127697350e-03
7.4490609500252745079e+01,1.9577183220624641558e-03
7.4594356727968971654e+01,1.9672791786092495153e-03
7.4698103955685212441e+01,1.9760662936871642784e-03
7.4801851183401439016e+01,1.9840785447085805548e-03
7.4905598411117665592e+01,1.9913154624958402487e-03
7.5009345638833892167e+01,1.9977778028582729788e-03
7.5113092866550118742e+01,2.0034664532132869658e-03
7.5216840094266359529e+01,2.0083822960821995189e-03
7.5320587321982586104e+01,2.0125262091239552904e-03
7.5424334549698812680e+01,2.0158990651685730448e-03
7.5528081777415039255e+01,2.0185017418624415057e-03
7.5631829005131265831e+01,2.0203358221548752688e-03
7.5735576232847506617e+01,2.0214040643704652041e-03
7.5839323460563733192e+01,2.0217093240493511606e-03
7.5943070688279959768e+01,2.0212544411276501394e-03
7.6046817915996186343e+01,2.0200422400438932877e-03
7.6150565143712412919e+01,2.0180755298445968333e-03
7.6254312371428653705e+01,2.0153571119178176341e-03
7.6358059599144880281e+01,2.0118904434757683801e-03
7.6461806826861106856e+01,2.0076801477314490038e-03
7.6565554054577333432e+01,2.0027309438057881719e-03
7.6669301282293560007e+01,1.9970475252764660450e-03
7.6773048510009800793e+01,1.9906345603505032175e-03
7.6876795737726027369e+01,1.9834966920354597103e-03
7.6980542965442253944e+01,1.9756385407035353778e-03
7.7084290193158480520e+01,1.9670652387956365226e-03
7.7188037420874707095e+01,1.9577831026152212740e-03
7.7291784648590947882e+01,1.9477985806098064778e-03
7.7395531876307174457e+01,1.9371180866508306510e-03
7.7499279104023401032e+01,1.9257480002650793210e-03
7.7603026331739627608e+01,1.9136946668642698232e-03
7.7706773559455854183e+01,1.9009643979897344803e-03
7.7810520787172094970e+01,1.8875638103808903018e-03
7.7914268014888321545e+01,1.8735006926829584663e-03
7.8018015242604548121e+01,1.8587830608071688986e-03
7.8121762470320774696e+01,1.8434188880836063166e-03
7.8225509698037001272e+01,1.8274161055435757250e-03
7.8329256925753242058e+01,1.8107826021997251286e-03
7.8433004153469468633e+01,1.7935262253239547380e-03
7.8536751381185695209e+01,1.7756549308005594497e-03
7.8640498608901921784e+01,1.7571776989191317288e-03
7.8744245836618148360e+01,1.7381039242910670348e-03
7.8847993064334389146e+01,1.7184429539419537880e-03
7.8951740292050615722e+01,1.6982040857672286386e-03
7.9055487519766842297e+01,1.6773965688545271202e-03
7.9159234747483068872e+01,1.6560296038035430231e-03
7.9262981975199295448e+01,1.6341123777672225161e-03
7.9366729202915536234e+01,1.6116547712395033753e-03
7.9470476430631762810e+01,1.5886673236149993684e-03
7.9574223658347989385e+01,1.5651605479338821965e-03
7.9677970886064215961e+01,1.5411449024809794218e-03
7.9781718113780442536e+01,1.5166307911417841771e-03
7.9885465341496683322e+01,1.4916285637556966903e-03
7.9989212569212909898e+01,1.4661485172029853179e-03
8.0092959796929136473e+01,1.4402012273668537545e-03
8.0196707024645363049e+01,1.4137980703326619679e-03
8.0300454252361589624e+01,1.3869504989878302971e-03
8.0404201480077830411e+01,1.3596699071081706778e-03
8.0507948707794056986e+01,1.3319676297387772739e-03
8.0611695935510283562e+01,1.3038549435719338186e-03
8.0715443163226510137e+01,1.2753430673221484697e-03
8.0819190390942736713e+01,1.2464432288601503054e-03
8.0922937618658977499e+01,1.2171672591724193215e-03
8.1026684846375204074e+01,1.1875273057157114971e-03
8.1130432074091430650e+01,1.1575354582265039508e-03
8.1234179301807657225e+01,1.1272037446802463025e-03
8.1337926529523883801e+01,1.0965441316852443839e-03
8.1441673757240124587e+01,1.0655685248735242282e-03
8.1545420984956351163e+01,1.0342887705027687534e-03
8.1649168212672577738e+01,1.0027169037171734280e-03
8.1752915440388804313e+01,9.7086544978035142772e-04
8.1856662668105030889e+01,9.3874694435229597434e-04
8.1960409895821271675e+01,9.0637385962137747512e-04
8.2064157123537498251e+01,8.7375860470557291989e-04
8.2167904351253724826e+01,8.4091352605060801229e-04
8.2271651578969951402e+01,8.0785090782513487538e-04
8.2375398806686192188e+01,7.7458299737789837458e-04
8.2479146034402418763e+01,7.4112232590779086351e-04
8.2582893262118645339e+01,7.0748161313100141247e-04
8.2686640489834871914e+01,6.7367352062212403768e-04
8.2790387717551098490e+01,6.3971064648929085172e-04
8.2894134945267339276e+01,6.0560552577132746241e-04
8.2997882172983565852e+01,5.7137063083195489648e-04
8.3101629400699792427e+01,5.3701837175099131905e-04
8.3205376628416019003e+01,5.0256115246834177305e-04
8.3309123856132245578e+01,4.6801156195392431408e-04
8.3412871083848486364e+01,4.3338219482025287180e-04
8.3516618311564712940e+01,3.9868558310046870244e-04
8.3620365539280939515e+01,3.6393419663406000259e-04
8.3724112766997166091e+01,3.2914044345221956213e-04
8.3827859994713392666e+01,2.9431667016031637938e-04
8.3931607222429633453e+01,2.5947516256238321039e-04
8.4035354450145860028e+01,2.2462817956884388940e-04
8.4139101677862086603e+01,1.8978798752471490565e-04
8.4242848905578313179e+01,1.5496680048329987780e-04
8.4346596133294539754e+01,1.2017677240423049680e-04
8.4450343361010780541e+01,8.5429997522586882436e-05
8.4554090588727007116e+01,5.0738510715324957917e-05
8.4657837816443233692e+01,1.6114287864960877614e-05
8.4761585044159460267e+01,-1.8430755813011391229e-05
8.4865332271875686843e+01,-5.2884828615159435209e-05
8.4969079499591927629e+01,-8.7236273915474317042e-05
8.5072826727308154204e+01,-1.2147349645968673619e-04
8.5176573955024380780e+01,-1.5558495748679688651e-04
8.5280321182740607355e+01,-1.8955917438542293704e-04
8.5384068410456833931e+01,-2.2338472035267846862e-04
8.5487815638173074717e+01,-2.5705022405553377019e-04
8.5591562865889301293e+01,-2.9054438076563484424e-04
8.5695310093605527868e+01,-3.2385614658983019696e-04
8.5799057321321754443e+01,-3.5697470931883378649e-04
8.5902804549037981019e+01,-3.8988931486170493946e-04
8.6006551776754221805e+01,-4.2258926101690873212e-04
8.6110299004470448381e+01,-4.5506389715971188106e-04
8.6214046232186674956e+01,-4.8730262393188006993e-04
8.6317793459902901532e+01,-5.1929489293356877969e-04
8.6421540687619128107e+01,-5.5103022961617155028e-04
8.6525287915335368893e+01,-5.8249855576861079860e-04
8.6629035143051595469e+01,-6.1369010725902193703e-04
8.6732782370767822044e+01,-6.4459517348516685593e-04
8.6836529598484048620e+01,-6.7520409025145148967e-04
8.6940276826200275195e+01,-7.0550723949204020586e-04
8.7044024053916515982e+01,-7.3549504899595135720e-04
8.7147771281632742557e+01,-7.6515799213409615726e-04
8.7251518509348969133e+01,-7.9448661419006313001e-04
8.7355265737065195708e+01,-8.2347195608028697904e-04
8.7459012964781422284e+01,-8.5210547711385366178e-04
8.7562760192497663070e+01,-8.8037868859017535082e-04
8.7666507420213889645e+01,-9.0828314199180434571e-04
8.7770254647930116221e+01,-9.3581042874696894474e-04
8.7874001875646342796e+01,-9.6295217999374928090e-04
8.7977749103362569372e+01,-9.8970006634594570594e-04
8.8081496331078810158e+01,-1.0160458149928103602e-03
8.8185243558795036733e+01,-1.0419816759041208507e-03
8.8288990786511263309e+01,-1.0675004717029747299e-03
8.8392738014227489884e+01,-1.0925950865924999051e-03
8.8496485241943716460e+01,-1.1172584381441196064e-03
8.8600232469659957246e+01,-1.1414834771021893471e-03
8.8703979697376183822e+01,-1.1652631871899923888e-03
8.8807726925092410397e+01,-1.1885905849171240697e-03
8.8911474152808636973e+01,-1.2114587236012825180e-03
8.9015221380524863548e+01,-1.2338610985993222254e-03
8.9118968608241104334e+01,-1.2557919816964520192e-03
8.9222715835957330910e+01,-1.2772457505475379516e-03
8.9326463063673557485e+01,-1.2982168089274964250e-03
8.9430210291389784061e+01,-1.3186995865797734688e-03
8.9533957519106010636e+01,-1.3386885390658921722e-03
8.9637704746822251423e+01,-1.3581781476160483240e-03
8.9741451974538477998e+01,-1.3771629189808000122e-03
8.9845199202254704574e+01,-1.3956376208288550408e-03
8.9948946429970931149e+01,-1.4135979666766635733e-03
9.0052693657687157724e+01,-1.4310399152138658999e-03
9.0156440885403398511e+01,-1.4479594437322011215e-03
9.0260188113119625086e+01,-1.4643525480185926729e-03
9.0363935340835851662e+01,-1.4802152422489899680e-03
9.0467682568552078237e+01,-1.4955435588829143426e-03
9.0571429796268304813e+01,-1.5103335485587472426e-03
9.0675177023984545599e+01,-1.5245813519583666443e-03
9.0778924251700772174e+01,-1.5382839802788393201e-03
9.0882671479416998750e+01,-1.5514390162432300114e-03
9.0986418707133225325e+01,-1.5640440632652757250e-03
9.1090165934849451901e+01,-1.5760967356770896972e-03
9.1193913162565692687e+01,-1.5875946586670567750e-03
9.1297660390281919263e+01,-1.5985354682181431799e-03
9.1401407617998145838e+01,-1.6089168110466438560e-03
9.1505154845714372414e+01,-1.6187363479213995494e-03
9.1608902073430598989e+01,-1.6279922283463834493e-03
9.1712649301146839775e+01,-1.6366835777364711815e-03
9.1816396528863066351e+01,-1.6448096422807868301e-03
9.1920143756579292926e+01,-1.6523696715716631837e-03
9.2023890984295519502e+01,-1.6593629185854556936e-03
9.2127638212011760288e+01,-1.6657886396634854521e-03
9.2231385439727986864e+01,-1.6716460944931148778e-03
9.2335132667444213439e+01,-1.6769345460889528536e-03
9.2438879895160440014e+01,-1.6816533634760487056e-03
9.2542627122876666590e+01,-1.6858028833783777426e-03
9.2646374350592907376e+01,-1.6893839694829854581e-03
9.2750121578309133952e+01,-1.6923974870330766272e-03
9.2853868806025360527e+01,-1.6948442974048516518e-03
9.2957616033741587103e+01,-1.6967252581290865211e-03
9.3061363261457813678e+01,-1.6980412229125664038e-03
9.3165110489174054464e+01,-1.6987930416593776447e-03
9.3268857716890281040e+01,-1.6989815611817536429e-03
9.3372604944606507615e+01,-1.6986080139343837005e-03
9.3476352172322734191e+01,-1.6976746642695275495e-03
9.3580099400038960766e+01,-1.6961839373699197277e-03
9.3683846627755201553e+01,-1.6941382476755250351e-03
9.3787593855471428128e+01,-1.6915399989429580167e-03
9.3891341083187654704e+01,-1.6883915843045049776e-03
9.3995088310903881279e+01,-1.6846953863267582867e-03
9.4098835538620107855e+01,-1.6804537770688610186e-03
9.4202582766336348641e+01,-1.6756691441958480437e-03
9.4306329994052575216e+01,-1.6703445762222557131e-03
9.4410077221768801792e+01,-1.6644839275008064313e-03
9.4513824449485028367e+01,-1.6580910752199671827e-03
9.4617571677201254943e+01,-1.6511698795630106069e-03
9.4721318904917495729e+01,-1.6437241838011427617e-03
9.4825066132633722304e+01,-1.6357578143860196113e-03
9.4928813360349948880e+01,-1.6272745810416585320e-03
9.5032560588066175455e+01,-1.6182782768557433129e-03
9.5136307815782402031e+01,-1.6087727659611845196e-03
9.5240055043498642817e+01,-1.5987627733756388029e-03
9.5343802271214869393e+01,-1.5882535094127246504e-03
9.5447549498931095968e+01,-1.5772501678362378392e-03
9.5551296726647322544e+01,-1.5657579198529358779e-03
9.5655043954363549119e+01,-1.5537819142348639843e-03
9.5758791182079789905e+01,-1.5413272774408828727e-03
9.5862538409796016481e+01,-1.5283991137374193861e-03
9.5966285637512243056e+01,-1.5150025053184148181e-03
9.6070032865228469632e+01,-1.5011426607962883618e-03
9.6173780092944696207e+01,-1.4868256522874709943e-03
9.6277527320660936994e+01,-1.4720578531717957212e-03
9.6381274548377163569e+01,-1.4568456099152535168e-03
9.6485021776093390145e+01,-1.4411952416872291904e-03
9.6588769003809616720e+01,-1.4251130405071089392e-03
9.6692516231525843295e+01,-1.4086052713899303336e-03
9.6796263459242084082e+01,-1.3916781724911005385e-03
9.6900010686958310657e+01,-1.3743379552501920962e-03
9.7003757914674537233e+01,-1.3565909735875169954e-03
9.7107505142390763808e+01,-1.3384443600884671222e-03
9.7211252370106990384e+01,-1.3199054567211215491e-03
9.7314999597823231170e+01,-1.3009815741853963771e-03
9.7418746825539457745e+01,-1.2816799920387568924e-03
9.7522494053255684321e+01,-1.2620079588618522172e-03
9.7626241280971910896e+01,-1.2419726924231195338e-03
9.7729988508688137472e+01,-1.2215813798423294772e-03
9.7833735736404378258e+01,-1.2008411777530896090e-03
9.7937482964120604834e+01,-1.1797593513533121724e-03
9.8041230191836831409e+01,-1.1583438220648647945e-03
9.8144977419553057985e+01,-1.1366026898296036074e-03
9.8248724647269284560e+01,-1.1145440204379502419e-03
9.8352471874985525346e+01,-1.0921758456474853303e-03
9.8456219102701751922e+01,-1.0695061633622727267e-03
9.8559966330417978497e+01,-1.0465429378110158252e-03
9.8663713558134205073e+01,-1.0232940997241205677e-03
9.8767460785850431648e+01,-9.9976754650963109948e-04
9.8871208013566672435e+01,-9.7597122228412422351e-04
9.8974955241282899010e+01,-9.5191357396566512149e-04
9.9078702468999125585e+01,-9.2760323371528078697e-04
9.9182449696715352161e+01,-9.0304879826183656003e-04
9.9286196924431578736e+01,-8.7825882840224342874e-04
9.9389944152147819523e+01,-8.5324184918898987682e-04
9.9493691379864046098e+01,-8.2800635011651840551e-04
9.9597438607580272674e+01,-8.0256078530640433729e-04
9.9701185835296499249e+01,-7.7691357369140900090e-04
9.9804933063012725825e+01,-7.5107312652332284836e-04
9.9908680290728966611e+01,-7.2504816644407385669e-04
1.0001242751844519319e+02,-6.9884761768385366288e-04
1.0011617474616141976e+02,-6.7248037214895405381e-04
1.0021992197387764634e+02,-6.4595528492621860986e-04
1.0032366920159387291e+02,-6.1928117447341982441e-04
1.0042741642931011370e+02,-5.9246682280845400920e-04
1.0053116365702634027e+02,-5.6552097569738542758e-04
1.0063491088474256685e+02,-5.3845234284128804750e-04
1.0073865811245879343e+02,-5.1127049069285524733e-04
1.0084240534017502000e+02,-4.8402738232844867792e-04
1.0094615256789126079e+02,-4.5683480235460342247e-04
1.0104989979560748736e+02,-4.2980862545311920289e-04
1.0115364702332371394e+02,-4.0306425092294389688e-04
1.0125739425103994051e+02,-3.7671660511555014536e-04
1.0136114147875616709e+02,-3.5088014385533500793e-04
1.0146488870647240788e+02,-3.2566885484517298739e-04
1.0156863593418863445e+02,-3.0119626005724092679e-04
1.0167238316190486103e+02,-2.7757541810889755892e-04
1.0177613038962108760e+02,-2.5489199738311721366e-04
1.0187987761733732839e+02,-2.3312440952091533354e-04
1.0198362484505355496e+02,-2.1222462781209959558e-04
1.0208737207276978154e+02,-1.9214482077680667738e-04
1.0219111930048600811e+02,-1.7283735117449842869e-04
1.0229486652820223469e+02,-1.5425477501897322361e-04
1.0239861375591847548e+02,-1.3634984059936593073e-04
1.0250236098363470205e+02,-1.1907548750710520824e-04
1.0260610821135092863e+02,-1.0238484566874973619e-04
1.0270985543906715520e+02,-8.6239306311046120125e-05
1.0281360266678338178e+02,-7.0750763981397199985e-05
1.0291734989449962256e+02,-5.6163620009181471375e-05
1.0302109712221584914e+02,-4.2725878595641832310e-05
1.0312484434993207572e+02,-3.0684545938148996775e-05
1.0322859157764830229e+02,-2.0285635245299481270e-05
1.0333233880536452887e+02,-1.1774171721792130049e-05
1.0343608603308076965e+02,-5.3941975233067694686e-06
1.0353983326079699623e+02,-1.3887766815979308837e-06
1.0364358048851322280e+02,0.0000000000000000000e+00
