1.0000000000000000479e-04,1.3918153215367171115e-10
3.0129929929929927940e-02,9.4546429646738626413e-06
6.0159859859859859954e-02,3.7291303889037576830e-05
9.0189789789789795438e-02,8.2944371213500812869e-05
1.2021971971971971704e-01,1.4585769319349617119e-04
1.5024964964964962477e-01,2.2548460384673587676e-04
1.8027957957957957413e-01,3.2128781037106329214e-04
2.1030950950950949574e-01,4.3273928274892682969e-04
2.4033943943943941735e-01,5.5932014276067185989e-04
2.7036936936936933895e-01,7.0052055478774660768e-04
3.0039929929929926056e-01,8.5583961886876933067e-04
3.3042922922922918216e-01,1.0247852602125080701e-03
3.6045915915915915928e-01,1.2068741259172502921e-03
3.9048908908908908089e-01,1.4016314798481182419e-03
4.2051901901901900249e-01,1.6085910957416651740e-03
4.5054894894894892410e-01,1.8272951560643695915e-03
4.8057887887887884570e-01,2.0572941425185233347e-03
5.1060880880880876731e-01,2.2981467480631925966e-03
5.4063873873873868892e-01,2.5494197650202622338e-03
5.7066866866866861052e-01,2.8106879889731057470e-03
6.0069859859859853213e-01,3.0815341168615485723e-03
6.3072852852852845373e-01,3.3615486466744655056e-03
6.6075845845845837534e-01,3.6503298057286638102e-03
6.9078838838838829695e-01,3.9474834056599916038e-03
7.2081831831831832957e-01,4.2526227906485936439e-03
7.5084824824824825118e-01,4.5653687312985592392e-03
7.8087817817817817279e-01,4.8853493196805188037e-03
8.1090810810810809439e-01,5.2121998838263695550e-03
8.4093803803803801600e-01,5.5455628998381757341e-03
8.7096796796796793760e-01,5.8850878982933101796e-03
9.0099789789789785921e-01,6.2304313653604092779e-03
9.3102782782782778082e-01,6.5812566547236465639e-03
9.6105775775775770242e-01,6.9372339301885296153e-03
9.9108768768768762403e-01,7.2980400475304062560e-03
1.0211176176176175456e+00,7.6633584287796388534e-03
1.0511475475475475783e+00,8.0328791074884345336e-03
1.0811774774774773888e+00,8.4062984476371976905e-03
1.1112074074074074215e+00,8.7833192858743271841e-03
1.1412373373373372321e+00,9.1636506162529451219e-03
1.1712672672672672647e+00,9.5470077039477765218e-03
1.2012971971971970753e+00,9.9331119039724278391e-03
1.2313271271271271079e+00,1.0321690545099642192e-02
1.2613570570570569185e+00,1.0712476957884884549e-02
1.2913869869869869511e+00,1.1105210345818248077e-02
1.3214169169169167617e+00,1.1499635651234043493e-02
1.3514468468468467943e+00,1.1895503534786659380e-02
1.3814767767767766049e+00,1.2292570301141690636e-02
1.4115067067067066375e+00,1.2690597811875559478e-02
1.4415366366366366702e+00,1.3089353404642074807e-02
1.4715665665665664807e+00,1.3488609816572766364e-02
1.5015964964964965134e+00,1.3888145109931299484e-02
1.5316264264264263240e+00,1.4287742600496311507e-02
1.5616563563563563566e+00,1.4687190786741318935e-02
1.5916862862862861672e+00,1.5086283276954569332e-02
1.6217162162162161998e+00,1.5484818717371824290e-02
1.6517461461461460104e+00,1.5882600721495464258e-02
1.6817760760760760430e+00,1.6279437800441630413e-02
1.7118060060060058536e+00,1.6675143291965136005e-02
1.7418359359359358862e+00,1.7069535289647774778e-02
1.7718658658658656968e+00,1.7462436574763592206e-02
1.8018957957957957294e+00,1.7853674549304920927e-02
1.8319257257257255400e+00,1.8243081170925858070e-02
1.8619556556556555726e+00,1.8630492890062889944e-02
1.8919855855855853832e+00,1.9015750589313509117e-02
1.9220155155155154159e+00,1.9398699523193393274e-02
1.9520454454454454485e+00,1.9779189223557411270e-02
1.9820753753753752591e+00,2.0157073430589943219e-02
2.0121053053053055137e+00,2.0532210065227207707e-02
2.0421352352352353243e+00,2.0904461179173466912e-02
2.0721651651651651349e+00,2.1273692892952736355e-02
2.1021950950950953896e+00,2.1639775256464956893e-02
2.1322250250250252002e+00,2.2002582233023326025e-02
2.1622549549549550107e+00,2.2361991696246762834e-02
2.1922848848848848213e+00,2.2717885355004317771e-02
2.2223148148148150760e+00,2.3070148583163530009e-02
2.2523447447447448866e+00,2.3418670462374429481e-02
2.2823746746746746972e+00,2.3763343773334791309e-02
2.3124046046046045078e+00,2.4104064820652994910e-02
2.3424345345345347624e+00,2.4440733394426733538e-02
2.3724644644644645730e+00,2.4773252829766438665e-02
2.4024943943943943836e+00,2.5101529832483718274e-02
2.4325243243243246383e+00,2.5425474425486028346e-02
2.4625542542542544489e+00,2.5745000011310359422e-02
2.4925841841841842594e+00,2.6060023185057474421e-02
2.5226141141141140700e+00,2.6370463739514921758e-02
2.5526440440440443247e+00,2.6676244656012225442e-02
2.5826739739739741353e+00,2.6977291950931427816e-02
2.6127039039039039459e+00,2.7273534725617491759e-02
2.6427338338338337564e+00,2.7564905052134797137e-02
2.6727637637637640111e+00,2.7851337952794687214e-02
2.7027936936936938217e+00,2.8132771336129278050e-02
2.7328236236236236323e+00,2.8409145962248725376e-02
2.7628535535535534429e+00,2.8680405385433194870e-02
2.7928834834834836975e+00,2.8946495893001186056e-02
2.8229134134134135081e+00,2.9207366517565086506e-02
2.8529433433433433187e+00,2.9462968865485900799e-02
2.8829732732732735734e+00,2.9713257271434319329e-02
2.9130032032032033840e+00,2.9958188478692110435e-02
2.9430331331331331945e+00,3.0197721929650311878e-02
2.9730630630630630051e+00,3.0431819344249298048e-02
3.0030929929929932598e+00,3.0660445073318842030e-02
3.0331229229229230704e+00,3.0883565654463693284e-02
3.0631528528528528810e+00,3.1101150161801555810e-02
3.0931827827827826916e+00,3.1313169782456615198e-02
3.1232127127127129462e+00,3.1519598146631605529e-02
3.1532426426426427568e+00,3.1720410913493729543e-02
3.1832725725725725674e+00,3.1915586118171954122e-02
3.2133025025025023780e+00,3.2105103707148079095e-02
3.2433324324324326327e+00,3.2288945982755001829e-02
3.2733623623623624432e+00,3.2467096990122824851e-02
3.3033922922922922538e+00,3.2639543169211131246e-02
3.3334222222222220644e+00,3.2806272479457013191e-02
3.3634521521521523191e+00,3.2967275363430199875e-02
3.3934820820820821297e+00,3.3122543535406639981e-02
3.4235120120120119402e+00,3.3272071271002776061e-02
3.4535419419419421949e+00,3.3415853942661000175e-02
3.4835718718718720055e+00,3.3553889422508101359e-02
3.5136018018018018161e+00,3.3686176717676173664e-02
3.5436317317317316267e+00,3.3812717005511319646e-02
3.5736616616616618813e+00,3.3933512938859981822e-02
3.6036915915915916919e+00,3.4048568717908109238e-02
3.6337215215215215025e+00,3.4157890595188700189e-02
3.6637514514514513131e+00,3.4261485645283785983e-02
3.6937813813813815678e+00,3.4359363462203695860e-02
3.7238113113113113783e+00,3.4451534154644122832e-02
3.7538412412412411889e+00,3.4538010118384532277e-02
3.7838711711711709995e+00,3.4618804797532792827e-02
3.8139011011011012542e+00,3.4693932897698433193e-02
3.8439310310310310648e+00,3.4763411215069206506e-02
3.8739609609609608754e+00,3.4827256798467237653e-02
3.9039908908908911300e+00,3.4885489193513224970e-02
3.9340208208208209406e+00,3.4938128421793120115e-02
3.9640507507507507512e+00,3.4985195897510749929e-02
3.9940806806806805618e+00,3.5026714895756629053e-02
4.0241106106106103724e+00,3.5062708701290586089e-02
4.0541405405405397389e+00,3.5093203058695204843e-02
4.0841704704704699935e+00,3.5118224104176171130e-02
4.1142004004004002482e+00,3.5137798908136126663e-02
4.1442303303303296147e+00,3.5151956670075618083e-02
4.1742602602602598694e+00,3.5160726277044938859e-02
4.2042901901901901240e+00,3.5164138645943213146e-02
4.2343201201201194905e+00,3.5162225686769910116e-02
4.2643500500500497452e+00,3.5155019227274077187e-02
4.2943799799799791117e+00,3.5142553578333173003e-02
4.3244099099099093664e+00,3.5124863016543141081e-02
4.3544398398398396210e+00,3.5101982447030992407e-02
4.3844697697697689875e+00,3.5073948973535391815e-02
4.4144996996996992422e+00,3.5040799144158543688e-02
4.4445296296296294969e+00,3.5002570820353365311e-02
4.4745595595595588634e+00,3.4959303480554912436e-02
4.5045894894894891181e+00,3.4911035884867734624e-02
4.5346194194194193727e+00,3.4857808568865771004e-02
4.5646493493493487392e+00,3.4799663136975009237e-02
4.5946792792792789939e+00,3.4736640461600853946e-02
4.6247092092092083604e+00,3.4668783427986099577e-02
4.6547391391391386151e+00,3.4596135608655938232e-02
4.6847690690690688697e+00,3.4518739843266525724e-02
4.7147989989989982362e+00,3.4436641052252137118e-02
4.7448289289289284909e+00,3.4349884660926643942e-02
4.7748588588588587456e+00,3.4258515307440666475e-02
4.8048887887887881121e+00,3.4162579647408472527e-02
4.8349187187187183667e+00,3.4062124859524978149e-02
4.8649486486486486214e+00,3.3957197223203346159e-02
4.8949785785785779879e+00,3.3847844825381390166e-02
4.9250085085085082426e+00,3.3734116497714940197e-02
4.9550384384384376091e+00,3.3616060048398670179e-02
4.9850683683683678638e+00,3.3493724676459141198e-02
5.0150982982982981184e+00,3.3367160743891552399e-02
5.0451282282282274849e+00,3.3236417533957444970e-02
5.0751581581581577396e+00,3.3101545051048925083e-02
5.1051880880880879943e+00,3.2962595001739702916e-02
5.1352180180180173608e+00,3.2819618126351875198e-02
5.1652479479479476154e+00,3.2672665041536999575e-02
5.1952778778778769819e+00,3.2521788472895801769e-02
5.2253078078078072366e+00,3.2367040568575228265e-02
5.2553377377377374913e+00,3.2208472653224344551e-02
5.2853676676676668578e+00,3.2046137910218638889e-02
5.3153975975975971124e+00,3.1880089803652957026e-02
5.3454275275275273671e+00,3.1710380652255190648e-02
5.3754574574574567336e+00,3.1537063548465950336e-02
5.4054873873873869883e+00,3.1360193020967784550e-02
5.4355173173173172430e+00,3.1179822578334723260e-02
5.4655472472472466094e+00,3.0996005198595664304e-02
5.4955771771771768641e+00,3.0808795804759571413e-02
5.5256071071071062306e+00,3.0618249057120329459e-02
5.5556370370370364853e+00,3.0424418492283448329e-02
5.5856669669669667400e+00,3.0227358460207333357e-02
5.6156968968968961065e+00,3.0027124538660906333e-02
5.6457268268268263611e+00,2.9823771267828171755e-02
5.6757567567567566158e+00,2.9617352474210361518e-02
5.7057866866866859823e+00,2.9407923699316163013e-02
5.7358166166166162370e+00,2.9195540453729584146e-02
5.7658465465465464916e+00,2.8980257099381796781e-02
5.7958764764764758581e+00,2.8762128055126894022e-02
5.8259064064064061128e+00,2.8541209329486207091e-02
5.8559363363363354793e+00,2.8317556160543651961e-02
5.8859662662662657340e+00,2.8091222729163804750e-02
5.9159961961961959886e+00,2.7862264007684704736e-02
5.9460261261261253551e+00,2.7630735914499538614e-02
5.9760560560560556098e+00,2.7396693347869382346e-02
6.0060859859859858645e+00,2.7160190308620255073e-02
6.0361159159159152310e+00,2.6921282005789692882e-02
6.0661458458458454857e+00,2.6680024003620433914e-02
6.0961757757757748521e+00,2.6436470794781237459e-02
6.1262057057057051068e+00,2.6190676130742707867e-02
6.1562356356356353615e+00,2.5942695102275245556e-02
6.1862655655655647280e+00,2.5692582788309763220e-02
6.2162954954954949827e+00,2.5440393208279479115e-02
6.2463254254254252373e+00,2.5186179723989250007e-02
6.2763553553553546038e+00,2.4929997005367948021e-02
6.3063852852852848585e+00,2.4671899560397187595e-02
6.3364152152152151132e+00,2.4411940865419604063e-02
6.3664451451451444797e+00,2.4150173723421826388e-02
6.3964750750750747343e+00,2.3886652130343709322e-02
6.4265050050050041008e+00,2.3621429946770092223e-02
6.4565349349349343555e+00,2.3354560033605330227e-02
6.4865648648648646102e+00,2.3086094490068431728e-02
6.5165947947947939767e+00,2.2816086398751832948e-02
6.5466247247247242314e+00,2.2544588891236151673e-02
6.5766546546546544860e+00,2.2271654137920583044e-02
6.6066845845845838525e+00,2.1997333449748912582e-02
6.6367145145145141072e+00,2.1721678754473207340e-02
6.6667444444444434737e+00,2.1444742350792262570e-02
6.6967743743743737284e+00,2.1166575640637192574e-02
6.7268043043043039830e+00,2.0887229121074150917e-02
6.7568342342342333495e+00,2.0606753364085308999e-02
6.7868641641641636042e+00,2.0325199671470641632e-02
6.8168940940940938589e+00,2.0042618595704733697e-02
6.8469240240240232254e+00,1.9759059802389629390e-02
6.8769539539539534800e+00,1.9474572468835892741e-02
6.9069838838838837347e+00,1.9189206608554457145e-02
6.9370138138138131012e+00,1.8903011840443149916e-02
6.9670437437437433559e+00,1.8616036927936414208e-02
6.9970736736736727224e+00,1.8328329857282655430e-02
7.0271036036036029770e+00,1.8039938957579628592e-02
7.0571335335335332317e+00,1.7750912788149070948e-02
7.0871634634634625982e+00,1.7461299123428839636e-02
7.1171933933933928529e+00,1.7171144931553875002e-02
7.1472233233233231076e+00,1.6880496766370788053e-02
7.1772532532532524741e+00,1.6589401789088704248e-02
7.2072831831831827287e+00,1.6297906695213096318e-02
7.2373131131131129834e+00,1.6006057405231002150e-02
7.2673430430430423499e+00,1.5713899104528906286e-02
7.2973729729729726046e+00,1.5421477033541821505e-02
7.3274029029029019711e+00,1.5128836656951234405e-02
7.3574328328328322257e+00,1.4836022755107642138e-02
7.3874627627627624804e+00,1.4543079380235621190e-02
7.4174926926926918469e+00,1.4250049979217018978e-02
7.4475226226226221016e+00,1.3956978275444120730e-02
7.4775525525525523562e+00,1.3663907808800411503e-02
7.5075824824824817227e+00,1.3370881427366696978e-02
7.5376124124124119774e+00,1.3077941296394888712e-02
7.5676423423423413439e+00,1.2785129113416318983e-02
7.5976722722722715986e+00,1.2492486827936629540e-02
7.6277022022022018533e+00,1.2200055986220316798e-02
7.6577321321321312197e+00,1.1907877482851146958e-02
7.6877620620620614744e+00,1.1615991573563131875e-02
7.7177919919919917291e+00,1.1324438129226184480e-02
7.7478219219219210956e+00,1.1033257148397628694e-02
7.7778518518518513503e+00,1.0742488155347734366e-02
7.8078817817817816049e+00,1.0452170066288889519e-02
7.8379117117117109714e+00,1.0162341201276983010e-02
7.8679416416416412261e+00,9.8730395035427007122e-03
7.8979715715715705926e+00,9.5843029222286175300e-03
7.9280015015015008473e+00,9.2961689327856131260e-03
7.9580314314314311019e+00,9.0086744450045119076e-03
7.9880613613613604684e+00,8.7218558136679530390e-03
8.0180912912912898349e+00,8.4357489780797802192e-03
8.0481212212212209778e+00,8.1503897765144266152e-03
8.0781511511511503443e+00,7.8658136059898929593e-03
8.1081810810810797108e+00,7.5820553391303096430e-03
8.1382110110110108536e+00,7.2991493338410585318e-03
8.1682409409409402201e+00,7.0171294933953839990e-03
8.1982708708708695866e+00,6.7360295016504314128e-03
8.2283008008008007295e+00,6.4558826451992113588e-03
8.2583307307307300960e+00,6.1767217265538427312e-03
8.2883606606606594625e+00,5.8985790728334009173e-03
8.3183905905905906053e+00,5.6214865525365583648e-03
8.3484205205205199718e+00,5.3454756830660296596e-03
8.3784504504504493383e+00,5.0705776054782688081e-03
8.4084803803803804811e+00,4.7968230175396385506e-03
8.4385103103103098476e+00,4.5242421800428490528e-03
8.4685402402402392141e+00,4.2528649244491806974e-03
8.4985701701701703570e+00,3.9827206500272381226e-03
8.5286001001000997235e+00,3.7138383226174086042e-03
8.5586300300300290900e+00,3.4462464994510894588e-03
8.5886599599599584565e+00,3.1799733383625098868e-03
8.6186898898898895993e+00,2.9150466047467497692e-03
8.6487198198198189658e+00,2.6514936567307982075e-03
8.6787497497497483323e+00,2.3893413153150532685e-03
8.7087796796796794752e+00,2.1286159611353079948e-03
8.7388096096096088417e+00,1.8693436118876662760e-03
8.7688395395395382081e+00,1.6115499288654540518e-03
8.7988694694694693510e+00,1.3552602221218843122e-03
8.8288993993993987175e+00,1.1004993178937796678e-03
8.8589293293293280840e+00,8.4729141896440582794e-04
8.8889592592592592268e+00,5.9566036573520321669e-04
8.9189891891891885933e+00,3.4562967752840872320e-04
8.9490191191191179598e+00,9.7222557974142433741e-05
8.9790490490490491027e+00,-1.4953811787116159265e-04
9.0090789789789784692e+00,-3.9463011839699347044e-04
9.0391089089089078357e+00,-6.3803180655861216602e-04
9.0691388388388389785e+00,-8.7972184222421579997e-04
9.0991687687687683450e+00,-1.1196791669767758824e-03
9.1291986986986977115e+00,-1.3578829994807049397e-03
9.1592286286286288544e+00,-1.5943128926140344090e-03
9.1892585585585582209e+00,-1.8289491948557271093e-03
9.2192884884884875873e+00,-2.0617727790573823175e-03
9.2493184184184169538e+00,-2.2927647686004862942e-03
9.2793483483483480967e+00,-2.5219065312214257631e-03
9.3093782782782774632e+00,-2.7491796750702696822e-03
9.3394082082082068297e+00,-2.9745661518477141926e-03
9.3694381381381379725e+00,-3.1980488194381551277e-03
9.3994680680680673390e+00,-3.4196110170770848899e-03
9.4294979979979967055e+00,-3.6392362968309501306e-03
9.4595279279279278484e+00,-3.8569084196266364278e-03
9.4895578578578572149e+00,-4.0726113519467107768e-03
9.5195877877877865814e+00,-4.2863293790362452795e-03
9.5496177177177177242e+00,-4.4980477638529173592e-03
9.5796476476476470907e+00,-4.7077522744470336191e-03
9.6096775775775764572e+00,-4.9154288577592485099e-03
9.6397075075075076001e+00,-5.1210636358443974506e-03
9.6697374374374369665e+00,-5.3246429031523342598e-03
9.6997673673673663330e+00,-5.5261532009474711308e-03
9.7297972972972974759e+00,-5.7255820472272636601e-03
9.7598272272272268424e+00,-5.9229175982595024669e-03
9.7898571571571562089e+00,-6.1181481621902103832e-03
9.8198870870870855754e+00,-6.3112621901835648519e-03
9.8499170170170167182e+00,-6.5022482742417894025e-03
9.8799469469469460847e+00,-6.6910951666654420664e-03
9.9099768768768754512e+00,-6.8777924292479086787e-03
9.9400068068068065941e+00,-7.0623305374183393407e-03
9.9700367367367359606e+00,-7.2447001261543159112e-03
1.0000066666666665327e+01,-7.4248919429250890070e-03
1.0030096596596596470e+01,-7.6028968460075544225e-03
1.0060126526526525836e+01,-7.7787058028996377418e-03
1.0090156456456455203e+01,-7.9523102212218296780e-03
1.0120186386386386346e+01,-8.1237027118110285290e-03
1.0150216316316315712e+01,-8.2928762005755780884e-03
1.0180246246246245079e+01,-8.4598236968931473517e-03
1.0210276176176176222e+01,-8.6245382923832020206e-03
1.0240306106106105588e+01,-8.7870131597011218866e-03
1.0270336036036034955e+01,-8.9472416042856370288e-03
1.0300365965965966097e+01,-9.1052179315990900560e-03
1.0330395895895895464e+01,-9.2609372951281618280e-03
1.0360425825825824830e+01,-9.4143949293835609698e-03
1.0390455755755754197e+01,-9.5655861239678039581e-03
1.0420485685685685340e+01,-9.7145062227814334144e-03
1.0450515615615614706e+01,-9.8611506232428279561e-03
1.0480545545545544073e+01,-1.0005515033817309611e-02
1.0510575475475475216e+01,-1.0147596462282238577e-02
1.0540605405405404582e+01,-1.0287392328275638681e-02
1.0570635335335333949e+01,-1.0424900080840971903e-02
1.0600665265265265091e+01,-1.0560117197927442606e-02
1.0630695195195194458e+01,-1.0693041185981723429e-02
1.0660725125125123824e+01,-1.0823669581497549069e-02
1.0690755055055054967e+01,-1.0952000483986239904e-02
1.0720784984984984334e+01,-1.1078033272009278967e-02
1.0750814914914913700e+01,-1.1201767511588918425e-02
1.0780844844844844843e+01,-1.1323202773582757841e-02
1.0810874774774774210e+01,-1.1442338633616591301e-02
1.0840904704704703576e+01,-1.1559174672018394242e-02
1.0870934634634634719e+01,-1.1673710482521451950e-02
1.0900964564564564085e+01,-1.1785946370533406310e-02
1.0930994494494493452e+01,-1.1895883851207095586e-02
1.0961024424424422818e+01,-1.2003524542515629434e-02
1.0991054354354353961e+01,-1.2108870044749517336e-02
1.1021084284284283328e+01,-1.2211921940757541893e-02
1.1051114214214212694e+01,-1.2312681796183800112e-02
1.1081144144144143837e+01,-1.2411151167019955632e-02
1.1111174074074073204e+01,-1.2507332291527261878e-02
1.1141204004004002570e+01,-1.2601228648916813421e-02
1.1171233933933933713e+01,-1.2692843814283909926e-02
1.1201263863863863079e+01,-1.2782181324385345073e-02
1.1231293793793792446e+01,-1.2869244678151998268e-02
1.1261323723723723589e+01,-1.2954037337193144777e-02
1.1291353653653652955e+01,-1.3036562726897044096e-02
1.1321383583583582322e+01,-1.3116824735704454841e-02
1.1351413513513513465e+01,-1.3194828611365954849e-02
1.1381443443443442831e+01,-1.3270579789935184334e-02
1.1411473373373372198e+01,-1.3344083650244675451e-02
1.1441503303303303340e+01,-1.3415345514656781128e-02
1.1471533233233232707e+01,-1.3484370649802780023e-02
1.1501563163163162073e+01,-1.3551164267310450776e-02
1.1531593093093093216e+01,-1.3615731727248817431e-02
1.1561623023023022583e+01,-1.3678079717769542692e-02
1.1591652952952951949e+01,-1.3738215435636896150e-02
1.1621682882882881316e+01,-1.3796146005185040348e-02
1.1651712812812812459e+01,-1.3851878477302008441e-02
1.1681742742742741825e+01,-1.3905419830373759796e-02
1.1711772672672671192e+01,-1.3956776971213669114e-02
1.1741802602602602335e+01,-1.4005956757167700027e-02
1.1771832532532531701e+01,-1.4052966859848551803e-02
1.1801862462462461068e+01,-1.4097816056003053750e-02
1.1831892392392392210e+01,-1.4140513116026653950e-02
1.1861922322322321577e+01,-1.4181066721501392469e-02
1.1891952252252250943e+01,-1.4219485466317335898e-02
1.1921982182182182086e+01,-1.4255777857776940482e-02
1.1952012112112111453e+01,-1.4289952317682860783e-02
1.1982042042042040819e+01,-1.4322017373185638028e-02
1.2012071971971971962e+01,-1.4351982833736804529e-02
1.2042101901901901329e+01,-1.4379859010282327117e-02
1.2072131831831830695e+01,-1.4405656113743840058e-02
1.2102161761761761838e+01,-1.4429384253694719706e-02
1.2132191691691691204e+01,-1.4451053439614371110e-02
1.2162221621621620571e+01,-1.4470673582123968690e-02
1.2192251551551549937e+01,-1.4488254494381912901e-02
1.2222281481481481080e+01,-1.4503806339788120547e-02
1.2252311411411410447e+01,-1.4517340589052867353e-02
1.2282341341341339813e+01,-1.4528868877038336391e-02
1.2312371271271270956e+01,-1.4538402725096774906e-02
1.2342401201201200323e+01,-1.4545953542451396656e-02
1.2372431131131129689e+01,-1.4551532627557142371e-02
1.2402461061061060832e+01,-1.4555151169441714679e-02
1.2432490990990990198e+01,-1.4556820251884584200e-02
1.2462520920920919565e+01,-1.4556551444244694021e-02
1.2492550850850850708e+01,-1.4554357517418558057e-02
1.2522580780780780074e+01,-1.4550251296111503529e-02
1.2552610710710709441e+01,-1.4544245482305389119e-02
1.2582640640640640584e+01,-1.4536352656723067200e-02
1.2612670570570569950e+01,-1.4526585280271927039e-02
1.2642700500500499317e+01,-1.4514955695466869381e-02
1.2672730430430430459e+01,-1.4501476129523991482e-02
1.2702760360360359826e+01,-1.4486159229487548944e-02
1.2732790290290289192e+01,-1.4469018816750636031e-02
1.2762820220220218559e+01,-1.4450068774163771224e-02
1.2792850150150149702e+01,-1.4429322854223105080e-02
1.2822880080080079068e+01,-1.4406794680596765254e-02
1.2852910010010008435e+01,-1.4382497749629897382e-02
1.2882939939939939578e+01,-1.4356445431828542339e-02
1.2912969869869868944e+01,-1.4328650973322936205e-02
1.2942999799799798311e+01,-1.4299127807284409478e-02
1.2973029729729729453e+01,-1.4267890538536127237e-02
1.3003059659659658820e+01,-1.4234953975657152134e-02
1.3033089589589588186e+01,-1.4200332790744209233e-02
1.3063119519519519329e+01,-1.4164041520979225516e-02
1.3093149449449448696e+01,-1.4126094570176503731e-02
1.3123179379379378062e+01,-1.4086506210308654546e-02
1.3153209309309309205e+01,-1.4045290583011628763e-02
1.3183239239239238572e+01,-1.4002461781908734709e-02
1.3213269169169167938e+01,-1.3958034810406520776e-02
1.3243299099099099081e+01,-1.3912025254724728895e-02
1.3273329029029028447e+01,-1.3864448574485124105e-02
1.3303358958958957814e+01,-1.3815320089720251051e-02
1.3333388888888887180e+01,-1.3764654982445369280e-02
1.3363418818818818323e+01,-1.3712468298209205819e-02
1.3393448748748747690e+01,-1.3658774947623863322e-02
1.3423478678678677056e+01,-1.3603589708543552955e-02
1.3453508608608608199e+01,-1.3546927646828368919e-02
1.3483538538538537566e+01,-1.3488804829083196266e-02
1.3513568468468466932e+01,-1.3429237368972108194e-02
1.3543598398398398075e+01,-1.3368241237245247210e-02
1.3573628328328327441e+01,-1.3305832263319748027e-02
1.3603658258258256808e+01,-1.3242026136839647743e-02
1.3633688188188187951e+01,-1.3176838409215248238e-02
1.3663718118118117317e+01,-1.3110284495142182290e-02
1.3693748048048046684e+01,-1.3042379700469687240e-02
1.3723777977977977827e+01,-1.2973139935145802659e-02
1.3753807907907907193e+01,-1.2902581788824814268e-02
1.3783837837837836560e+01,-1.2830721749249082708e-02
1.3813867767767767702e+01,-1.2757576160790325137e-02
1.3843897697697697069e+01,-1.2683161226004630029e-02
1.3873927627627626435e+01,-1.2607493007167212135e-02
1.3903957557557555802e+01,-1.2530587427787330881e-02
1.3933987487487486945e+01,-1.2452460274103587315e-02
1.3964017417417416311e+01,-1.2373127255732552579e-02
1.3994047347347345678e+01,-1.2292604768444502852e-02
1.4024077277277276821e+01,-1.2210909667781799301e-02
1.4054107207207206187e+01,-1.2128058678972559320e-02
1.4084137137137135554e+01,-1.2044068384600042573e-02
1.4114167067067066696e+01,-1.1958955226120131579e-02
1.4144196996996996063e+01,-1.1872735505359522171e-02
1.4174226926926925429e+01,-1.1785425385994779957e-02
1.4204256856856856572e+01,-1.1697040895012738096e-02
1.4234286786786785939e+01,-1.1607597974572669841e-02
1.4264316716716715305e+01,-1.1517113166305558564e-02
1.4294346646646646448e+01,-1.1425603426865108686e-02
1.4324376576576575815e+01,-1.1333085584390683101e-02
1.4354406506506505181e+01,-1.1239576326201344836e-02
1.4384436436436436324e+01,-1.1145092200265830501e-02
1.4414466366366365691e+01,-1.1049649616654104445e-02
1.4444496296296295057e+01,-1.0953264848970779843e-02
1.4474526226226226200e+01,-1.0855954035770750202e-02
1.4504556156156155566e+01,-1.0757733196762432962e-02
1.4534586086086084933e+01,-1.0658618732912380003e-02
1.4564616016016014299e+01,-1.0558627542725374307e-02
1.4594645945945945442e+01,-1.0457776424665601520e-02
1.4624675875875874809e+01,-1.0356082039223134250e-02
1.4654705805805804175e+01,-1.0253560910327579048e-02
1.4684735735735735318e+01,-1.0150229426744384817e-02
1.4714765665665664685e+01,-1.0046103843454093699e-02
1.4744795595595594051e+01,-9.9412002830146506405e-03
1.4774825525525525194e+01,-9.8355347369345723363e-03
1.4804855455455454560e+01,-9.7291232703864711368e-03
1.4834885385385383927e+01,-9.6219825094312708830e-03
1.4864915315315315070e+01,-9.5141290923641333444e-03
1.4894945245245244436e+01,-9.4055795233013456819e-03
1.4924975175175173803e+01,-9.2963501735301538875e-03
1.4955005105105104946e+01,-9.1864572828423991108e-03
1.4985035035035034312e+01,-9.0759169608521234052e-03
1.5015064964964963679e+01,-8.9647451882972854081e-03
1.5045094894894894821e+01,-8.8529578183259849400e-03
1.5075124824824824188e+01,-8.7405705968179175924e-03
1.5105154754754753554e+01,-8.6275995680894501660e-03
1.5135184684684682921e+01,-8.5140610645044190186e-03
1.5165214614614614064e+01,-8.3999713065168145343e-03
1.5195244544544543430e+01,-8.2853463863565689901e-03
1.5225274474474472797e+01,-8.1702022692940225179e-03
1.5255304404404403940e+01,-8.0545547948895641205e-03
1.5285334334334333306e+01,-7.9384196782284824345e-03
1.5315364264264262673e+01,-7.8218125111412916545e-03
1.5345394194194193815e+01,-7.7047487634097494569e-03
1.5375424124124123182e+01,-7.5872438386956992870e-03
1.5405454054054052548e+01,-7.4693134592982001613e-03
1.5435483983983983691e+01,-7.3509734359781669921e-03
1.5465513913913913058e+01,-7.2322394580419148424e-03
1.5495543843843842424e+01,-7.1131270931739862262e-03
1.5525573773773773567e+01,-6.9936517886134072497e-03
1.5555603703703702934e+01,-6.8738288723162862745e-03
1.5585633633633632300e+01,-6.7536735541049381162e-03
1.5615663563563563443e+01,-6.6332009268037835786e-03
1.5645693493493492809e+01,-6.5124259673622047345e-03
1.5675723423423422176e+01,-6.3913635932350398167e-03
1.5705753353353351542e+01,-6.2700289526021607545e-03
1.5735783283283282685e+01,-6.1484372107224608342e-03
1.5765813213213212052e+01,-6.0266034175917764307e-03
1.5795843143143141418e+01,-5.9045425087580214255e-03
1.5825873073073072561e+01,-5.7822693064070243563e-03
1.5855903003003001928e+01,-5.6597985204360620401e-03
1.5885932932932931294e+01,-5.5371447495151295687e-03
1.5915962862862862437e+01,-5.4143224821362736718e-03
1.5945992792792791803e+01,-5.2913460976510683781e-03
1.5976022722722721170e+01,-5.1682298915672756148e-03
1.6006052652652652313e+01,-5.0449882707440186005e-03
1.6036082582582579903e+01,-4.9216356498672803738e-03
1.6066112512512511046e+01,-4.7981863369104850447e-03
1.6096142442442442189e+01,-4.6746545330718456551e-03
1.6126172372372369779e+01,-4.5510543337684951706e-03
1.6156202302302300922e+01,-4.4273997296195230500e-03
1.6186232232232232064e+01,-4.3037046074182253030e-03
1.6216262162162159655e+01,-4.1799827510933945662e-03
1.6246292092092090797e+01,-4.0562478426599598430e-03
1.6276322022022021940e+01,-3.9325134656336916544e-03
1.6306351951951949530e+01,-3.8087931848451240038e-03
1.6336381881881880673e+01,-3.6851005631488328688e-03
1.6366411811811811816e+01,-3.5614490696540225187e-03
1.6396441741741739406e+01,-3.4378520747957081773e-03
1.6426471671671670549e+01,-3.3143228512366187076e-03
1.6456501601601601692e+01,-3.1908745747593687987e-03
1.6486531531531529282e+01,-3.0675203251487397592e-03
1.6516561461461460425e+01,-2.9442730870643356311e-03
1.6546591391391391568e+01,-2.8211457509038722312e-03
1.6576621321321319158e+01,-2.6981511136569512332e-03
1.6606651251251250301e+01,-2.5753018820966920230e-03
1.6636681181181181444e+01,-2.4526106832163585211e-03
1.6666711111111109034e+01,-2.3300900568073001223e-03
1.6696741041041040177e+01,-2.2077524524486396434e-03
1.6726770970970971320e+01,-2.0856102303155633904e-03
1.6756800900900898910e+01,-1.9636756619803778616e-03
1.6786830830830830052e+01,-1.8419609312049761013e-03
1.6816860760760761195e+01,-1.7204781347249435523e-03
1.6846890690690688785e+01,-1.5992392830251401289e-03
1.6876920620620619928e+01,-1.4782563011070150305e-03
1.6906950550550551071e+01,-1.3575410290380869084e-03
1.6936980480480478661e+01,-1.2371051810708443616e-03
1.6967010410410409804e+01,-1.1169602965522978672e-03
1.6997040340340340947e+01,-9.9711782104378314691e-04
1.7027070270270268537e+01,-8.7758911936241168136e-04
1.7057100200200199680e+01,-7.5838547629179776065e-04
1.7087130130130130823e+01,-6.3951809728542098263e-04
1.7117160060060058413e+01,-5.2099810916246037679e-04
1.7147189989989989556e+01,-4.0283656079631233182e-04
1.7177219919919917146e+01,-2.8504442379603128505e-04
1.7207249849849848289e+01,-1.6763259318042076805e-04
1.7237279779779779432e+01,-5.0611886898765732600e-05
1.7267309709709707022e+01,6.6007054756895110616e-05
1.7297339639639638165e+01,1.8221384700481868448e-04
1.7327369569569569308e+01,2.9799819570715100790e-04
1.7357399499499496898e+01,4.1334987796533625851e-04
1.7387429429429428041e+01,5.2825874150496852054e-04
1.7417459359359359183e+01,6.4271470406688450527e-04
1.7447489289289286774e+01,7.5670775280466671172e-04
1.7477519219219217916e+01,8.7022794368835890318e-04
1.7507549149149149059e+01,9.8326540091419516523e-04
1.7537579079079076649e+01,1.0958103163205155841e-03
1.7567609009009007792e+01,1.2078529490579580172e-03
1.7597638938938938935e+01,1.3193837382690827304e-03
1.7627668868868866525e+01,1.4303934807218668997e-03
1.7657698798798797668e+01,1.5408730822678068286e-03
1.7687728728728728811e+01,1.6508135105179333729e-03
1.7717758658658656401e+01,1.7602057943194682026e-03
1.7747788588588587544e+01,1.8690410232377900526e-03
1.7777818518518518687e+01,1.9773103470435396574e-03
1.7807848448448446277e+01,2.0850049752050301213e-03
1.7837878378378377420e+01,2.1921161763857797099e-03
1.7867908308308308563e+01,2.2986352779469998789e-03
1.7897938238238236153e+01,2.4045536654552055085e-03
1.7927968168168167296e+01,2.5098628324501937037e-03
1.7957998098098098438e+01,2.6145547019861422287e-03
1.7988028028028026029e+01,2.7186214184942809544e-03
1.8018057957957957171e+01,2.8220551795799125351e-03
1.8048087887887888314e+01,2.9248482347774308610e-03
1.8078117817817815904e+01,3.0269928851190562244e-03
1.8108147747747747047e+01,3.1284814827078574230e-03
1.8138177677677678190e+01,3.2293064302949146469e-03
1.8168207607607605780e+01,3.3294601808607740719e-03
1.8198237537537536923e+01,3.4289352372010553811e-03
1.8228267467467468066e+01,3.5277241515160422114e-03
1.8258297397397395656e+01,3.6258195264276997863e-03
1.8288327327327326799e+01,3.7232142292056838104e-03
1.8318357257257257942e+01,3.8199016189008395440e-03
1.8348387187187185532e+01,3.9158751529159777083e-03
1.8378417117117116675e+01,4.0111283314157803251e-03
1.8408447047047044265e+01,4.1056546969779330811e-03
1.8438476976976975408e+01,4.1994478342478403290e-03
1.8468506906906906551e+01,4.2925013695965285113e-03
1.8498536836836834141e+01,4.3848089707820029834e-03
1.8528566766766765284e+01,4.4763643466138895374e-03
1.8558596696696696426e+01,4.5671612466212417950e-03
1.8588626626626624017e+01,4.6571934607236627895e-03
1.8618656556556555159e+01,4.7464548301788438492e-03
1.8648686486486486302e+01,4.8349395984550336963e-03
1.8678716416416413892e+01,4.9226424769933385672e-03
1.8708746346346345035e+01,5.0095582363176450330e-03
1.8738776276276276178e+01,5.0956816804739015273e-03
1.8768806206206203768e+01,5.1810076467619960161e-03
1.8798836136136134911e+01,5.2655310054701646300e-03
1.8828866066066066054e+01,5.3492466596118740108e-03
1.8858895995995993644e+01,5.4321495446653022751e-03
1.8888925925925924787e+01,5.5142346283153023667e-03
1.8918955855855855930e+01,5.5954969101977376431e-03
1.8948985785785783520e+01,5.6759314216463293418e-03
1.8979015715715714663e+01,5.7555332360738897801e-03
1.9009045645645645806e+01,5.8342978486463107843e-03
1.9039075575575573396e+01,5.9122212772051039795e-03
1.9069105505505504539e+01,5.9892995964416478188e-03
1.9099135435435435681e+01,6.0655289057346371828e-03
1.9129165365365363272e+01,6.1409053289563451244e-03
1.9159195295295294414e+01,6.2154250142806757168e-03
1.9189225225225225557e+01,6.2890841339929715731e-03
1.9219255155155153147e+01,6.3618788843016740517e-03
1.9249285085085084290e+01,6.4338054851517268579e-03
1.9279315015015015433e+01,6.5048601800396727360e-03
1.9309344944944943023e+01,6.5750392358305447330e-03
1.9339374874874874166e+01,6.6443389431714780513e-03
1.9369404804804805309e+01,6.7127558707667260227e-03
1.9399434734734732899e+01,6.7802872589890952199e-03
1.9429464664664664042e+01,6.8469304674639783204e-03
1.9459494594594595185e+01,6.9126828721152782861e-03
1.9489524524524522775e+01,6.9775418650398508130e-03
1.9519554454454453918e+01,7.0415048543831315966e-03
1.9549584384384381508e+01,7.1045692642158131055e-03
1.9579614314314312651e+01,7.1667325344117877028e-03
1.9609644244244243794e+01,7.2279921205270873663e-03
1.9639674174174171384e+01,7.2883454936800160309e-03
1.9669704104104102527e+01,7.3477901404323713377e-03
1.9699734034034033670e+01,7.4063235626716907370e-03
1.9729763963963961260e+01,7.4639433283226145482e-03
1.9759793893893892403e+01,7.5206476306395155310e-03
1.9789823823823823545e+01,7.5764350771221431607e-03
1.9819853753753751135e+01,7.6313042908828085040e-03
1.9849883683683682278e+01,7.6852539033659466802e-03
1.9879913613613613421e+01,7.7382825542851507369e-03
1.9909943543543541011e+01,7.7903888915608282897e-03
1.9939973473473472154e+01,7.8415715712584262848e-03
1.9970003403403403297e+01,7.8918292575271414835e-03
2.0000033333333330887e+01,7.9411606225392658565e-03
2.0030063263263262030e+01,7.9895643464300558634e-03
2.0060093193193193173e+01,8.0370391172380813843e-03
2.0090123123123120763e+01,8.0835836308462000188e-03
2.0120153053053051906e+01,8.1291967360471156095e-03
2.0150182982982983049e+01,8.1738780264543463988e-03
2.0180212912912910639e+01,8.2176273320744303713e-03
2.0210242842842841782e+01,8.2604444840200675487e-03
2.0240272772772772925e+01,8.3023293144062343396e-03
2.0270302702702700515e+01,8.3432816563427710660e-03
2.0300332632632631658e+01,8.3833013439270440831e-03
2.0330362562562562800e+01,8.4223882122366287156e-03
2.0360392492492490391e+01,8.4605420973220841346e-03
2.0390422422422421533e+01,8.4977628361998115009e-03
2.0420452352352352676e+01,8.5340502668449155776e-03
2.0450482282282280266e+01,8.5694042281841895092e-03
2.0480512212212211409e+01,8.6038245600891394976e-03
2.0510542142142142552e+01,8.6373112594886371218e-03
2.0540572072072070142e+01,8.6698650812020439105e-03
2.0570602002002001285e+01,8.7014870052824020569e-03
2.0600631931931932428e+01,8.7321780061200404005e-03
2.0630661861861860018e+01,8.7619390524320099611e-03
2.0660691791791791161e+01,8.7907711073033235200e-03
2.0690721721721722304e+01,8.8186751282278048880e-03
2.0720751651651649894e+01,8.8456520671486172508e-03
2.0750781581581581037e+01,8.8717028704984376292e-03
2.0780811511511508627e+01,8.8968284792392392929e-03
2.0810841441441439770e+01,8.9210298289018087614e-03
2.0840871371371370913e+01,8.9443078496248273890e-03
2.0870901301301298503e+01,8.9666634661936962108e-03
2.0900931231231229646e+01,8.9880976635837387528e-03
2.0930961161161160788e+01,9.0086120999658333974e-03
2.0960991091091088379e+01,9.0282088255479522876e-03
2.0991021021021019521e+01,9.0468898840517075061e-03
2.1021050950950950664e+01,9.0646573075203584063e-03
2.1051080880880878254e+01,9.0815131164021008908e-03
2.1081110810810809397e+01,9.0974593196326662692e-03
2.1111140740740740540e+01,9.1124979147172002064e-03
2.1141170670670668130e+01,9.1266308878114304343e-03
2.1171200600600599273e+01,9.1398602138021770025e-03
2.1201230530530530416e+01,9.1521878563871460893e-03
2.1231260460460458006e+01,9.1636157681540732906e-03
2.1261290390390389149e+01,9.1741458906591764888e-03
2.1291320320320320292e+01,9.1837801561446899545e-03
2.1321350250250247882e+01,9.1925208120685730079e-03
2.1351380180180179025e+01,9.2003708097433412050e-03
2.1381410110110110168e+01,9.2073331791748362629e-03
2.1411440040040037758e+01,9.2134109333703584355e-03
2.1441469969969968901e+01,9.2186070684576806866e-03
2.1471499899899900043e+01,9.2229245638031035620e-03
2.1501529829829827634e+01,9.2263663821285091249e-03
2.1531559759759758776e+01,9.2289354696274122219e-03
2.1561589689689689919e+01,9.2306347560800715291e-03
2.1591619619619617509e+01,9.2314671549676326212e-03
2.1621649549549548652e+01,9.2314355635853013321e-03
2.1651679479479479795e+01,9.2305428631546011797e-03
2.1681709409409407385e+01,9.2287919189346818982e-03
2.1711739339339338528e+01,9.2261855971688209316e-03
2.1741769269269269671e+01,9.2227272445239705245e-03
2.1771799199199197261e+01,9.2184207544631930481e-03
2.1801829129129128404e+01,9.2132700297581065357e-03
2.1831859059059059547e+01,9.2072789517071203930e-03
2.1861888988988987137e+01,9.2004513802829337304e-03
2.1891918918918918280e+01,9.1927911542787899002e-03
2.1921948848848845870e+01,9.1843020914535496851e-03
2.1951978778778777013e+01,9.1749879886755553865e-03
2.1982008708708708156e+01,9.1648526220653222379e-03
2.2012038638638635746e+01,9.1538997471370953107e-03
2.2042068568568566889e+01,9.1421330989391626221e-03
2.2072098498498498031e+01,9.1295563921931378176e-03
2.2102128428428425622e+01,9.1161733214320112006e-03
2.2132158358358356764e+01,9.1019875749561822420e-03
2.2162188288288287907e+01,9.0870032802232384578e-03
2.2192218218218215497e+01,9.0712250968051928030e-03
2.2222248148148146640e+01,9.0546576922271183180e-03
2.2252278078078077783e+01,9.0373057088183900848e-03
2.2282308008008005373e+01,9.0191737638824539397e-03
2.2312337937937936516e+01,9.0002664498652455716e-03
2.2342367867867867659e+01,8.9805883345222478620e-03
2.2372397797797795249e+01,8.9601439610841916716e-03
2.2402427727727726392e+01,8.9389378484214156856e-03
2.2432457657657657535e+01,8.9169744912069529713e-03
2.2462487587587585125e+01,8.8942583600782471054e-03
2.2492517517517516268e+01,8.8707939017976210339e-03
2.2522547447447447411e+01,8.8465855394114275428e-03
2.2552577377377375001e+01,8.8216376727977639099e-03
2.2582607307307306144e+01,8.7959549182005884044e-03
2.2612637237237237287e+01,8.7695425140239622458e-03
2.2642667167167164877e+01,8.7424057788249576184e-03
2.2672697097097096020e+01,8.7145500029829747052e-03
2.2702727027027027162e+01,8.6859804488861221128e-03
2.2732756956956954753e+01,8.6567023511160932914e-03
2.2762786886886885895e+01,8.6267209166315632352e-03
2.2792816816816817038e+01,8.5960413249501904653e-03
2.2822846746746744628e+01,8.5646687283291340897e-03
2.2852876676676675771e+01,8.5326082519441466545e-03
2.2882906606606606914e+01,8.4998649940673035030e-03
2.2912936536536534504e+01,8.4664440262432888451e-03
2.2942966466466465647e+01,8.4323503934642975166e-03
2.2972996396396396790e+01,8.3975891143436131453e-03
2.3003026326326324380e+01,8.3621652082093416575e-03
2.3033056256256255523e+01,8.3260841398464357360e-03
2.3063086186186186666e+01,8.2893517472050221723e-03
2.3093116116116114256e+01,8.2519738507147305517e-03
2.3123146046046045399e+01,8.2139562405692985447e-03
2.3153175975975972989e+01,8.1753046769227136203e-03
2.3183205905905904132e+01,8.1360248900836963648e-03
2.3213235835835835275e+01,8.0961225807088185724e-03
2.3243265765765762865e+01,8.0556034199940045742e-03
2.3273295695695694008e+01,8.0144730498646152977e-03
2.3303325625625625150e+01,7.9727370831640508725e-03
2.3333355555555552741e+01,7.9304011038408978029e-03
2.3363385485485483883e+01,7.8874706671345981568e-03
2.3393415415415415026e+01,7.8439512997597500565e-03
2.3423445345345342616e+01,7.7998485000889527380e-03
2.3453475275275273759e+01,7.7551677864054280667e-03
2.3483505205205204902e+01,7.7099151334409877709e-03
2.3513535135135132492e+01,7.6640967660685744775e-03
2.3543565065065063635e+01,7.6177188808392590560e-03
2.3573594994994994778e+01,7.5707876427294805780e-03
2.3603624924924922368e+01,7.5233091853418839270e-03
2.3633654854854853511e+01,7.4752896111046273839e-03
2.3663684784784784654e+01,7.4267349914692278381e-03
2.3693714714714712244e+01,7.3776513671068421479e-03
2.3723744644644643387e+01,7.3280447481030609735e-03
2.3753774574574574530e+01,7.2779211141512740665e-03
2.3783804504504502120e+01,7.2272864147445358904e-03
2.3813834434434433263e+01,7.1761465693659480525e-03
2.3843864364364364405e+01,7.1245074676776851824e-03
2.3873894294294291996e+01,7.0723749697085280808e-03
2.3903924224224223138e+01,7.0197549271975266671e-03
2.3933954154154154281e+01,6.9666535293163300846e-03
2.3963984084084081871e+01,6.9130772445463945300e-03
2.3994014014014013014e+01,6.8590325187801977694e-03
2.4024043943943944157e+01,6.8045257656809150087e-03
2.4054073873873871747e+01,6.7495633668835652852e-03
2.4084103803803802890e+01,6.6941516721946859453e-03
2.4114133733733734033e+01,6.6382969997905412821e-03
2.4144163663663661623e+01,6.5820056364138089522e-03
2.4174193593593592766e+01,6.5252838375688092254e-03
2.4204223523523523909e+01,6.4681378277153247711e-03
2.4234253453453451499e+01,6.4105738004609216438e-03
2.4264283383383382642e+01,6.3525979187518477956e-03
2.4294313313313310232e+01,6.2942163150625845755e-03
2.4324343243243241375e+01,6.2354350915838829481e-03
2.4354373173173172518e+01,6.1762603206099728551e-03
2.4384403103103100108e+01,6.1166981842757355697e-03
2.4414433033033031251e+01,6.0567552179484444863e-03
2.4444462962962962393e+01,5.9964379901384081903e-03
2.4474492892892889984e+01,5.9357530371179729675e-03
2.4504522822822821126e+01,5.8747068631190436233e-03
2.4534552752752752269e+01,5.8133059405292208596e-03
2.4564582682682679859e+01,5.7515567100864034220e-03
2.4594612612612611002e+01,5.6894655810720120084e-03
2.4624642542542542145e+01,5.6270389315028227981e-03
2.4654672472472469735e+01,5.5642831083213585563e-03
2.4684702402402400878e+01,5.5012044275848789518e-03
2.4714732332332332021e+01,5.4378091746530672276e-03
2.4744762262262259611e+01,5.3741036043742709816e-03
2.4774792192192190754e+01,5.3100939412704011369e-03
2.4804822122122121897e+01,5.2457863797205480857e-03
2.4834852052052049487e+01,5.1811870887312344580e-03
2.4864881981981980630e+01,5.1163023961168785370e-03
2.4894911911911911773e+01,5.0511388500999740772e-03
2.4924941841841839363e+01,4.9857029847363877606e-03
2.4954971771771770506e+01,4.9200013026305536648e-03
2.4985001701701701649e+01,4.8540402751245338361e-03
2.5015031631631629239e+01,4.7878263424856416439e-03
2.5045061561561560382e+01,4.7213659140927198565e-03
2.5075091491491491524e+01,4.6546653686211454312e-03
2.5105121421421419114e+01,4.5877310542264361157e-03
2.5135151351351350257e+01,4.5205692887265525384e-03
2.5165181281281281400e+01,4.4531863597829434917e-03
2.5195211211211208990e+01,4.3855885250802468037e-03
2.5225241141141140133e+01,4.3177820125046969743e-03
2.5255271071071071276e+01,4.2497730203213323827e-03
2.5285301001000998866e+01,4.1815677173498693592e-03
2.5315330930930930009e+01,4.1131722454675811659e-03
2.5345360860860861152e+01,4.0445928426450792129e-03
2.5375390790790788742e+01,3.9758359033472611896e-03
2.5405420720720719885e+01,3.9069078069101283862e-03
2.5435450650650647475e+01,3.8378149025430946702e-03
2.5465480580580578618e+01,3.7685635095065631896e-03
2.5495510510510509761e+01,3.6991599172883516539e-03
2.5525540440440437351e+01,3.6296103857788074645e-03
2.5555570370370368494e+01,3.5599211454446742786e-03
2.5585600300300299637e+01,3.4900983975018197263e-03
2.5615630230230227227e+01,3.4201483140866642541e-03
2.5645660160160158370e+01,3.3500770384264117081e-03
2.5675690090090089512e+01,3.2798906850081618880e-03
2.5705720020020017103e+01,3.2095953397467532828e-03
2.5735749949949948245e+01,3.1391970601514405069e-03
2.5765779879879879388e+01,3.0687018754914753907e-03
2.5795809809809806978e+01,2.9981157869604598866e-03
2.5825839739739738121e+01,2.9274447996316963275e-03
2.5855869669669669264e+01,2.8566950193287649583e-03
2.5885899599599596854e+01,2.7858725560784072806e-03
2.5915929529529527997e+01,2.7149834915875092206e-03
2.5945959459459459140e+01,2.6440338794070424727e-03
2.5975989389389386730e+01,2.5730297450947845969e-03
2.6006019319319317873e+01,2.5019770863769223886e-03
2.6036049249249249016e+01,2.4308818733086001024e-03
2.6066079179179176606e+01,2.3597500484332967381e-03
2.6096109109109107749e+01,2.2885875269410874654e-03
2.6126139039039038892e+01,2.2174001968259032455e-03
2.6156168968968966482e+01,2.1461939190416208165e-03
2.6186198898898897625e+01,2.0749745276570862561e-03
2.6216228828828828767e+01,2.0037478300101428143e-03
2.6246258758758756358e+01,1.9325196068605303076e-03
2.6276288688688687500e+01,1.8612956125417345725e-03
2.6306318618618618643e+01,1.7900815754417246598e-03
2.6336348548548546233e+01,1.7188832187678831920e-03
2.6366378478478477376e+01,1.6477062727791053770e-03
2.6396408408408408519e+01,1.5765564445871245013e-03
2.6426438338338336109e+01,1.5054394153623533621e-03
2.6456468268268267252e+01,1.4343608404810879141e-03
2.6486498198198198395e+01,1.3633263496717806709e-03
2.6516528128128125985e+01,1.2923415471602463841e-03
2.6546558058058057128e+01,1.2214120118138834838e-03
2.6576587987987988271e+01,1.1505432972849886919e-03
2.6606617917917915861e+01,1.0797409321530327536e-03
2.6636647847847847004e+01,1.0090104200659660242e-03
2.6666677777777774594e+01,9.3835723988065875435e-04
2.6696707707707705737e+01,8.6778684580226595532e-04
2.6726737637637636880e+01,7.9730466752277770297e-04
2.6756767567567564470e+01,7.2691611035855300225e-04
2.6786797497497495613e+01,6.5662655538693077886e-04
2.6816827427427426755e+01,5.8644135912331966931e-04
2.6846857357357354346e+01,5.1636582626859214157e-04
2.6876887287287285488e+01,4.4640519449203036996e-04
2.6906917217217216631e+01,3.7656467433369280240e-04
2.6936947147147144221e+01,3.0684945309831704709e-04
2.6966977077077075364e+01,2.3726469498466771254e-04
2.6997007007007006507e+01,1.6781554121409364725e-04
2.7027036936936934097e+01,9.8507110158155787778e-05
2.7057066866866865240e+01,2.9344497465404124946e-05
2.7087096796796796383e+01,-3.9667223812614259672e-05
2.7117126726726723973e+01,-1.0852300309625856475e-04
2.7147156656656655116e+01,-1.7721781215352798997e-04
2.7177186586586586259e+01,-2.4574664497654501996e-04
2.7207216516516513849e+01,-3.1410451765893091175e-04
2.7237246446446444992e+01,-3.8228646827399246364e-04
2.7267276376376376135e+01,-4.5028755675363934651e-04
2.7297306306306303725e+01,-5.1810286476817546484e-04
2.7327336236236234868e+01,-5.8572749560689804822e-04
2.7357366166166166010e+01,-6.5315660860891240451e-04
2.7387396096096093601e+01,-7.2038551916111083842e-04
2.7417426026026024743e+01,-7.8740959605392527466e-04
2.7447455955955955886e+01,-8.5422422834556456950e-04
2.7477485885885883476e+01,-9.2082482525128787031e-04
2.7507515815815814619e+01,-9.8720681603340059568e-04
2.7537545745745745762e+01,-1.0533656498918975760e-03
2.7567575675675673352e+01,-1.1192967958558964689e-03
2.7597605605605604495e+01,-1.1849957426757770987e-03
2.7627635535535535638e+01,-1.2504579987159525605e-03
2.7657665465465463228e+01,-1.3156790918484129269e-03
2.7687695395395394371e+01,-1.3806545693469576396e-03
2.7717725325325325514e+01,-1.4453799977820482817e-03
2.7747755255255253104e+01,-1.5098509629164131359e-03
2.7777785185185184247e+01,-1.5740630696013289350e-03
2.7807815115115111837e+01,-1.6380119416734965389e-03
2.7837845045045042980e+01,-1.7016932218526996216e-03
2.7867874974974974123e+01,-1.7651025738959832002e-03
2.7897904904904901713e+01,-1.8282358021448452245e-03
2.7927934834834832856e+01,-1.8910889104837144345e-03
2.7957964764764763999e+01,-1.9536579347434121501e-03
2.7987994694694691589e+01,-2.0159389277682989230e-03
2.8018024624624622732e+01,-2.0779279593251208900e-03
2.8048054554554553874e+01,-2.1396211160123784940e-03
2.8078084484484481465e+01,-2.2010145011703351019e-03
2.8108114414414412607e+01,-2.2621042347916110911e-03
2.8138144344344343750e+01,-2.3228864534322749349e-03
2.8168174274274271340e+01,-2.3833573101235817730e-03
2.8198204204204202483e+01,-2.4435129742842584197e-03
2.8228234134134133626e+01,-2.5033496316333022844e-03
2.8258264064064061216e+01,-2.5628634841033852768e-03
2.8288293993993992359e+01,-2.6220507497548188949e-03
2.8318323923923923502e+01,-2.6809076626899998319e-03
2.8348353853853851092e+01,-2.7394304729684605670e-03
2.8378383783783782235e+01,-2.7976154465224620585e-03
2.8408413713713713378e+01,-2.8554588680156488961e-03
2.8438443643643640968e+01,-2.9129571996383742810e-03
2.8468473573573572111e+01,-2.9701071610756476539e-03
2.8498503503503503254e+01,-3.0269055057748485253e-03
2.8528533433433430844e+01,-3.0833490008530012490e-03
2.8558563363363361987e+01,-3.1394344270249284132e-03
2.8588593293293293129e+01,-3.1951585785317941114e-03
2.8618623223223220720e+01,-3.2505182630701559207e-03
2.8648653153153151862e+01,-3.3055103017214653056e-03
2.8678683083083083005e+01,-3.3601315288819487946e-03
2.8708713013013010595e+01,-3.4143787921929930930e-03
2.8738742942942941738e+01,-3.4682489524719565047e-03
2.8768772872872872881e+01,-3.5217388836433706663e-03
2.8798802802802800471e+01,-3.5748454726706206316e-03
2.8828832732732731614e+01,-3.6275656194880456264e-03
2.8858862662662662757e+01,-3.6798962369334218755e-03
2.8888892592592590347e+01,-3.7318342506809177098e-03
2.8918922522522521490e+01,-3.7833765991744593669e-03
2.8948952452452452633e+01,-3.8345202335614632545e-03
2.8978982382382380223e+01,-3.8852622027770013571e-03
2.9009012312312311366e+01,-3.9355999148027219839e-03
2.9039042242242238956e+01,-3.9855308766340025173e-03
2.9069072172172170099e+01,-4.0350526055679082280e-03
2.9099102102102101242e+01,-4.0841626291499601165e-03
2.9129132032032028832e+01,-4.1328584851213403389e-03
2.9159161961961959975e+01,-4.1811377213663942706e-03
2.9189191891891891117e+01,-4.2289978958604309417e-03
2.9219221821821818708e+01,-4.2764365766178790915e-03
2.9249251751751749850e+01,-4.3234513416407719527e-03
2.9279281681681680993e+01,-4.3700397788674913771e-03
2.9309311611611608583e+01,-4.4161994861218883957e-03
2.9339341541541539726e+01,-4.4619280710627004169e-03
2.9369371471471470869e+01,-4.5072231511332459808e-03
2.9399401401401398459e+01,-4.5520823535114577837e-03
2.9429431331331329602e+01,-4.5965033150602479031e-03
2.9459461261261260745e+01,-4.6404836822781002706e-03
2.9489491191191188335e+01,-4.6840211112500335089e-03
2.9519521121121119478e+01,-4.7271132699210037520e-03
2.9549551051051050621e+01,-4.7697580380696488062e-03
2.9579580980980978211e+01,-4.8119536603719384460e-03
2.9609610910910909354e+01,-4.8536984248725347640e-03
2.9639640840840840497e+01,-4.8949906265540743533e-03
2.9669670770770768087e+01,-4.9358285673020757187e-03
2.9699700700700699230e+01,-4.9762105558700574573e-03
2.9729730630630630372e+01,-5.0161349078448125641e-03
2.9759760560560557963e+01,-5.0555999456119620275e-03
2.9789790490490489105e+01,-5.0946039983216897043e-03
2.9819820420420420248e+01,-5.1331454018546524010e-03
2.9849850350350347838e+01,-5.1712224987881449598e-03
2.9879880280280278981e+01,-5.2088336383624613685e-03
2.9909910210210210124e+01,-5.2459771764474102604e-03
2.9939940140140137714e+01,-5.2826514755090932252e-03
2.9969970070070068857e+01,-5.3188549045768678675e-03
3.0000000000000000000e+01,-5.3545858392104609194e-03
