1.0000000000000000479e-04,3.5254688727306714872e-16
3.0129929929929927940e-02,6.5900873011663456588e-09
6.0159859859859859954e-02,5.2024901666524054628e-08
9.0189789789789795438e-02,1.7391815094488931121e-07
1.2021971971971971704e-01,4.0872292096004755144e-07
1.5024964964964962477e-01,7.9175387956121244726e-07
1.8027957957957957413e-01,1.3572091683954306752e-06
2.1030950950950949574e-01,2.1381918860132138428e-06
2.4033943943943941735e-01,3.1667313384024893747e-06
2.7036936936936933895e-01,4.4738039117917146527e-06
3.0039929929929926056e-01,6.0893535527790472803e-06
3.3042922922922918216e-01,8.0423121868497663328e-06
3.6045915915915915928e-01,1.0360619467472852707e-05
3.9048908908908908089e-01,1.3071242385788502347e-05
4.2051901901901900249e-01,1.6200194713194926113e-05
4.5054894894894892410e-01,1.9772555891149883739e-05
4.8057887887887884570e-01,2.3812490082228730755e-05
5.1060880880880876731e-01,2.8343263923740090655e-05
5.4063873873873868892e-01,3.3387265215273717210e-05
5.7066866866866861052e-01,3.8966020588039607109e-05
6.0069859859859853213e-01,4.5100213204986812679e-05
6.3072852852852845373e-01,5.1809700122286850982e-05
6.6075845845845837534e-01,5.9113528293968245020e-05
6.9078838838838829695e-01,6.7029953292195058813e-05
7.2081831831831832957e-01,7.5576454030152365139e-05
7.5084824824824825118e-01,8.4769749488546950324e-05
7.8087817817817817279e-01,9.4625815087846280546e-05
8.1090810810810809439e-01,1.0515989811509294334e-04
8.4093803803803801600e-01,1.1638653306134930012e-04
8.7096796796796793760e-01,1.2831955693634277652e-04
9.0099789789789785921e-01,1.4097212446977035161e-04
9.3102782782782778082e-01,1.5435672272764538711e-04
9.6105775775775770242e-01,1.6848518485232768290e-04
9.9108768768768762403e-01,1.8336870520599716453e-04
1.0211176176176175456e+00,1.9901785397063282389e-04
1.0511475475475475783e+00,2.1544258844219507827e-04
1.0811774774774773888e+00,2.3265227020973113089e-04
1.1112074074074074215e+00,2.5065567466531278422e-04
1.1412373373373372321e+00,2.6946100762112429978e-04
1.1712672672672672647e+00,2.8907591559085413007e-04
1.2012971971971970753e+00,3.0950749975936848101e-04
1.2313271271271271079e+00,3.3076232855729938414e-04
1.2613570570570569185e+00,3.5284644923188804690e-04
1.2913869869869869511e+00,3.7576540043553934619e-04
1.3214169169169167617e+00,3.9952422401458878532e-04
1.3514468468468467943e+00,4.2412747653953694355e-04
1.3814767767767766049e+00,4.4957924091515026914e-04
1.4115067067067066375e+00,4.7588313770815994942e-04
1.4415366366366366702e+00,5.0304233622068355008e-04
1.4715665665665664807e+00,5.3105956536159939965e-04
1.5015964964964965134e+00,5.5993712433645989948e-04
1.5316264264264263240e+00,5.8967689320185896241e-04
1.5616563563563563566e+00,6.2028034327914227143e-04
1.5916862862862861672e+00,6.5174854734503101517e-04
1.6217162162162161998e+00,6.8408218964944656534e-04
1.6517461461461460104e+00,7.1728157577758354900e-04
1.6817760760760760430e+00,7.5134664236641652765e-04
1.7118060060060058536e+00,7.8627696657010675424e-04
1.7418359359359358862e+00,8.2207177528983022951e-04
1.7718658658658656968e+00,8.5872995429532084956e-04
1.8018957957957957294e+00,8.9625005720140942748e-04
1.8319257257257255400e+00,9.3463031437618143346e-04
1.8619556556556555726e+00,9.7386864186852146238e-04
1.8919855855855853832e+00,1.0139626504710008269e-03
1.9220155155155154159e+00,1.0549096548999453964e-03
1.9520454454454454485e+00,1.0967066795258011060e-03
1.9820753753753752591e+00,1.1393504650065104222e-03
2.0121053053053055137e+00,1.1828374792653443756e-03
2.0421352352352353243e+00,1.2271639273892828541e-03
2.0721651651651651349e+00,1.2723257608441957377e-03
2.1021950950950953896e+00,1.3183186744348542822e-03
2.1322250250250252002e+00,1.3651381169959573084e-03
2.1622549549549550107e+00,1.4127793080933701182e-03
2.1922848848848848213e+00,1.4612372464308260450e-03
2.2223148148148150760e+00,1.5105066948187411725e-03
2.2523447447447448866e+00,1.5605822017965979061e-03
2.2823746746746746972e+00,1.6114581242868074827e-03
2.3124046046046045078e+00,1.6631286092921322012e-03
2.3424345345345347624e+00,1.7155875952765201053e-03
2.3724644644644645730e+00,1.7688288563707313394e-03
2.4024943943943943836e+00,1.8228459784411646990e-03
2.4325243243243246383e+00,1.8776323496894264595e-03
2.4625542542542544489e+00,1.9331812231671186442e-03
2.4925841841841842594e+00,1.9894856689328444845e-03
2.5226141141141140700e+00,2.0465385851631445920e-03
2.5526440440440443247e+00,2.1043327611874151732e-03
2.5826739739739741353e+00,2.1628607901504480655e-03
2.6127039039039039459e+00,2.2221151510457247402e-03
2.6427338338338337564e+00,2.2820881984229393624e-03
2.6727637637637640111e+00,2.3427721095122837000e-03
2.7027936936936938217e+00,2.4041590036579674888e-03
2.7328236236236236323e+00,2.4662408117840802467e-03
2.7628535535535534429e+00,2.5290093980993156968e-03
2.7928834834834836975e+00,2.5924564995067345130e-03
2.8229134134134135081e+00,2.6565737290898277546e-03
2.8529433433433433187e+00,2.7213526499296866908e-03
2.8829732732732735734e+00,2.7867846512221253197e-03
2.9130032032032033840e+00,2.8528611256314140646e-03
2.9430331331331331945e+00,2.9195732735467433763e-03
2.9730630630630630051e+00,2.9869123181853326696e-03
3.0030929929929932598e+00,3.0548693018532329345e-03
3.0331229229229230704e+00,3.1234352868715186541e-03
3.0631528528528528810e+00,3.1926011778578063799e-03
3.0931827827827826916e+00,3.2623578922709151572e-03
3.1232127127127129462e+00,3.3326962103613281922e-03
3.1532426426426427568e+00,3.4036069246412927781e-03
3.1832725725725725674e+00,3.4750807005692980686e-03
3.2133025025025023780e+00,3.5471082270496310379e-03
3.2433324324324326327e+00,3.6196800624978815557e-03
3.2733623623623624432e+00,3.6927868133177078717e-03
3.3033922922922922538e+00,3.7664189386032659659e-03
3.3334222222222220644e+00,3.8405669809311372177e-03
3.3634521521521523191e+00,3.9152213108604918407e-03
3.3934820820820821297e+00,3.9903724191494996734e-03
3.4235120120120119402e+00,4.0660106071667796376e-03
3.4535419419419421949e+00,4.1421263126483372219e-03
3.4835718718718720055e+00,4.2187098001727320676e-03
3.5136018018018018161e+00,4.2957514411053939613e-03
3.5436317317317316267e+00,4.3732415028460034853e-03
3.5736616616616618813e+00,4.4511702752138325792e-03
3.6036915915915916919e+00,4.5295280613415278906e-03
3.6337215215215215025e+00,4.6083050696616939881e-03
3.6637514514514513131e+00,4.6874916442169066097e-03
3.6937813813813815678e+00,4.7670779511698778766e-03
3.7238113113113113783e+00,4.8470543291383519358e-03
3.7538412412412411889e+00,4.9274109837766488090e-03
3.7838711711711709995e+00,5.0081381877233538749e-03
3.8139011011011012542e+00,5.0892262490847195097e-03
3.8439310310310310648e+00,5.1706653690156648834e-03
3.8739609609609608754e+00,5.2524459326213990620e-03
3.9039908908908911300e+00,5.3345581591858421203e-03
3.9340208208208209406e+00,5.4169924031189043909e-03
3.9640507507507507512e+00,5.4997390201620760183e-03
3.9940806806806805618e+00,5.5827882915821273532e-03
4.0241106106106103724e+00,5.6661306899124797010e-03
4.0541405405405397389e+00,5.7497565328367495133e-03
4.0841704704704699935e+00,5.8336562634984040834e-03
4.1142004004004002482e+00,5.9178203791494157077e-03
4.1442303303303296147e+00,6.0022392663771568025e-03
4.1742602602602598694e+00,6.0869035198787228153e-03
4.2042901901901901240e+00,6.1718036415144110485e-03
4.2343201201201194905e+00,6.2569301657694675542e-03
4.2643500500500497452e+00,6.3422737946912336598e-03
4.2943799799799791117e+00,6.4278250819123378818e-03
4.3244099099099093664e+00,6.5135747322615060451e-03
4.3544398398398396210e+00,6.5995135246287141631e-03
4.3844697697697689875e+00,6.6856321250464232492e-03
4.4144996996996992422e+00,6.7719214013202558636e-03
4.4445296296296294969e+00,6.8583722129766195794e-03
4.4745595595595588634e+00,6.9449753729960055429e-03
4.5045894894894891181e+00,7.0317219031751487107e-03
4.5346194194194193727e+00,7.1186027658804770096e-03
4.5646493493493487392e+00,7.2056089347657470770e-03
4.5946792792792789939e+00,7.2927315831183133973e-03
4.6247092092092083604e+00,7.3799618014574646166e-03
4.6547391391391386151e+00,7.4672907281468766869e-03
4.6847690690690688697e+00,7.5547096913609838170e-03
4.7147989989989982362e+00,7.6422099323131507942e-03
4.7448289289289284909e+00,7.7297827545731879334e-03
4.7748588588588587456e+00,7.8174196474395090534e-03
4.8048887887887881121e+00,7.9051120223190152886e-03
4.8349187187187183667e+00,7.9928513479537895148e-03
4.8649486486486486214e+00,8.0806292801376133905e-03
4.8949785785785779879e+00,8.1684374187516502891e-03
4.9250085085085082426e+00,8.2562673987196123077e-03
4.9550384384384376091e+00,8.3441110440743704313e-03
4.9850683683683678638e+00,8.4319601610846131590e-03
5.0150982982982981184e+00,8.5198065545154071099e-03
5.0451282282282274849e+00,8.6076422142201351045e-03
5.0751581581581577396e+00,8.6954591678397030741e-03
5.1051880880880879943e+00,8.7832493990897993197e-03
5.1352180180180173608e+00,8.8710050596389235233e-03
5.1652479479479476154e+00,8.9587184029481826963e-03
5.1952778778778769819e+00,9.0463816109863787185e-03
5.2253078078078072366e+00,9.1339869969473512501e-03
5.2553377377377374913e+00,9.2215270230299496712e-03
5.2853676676676668578e+00,9.3089941035958880672e-03
5.3153975975975971124e+00,9.3963807170303823013e-03
5.3454275275275273671e+00,9.4836795068619708649e-03
5.3754574574574567336e+00,9.5708831479954913773e-03
5.4054873873873869883e+00,9.6579842990105989331e-03
5.4355173173173172430e+00,9.7449757680649600616e-03
5.4655472472472466094e+00,9.8318504797695917274e-03
5.4955771771771768641e+00,9.9186013133662608715e-03
5.5256071071071062306e+00,1.0005221242864055162e-02
5.5556370370370364853e+00,1.0091703390669840706e-02
5.5856669669669667400e+00,1.0178040908403945125e-02
5.6156968968968961065e+00,1.0264226949767028471e-02
5.6457268268268263611e+00,1.0350254805369401082e-02
5.6757567567567566158e+00,1.0436117883016479344e-02
5.7057866866866859823e+00,1.0521809568974008556e-02
5.7358166166166162370e+00,1.0607323324281164520e-02
5.7658465465465464916e+00,1.0692652745784641047e-02
5.7958764764764758581e+00,1.0777791501419022729e-02
5.8259064064064061128e+00,1.0862733248502669248e-02
5.8559363363363354793e+00,1.0947471754756401760e-02
5.8859662662662657340e+00,1.1032000911746445843e-02
5.9159961961961959886e+00,1.1116314644851152046e-02
5.9460261261261253551e+00,1.1200406904081498458e-02
5.9760560560560556098e+00,1.1284271756101957318e-02
6.0060859859859858645e+00,1.1367903377590624081e-02
6.0361159159159152310e+00,1.1451295962617477273e-02
6.0661458458458454857e+00,1.1534443757726640239e-02
6.0961757757757748521e+00,1.1617341121824976968e-02
6.1262057057057051068e+00,1.1699982511870613000e-02
6.1562356356356353615e+00,1.1782362401350715900e-02
6.1862655655655647280e+00,1.1864475330473474302e-02
6.2162954954954949827e+00,1.1946315944763979608e-02
6.2463254254254252373e+00,1.2027878980022008518e-02
6.2763553553553546038e+00,1.2109159195223208674e-02
6.3063852852852848585e+00,1.2190151419886118694e-02
6.3364152152152151132e+00,1.2270850581490683542e-02
6.3664451451451444797e+00,1.2351251693868844916e-02
6.3964750750750747343e+00,1.2431349803599556214e-02
6.4265050050050041008e+00,1.2511140025489942210e-02
6.4565349349349343555e+00,1.2590617565167236055e-02
6.4865648648648646102e+00,1.2669777712266645092e-02
6.5165947947947939767e+00,1.2748615800515882349e-02
6.5466247247247242314e+00,1.2827127226770816334e-02
6.5766546546546544860e+00,1.2905307471758506802e-02
6.6066845845845838525e+00,1.2983152096990965146e-02
6.6367145145145141072e+00,1.3060656720330627092e-02
6.6667444444444434737e+00,1.3137817018320906842e-02
6.6967743743743737284e+00,1.3214628744413772776e-02
6.7268043043043039830e+00,1.3291087727783186187e-02
6.7568342342342333495e+00,1.3367189863669630412e-02
6.7868641641641636042e+00,1.3442931106463986909e-02
6.8168940940940938589e+00,1.3518307480559476133e-02
6.8469240240240232254e+00,1.3593315080095803166e-02
6.8769539539539534800e+00,1.3667950067385734036e-02
6.9069838838838837347e+00,1.3742208671257871017e-02
6.9370138138138131012e+00,1.3816087185778678365e-02
6.9670437437437433559e+00,1.3889581968909115936e-02
6.9970736736736727224e+00,1.3962689441691879602e-02
7.0271036036036029770e+00,1.4035406097182319754e-02
7.0571335335335332317e+00,1.4107728497935043827e-02
7.0871634634634625982e+00,1.4179653265120953365e-02
7.1171933933933928529e+00,1.4251177076936901583e-02
7.1472233233233231076e+00,1.4322296675091911178e-02
7.1772532532532524741e+00,1.4393008884231532282e-02
7.2072831831831827287e+00,1.4463310588485305680e-02
7.2373131131131129834e+00,1.4533198723697713511e-02
7.2673430430430423499e+00,1.4602670277173946875e-02
7.2973729729729726046e+00,1.4671722313017138140e-02
7.3274029029029019711e+00,1.4740351976355672153e-02
7.3574328328328322257e+00,1.4808556460900795457e-02
7.3874627627627624804e+00,1.4876333005993839370e-02
7.4174926926926918469e+00,1.4943678901203532108e-02
7.4475226226226221016e+00,1.5010591529751869319e-02
7.4775525525525523562e+00,1.5077068343410569840e-02
7.5075824824824817227e+00,1.5143106834969064303e-02
7.5376124124124119774e+00,1.5208704537171824356e-02
7.5676423423423413439e+00,1.5273859036722009855e-02
7.5976722722722715986e+00,1.5338568025369023196e-02
7.6277022022022018533e+00,1.5402829250105779663e-02
7.6577321321321312197e+00,1.5466640493267253681e-02
7.6877620620620614744e+00,1.5529999571851469883e-02
7.7177919919919917291e+00,1.5592904362032278601e-02
7.7478219219219210956e+00,1.5655352850678563165e-02
7.7778518518518513503e+00,1.5717343070706484010e-02
7.8078817817817816049e+00,1.5778873085294648632e-02
7.8379117117117109714e+00,1.5839940987342381734e-02
7.8679416416416412261e+00,1.5900544930171577745e-02
7.8979715715715705926e+00,1.5960683182850848860e-02
7.9280015015015008473e+00,1.6020354055904854201e-02
7.9580314314314311019e+00,1.6079555885359465145e-02
7.9880613613613604684e+00,1.6138287032266784154e-02
8.0180912912912898349e+00,1.6196545911645692656e-02
8.0481212212212209778e+00,1.6254331061321767443e-02
8.0781511511511503443e+00,1.6311641061734414443e-02
8.1081810810810797108e+00,1.6368474514353286570e-02
8.1382110110110108536e+00,1.6424830041290323229e-02
8.1682409409409402201e+00,1.6480706304512923038e-02
8.1982708708708695866e+00,1.6536102092924030021e-02
8.2283008008008007295e+00,1.6591016249666110799e-02
8.2583307307307300960e+00,1.6645447634740125759e-02
8.2883606606606594625e+00,1.6699395124668552082e-02
8.3183905905905906053e+00,1.6752857619696415181e-02
8.3484205205205199718e+00,1.6805834134249800910e-02
8.3784504504504493383e+00,1.6858323766013396522e-02
8.4084803803803804811e+00,1.6910325627005510368e-02
8.4385103103103098476e+00,1.6961838841884627899e-02
8.4685402402402392141e+00,1.7012862548342937152e-02
8.4985701701701703570e+00,1.7063395958125924384e-02
8.5286001001000997235e+00,1.7113438407585532947e-02
8.5586300300300290900e+00,1.7162989254557396018e-02
8.5886599599599584565e+00,1.7212047865858375734e-02
8.6186898898898895993e+00,1.7260613617130070307e-02
8.6487198198198189658e+00,1.7308685909825843874e-02
8.6787497497497483323e+00,1.7356264279190548872e-02
8.7087796796796794752e+00,1.7403348322654117741e-02
8.7388096096096088417e+00,1.7449937643436198853e-02
8.7688395395395382081e+00,1.7496031850191738621e-02
8.7988694694694693510e+00,1.7541630557331558404e-02
8.8288993993993987175e+00,1.7586733447222859666e-02
8.8589293293293280840e+00,1.7631340335511946904e-02
8.8889592592592592268e+00,1.7675451056218250551e-02
8.9189891891891885933e+00,1.7719065445596600405e-02
8.9490191191191179598e+00,1.7762183342099741729e-02
8.9790490490490491027e+00,1.7804804592232093691e-02
9.0090789789789784692e+00,1.7846929154322854066e-02
9.0391089089089078357e+00,1.7888557084280661685e-02
9.0691388388388389785e+00,1.7929688440625129314e-02
9.0991687687687683450e+00,1.7970323281103352253e-02
9.1291986986986977115e+00,1.8010461662702599572e-02
9.1592286286286288544e+00,1.8050103657637969756e-02
9.1892585585585582209e+00,1.8089249474028550740e-02
9.2192884884884875873e+00,1.8127899386785658459e-02
9.2493184184184169538e+00,1.8166053667801589783e-02
9.2793483483483480967e+00,1.8203712585449036837e-02
9.3093782782782774632e+00,1.8240876404637843683e-02
9.3394082082082068297e+00,1.8277545410272589416e-02
9.3694381381381379725e+00,1.8313720031186930121e-02
9.3994680680680673390e+00,1.8349400748097287328e-02
9.4294979979979967055e+00,1.8384588035726352750e-02
9.4595279279279278484e+00,1.8419282362768633204e-02
9.4895578578578572149e+00,1.8453484191985853463e-02
9.5195877877877865814e+00,1.8487194002566192247e-02
9.5496177177177177242e+00,1.8520412416819058421e-02
9.5796476476476470907e+00,1.8553140110494522469e-02
9.6096775775775764572e+00,1.8585377751085704195e-02
9.6397075075075076001e+00,1.8617125997768116386e-02
9.6697374374374369665e+00,1.8648385501528863539e-02
9.6997673673673663330e+00,1.8679156918487673650e-02
9.7297972972972974759e+00,1.8709441035401626341e-02
9.7598272272272268424e+00,1.8739238712296386880e-02
9.7898571571571562089e+00,1.8768550799767705350e-02
9.8198870870870855754e+00,1.8797378138006599207e-02
9.8499170170170167182e+00,1.8825721556957962510e-02
9.8799469469469460847e+00,1.8853581879842422342e-02
9.9099768768768754512e+00,1.8880960024804403774e-02
9.9400068068068065941e+00,1.8907857021612961557e-02
9.9700367367367359606e+00,1.8934273894611202554e-02
1.0000066666666665327e+01,1.8960211655837933692e-02
1.0030096596596596470e+01,1.8985671305211854892e-02
1.0060126526526525836e+01,1.9010653830722114982e-02
1.0090156456456455203e+01,1.9035160256390289829e-02
1.0120186386386386346e+01,1.9059191752331505754e-02
1.0150216316316315712e+01,1.9082749507523696225e-02
1.0180246246246245079e+01,1.9105834696915680038e-02
1.0210276176176176222e+01,1.9128448481633492789e-02
1.0240306106106105588e+01,1.9150592009183054626e-02
1.0270336036036034955e+01,1.9172266420732997361e-02
1.0300365965965966097e+01,1.9193472967525368467e-02
1.0330395895895895464e+01,1.9214212990879445814e-02
1.0360425825825824830e+01,1.9234487819886462306e-02
1.0390455755755754197e+01,1.9254298768272566644e-02
1.0420485685685685340e+01,1.9273647134620246896e-02
1.0450515615615614706e+01,1.9292534202585892578e-02
1.0480545545545544073e+01,1.9310961273559801299e-02
1.0510575475475475216e+01,1.9328929791113166198e-02
1.0540605405405404582e+01,1.9346441229819402036e-02
1.0570635335335333949e+01,1.9363497047506051524e-02
1.0600665265265265091e+01,1.9380098685481499804e-02
1.0630695195195194458e+01,1.9396247568768332920e-02
1.0660725125125123824e+01,1.9411945106564212210e-02
1.0690755055055054967e+01,1.9427192755764176313e-02
1.0720784984984984334e+01,1.9441992106203120905e-02
1.0750814914914913700e+01,1.9456344751375392876e-02
1.0780844844844844843e+01,1.9470252267020683734e-02
1.0810874774774774210e+01,1.9483716211370617072e-02
1.0840904704704703576e+01,1.9496738125391262914e-02
1.0870934634634634719e+01,1.9509319534009989666e-02
1.0900964564564564085e+01,1.9521462025069734325e-02
1.0930994494494493452e+01,1.9533167305711925110e-02
1.0961024424424422818e+01,1.9544437077831908894e-02
1.0991054354354353961e+01,1.9555273024725282338e-02
1.1021084284284283328e+01,1.9565676811341220498e-02
1.1051114214214212694e+01,1.9575650084531832917e-02
1.1081144144144143837e+01,1.9585194474084646754e-02
1.1111174074074073204e+01,1.9594311667371397401e-02
1.1141204004004002570e+01,1.9603003469660006119e-02
1.1171233933933933713e+01,1.9611271681146014156e-02
1.1201263863863863079e+01,1.9619118082720075208e-02
1.1231293793793792446e+01,1.9626544436226064927e-02
1.1261323723723723589e+01,1.9633552484715034031e-02
1.1291353653653652955e+01,1.9640143952757368323e-02
1.1321383583583582322e+01,1.9646320598101337657e-02
1.1351413513513513465e+01,1.9652084304247832008e-02
1.1381443443443442831e+01,1.9657436959937577697e-02
1.1411473373373372198e+01,1.9662380434029964882e-02
1.1441503303303303340e+01,1.9666916575764008951e-02
1.1471533233233232707e+01,1.9671047215015120824e-02
1.1501563163163162073e+01,1.9674774162547915141e-02
1.1531593093093093216e+01,1.9678099230361126987e-02
1.1561623023023022583e+01,1.9681024348798280277e-02
1.1591652952952951949e+01,1.9683551485487525701e-02
1.1621682882882881316e+01,1.9685682587913710256e-02
1.1651712812812812459e+01,1.9687419583484671443e-02
1.1681742742742741825e+01,1.9688764379789315540e-02
1.1711772672672671192e+01,1.9689718864851706026e-02
1.1741802602602602335e+01,1.9690284909408120595e-02
1.1771832532532531701e+01,1.9690464449685689263e-02
1.1801862462462461068e+01,1.9690259515382391164e-02
1.1831892392392392210e+01,1.9689672123505742168e-02
1.1861922322322321577e+01,1.9688704270638023724e-02
1.1891952252252250943e+01,1.9687357933194198079e-02
1.1921982182182182086e+01,1.9685635067675909954e-02
1.1952012112112111453e+01,1.9683537610921612859e-02
1.1982042042042040819e+01,1.9681067497924770865e-02
1.2012071971971971962e+01,1.9678226770955251079e-02
1.2042101901901901329e+01,1.9675017507405724582e-02
1.2072131831831830695e+01,1.9671441764236553829e-02
1.2102161761761761838e+01,1.9667501577991772926e-02
1.2132191691691691204e+01,1.9663198965051798678e-02
1.2162221621621620571e+01,1.9658535921882328706e-02
1.2192251551551549937e+01,1.9653514425295618567e-02
1.2222281481481481080e+01,1.9648136472834868554e-02
1.2252311411411410447e+01,1.9642404168950782645e-02
1.2282341341341339813e+01,1.9636319622356439990e-02
1.2312371271271270956e+01,1.9629884921192289338e-02
1.2342401201201200323e+01,1.9623102133276410647e-02
1.2372431131131129689e+01,1.9615973306351133787e-02
1.2402461061061060832e+01,1.9608500468326094113e-02
1.2432490990990990198e+01,1.9600685627767969188e-02
1.2462520920920919565e+01,1.9592530825756338669e-02
1.2492550850850850708e+01,1.9584038198694458249e-02
1.2522580780780780074e+01,1.9575209877930703495e-02
1.2552610710710709441e+01,1.9566047974417955652e-02
1.2582640640640640584e+01,1.9556554578956934776e-02
1.2612670570570569950e+01,1.9546731762436150154e-02
1.2642700500500499317e+01,1.9536581576068350052e-02
1.2672730430430430459e+01,1.9526106051768327143e-02
1.2702760360360359826e+01,1.9515307248043022720e-02
1.2732790290290289192e+01,1.9504187314648556428e-02
1.2762820220220218559e+01,1.9492748397493906559e-02
1.2792850150150149702e+01,1.9480992622338860060e-02
1.2822880080080079068e+01,1.9468922095029886354e-02
1.2852910010010008435e+01,1.9456538901732833152e-02
1.2882939939939939578e+01,1.9443845109162239543e-02
1.2912969869869868944e+01,1.9430842764807554346e-02
1.2942999799799798311e+01,1.9417533923149224440e-02
1.2973029729729729453e+01,1.9403920728324437067e-02
1.3003059659659658820e+01,1.9390005333062832610e-02
1.3033089589589588186e+01,1.9375789870253488228e-02
1.3063119519519519329e+01,1.9361276453172870937e-02
1.3093149449449448696e+01,1.9346467175709706338e-02
1.3123179379379378062e+01,1.9331364112586870568e-02
1.3153209309309309205e+01,1.9315969319580114649e-02
1.3183239239239238572e+01,1.9300284840402696235e-02
1.3213269169169167938e+01,1.9284312785809810953e-02
1.3243299099099099081e+01,1.9268055306716401487e-02
1.3273329029029028447e+01,1.9251514535764509967e-02
1.3303358958958957814e+01,1.9234692586339960374e-02
1.3333388888888887180e+01,1.9217591552789205916e-02
1.3363418818818818323e+01,1.9200213510633251657e-02
1.3393448748748747690e+01,1.9182560516778728726e-02
1.3423478678678677056e+01,1.9164634609780593910e-02
1.3453508608608608199e+01,1.9146437844211716683e-02
1.3483538538538537566e+01,1.9127972348822467469e-02
1.3513568468468466932e+01,1.9109240248912688631e-02
1.3543598398398398075e+01,1.9090243650932651326e-02
1.3573628328328327441e+01,1.9070984642691659466e-02
1.3603658258258256808e+01,1.9051465293563728948e-02
1.3633688188188187951e+01,1.9031687654690626621e-02
1.3663718118118117317e+01,1.9011653759182258611e-02
1.3693748048048046684e+01,1.8991365624446712723e-02
1.3723777977977977827e+01,1.8970825309918427914e-02
1.3753807907907907193e+01,1.8950034923246743962e-02
1.3783837837837836560e+01,1.8928996557163461217e-02
1.3813867767767767702e+01,1.8907712286202825458e-02
1.3843897697697697069e+01,1.8886184166898963704e-02
1.3873927627627626435e+01,1.8864414237980603462e-02
1.3903957557557555802e+01,1.8842404520563394571e-02
1.3933987487487486945e+01,1.8820157018339719185e-02
1.3964017417417416311e+01,1.8797673722541621139e-02
1.3994047347347345678e+01,1.8774956673569244414e-02
1.4024077277277276821e+01,1.8752007942786821926e-02
1.4054107207207206187e+01,1.8728829584964384880e-02
1.4084137137137135554e+01,1.8705423637347388943e-02
1.4114167067067066696e+01,1.8681792119843162320e-02
1.4144196996996996063e+01,1.8657937035204970322e-02
1.4174226926926925429e+01,1.8633860369213665203e-02
1.4204256856856856572e+01,1.8609564090857195345e-02
1.4234286786786785939e+01,1.8585050156597591325e-02
1.4264316716716715305e+01,1.8560320565938575460e-02
1.4294346646646646448e+01,1.8535377346522267927e-02
1.4324376576576575815e+01,1.8510222510097245480e-02
1.4354406506506505181e+01,1.8484858051577429672e-02
1.4384436436436436324e+01,1.8459285949217921902e-02
1.4414466366366365691e+01,1.8433508164788448003e-02
1.4444496296296295057e+01,1.8407526643744762801e-02
1.4474526226226226200e+01,1.8381343315397865451e-02
1.4504556156156155566e+01,1.8354960094299245521e-02
1.4534586086086084933e+01,1.8328378921438254895e-02
1.4564616016016014299e+01,1.8301601773859886568e-02
1.4594645945945945442e+01,1.8274630615549323359e-02
1.4624675875875874809e+01,1.8247467394360568360e-02
1.4654705805805804175e+01,1.8220114042181708575e-02
1.4684735735735735318e+01,1.8192572475098194029e-02
1.4714765665665664685e+01,1.8164844593554056035e-02
1.4744795595595594051e+01,1.8136932282511175618e-02
1.4774825525525525194e+01,1.8108837411609002982e-02
1.4804855455455454560e+01,1.8080561852502605169e-02
1.4834885385385383927e+01,1.8052107520067934426e-02
1.4864915315315315070e+01,1.8023476326091417837e-02
1.4894945245245244436e+01,1.7994670166941961059e-02
1.4924975175175173803e+01,1.7965690923726029132e-02
1.4955005105105104946e+01,1.7936540462440923177e-02
1.4985035035035034312e+01,1.7907220634126124609e-02
1.5015064964964963679e+01,1.7877733275012904629e-02
1.5045094894894894821e+01,1.7848080206672126136e-02
1.5075124824824824188e+01,1.7818263237842250218e-02
1.5105154754754753554e+01,1.7788284200283693837e-02
1.5135184684684682921e+01,1.7758144947894554527e-02
1.5165214614614614064e+01,1.7727847321429797411e-02
1.5195244544544543430e+01,1.7697393147093069127e-02
1.5225274474474472797e+01,1.7666784236680162928e-02
1.5255304404404403940e+01,1.7636022387720908661e-02
1.5285334334334333306e+01,1.7605109383619203106e-02
1.5315364264264262673e+01,1.7574046993791590104e-02
1.5345394194194193815e+01,1.7542836973804071254e-02
1.5375424124124123182e+01,1.7511481070695944506e-02
1.5405454054054052548e+01,1.7479981059473403970e-02
1.5435483983983983691e+01,1.7448338721312683930e-02
1.5465513913913913058e+01,1.7416555823683385618e-02
1.5495543843843842424e+01,1.7384634120353886083e-02
1.5525573773773773567e+01,1.7352575351523832903e-02
1.5555603703703702934e+01,1.7320381243955140088e-02
1.5585633633633632300e+01,1.7288053511101415805e-02
1.5615663563563563443e+01,1.7255593853235936391e-02
1.5645693493493492809e+01,1.7223003957578166684e-02
1.5675723423423422176e+01,1.7190285504303796232e-02
1.5705753353353351542e+01,1.7157440197453299735e-02
1.5735783283283282685e+01,1.7124469742190208399e-02
1.5765813213213212052e+01,1.7091375830716341866e-02
1.5795843143143141418e+01,1.7058160142365136336e-02
1.5825873073073072561e+01,1.7024824343723758691e-02
1.5855903003003001928e+01,1.6991370088753773859e-02
1.5885932932932931294e+01,1.6957799018910531957e-02
1.5915962862862862437e+01,1.6924112763261077441e-02
1.5945992792792791803e+01,1.6890312938600885589e-02
1.5976022722722721170e+01,1.6856401152738870186e-02
1.6006052652652652313e+01,1.6822379029971242653e-02
1.6036082582582579903e+01,1.6788248197543119422e-02
1.6066112512512511046e+01,1.6754010270671835375e-02
1.6096142442442442189e+01,1.6719666852520926464e-02
1.6126172372372369779e+01,1.6685219534312407952e-02
1.6156202302302300922e+01,1.6650669895437671814e-02
1.6186232232232232064e+01,1.6616019503567315552e-02
1.6216262162162159655e+01,1.6581269914759635270e-02
1.6246292092092090797e+01,1.6546422673567921791e-02
1.6276322022022021940e+01,1.6511479313642933586e-02
1.6306351951951949530e+01,1.6476441373659427708e-02
1.6336381881881880673e+01,1.6441310400586852530e-02
1.6366411811811811816e+01,1.6406087931203718056e-02
1.6396441741741739406e+01,1.6370775491030133825e-02
1.6426471671671670549e+01,1.6335374594430723122e-02
1.6456501601601601692e+01,1.6299886744716447773e-02
1.6486531531531529282e+01,1.6264313434245242923e-02
1.6516561461461460425e+01,1.6228656144521579757e-02
1.6546591391391391568e+01,1.6192916346294990854e-02
1.6576621321321319158e+01,1.6157095499657471438e-02
1.6606651251251250301e+01,1.6121195057850562504e-02
1.6636681181181181444e+01,1.6085216482539917149e-02
1.6666711111111109034e+01,1.6049161230869010697e-02
1.6696741041041040177e+01,1.6013030749500861694e-02
1.6726770970970971320e+01,1.5976826474709607956e-02
1.6756800900900898910e+01,1.5940549832473581426e-02
1.6786830830830830052e+01,1.5904202238567359540e-02
1.6816860760760761195e+01,1.5867785098652938819e-02
1.6846890690690688785e+01,1.5831299808369822535e-02
1.6876920620620619928e+01,1.5794747753424178555e-02
1.6906950550550551071e+01,1.5758130309706026850e-02
1.6936980480480478661e+01,1.5721448849119943475e-02
1.6967010410410409804e+01,1.5684704746546259541e-02
1.6997040340340340947e+01,1.5647899368836936523e-02
1.7027070270270268537e+01,1.5611034073201301986e-02
1.7057100200200199680e+01,1.5574110207290926128e-02
1.7087130130130130823e+01,1.5537129109283613626e-02
1.7117160060060058413e+01,1.5500092107966496890e-02
1.7147189989989989556e+01,1.5463000522818274099e-02
1.7177219919919917146e+01,1.5425855664090583341e-02
1.7207249849849848289e+01,1.5388658832888478176e-02
1.7237279779779779432e+01,1.5351411321296318246e-02
1.7267309709709707022e+01,1.5314114416532534357e-02
1.7297339639639638165e+01,1.5276769404188084850e-02
1.7327369569569569308e+01,1.5239377561692676877e-02
1.7357399499499496898e+01,1.5201940157635707163e-02
1.7387429429429428041e+01,1.5164458451842626266e-02
1.7417459359359359183e+01,1.5126933695450477113e-02
1.7447489289289286774e+01,1.5089367130982680662e-02
1.7477519219219217916e+01,1.5051759992423023593e-02
1.7507549149149149059e+01,1.5014113505288893130e-02
1.7537579079079076649e+01,1.4976428886703781543e-02
1.7567609009009007792e+01,1.4938707345471645069e-02
1.7597638938938938935e+01,1.4900950083356621564e-02
1.7627668868868866525e+01,1.4863158297055064153e-02
1.7657698798798797668e+01,1.4825333175618574805e-02
1.7687728728728728811e+01,1.4787475900023777306e-02
1.7717758658658656401e+01,1.4749587643240719137e-02
1.7747788588588587544e+01,1.4711669570300582935e-02
1.7777818518518518687e+01,1.4673722838362778659e-02
1.7807848448448446277e+01,1.4635748596781305436e-02
1.7837878378378377420e+01,1.4597747987170443806e-02
1.7867908308308308563e+01,1.4559722143469795708e-02
1.7897938238238236153e+01,1.4521672192008672209e-02
1.7927968168168167296e+01,1.4483599251400025576e-02
1.7957998098098098438e+01,1.4445504431515389029e-02
1.7988028028028026029e+01,1.4407388834249064066e-02
1.8018057957957957171e+01,1.4369253554146699248e-02
1.8048087887887888314e+01,1.4331099678469154043e-02
1.8078117817817815904e+01,1.4292928287253023334e-02
1.8108147747747747047e+01,1.4254740453370492309e-02
1.8138177677677678190e+01,1.4216537242588688297e-02
1.8168207607607605780e+01,1.4178319713628390747e-02
1.8198237537537536923e+01,1.4140088918222134054e-02
1.8228267467467468066e+01,1.4101845901171826403e-02
1.8258297397397395656e+01,1.4063591700389361377e-02
1.8288327327327326799e+01,1.4025327344488497383e-02
1.8318357257257257942e+01,1.3987053850228007082e-02
1.8348387187187185532e+01,1.3948772227080205241e-02
1.8378417117117116675e+01,1.3910483477919578441e-02
1.8408447047047044265e+01,1.3872188599076608340e-02
1.8438476976976975408e+01,1.3833888580391055442e-02
1.8468506906906906551e+01,1.3795584405264736325e-02
1.8498536836836834141e+01,1.3757277050713785649e-02
1.8528566766766765284e+01,1.3718967487420373474e-02
1.8558596696696696426e+01,1.3680656679783983684e-02
1.8588626626626624017e+01,1.3642345585972161584e-02
1.8618656556556555159e+01,1.3604035157782225218e-02
1.8648686486486486302e+01,1.3565726334818587959e-02
1.8678716416416413892e+01,1.3527420043437037023e-02
1.8708746346346345035e+01,1.3489117203625510671e-02
1.8738776276276276178e+01,1.3450818729474617666e-02
1.8768806206206203768e+01,1.3412525529224830420e-02
1.8798836136136134911e+01,1.3374238505313178552e-02
1.8828866066066066054e+01,1.3335958554419567734e-02
1.8858895995995993644e+01,1.3297686567512585071e-02
1.8888925925925924787e+01,1.3259423429894914154e-02
1.8918955855855855930e+01,1.3221170021248300833e-02
1.8948985785785783520e+01,1.3182927215678090505e-02
1.8979015715715714663e+01,1.3144695881540515575e-02
1.9009045645645645806e+01,1.3106476873738599417e-02
1.9039075575575573396e+01,1.3068271031702270377e-02
1.9069105505505504539e+01,1.3030079188925928688e-02
1.9099135435435435681e+01,1.2991902173661903919e-02
1.9129165365365363272e+01,1.2953740808961611286e-02
1.9159195295295294414e+01,1.2915595912716272553e-02
1.9189225225225225557e+01,1.2877468297697326413e-02
1.9219255155155153147e+01,1.2839358771596429479e-02
1.9249285085085084290e+01,1.2801268137065035732e-02
1.9279315015015015433e+01,1.2763197191753708828e-02
1.9309344944944943023e+01,1.2725146728350983372e-02
1.9339374874874874166e+01,1.2687117534608088193e-02
1.9369404804804805309e+01,1.2649110387487850701e-02
1.9399434734734732899e+01,1.2611126044088295794e-02
1.9429464664664664042e+01,1.2573165254461568865e-02
1.9459494594594595185e+01,1.2535228764029921616e-02
1.9489524524524522775e+01,1.2497317313621329402e-02
1.9519554454454453918e+01,1.2459431639504843156e-02
1.9549584384384381508e+01,1.2421572473425629077e-02
1.9579614314314312651e+01,1.2383740542639621457e-02
1.9609644244244243794e+01,1.2345936569947936132e-02
1.9639674174174171384e+01,1.2308161273730898813e-02
1.9669704104104102527e+01,1.2270415367981802809e-02
1.9699734034034033670e+01,1.2232699562340349289e-02
1.9729763963963961260e+01,1.2195014560837781278e-02
1.9759793893893892403e+01,1.2157361047754168884e-02
1.9789823823823823545e+01,1.2119739692996973207e-02
1.9819853753753751135e+01,1.2082151162231873076e-02
1.9849883683683682278e+01,1.2044596117096304302e-02
1.9879913613613613421e+01,1.2007075215229940507e-02
1.9909943543543541011e+01,1.1969589110304809654e-02
1.9939973473473472154e+01,1.1932138452055159050e-02
1.9970003403403403297e+01,1.1894723886307101771e-02
2.0000033333333330887e+01,1.1857346055007921340e-02
2.0030063263263262030e+01,1.1820005596255166516e-02
2.0060093193193193173e+01,1.1782703144325459843e-02
2.0090123123123120763e+01,1.1745439329703065076e-02
2.0120153053053051906e+01,1.1708214775159913462e-02
2.0150182982982983049e+01,1.1671030079678609837e-02
2.0180212912912910639e+01,1.1633885832310888672e-02
2.0210242842842841782e+01,1.1596782618604844356e-02
2.0240272772772772925e+01,1.1559721020633541982e-02
2.0270302702702700515e+01,1.1522701617020734630e-02
2.0300332632632631658e+01,1.1485724982966368998e-02
2.0330362562562562800e+01,1.1448791690271905436e-02
2.0360392492492490391e+01,1.1411902307365356934e-02
2.0390422422422421533e+01,1.1375057399326123433e-02
2.0420452352352352676e+01,1.1338257527909633565e-02
2.0450482282282280266e+01,1.1301503251571748745e-02
2.0480512212212211409e+01,1.1264795125492919198e-02
2.0510542142142142552e+01,1.1228133697090685039e-02
2.0540572072072070142e+01,1.1191519488680369207e-02
2.0570602002002001285e+01,1.1154953012891127839e-02
2.0600631931931932428e+01,1.1118434779361554415e-02
2.0630661861861860018e+01,1.1081965294762931989e-02
2.0660691791791791161e+01,1.1045545062820769783e-02
2.0690721721721722304e+01,1.1009174584336230487e-02
2.0720751651651649894e+01,1.0972854357207290424e-02
2.0750781581581581037e+01,1.0936584876449738368e-02
2.0780811511511508627e+01,1.0900366634218033868e-02
2.0810841441441439770e+01,1.0864200119825910551e-02
2.0840871371371370913e+01,1.0828085819766877090e-02
2.0870901301301298503e+01,1.0792024217734501323e-02
2.0900931231231229646e+01,1.0756015792642237283e-02
2.0930961161161160788e+01,1.0720060999925916378e-02
2.0960991091091088379e+01,1.0684160280150052300e-02
2.0991021021021019521e+01,1.0648314071197852171e-02
2.1021050950950950664e+01,1.0612522808450373588e-02
2.1051080880880878254e+01,1.0576786924804328083e-02
2.1081110810810809397e+01,1.0541106850689787450e-02
2.1111140740740740540e+01,1.0505483014087742613e-02
2.1141170670670668130e+01,1.0469915840547483823e-02
2.1171200600600599273e+01,1.0434405753203835135e-02
2.1201230530530530416e+01,1.0398953172794281330e-02
2.1231260460460458006e+01,1.0363558517675910964e-02
2.1261290390390389149e+01,1.0328222203842208488e-02
2.1291320320320320292e+01,1.0292944644886914754e-02
2.1321350250250247882e+01,1.0257726241565245234e-02
2.1351380180180179025e+01,1.0222567369289102882e-02
2.1381410110110110168e+01,1.0187468398291217586e-02
2.1411440040040037758e+01,1.0152429696727289718e-02
2.1441469969969968901e+01,1.0117451630690516701e-02
2.1471499899899900043e+01,1.0082534564226041524e-02
2.1501529829829827634e+01,1.0047678859345252067e-02
2.1531559759759758776e+01,1.0012884876039938181e-02
2.1561589689689689919e+01,9.9781529722963897833e-03
2.1591619619619617509e+01,9.9434835041093284219e-03
2.1621649549549548652e+01,9.9088768254957174109e-03
2.1651679479479479795e+01,9.8743332885085095124e-03
2.1681709409409407385e+01,9.8398532432502402306e-03
2.1711739339339338528e+01,9.8054370373129272342e-03
2.1741769269269269671e+01,9.7710849994616828795e-03
2.1771799199199197261e+01,9.7367974373905024493e-03
2.1801829129129128404e+01,9.7025746560501675841e-03
2.1831859059059059547e+01,9.6684169587136076229e-03
2.1861888988988987137e+01,9.6343246469874441879e-03
2.1891918918918918280e+01,9.6002980208233761744e-03
2.1921948848848845870e+01,9.5663373785295525986e-03
2.1951978778778777013e+01,9.5324430167817979925e-03
2.1982008708708708156e+01,9.4986152306347597374e-03
2.2012038638638635746e+01,9.4648543135329860077e-03
2.2042068568568566889e+01,9.4311605573218579984e-03
2.2072098498498498031e+01,9.3975342522585117444e-03
2.2102128428428425622e+01,9.3639756870225951402e-03
2.2132158358358356764e+01,9.3304851482269128560e-03
2.2162188288288287907e+01,9.2970629043160109978e-03
2.2192218218218215497e+01,9.2637092022177774248e-03
2.2222248148148146640e+01,9.2304242863261564550e-03
2.2252278078078077783e+01,9.1972083997158404073e-03
2.2282308008008005373e+01,9.1640617841511427116e-03
2.2312337937937936516e+01,9.1309846800948293866e-03
2.2342367867867867659e+01,9.0979773267168620454e-03
2.2372397797797795249e+01,9.0650399619030801873e-03
2.2402427727727726392e+01,9.0321728222637863437e-03
2.2432457657657657535e+01,8.9993761431423086733e-03
2.2462487587587585125e+01,8.9666501586234646781e-03
2.2492517517517516268e+01,8.9339951015419468566e-03
2.2522547447447447411e+01,8.9014112034906771320e-03
2.2552577377377375001e+01,8.8688986948139737765e-03
2.2582607307307306144e+01,8.8364577953437845742e-03
2.2612637237237237287e+01,8.8040886986960557176e-03
2.2642667167167164877e+01,8.7717915932785869848e-03
2.2672697097097096020e+01,8.7395666665009783675e-03
2.2702727027027027162e+01,8.7074141047812671224e-03
2.2732756956956954753e+01,8.6753340935524555361e-03
2.2762786886886885895e+01,8.6433268172690022602e-03
2.2792816816816817038e+01,8.6113924594132858908e-03
2.2822846746746744628e+01,8.5795312025019974250e-03
2.2852876676676675771e+01,8.5477432280924685315e-03
2.2882906606606606914e+01,8.5160287167889859444e-03
2.2912936536536534504e+01,8.4843878482490312637e-03
2.2942966466466465647e+01,8.4528208011894565704e-03
2.2972996396396396790e+01,8.4213277533926808593e-03
2.3003026326326324380e+01,8.3899088805839336369e-03
2.3033056256256255523e+01,8.3585643377966662576e-03
2.3063086186186186666e+01,8.3272942624168337644e-03
2.3093116116116114256e+01,8.2960987905771593071e-03
2.3123146046046045399e+01,8.2649780577031713158e-03
2.3153175975975972989e+01,8.2339321985178196006e-03
2.3183205905905904132e+01,8.2029613470459943059e-03
2.3213235835835835275e+01,8.1720656366190743553e-03
2.3243265765765762865e+01,8.1412451998793822217e-03
2.3273295695695694008e+01,8.1105001687846334929e-03
2.3303325625625625150e+01,8.0798306746123621513e-03
2.3333355555555552741e+01,8.0492368479642834034e-03
2.3363385485485483883e+01,8.0187188187706339576e-03
2.3393415415415415026e+01,7.9882767162945018946e-03
2.3423445345345342616e+01,7.9579106691360836784e-03
2.3453475275275273759e+01,7.9276208030200790572e-03
2.3483505205205204902e+01,7.8974072206768122784e-03
2.3513535135135132492e+01,7.8672700113687366735e-03
2.3543565065065063635e+01,7.8372092637443400986e-03
2.3573594994994994778e+01,7.8072250660004161721e-03
2.3603624924924922368e+01,7.7773175058849265684e-03
2.3633654854854853511e+01,7.7474866706998260155e-03
2.3663684784784784654e+01,7.7177326473039349966e-03
2.3693714714714712244e+01,7.6880555221157205123e-03
2.3723744644644643387e+01,7.6584553811160837808e-03
2.3753774574574574530e+01,7.6289323098511331936e-03
2.3783804504504502120e+01,7.5994863934349399237e-03
2.3813834434434433263e+01,7.5701177165522328186e-03
2.3843864364364364405e+01,7.5408263634611297221e-03
2.3873894294294291996e+01,7.5116124179958115512e-03
2.3903924224224223138e+01,7.4824759624716385628e-03
2.3933954154154154281e+01,7.4534170597632719638e-03
2.3963984084084081871e+01,7.4244357563318695917e-03
2.3994014014014013014e+01,7.3955320978979490962e-03
2.4024043943943944157e+01,7.3667061299534314714e-03
2.4054073873873871747e+01,7.3379578977630583250e-03
2.4084103803803802890e+01,7.3092874463658108822e-03
2.4114133733733734033e+01,7.2806948205763229176e-03
2.4144163663663661623e+01,7.2521800649862702692e-03
2.4174193593593592766e+01,7.2237432239657430044e-03
2.4204223523523523909e+01,7.1953843416646583522e-03
2.4234253453453451499e+01,7.1671034620140825627e-03
2.4264283383383382642e+01,7.1389006287275987364e-03
2.4294313313313310232e+01,7.1107758853026677148e-03
2.4324343243243241375e+01,7.0827292750219369294e-03
2.4354373173173172518e+01,7.0547608409424981263e-03
2.4384403103103100108e+01,7.0268706174822755453e-03
2.4414433033033031251e+01,6.9990586157560007174e-03
2.4444462962962962393e+01,6.9713248428887849076e-03
2.4474492892892889984e+01,6.9436693059707699574e-03
2.4504522822822821126e+01,6.9160920120573312481e-03
2.4534552752752752269e+01,6.8885929681693127552e-03
2.4564582682682679859e+01,6.8611721812932274095e-03
2.4594612612612611002e+01,6.8338296583814513857e-03
2.4624642542542542145e+01,6.8065654063524669640e-03
2.4654672472472469735e+01,6.7793794320910368695e-03
2.4684702402402400878e+01,6.7522717424484202456e-03
2.4714732332332332021e+01,6.7252423442425825553e-03
2.4744762262262259611e+01,6.6982912442583994114e-03
2.4774792192192190754e+01,6.6714184492478291813e-03
2.4804822122122121897e+01,6.6446239659301515115e-03
2.4834852052052049487e+01,6.6179078006537630369e-03
2.4864881981981980630e+01,6.5912699458257513474e-03
2.4894911911911911773e+01,6.5647103753821494862e-03
2.4924941841841839363e+01,6.5382290621019472851e-03
2.4954971771771770506e+01,6.5118259788951582401e-03
2.4985001701701701649e+01,6.4855010988020432225e-03
2.5015031631631629239e+01,6.4592543949923203125e-03
2.5045061561561560382e+01,6.4330858407643824390e-03
2.5075091491491491524e+01,6.4069954095445419071e-03
2.5105121421421419114e+01,6.3809830748862567118e-03
2.5135151351351350257e+01,6.3550488104693629229e-03
2.5165181281281281400e+01,6.3291925900993400295e-03
2.5195211211211208990e+01,6.3034143877065467940e-03
2.5225241141141140133e+01,6.2777141773454796583e-03
2.5255271071071071276e+01,6.2520919331940450273e-03
2.5285301001000998866e+01,6.2265476295528159392e-03
2.5315330930930930009e+01,6.2010812406150172746e-03
2.5345360860860861152e+01,6.1756927283666803244e-03
2.5375390790790788742e+01,6.1503820366547385171e-03
2.5405420720720719885e+01,6.1251491081041305534e-03
2.5435450650650647475e+01,6.0999938856107537369e-03
2.5465480580580578618e+01,6.0749163123398602221e-03
2.5495510510510509761e+01,6.0499163317244766813e-03
2.5525540440440437351e+01,6.0249938874638291758e-03
2.5555570370370368494e+01,6.0001489235217697615e-03
2.5585600300300299637e+01,5.9753813841252325853e-03
2.5615630230230227227e+01,5.9506912137626917156e-03
2.5645660160160158370e+01,5.9260783571826259122e-03
2.5675690090090089512e+01,5.9015427593919955393e-03
2.5705720020020017103e+01,5.8770843656547463660e-03
2.5735749949949948245e+01,5.8527031214902873468e-03
2.5765779879879879388e+01,5.8283989726720265151e-03
2.5795809809809806978e+01,5.8041718652258756511e-03
2.5825839739739738121e+01,5.7800217403999390453e-03
2.5855869669669669264e+01,5.7559485193658015481e-03
2.5885899599599596854e+01,5.7319521185142810818e-03
2.5915929529529527997e+01,5.7080324546237050376e-03
2.5945959459459459140e+01,5.6841894448577011054e-03
2.5975989389389386730e+01,5.6604230067629482046e-03
2.6006019319319317873e+01,5.6367330582669690486e-03
2.6036049249249249016e+01,5.6131195176759339852e-03
2.6066079179179176606e+01,5.5895823036724891220e-03
2.6096109109109107749e+01,5.5661213353135714429e-03
2.6126139039039038892e+01,5.5427365320282742309e-03
2.6156168968968966482e+01,5.5194278136157116227e-03
2.6186198898898897625e+01,5.4961951002428736240e-03
2.6216228828828828767e+01,5.4730383124425505126e-03
2.6246258758758756358e+01,5.4499573711112225469e-03
2.6276288688688687500e+01,5.4269521975069782982e-03
2.6306318618618618643e+01,5.4040227130831668123e-03
2.6336348548548546233e+01,5.3811688292181476811e-03
2.6366378478478477376e+01,5.3583904411946678067e-03
2.6396408408408408519e+01,5.3356874433131157992e-03
2.6426438338338336109e+01,5.3130597303543292825e-03
2.6456468268268267252e+01,5.2905071975768592357e-03
2.6486498198198198395e+01,5.2680297407142898450e-03
2.6516528128128125985e+01,5.2456272559725201921e-03
2.6546558058058057128e+01,5.2232996400271057905e-03
2.6576587987987988271e+01,5.2010467900206087954e-03
2.6606617917917915861e+01,5.1788686035599534180e-03
2.6636647847847847004e+01,5.1567649787138090944e-03
2.6666677777777774594e+01,5.1347358140100014118e-03
2.6696707707707705737e+01,5.1127810084329108897e-03
2.6726737637637636880e+01,5.0909004614209298761e-03
2.6756767567567564470e+01,5.0690940728639012278e-03
2.6786797497497495613e+01,5.0473617431005864814e-03
2.6816827427427426755e+01,5.0257033727549409174e-03
2.6846857357357354346e+01,5.0041188531072932494e-03
2.6876887287287285488e+01,4.9826080606961854064e-03
2.6906917217217216631e+01,4.9611708712943517613e-03
2.6936947147147144221e+01,4.9398071612284932819e-03
2.6966977077077075364e+01,4.9185168073761810492e-03
2.6997007007007006507e+01,4.8972996871628187571e-03
2.7027036936936934097e+01,4.8761556785585757207e-03
2.7057066866866865240e+01,4.8550846600753658558e-03
2.7087096796796796383e+01,4.8340865107638656892e-03
2.7117126726726723973e+01,4.8131611102105080827e-03
2.7147156656656655116e+01,4.7923083385345236623e-03
2.7177186586586586259e+01,4.7715280763850074011e-03
2.7207216516516513849e+01,4.7508202049379860687e-03
2.7237246446446444992e+01,4.7301846058935143047e-03
2.7267276376376376135e+01,4.7096211614727915076e-03
2.7297306306306303725e+01,4.6891297544152943377e-03
2.7327336236236234868e+01,4.6687102679759213616e-03
2.7357366166166166010e+01,4.6483625817583668072e-03
2.7387396096096093601e+01,4.6280865596466406672e-03
2.7417426026026024743e+01,4.6078820621585454484e-03
2.7447455955955955886e+01,4.5877489504223111644e-03
2.7477485885885883476e+01,4.5676870861732533913e-03
2.7507515815815814619e+01,4.5476963317504625478e-03
2.7537545745745745762e+01,4.5277765500935096554e-03
2.7567575675675673352e+01,4.5079276047391763846e-03
2.7597605605605604495e+01,4.4881493598182059176e-03
2.7627635535535535638e+01,4.4684416800520772306e-03
2.7657665465465463228e+01,4.4488044307497958546e-03
2.7687695395395394371e+01,4.4292374778047054543e-03
2.7717725325325325514e+01,4.4097406876913254267e-03
2.7747755255255253104e+01,4.3903139274622110522e-03
2.7777785185185184247e+01,4.3709570647448136443e-03
2.7807815115115111837e+01,4.3516699677383936101e-03
2.7837845045045042980e+01,4.3324525052109239681e-03
2.7867874974974974123e+01,4.3133045463395521674e-03
2.7897904904904901713e+01,4.2942259524081927147e-03
2.7927934834834832856e+01,4.2752165727079046234e-03
2.7957964764764763999e+01,4.2562762561522407209e-03
2.7987994694694691589e+01,4.2374048523031908678e-03
2.8018024624624622732e+01,4.2186022113676986331e-03
2.8048054554554553874e+01,4.1998681841942274093e-03
2.8078084484484481465e+01,4.1812026222693178534e-03
2.8108114414414412607e+01,4.1626053777141748188e-03
2.8138144344344343750e+01,4.1440763032812950525e-03
2.8168174274274271340e+01,4.1256152523510914235e-03
2.8198204204204202483e+01,4.1072220789285475082e-03
2.8228234134134133626e+01,4.0888966376399068711e-03
2.8258264064064061216e+01,4.0706387837293640797e-03
2.8288293993993992359e+01,4.0524483730557800051e-03
2.8318323923923923502e+01,4.0343252620894352878e-03
2.8348353853853851092e+01,4.0162693079087855366e-03
2.8378383783783782235e+01,3.9982803681972338763e-03
2.8408413713713713378e+01,3.9803583011016416965e-03
2.8438443643643640968e+01,3.9625029577612796983e-03
2.8468473573573572111e+01,3.9447141785419947632e-03
2.8498503503503503254e+01,3.9269918035454310506e-03
2.8528533433433430844e+01,3.9093356735464823704e-03
2.8558563363363361987e+01,3.8917456299897537804e-03
2.8588593293293293129e+01,3.8742215149860500731e-03
2.8618623223223220720e+01,3.8567631713088820419e-03
2.8648653153153151862e+01,3.8393704423909770854e-03
2.8678683083083083005e+01,3.8220431723208500921e-03
2.8708713013013010595e+01,3.8047812058393617497e-03
2.8738742942942941738e+01,3.7875843883363028743e-03
2.8768772872872872881e+01,3.7704525658470260108e-03
2.8798802802802800471e+01,3.7533855850490683605e-03
2.8828832732732731614e+01,3.7363832932588024634e-03
2.8858862662662662757e+01,3.7194455384281224428e-03
2.8888892592592590347e+01,3.7025721691411389233e-03
2.8918922522522521490e+01,3.6857630346108895616e-03
2.8948952452452452633e+01,3.6690179846760864399e-03
2.8978982382382380223e+01,3.6523368668569524895e-03
2.9009012312312311366e+01,3.6357195173263544274e-03
2.9039042242242238956e+01,3.6191657698854021001e-03
2.9069072172172170099e+01,3.6026754590219719696e-03
2.9099102102102101242e+01,3.5862484199071639410e-03
2.9129132032032028832e+01,3.5698844883917911497e-03
2.9159161961961959975e+01,3.5535835010028580389e-03
2.9189191891891891117e+01,3.5373452949401047903e-03
2.9219221821821818708e+01,3.5211697080725422142e-03
2.9249251751751749850e+01,3.5050565789350039865e-03
2.9279281681681680993e+01,3.4890057467247504938e-03
2.9309311611611608583e+01,3.4730170512980700764e-03
2.9339341541541539726e+01,3.4570903331668950166e-03
2.9369371471471470869e+01,3.4412254334954665326e-03
2.9399401401401398459e+01,3.4254221940969902319e-03
2.9429431331331329602e+01,3.4096804574303310291e-03
2.9459461261261260745e+01,3.3940000665967202075e-03
2.9489491191191188335e+01,3.3783808653364915363e-03
2.9519521121121119478e+01,3.3628226979639614866e-03
2.9549551051051050621e+01,3.3473254040363763576e-03
2.9579580980980978211e+01,3.3318888142723724829e-03
2.9609610910910909354e+01,3.3165127591118157002e-03
2.9639640840840840497e+01,3.3011970696817474237e-03
2.9669670770770768087e+01,3.2859415777929043556e-03
2.9699700700700699230e+01,3.2707461159362564117e-03
2.9729730630630630372e+01,3.2556105172795758718e-03
2.9759760560560557963e+01,3.2405346156640273472e-03
2.9789790490490489105e+01,3.2255182456007620850e-03
2.9819820420420420248e+01,3.2105612422675534716e-03
2.9849850350350347838e+01,3.1956634415054429449e-03
2.9879880280280278981e+01,3.1808246798154036876e-03
2.9909910210210210124e+01,3.1660447943550264378e-03
2.9939940140140137714e+01,3.1513236229352356577e-03
2.9969970070070068857e+01,3.1366610040170044005e-03
3.0000000000000000000e+01,3.1220567767081073424e-03
