1.0000000000000000479e-04,-1.4125928751967090080e-01
1.0384722771622945103e-01,-1.1554279010063023270e-01
2.0759445543245888532e-01,-1.0343882595010707448e-01
3.1134168314868831962e-01,-9.2190608476049804021e-02
4.1508891086491778166e-01,-8.1749299181144763349e-02
5.1883613858114718820e-01,-7.2070528635385114335e-02
6.2258336629737665024e-01,-6.3112279308239635500e-02
7.2633059401360611229e-01,-5.4834519696174532921e-02
8.3007782172983557434e-01,-4.7199059734316629877e-02
9.3382504944606503638e-01,-4.0169457277727076139e-02
1.0375722771622943874e+00,-3.3710941536747349168e-02
1.1413195048785238495e+00,-2.7790344104376210610e-02
1.2450667325947533115e+00,-2.2376034412988594219e-02
1.3488139603109827735e+00,-1.7437858355924529957e-02
1.4525611880272122356e+00,-1.2947079518680649005e-02
1.5563084157434416976e+00,-8.8763226402714667795e-03
1.6600556434596711597e+00,-5.1995192715899351057e-03
1.7638028711759006217e+00,-1.8918553040870814824e-03
1.8675500988921300838e+00,1.0702794977364908473e-03
1.9712973266083595458e+00,3.7093402672264881061e-03
2.0750445543245890079e+00,6.0466740076039679486e-03
2.1787917820408186920e+00,8.1025648685421215039e-03
2.2825390097570479320e+00,9.8962778534881067766e-03
2.3862862374732776161e+00,1.1446100960066313626e-02
2.4900334651895068561e+00,1.2769385745880389854e-02
2.5937806929057365402e+00,1.3882586508892059279e-02
2.6975279206219657802e+00,1.4801297977472933909e-02
2.8012751483381954642e+00,1.5540291723272852548e-02
2.9050223760544247043e+00,1.6113551151965811725e-02
3.0087696037706543883e+00,1.6534305296484787251e-02
3.1125168314868836283e+00,1.6815061329795447098e-02
3.2162640592031133124e+00,1.6967635800720328593e-02
3.3200112869193425524e+00,1.7003184955622214353e-02
3.4237585146355717924e+00,1.6932233638359283495e-02
3.5275057423518014765e+00,1.6764703287614896032e-02
3.6312529700680307165e+00,1.6509938870183676896e-02
3.7350001977842604006e+00,1.6176734756625187756e-02
3.8387474255004896406e+00,1.5773359633196017138e-02
3.9424946532167193247e+00,1.5307580483482850428e-02
4.0462418809329481206e+00,1.4786685645014705642e-02
4.1499891086491773606e+00,1.4217506945919609548e-02
4.2537363363654074888e+00,1.3606441038645427505e-02
4.3574835640816367288e+00,1.2959469946328737097e-02
4.4612307917978659688e+00,1.2282180631205381546e-02
4.5649780195140952088e+00,1.1579784059140382779e-02
4.6687252472303253370e+00,1.0857133257298496459e-02
4.7724724749465545770e+00,1.0118740842895785487e-02
4.8762197026627838170e+00,9.3687957751676913948e-03
4.9799669303790130570e+00,8.6111794313629853176e-03
5.0837141580952422970e+00,7.8494810708358061374e-03
5.1874613858114724252e+00,7.0870126584382259899e-03
5.2912086135277016652e+00,6.3268230814817394067e-03
5.3949558412439309052e+00,5.5717117898898506009e-03
5.4987030689601601452e+00,4.8242418756710217509e-03
5.6024502966763902734e+00,4.0867526103012859900e-03
5.7061975243926195134e+00,3.3613714605022879285e-03
5.8099447521088487534e+00,2.6500256023655353529e-03
5.9136919798250779934e+00,1.9544529456713005677e-03
6.0174392075413081216e+00,1.2762126821473196263e-03
6.1211864352575373616e+00,6.1669539259469872451e-04
6.2249336629737666016e+00,-2.2867269536397056889e-05
6.3286808906899958416e+00,-6.4139329638636421223e-04
6.4324281184062259697e+00,-1.2379415393401346172e-03
6.5361753461224552098e+00,-1.8117032729659857636e-03
6.6399225738386844498e+00,-2.3619939725661120121e-03
6.7436698015549136898e+00,-2.8882457042982154563e-03
6.8474170292711429298e+00,-3.3899998203561019366e-03
6.9511642569873730579e+00,-3.8668996372566303080e-03
7.0549114847036022979e+00,-4.3186841224972152137e-03
7.1586587124198315379e+00,-4.7451810725430169577e-03
7.2624059401360607779e+00,-5.1463013602547754907e-03
7.3661531678522909061e+00,-5.5220328100967080998e-03
7.4699003955685201461e+00,-5.8724349443674585258e-03
7.5736476232847493861e+00,-6.1976333589531390489e-03
7.6773948510009786261e+00,-6.4978151391612516338e-03
7.7811420787172087543e+00,-6.7732235334459177378e-03
7.8848893064334379943e+00,-7.0241539877348314197e-03
7.9886365341496672343e+00,-7.2509493801994973419e-03
8.0923837618658964743e+00,-7.4539960487800868000e-03
8.1961309895821266025e+00,-7.6337201347890428632e-03
8.2998782172983549543e+00,-7.7905835026429535312e-03
8.4036254450145850825e+00,-7.9250804383741140641e-03
8.5073726727308152107e+00,-8.0377344895550088821e-03
8.6111199004470435625e+00,-8.1290950610439973584e-03
8.7148671281632736907e+00,-8.1997344834399531893e-03
8.8186143558795020425e+00,-8.2502453875424024837e-03
8.9223615835957321707e+00,-8.2812379848269911109e-03
9.0261088113119622989e+00,-8.2933374811665818566e-03
9.1298560390281906507e+00,-8.2871817503414723499e-03
9.2336032667444207789e+00,-8.2634191578638757636e-03
9.3373504944606509071e+00,-8.2227065268145223265e-03
9.4410977221768792589e+00,-8.1657071105725540644e-03
9.5448449498931093871e+00,-8.0930887476252568596e-03
9.6485921776093377389e+00,-8.0055221486689427668e-03
9.7523394053255678671e+00,-7.9036792905335488679e-03
9.8560866330417979952e+00,-7.7882319128472106418e-03
9.9598338607580263471e+00,-7.6598501141428403105e-03
1.0063581088474256475e+01,-7.5192010463990483285e-03
1.0167328316190484827e+01,-7.3669476883434252198e-03
1.0271075543906714955e+01,-7.2037477109918642698e-03
1.0374822771622945083e+01,-7.0302524317873886853e-03
1.0478569999339173435e+01,-6.8471058477909919546e-03
1.0582317227055403563e+01,-6.6549437443221472893e-03
1.0686064454771633692e+01,-6.4543928756014886522e-03
1.0789811682487862043e+01,-6.2460702140330129351e-03
1.0893558910204092172e+01,-6.0305822648559362711e-03
1.0997306137920320523e+01,-5.8085244429939841826e-03
1.1101053365636550652e+01,-5.5804805090366119830e-03
1.1204800593352780780e+01,-5.3470220613887906383e-03
1.1308547821069009132e+01,-5.1087080817433655477e-03
1.1412295048785239260e+01,-4.8660845311407473907e-03
1.1516042276501469388e+01,-4.6196839940044927275e-03
1.1619789504217697740e+01,-4.3700253676586574628e-03
1.1723536731933927868e+01,-4.1176135949609563719e-03
1.1827283959650156220e+01,-3.8629394378360210408e-03
1.1931031187366386348e+01,-3.6064792899687270894e-03
1.2034778415082616476e+01,-3.3486950239242684393e-03
1.2138525642798844828e+01,-3.0900338715297457834e-03
1.2242272870515074956e+01,-2.8309283376913439885e-03
1.2346020098231303308e+01,-2.5717961450107125303e-03
1.2449767325947533436e+01,-2.3130402075958048438e-03
1.2553514553663763564e+01,-2.0550486326165067798e-03
1.2657261781379991916e+01,-1.7981947482576415322e-03
1.2761009009096222044e+01,-1.5428371542625378843e-03
1.2864756236812452173e+01,-1.2893197786307819541e-03
1.2968503464528680524e+01,-1.0379719683121441717e-03
1.3072250692244910653e+01,-7.8910860644672569005e-04
1.3175997919961139004e+01,-5.4303024654897948456e-04
1.3279745147677369133e+01,-3.0002326612330737499e-04
1.3383492375393599261e+01,-6.0360027658973857431e-05
1.3487239603109827613e+01,1.7570099958656417100e-04
1.3590986830826057741e+01,4.0791503112121954740e-04
1.3694734058542286093e+01,6.3605073836305048036e-04
1.3798481286258516221e+01,8.5989002026643358671e-04
1.3902228513974746349e+01,1.0792277898177980635e-03
1.4005975741690974701e+01,1.2938718540898329692e-03
1.4109722969407204829e+01,1.5036426054736492120e-03
1.4213470197123434957e+01,1.7083727173168871977e-03
1.4317217424839663309e+01,1.9079068715305515149e-03
1.4420964652555893437e+01,2.1021016544002461141e-03
1.4524711880272121789e+01,2.2908252860953338612e-03
1.4628459107988351917e+01,2.4739572006137280392e-03
1.4732206335704582045e+01,2.6513877482062064676e-03
1.4835953563420810397e+01,2.8230181602865700961e-03
1.4939700791137040525e+01,2.9887602208946615311e-03
1.5043448018853268877e+01,3.1485357693527746790e-03
1.5147195246569499005e+01,3.3022764656633839774e-03
1.5250942474285729133e+01,3.4499238603283421262e-03
1.5354689702001957485e+01,3.5914288012653151905e-03
1.5458436929718187614e+01,3.7267509926592547360e-03
1.5562184157434417742e+01,3.8558590859104017318e-03
1.5665931385150646094e+01,3.9787303985229574566e-03
1.5769678612866876222e+01,4.0953502116590654800e-03
1.5873425840583104574e+01,4.2057117580687405911e-03
1.5977173068299334702e+01,4.3098162671756671746e-03
1.6080920296015563054e+01,4.4076720913827039869e-03
1.6184667523731793182e+01,4.4992946067004789545e-03
1.6288414751448023310e+01,4.5847064578833493162e-03
1.6392161979164253438e+01,4.6639365847231080767e-03
1.6495909206880483566e+01,4.7370201233734102186e-03
1.6599656434596710142e+01,4.8039987285766749814e-03
1.6703403662312940270e+01,4.8649194976866094731e-03
1.6807150890029170398e+01,4.9198350335540206799e-03
1.6910898117745400526e+01,4.9688036698331801769e-03
1.7014645345461630654e+01,5.0118883189526662950e-03
1.7118392573177857230e+01,5.0491568816387628199e-03
1.7222139800894087358e+01,5.0806820847680593187e-03
1.7325887028610317486e+01,5.1065404629156039770e-03
1.7429634256326547614e+01,5.1268131447581542781e-03
1.7533381484042777743e+01,5.1415850068116646793e-03
1.7637128711759004318e+01,5.1509442702022140842e-03
1.7740875939475234446e+01,5.1549831907254537941e-03
1.7844623167191464574e+01,5.1537967014329876328e-03
1.7948370394907694703e+01,5.1474830181930542744e-03
1.8052117622623924831e+01,5.1361433122684204550e-03
1.8155864850340154959e+01,5.1198808876667945000e-03
1.8259612078056381534e+01,5.0988021207129244003e-03
1.8363359305772611663e+01,5.0730150745596598247e-03
1.8467106533488841791e+01,5.0426301371964106848e-03
1.8570853761205071919e+01,5.0077596416271876606e-03
1.8674600988921302047e+01,4.9685172240006916788e-03
1.8778348216637528623e+01,4.9250186451598810047e-03
1.8882095444353758751e+01,4.8773803930624946151e-03
1.8985842672069988879e+01,4.8257206802474689536e-03
1.9089589899786219007e+01,4.7701584549740896901e-03
1.9193337127502449135e+01,4.7108136020926781248e-03
1.9297084355218675711e+01,4.6478069599545958346e-03
1.9400831582934905839e+01,4.5812595563176549893e-03
1.9504578810651135967e+01,4.5112934302865758882e-03
1.9608326038367366095e+01,4.4380303622008196104e-03
1.9712073266083596224e+01,4.3615928941577643968e-03
1.9815820493799822799e+01,4.2821031826876356299e-03
1.9919567721516052927e+01,4.1996836762157110923e-03
2.0023314949232283055e+01,4.1144564759715649555e-03
2.0127062176948513184e+01,4.0265434640259119281e-03
2.0230809404664743312e+01,3.9360662235621186877e-03
2.0334556632380969887e+01,3.8431456755534331403e-03
2.0438303860097200015e+01,3.7479024288986852349e-03
2.0542051087813430144e+01,3.6504560942061657115e-03
2.0645798315529660272e+01,3.5509258798134143119e-03
2.0749545543245890400e+01,3.4494297632336897406e-03
2.0853292770962120528e+01,3.3460851674957685017e-03
2.0957039998678347104e+01,3.2410081318993031949e-03
2.1060787226394577232e+01,3.1343139542073842306e-03
2.1164534454110807360e+01,3.0261164453506302074e-03
2.1268281681827037488e+01,2.9165284805015441981e-03
2.1372028909543267616e+01,2.8056613697127934584e-03
2.1475776137259494192e+01,2.6936253043402290722e-03
2.1579523364975724320e+01,2.5805288436129537009e-03
2.1683270592691954448e+01,2.4664792631235547826e-03
2.1787017820408184576e+01,2.3515821471139950957e-03
2.1890765048124414704e+01,2.2359416483688451284e-03
2.1994512275840641280e+01,2.1196601788866157971e-03
2.2098259503556871408e+01,2.0028385838848725836e-03
2.2202006731273101536e+01,1.8855759323697046746e-03
2.2305753958989331664e+01,1.7679695982963717412e-03
2.2409501186705561793e+01,1.6501151616609317785e-03
2.2513248414421788368e+01,1.5321063827906412913e-03
2.2616995642138018496e+01,1.4140352279276094134e-03
2.2720742869854248625e+01,1.2959917248631276643e-03
2.2824490097570478753e+01,1.1780641172312478638e-03
2.2928237325286708881e+01,1.0603386083705760006e-03
2.3031984553002939009e+01,9.4289962080649158092e-04
2.3135731780719165585e+01,8.2582947112606961814e-04
2.3239479008435395713e+01,7.0920866901628444590e-04
2.3343226236151625841e+01,5.9311561142154898586e-04
2.3446973463867855969e+01,4.7762681041762448508e-04
2.3550720691584086097e+01,3.6281673491145354166e-04
2.3654467919300312673e+01,2.4875782760163338671e-04
2.3758215147016542801e+01,1.3552063362516953457e-04
2.3861962374732772929e+01,2.3173481713100201642e-05
2.3965709602449003057e+01,-8.8217010852261932251e-05
2.4069456830165233185e+01,-1.9858662263291991198e-04
2.4173204057881459761e+01,-3.0787270771767092118e-04
2.4276951285597689889e+01,-4.1601507265567069880e-04
2.4380698513313920017e+01,-5.2295512822348160648e-04
2.4484445741030150145e+01,-6.2863658010107895200e-04
2.4588192968746380274e+01,-7.3300497505000155891e-04
2.4691940196462606849e+01,-8.3600780058582370262e-04
2.4795687424178836977e+01,-9.3759475670337111448e-04
2.4899434651895067105e+01,-1.0377170673676219641e-03
2.5003181879611297234e+01,-1.1363284771192703419e-03
2.5106929107327527362e+01,-1.2333840407755532025e-03
2.5210676335043753937e+01,-1.3288412918517900074e-03
2.5314423562759984065e+01,-1.4226592791167201341e-03
2.5418170790476214194e+01,-1.5147990595340400741e-03
2.5521918018192444322e+01,-1.6052237371546266426e-03
2.5625665245908674450e+01,-1.6938977900697743412e-03
2.5729412473624904578e+01,-1.7807882057078255021e-03
2.5833159701341131154e+01,-1.8658630504492280684e-03
2.5936906929057361282e+01,-1.9490927838528111435e-03
2.6040654156773591410e+01,-2.0304493128690862501e-03
2.6144401384489821538e+01,-2.1099062174078165102e-03
2.6248148612206051666e+01,-2.1874392502285091439e-03
2.6351895839922278242e+01,-2.2630251281816151677e-03
2.6455643067638508370e+01,-2.3366430519913168606e-03
2.6559390295354738498e+01,-2.4082732437180889504e-03
2.6663137523070968626e+01,-2.4778977860919460495e-03
2.6766884750787198755e+01,-2.5455005877783255970e-03
2.6870631978503425330e+01,-2.6110664772124553105e-03
2.6974379206219655458e+01,-2.6745826876825528305e-03
2.7078126433935885586e+01,-2.7360372249311273006e-03
2.7181873661652115715e+01,-2.7954199416840804816e-03
2.7285620889368345843e+01,-2.8527223175594871966e-03
2.7389368117084572418e+01,-2.9079366149493699259e-03
2.7493115344800802546e+01,-2.9610573931922049354e-03
2.7596862572517032675e+01,-3.0120798525776499438e-03
2.7700609800233262803e+01,-3.0610008206697889889e-03
2.7804357027949492931e+01,-3.1078187424480735457e-03
2.7908104255665723059e+01,-3.1525325953786730027e-03
2.8011851483381949635e+01,-3.1951435146481475640e-03
2.8115598711098179763e+01,-3.2356532925550728422e-03
2.8219345938814409891e+01,-3.2740649095346660395e-03
2.8323093166530640019e+01,-3.3103831122139309312e-03
2.8426840394246870147e+01,-3.3446129347611992799e-03
2.8530587621963096723e+01,-3.3767612438388152837e-03
2.8634334849679326851e+01,-3.4068358252311156317e-03
2.8738082077395556979e+01,-3.4348450426658762129e-03
2.8841829305111787107e+01,-3.4607991635571318939e-03
2.8945576532828017235e+01,-3.4847087245442383979e-03
2.9049323760544243811e+01,-3.5065854328411925726e-03
2.9153070988260473939e+01,-3.5264423831464948578e-03
2.9256818215976704067e+01,-3.5442927789688834228e-03
2.9360565443692934195e+01,-3.5601514259960584212e-03
2.9464312671409164324e+01,-3.5740338426205890861e-03
2.9568059899125390899e+01,-3.5859558617413931324e-03
2.9671807126841621027e+01,-3.5959349781937103435e-03
2.9775554354557851156e+01,-3.6039888772288557715e-03
2.9879301582274081284e+01,-3.6101359420745741599e-03
2.9983048809990311412e+01,-3.6143959170064350432e-03
3.0086796037706537987e+01,-3.6167884975155414722e-03
3.0190543265422768116e+01,-3.6173344126858744500e-03
3.0294290493138998244e+01,-3.6160553137391500747e-03
3.0398037720855228372e+01,-3.6129727687535416122e-03
3.0501784948571458500e+01,-3.6081095718594993933e-03
3.0605532176287688628e+01,-3.6014890190698162914e-03
3.0709279404003915204e+01,-3.5931344053222839807e-03
3.0813026631720145332e+01,-3.5830702847663921558e-03
3.0916773859436375460e+01,-3.5713213859358164219e-03
3.1020521087152605588e+01,-3.5579125663458841325e-03
3.1124268314868835716e+01,-3.5428698452877583312e-03
3.1228015542585062292e+01,-3.5262192016517692091e-03
3.1331762770301292420e+01,-3.5079868637220884726e-03
3.1435509998017522548e+01,-3.4882000562910294578e-03
3.1539257225733752676e+01,-3.4668858388686102714e-03
3.1643004453449982805e+01,-3.4440715983432815435e-03
3.1746751681166209380e+01,-3.4197855432058273800e-03
3.1850498908882439508e+01,-3.3940556463158693019e-03
3.1954246136598669636e+01,-3.3669102373878956672e-03
3.2057993364314903317e+01,-3.3383783128542029658e-03
3.2161740592031129893e+01,-3.3084885936186512502e-03
3.2265487819747363574e+01,-3.2772701428469375000e-03
3.2369235047463590149e+01,-3.2447525668141382130e-03
3.2472982275179823830e+01,-3.2109651726049772726e-03
3.2576729502896050406e+01,-3.1759375589511021874e-03
3.2680476730612276981e+01,-3.1396997761359546862e-03
3.2784223958328510662e+01,-3.1022815610417279683e-03
3.2887971186044737237e+01,-3.0637128638826157355e-03
3.2991718413760970918e+01,-3.0240240220015717279e-03
3.3095465641477197494e+01,-2.9832450528671757353e-03
3.3199212869193424069e+01,-2.9414060890960379811e-03
3.3302960096909657750e+01,-2.8985376049055528065e-03
3.3406707324625884326e+01,-2.8546697570783017422e-03
3.3510454552342118006e+01,-2.8098327077143627623e-03
3.3614201780058344582e+01,-2.7640569231349070359e-03
3.3717949007774571157e+01,-2.7173725657243679756e-03
3.3821696235490804838e+01,-2.6698096918260014188e-03
3.3925443463207031414e+01,-2.6213986197488781289e-03
3.4029190690923265095e+01,-2.5721693899559694430e-03
3.4132937918639491670e+01,-2.5221518370573689852e-03
3.4236685146355718246e+01,-2.4713759958620005498e-03
3.4340432374071951926e+01,-2.4198716619607896564e-03
3.4444179601788178502e+01,-2.3676683515289438306e-03
3.4547926829504412183e+01,-2.3147956868418365778e-03
3.4651674057220638758e+01,-2.2612831007770496823e-03
3.4755421284936865334e+01,-2.2071597052130123226e-03
3.4859168512653099015e+01,-2.1524545969977635501e-03
3.4962915740369325590e+01,-2.0971967323434670752e-03
3.5066662968085559271e+01,-2.0414147347673546745e-03
3.5170410195801785846e+01,-1.9851370874680415897e-03
3.5274157423518012422e+01,-1.9283921592292997942e-03
3.5377904651234246103e+01,-1.8712079981271160633e-03
3.5481651878950472678e+01,-1.8136124112791644075e-03
3.5585399106666706359e+01,-1.7556330756141786970e-03
3.5689146334382932935e+01,-1.6972973724770582665e-03
3.5792893562099159510e+01,-1.6386323889367650653e-03
3.5896640789815393191e+01,-1.5796650198233997114e-03
3.6000388017531619766e+01,-1.5204218892166311995e-03
3.6104135245247853447e+01,-1.4609293174000107050e-03
3.6207882472964080023e+01,-1.4012133570910148550e-03
3.6311629700680313704e+01,-1.3412997900573275095e-03
3.6415376928396540279e+01,-1.2812141048666569453e-03
3.6519124156112766855e+01,-1.2209814848678239487e-03
3.6622871383829000536e+01,-1.1606267969571280006e-03
3.6726618611545227111e+01,-1.1001746233560002683e-03
3.6830365839261460792e+01,-1.0396492526907376037e-03
3.6934113066977687367e+01,-9.7907459766118955236e-04
3.7037860294693913943e+01,-9.1847426360980820564e-04
3.7141607522410147624e+01,-8.5787158837731004868e-04
3.7245354750126374199e+01,-7.9728953454366938147e-04
3.7349101977842607880e+01,-7.3675067432152829480e-04
3.7452849205558834456e+01,-6.7627732208635127267e-04
3.7556596433275061031e+01,-6.1589148794357836698e-04
3.7660343660991294712e+01,-5.5561470060802966350e-04
3.7764090888707521287e+01,-4.9546819042110129810e-04
3.7867838116423754968e+01,-4.3547294543514126130e-04
3.7971585344139981544e+01,-3.7564950795938487592e-04
3.8075332571856208119e+01,-3.1601798308535919207e-04
3.8179079799572441800e+01,-2.5659824831100942104e-04
3.8282827027288668376e+01,-1.9740988008652921373e-04
3.8386574255004902056e+01,-1.3847188880153636680e-04
3.8490321482721128632e+01,-7.9802988137487408443e-05
3.8594068710437355207e+01,-2.1421682076655522203e-05
3.8697815938153588888e+01,3.6653991099364141234e-05
3.8801563165869815464e+01,9.4406500524891394203e-05
3.8905310393586049145e+01,1.5181852038374644520e-04
3.9009057621302275720e+01,2.0887297916725419732e-04
3.9112804849018502296e+01,2.6555342478633308561e-04
3.9216552076734735977e+01,3.2184374851161389819e-04
3.9320299304450962552e+01,3.7772801354057650982e-04
3.9424046532167196233e+01,4.3319067587107895666e-04
3.9527793759883422808e+01,4.8821681288711577668e-04
3.9631540987599649384e+01,5.4279171397489649892e-04
3.9735288215315883065e+01,5.9690084778312878146e-04
3.9839035443032109640e+01,6.5053025336282374342e-04
3.9942782670748343321e+01,7.0366645629043927859e-04
4.0046529898464569897e+01,7.5629613175174053696e-04
4.0150277126180796472e+01,8.0840619134072875477e-04
4.0254024353897030153e+01,8.5998423476482351892e-04
4.0357771581613256728e+01,9.1101818184949508173e-04
4.0461518809329490409e+01,9.6149607714990218722e-04
4.0565266037045716985e+01,1.0114063172665416646e-03
4.0669013264761943560e+01,1.0607379864185117243e-03
4.0772760492478177241e+01,1.1094803665878342352e-03
4.0876507720194403817e+01,1.1576228584771984780e-03
4.0980254947910637497e+01,1.2051553529510664487e-03
4.1084002175626864073e+01,1.2520683382340200632e-03
4.1187749403343097754e+01,1.2983524313214223848e-03
4.1291496631059324329e+01,1.3439983782900176944e-03
4.1395243858775550905e+01,1.3889975311332286492e-03
4.1498991086491784586e+01,1.4333417193373241671e-03
4.1602738314208011161e+01,1.4770228637504096651e-03
4.1706485541924244842e+01,1.5200330392391111535e-03
4.1810232769640471417e+01,1.5623650004324472849e-03
4.1913979997356697993e+01,1.6040118670105274132e-03
4.2017727225072931674e+01,1.6449668286018055349e-03
4.2121474452789158249e+01,1.6852232608201621420e-03
4.2225221680505391930e+01,1.7247752512310721932e-03
4.2328968908221618506e+01,1.7636171642716311127e-03
4.2432716135937845081e+01,1.8017434196715116992e-03
4.2536463363654078762e+01,1.8391486519468581290e-03
4.2640210591370305337e+01,1.8758282099519247264e-03
4.2743957819086539018e+01,1.9117776585797021955e-03
4.2847705046802765594e+01,1.9469926056908701088e-03
4.2951452274518992169e+01,1.9814688898480751177e-03
4.3055199502235225850e+01,2.0152030518256571802e-03
4.3158946729951452426e+01,2.0481918111374614391e-03
4.3262693957667686107e+01,2.0804319187967233729e-03
4.3366441185383912682e+01,2.1119203529880005779e-03
4.3470188413100139257e+01,2.1426547791829355337e-03
4.3573935640816372938e+01,2.1726330231488727787e-03
4.3677682868532599514e+01,2.2018529313178425259e-03
4.3781430096248833195e+01,2.2303125526313828490e-03
4.3885177323965059770e+01,2.2580106091871048057e-03
4.3988924551681286346e+01,2.2849459822274417742e-03
4.4092671779397520027e+01,2.3111175635242859477e-03
4.4196419007113746602e+01,2.3365244045753076965e-03
4.4300166234829980283e+01,2.3611662117876352183e-03
4.4403913462546206858e+01,2.3850428689822836779e-03
4.4507660690262433434e+01,2.4081542610666644040e-03
4.4611407917978667115e+01,2.4305003794798615314e-03
4.4715155145694893690e+01,2.4520818355643434622e-03
4.4818902373411127371e+01,2.4728994606779447669e-03
4.4922649601127353947e+01,2.4929540788283309320e-03
4.5026396828843580522e+01,2.5122465671936354721e-03
4.5130144056559814203e+01,2.5307783560834752265e-03
4.5233891284276040778e+01,2.5485511658034898895e-03
4.5337638511992274459e+01,2.5655667038890208817e-03
4.5441385739708501035e+01,2.5818266875097424518e-03
4.5545132967424727610e+01,2.5973332784236901997e-03
4.5648880195140961291e+01,2.6120890204219255996e-03
4.5752627422857187867e+01,2.6260964477402477281e-03
4.5856374650573421548e+01,2.6393580769305791632e-03
4.5960121878289648123e+01,2.6518767226817226840e-03
4.6063869106005881804e+01,2.6636556743327246578e-03
4.6167616333722108379e+01,2.6746982350160253966e-03
4.6271363561438334955e+01,2.6850076782855207373e-03
4.6375110789154568636e+01,2.6945874185479714788e-03
4.6478858016870795211e+01,2.7034413923765782811e-03
4.6582605244587028892e+01,2.7115736132929829129e-03
4.6686352472303255468e+01,2.7189880591431533560e-03
4.6790099700019482043e+01,2.7256887324636895099e-03
4.6893846927735715724e+01,2.7316800936607330344e-03
4.6997594155451942299e+01,2.7369668059987733305e-03
4.7101341383168175980e+01,2.7415534933437489713e-03
4.7205088610884402556e+01,2.7454447484428594339e-03
4.7308835838600629131e+01,2.7486454490858788086e-03
4.7412583066316862812e+01,2.7511608281032434199e-03
4.7516330294033089388e+01,2.7529960968724447035e-03
4.7620077521749323068e+01,2.7541564213617066026e-03
4.7723824749465549644e+01,2.7546470553181079920e-03
4.7827571977181776219e+01,2.7544736820729926081e-03
4.7931319204898009900e+01,2.7536420420686347557e-03
4.8035066432614236476e+01,2.7521578261539524080e-03
4.8138813660330470157e+01,2.7500267012629444480e-03
4.8242560888046696732e+01,2.7472546495265945908e-03
4.8346308115762923308e+01,2.7438478755483323990e-03
4.8450055343479156988e+01,2.7398125374927082172e-03
4.8553802571195383564e+01,2.7351547411576149389e-03
4.8657549798911617245e+01,2.7298806921424237371e-03
4.8761297026627843820e+01,2.7239969478973021129e-03
4.8865044254344070396e+01,2.7175100768553977180e-03
4.8968791482060304077e+01,2.7104265917852841256e-03
4.9072538709776530652e+01,2.7027529736204061912e-03
4.9176285937492764333e+01,2.6944959663768256602e-03
4.9280033165208990908e+01,2.6856624872714797946e-03
4.9383780392925217484e+01,2.6762594005380136233e-03
4.9487527620641451165e+01,2.6662935128725518547e-03
4.9591274848357677740e+01,2.6557716803658364992e-03
4.9695022076073911421e+01,2.6447010516509232916e-03
4.9798769303790137997e+01,2.6330887875999861060e-03
4.9902516531506364572e+01,2.6209419895354504372e-03
5.0006263759222598253e+01,2.6082677078058807973e-03
5.0110010986938824828e+01,2.5950731530771072378e-03
5.0213758214655058509e+01,2.5813657167546946204e-03
5.0317505442371285085e+01,2.5671527416126775807e-03
5.0421252670087511660e+01,2.5524415099908493755e-03
5.0524999897803745341e+01,2.5372392836282091876e-03
5.0628747125519971917e+01,2.5215535387363686125e-03
5.0732494353236205598e+01,2.5053918072253599479e-03
5.0836241580952432173e+01,2.4887615599589476244e-03
5.0939988808668665854e+01,2.4716702070662422211e-03
5.1043736036384892429e+01,2.4541251889252349745e-03
5.1147483264101119005e+01,2.4361341343599198471e-03
5.1251230491817352686e+01,2.4177046528186781418e-03
5.1354977719533579261e+01,2.3988442922595236764e-03
5.1458724947249812942e+01,2.3795605430720137563e-03
5.1562472174966039518e+01,2.3598609716035693837e-03
5.1666219402682266093e+01,2.3397532649011144705e-03
5.1769966630398499774e+01,2.3192450609948395482e-03
5.1873713858114726349e+01,2.2983439368108146868e-03
5.1977461085830960030e+01,2.2770574195188184215e-03
5.2081208313547186606e+01,2.2553931318153677167e-03
5.2184955541263413181e+01,2.2333587528211682090e-03
5.2288702768979646862e+01,2.2109619035797331739e-03
5.2392449996695873438e+01,2.1882101447699936307e-03
5.2496197224412107118e+01,2.1651109962864479100e-03
5.2599944452128333694e+01,2.1416720682061376330e-03
5.2703691679844560269e+01,2.1179009814569112191e-03
5.2807438907560793950e+01,2.0938052975027722155e-03
5.2911186135277020526e+01,2.0693925185022417693e-03
5.3014933362993254207e+01,2.0446701119729263248e-03
5.3118680590709480782e+01,2.0196456151067051880e-03
5.3222427818425707358e+01,1.9943265486896104982e-03
5.3326175046141941039e+01,1.9687203750078873486e-03
5.3429922273858167614e+01,1.9428344983883885557e-03
5.3533669501574401295e+01,1.9166762897046198556e-03
5.3637416729290627870e+01,1.8902531632774219068e-03
5.3741163957006854446e+01,1.8635725025245497219e-03
5.3844911184723088127e+01,1.8366416339590241336e-03
5.3948658412439314702e+01,1.8094678277362356063e-03
5.4052405640155548383e+01,1.7820583171382906647e-03
5.4156152867871774959e+01,1.7544203524894261270e-03
5.4259900095588001534e+01,1.7265611459891772820e-03
5.4363647323304235215e+01,1.6984878547822229115e-03
5.4467394551020461790e+01,1.6702075814827215070e-03
5.4571141778736695471e+01,1.6417273860463404544e-03
5.4674889006452922047e+01,1.6130543205653707396e-03
5.4778636234169148622e+01,1.5841953952153813023e-03
5.4882383461885382303e+01,1.5551575671650373113e-03
5.4986130689601608879e+01,1.5259477410761749724e-03
5.5089877917317842559e+01,1.4965727737117095510e-03
5.5193625145034069135e+01,1.4670394904552986129e-03
5.5297372372750295710e+01,1.4373546716434423137e-03
5.5401119600466529391e+01,1.4075250468253157256e-03
5.5504866828182755967e+01,1.3775572952358027760e-03
5.5608614055898989648e+01,1.3474580457656858915e-03
5.5712361283615216223e+01,1.3172338744432770218e-03
5.5816108511331449904e+01,1.2868913069189920340e-03
5.5919855739047676479e+01,1.2564368204099564310e-03
5.6023602966763903055e+01,1.2258768441539868218e-03
5.6127350194480136736e+01,1.1952177580291469851e-03
5.6231097422196363311e+01,1.1644658726189542532e-03
5.6334844649912596992e+01,1.1336274372046632134e-03
5.6438591877628823568e+01,1.1027086548465114216e-03
5.6542339105345050143e+01,1.0717156830777649183e-03
5.6646086333061283824e+01,1.0406546333203380277e-03
5.6749833560777510399e+01,1.0095315412529156773e-03
5.6853580788493744080e+01,9.7835236223504928876e-04
5.6957328016209970656e+01,9.4712300618035247246e-04
5.7061075243926197231e+01,9.1584934002131713864e-04
5.7164822471642430912e+01,8.8453718800889189356e-04
5.7268569699358657488e+01,8.5319230562986376944e-04
5.7372316927074891169e+01,8.2182034345798071328e-04
5.7476064154791117744e+01,7.9042690204368410301e-04
5.7579811382507344319e+01,7.5901754157315130204e-04
5.7683558610223578000e+01,7.2759778223128969074e-04
5.7787305837939804576e+01,6.9617309117327467669e-04
5.7891053065656038257e+01,6.6474881497247128876e-04
5.7994800293372264832e+01,6.3333023135800402617e-04
5.8098547521088491408e+01,6.0192258030550944373e-04
5.8202294748804725089e+01,5.7053106442900704091e-04
5.8306041976520951664e+01,5.3916084628221022483e-04
5.8409789204237185345e+01,5.0781698064281469152e-04
5.8513536431953411920e+01,4.7650441462271896087e-04
5.8617283659669638496e+01,4.4522805712631180561e-04
5.8721030887385872177e+01,4.1399278236613749503e-04
5.8824778115102098752e+01,3.8280343015543717667e-04
5.8928525342818332433e+01,3.5166477069363137652e-04
5.9032272570534559009e+01,3.2058142813852399510e-04
5.9136019798250785584e+01,2.8955797198035500024e-04
5.9239767025967019265e+01,2.5859893969897913184e-04
5.9343514253683245840e+01,2.2770883704368262619e-04
5.9447261481399479521e+01,1.9689213122613442191e-04
5.9551008709115706097e+01,1.6615315571230250134e-04
5.9654755936831932672e+01,1.3549613656691641777e-04
5.9758503164548166353e+01,1.0492526861339643448e-04
5.9862250392264392929e+01,7.4444717594985868286e-05
5.9965997619980626610e+01,4.4058620405224329568e-05
6.0069744847696853185e+01,1.3771041751229900300e-05
6.0173492075413079760e+01,-1.6414116847037710668e-05
6.0277239303129313441e+01,-4.6493006837706680795e-05
6.0380986530845540017e+01,-7.6461806119383537560e-05
6.0484733758561773698e+01,-1.0631671881431987818e-04
6.0588480986278000273e+01,-1.3605397985723286175e-04
6.0692228213994233954e+01,-1.6566995590768852399e-04
6.0795975441710460530e+01,-1.9516114176941999885e-04
6.0899722669426687105e+01,-2.2452406042978078834e-04
6.1003469897142920786e+01,-2.5375525852923283771e-04
6.1107217124859147361e+01,-2.8285130616055055835e-04
6.1210964352575381042e+01,-3.1180882271704602653e-04
6.1314711580291607618e+01,-3.4062460038244155372e-04
6.1418458808007834193e+01,-3.6929550653287077653e-04
6.1522206035724067874e+01,-3.9781842974238878791e-04
6.1625953263440294450e+01,-4.2619027953737361955e-04
6.1729700491156528130e+01,-4.5440798651592677077e-04
6.1833447718872754706e+01,-4.8246856856201751065e-04
6.1937194946588981281e+01,-5.1036921416642135139e-04
6.2040942174305214962e+01,-5.3810715129999078191e-04
6.2144689402021441538e+01,-5.6567962644458915766e-04
6.2248436629737675219e+01,-5.9308390443884564849e-04
6.2352183857453901794e+01,-6.2031727220364396048e-04
6.2455931085170128370e+01,-6.4737714522316279226e-04
6.2559678312886362050e+01,-6.7426107990081751709e-04
6.2663425540602588626e+01,-7.0096665537273743999e-04
6.2767172768318822307e+01,-7.2749146678074429716e-04
6.2870919996035048882e+01,-7.5383312514027886724e-04
6.2974667223751275458e+01,-7.7998926925802649496e-04
6.3078414451467509139e+01,-8.0595769587909408919e-04
6.3182161679183735714e+01,-8.3173630917709572962e-04
6.3285908906899969395e+01,-8.5732302867182360023e-04
6.3389656134616195970e+01,-8.8271578750320593698e-04
6.3493403362332422546e+01,-9.0791253232004424933e-04
6.3597150590048656227e+01,-9.3291124557815300038e-04
6.3700897817764882802e+01,-9.5771008230547348926e-04
6.3804645045481116483e+01,-9.8230727862352873458e-04
6.3908392273197343059e+01,-1.0067010823876869872e-03
6.4012139500913576740e+01,-1.0308897528124270904e-03
6.4115886728629803315e+01,-1.0548715603794246980e-03
6.4219633956346029890e+01,-1.0786448178303972845e-03
6.4323381184062256466e+01,-1.1022080142751209363e-03
6.4427128411778497252e+01,-1.1255597034031388382e-03
6.4530875639494723828e+01,-1.1486984482412000968e-03
6.4634622867210950403e+01,-1.1716228210422027431e-03
6.4738370094927176979e+01,-1.1943314032112522290e-03
6.4842117322643403554e+01,-1.2168228199850386357e-03
6.4945864550359644340e+01,-1.2390958711264781975e-03
6.5049611778075870916e+01,-1.2611494134099154960e-03
6.5153359005792097491e+01,-1.2829823108999277668e-03
6.5257106233508324067e+01,-1.3045934348848329479e-03
6.5360853461224550642e+01,-1.3259816638193620570e-03
6.5464600688940791429e+01,-1.3471459152917142788e-03
6.5568347916657018004e+01,-1.3680852766115869385e-03
6.5672095144373244580e+01,-1.3887988925040980863e-03
6.5775842372089471155e+01,-1.4092859131116157543e-03
6.5879589599805697731e+01,-1.4295454939299327094e-03
6.5983336827521938517e+01,-1.4495767957661844470e-03
6.6087084055238165092e+01,-1.4693790086486987687e-03
6.6190831282954391668e+01,-1.4889514831930715684e-03
6.6294578510670618243e+01,-1.5082936361629896514e-03
6.6398325738386844819e+01,-1.5274048881307618602e-03
6.6502072966103085605e+01,-1.5462846632844687821e-03
6.6605820193819312180e+01,-1.5649323893997917068e-03
6.6709567421535538756e+01,-1.5833475114351860079e-03
6.6813314649251765331e+01,-1.6015296170610094674e-03
6.6917061876967991907e+01,-1.6194783780134950051e-03
6.7020809104684232693e+01,-1.6371934690932862452e-03
6.7124556332400459269e+01,-1.6546745671115244830e-03
6.7228303560116685844e+01,-1.6719213508743465454e-03
6.7332050787832912420e+01,-1.6889335060741718191e-03
6.7435798015549138995e+01,-1.7057108303404249286e-03
6.7539545243265379781e+01,-1.7222532309151825699e-03
6.7643292470981606357e+01,-1.7385606202011706905e-03
6.7747039698697832932e+01,-1.7546329111377072761e-03
6.7850786926414059508e+01,-1.7704700171965871529e-03
6.7954534154130286083e+01,-1.7860718529375924860e-03
6.8058281381846526870e+01,-1.8014384023156543562e-03
6.8162028609562753445e+01,-1.8165697836308310979e-03
6.8265775837278980021e+01,-1.8314661299609622577e-03
6.8369523064995206596e+01,-1.8461275735761303093e-03
6.8473270292711433171e+01,-1.8605542459447824925e-03
6.8577017520427673958e+01,-1.8747462777397943222e-03
6.8680764748143900533e+01,-1.8887038270427151682e-03
6.8784511975860127109e+01,-1.9024271896898516544e-03
6.8888259203576353684e+01,-1.9159167023130930282e-03
6.8992006431292580260e+01,-1.9291726995310425150e-03
6.9095753659008821046e+01,-1.9421955139525858610e-03
6.9199500886725047621e+01,-1.9549854761919506843e-03
6.9303248114441274197e+01,-1.9675429204858620874e-03
6.9406995342157500772e+01,-1.9798682808457187220e-03
6.9510742569873727348e+01,-1.9919620773169968882e-03
6.9614489797589968134e+01,-2.0038248298116481845e-03
6.9718237025306194710e+01,-2.0154570551469117891e-03
6.9821984253022421285e+01,-2.0268592670683138572e-03
6.9925731480738647861e+01,-2.0380319763171630097e-03
7.0029478708454874436e+01,-2.0489757335714450966e-03
7.0133225936171115222e+01,-2.0596912091410770652e-03
7.0236973163887341798e+01,-2.0701790912090898764e-03
7.0340720391603568373e+01,-2.0804400638984497061e-03
7.0444467619319794949e+01,-2.0904748073019459309e-03
7.0548214847036021524e+01,-2.1002839975118288776e-03
7.0651962074752262311e+01,-2.1098683133353658865e-03
7.0755709302468488886e+01,-2.1192285254486666925e-03
7.0859456530184715461e+01,-2.1283654716776974521e-03
7.0963203757900942037e+01,-2.1372799866770848289e-03
7.1066950985617168612e+01,-2.1459729002275625305e-03
7.1170698213333409399e+01,-2.1544450372715036497e-03
7.1274445441049635974e+01,-2.1626972179507497791e-03
7.1378192668765862550e+01,-2.1707302888738931775e-03
7.1481939896482089125e+01,-2.1785452005170136310e-03
7.1585687124198315701e+01,-2.1861429215135727740e-03
7.1689434351914556487e+01,-2.1935244148899011619e-03
7.1793181579630783062e+01,-2.2006906381057097025e-03
7.1896928807347009638e+01,-2.2076425430942537079e-03
7.2000676035063236213e+01,-2.2143810781420593045e-03
7.2104423262779462789e+01,-2.2209072505640485053e-03
7.2208170490495703575e+01,-2.2272221417348830007e-03
7.2311917718211930151e+01,-2.2333268317868302730e-03
7.2415664945928156726e+01,-2.2392223946623053543e-03
7.2519412173644383302e+01,-2.2449098981581288269e-03
7.2623159401360624088e+01,-2.2503904039694409139e-03
7.2726906629076850663e+01,-2.2556649765637158504e-03
7.2830653856793077239e+01,-2.2607347576562215365e-03
7.2934401084509303814e+01,-2.2656009282493987794e-03
7.3038148312225530390e+01,-2.2702646631105470772e-03
7.3141895539941771176e+01,-2.2747271303416288085e-03
7.3245642767657997751e+01,-2.2789894914264723601e-03
7.3349389995374224327e+01,-2.2830529012775814708e-03
7.3453137223090450902e+01,-2.2869185273592033784e-03
7.3556884450806677478e+01,-2.2905876141631788256e-03
7.3660631678522918264e+01,-2.2940614220720509375e-03
7.3764378906239144840e+01,-2.2973412043782279364e-03
7.3868126133955371415e+01,-2.3004282073331616849e-03
7.3971873361671597991e+01,-2.3033236701967166153e-03
7.4075620589387824566e+01,-2.3060288253463566942e-03
7.4179367817104065352e+01,-2.3085449264527812922e-03
7.4283115044820291928e+01,-2.3108732931141056505e-03
7.4386862272536518503e+01,-2.3130152492070996974e-03
7.4490609500252745079e+01,-2.3149721112331865004e-03
7.4594356727968971654e+01,-2.3167451883697289319e-03
7.4698103955685212441e+01,-2.3183357825208921951e-03
7.4801851183401439016e+01,-2.3197451886611064956e-03
7.4905598411117665592e+01,-2.3209747268269575148e-03
7.5009345638833892167e+01,-2.3220257706391567859e-03
7.5113092866550118742e+01,-2.3228996928927468819e-03
7.5216840094266359529e+01,-2.3235978588087334920e-03
7.5320587321982586104e+01,-2.3241216260862572300e-03
7.5424334549698812680e+01,-2.3244723449543204866e-03
7.5528081777415039255e+01,-2.3246513586415427401e-03
7.5631829005131265831e+01,-2.3246600339200886205e-03
7.5735576232847506617e+01,-2.3244997816184967583e-03
7.5839323460563733192e+01,-2.3241720097345050858e-03
7.5943070688279959768e+01,-2.3236781185718823756e-03
7.6046817915996186343e+01,-2.3230195007929157688e-03
7.6150565143712412919e+01,-2.3221975414704589848e-03
7.6254312371428653705e+01,-2.3212136184304452309e-03
7.6358059599144880281e+01,-2.3200691275968359992e-03
7.6461806826861106856e+01,-2.3187655024908375434e-03
7.6565554054577333432e+01,-2.3173041734761770649e-03
7.6669301282293560007e+01,-2.3156865631744315281e-03
7.6773048510009800793e+01,-2.3139140865173425839e-03
7.6876795737726027369e+01,-2.3119881507987043168e-03
7.6980542965442253944e+01,-2.3099101558056978588e-03
7.7084290193158480520e+01,-2.3076815117009691521e-03
7.7188037420874707095e+01,-2.3053036614773710078e-03
7.7291784648590947882e+01,-2.3027780459194766710e-03
7.7395531876307174457e+01,-2.3001060980864873953e-03
7.7499279104023401032e+01,-2.2972892433639324067e-03
7.7603026331739627608e+01,-2.2943288995149724828e-03
7.7706773559455854183e+01,-2.2912264767317677173e-03
7.7810520787172094970e+01,-2.2879833875205802390e-03
7.7914268014888321545e+01,-2.2846010719008141149e-03
7.8018015242604548121e+01,-2.2810809700308477474e-03
7.8121762470320774696e+01,-2.2774245144188253603e-03
7.8225509698037001272e+01,-2.2736331299733907214e-03
7.8329256925753242058e+01,-2.2697082340540093021e-03
7.8433004153469468633e+01,-2.2656512365209027261e-03
7.8536751381185695209e+01,-2.2614635435280971108e-03
7.8640498608901921784e+01,-2.2571465804092135515e-03
7.8744245836618148360e+01,-2.2527017765015715581e-03
7.8847993064334389146e+01,-2.2481305536660527687e-03
7.8951740292050615722e+01,-2.2434343262899103348e-03
7.9055487519766842297e+01,-2.2386145013357943746e-03
7.9159234747483068872e+01,-2.2336724783904174721e-03
7.9262981975199295448e+01,-2.2286096504391408012e-03
7.9366729202915536234e+01,-2.2234274186911898337e-03
7.9470476430631762810e+01,-2.2181271919002472880e-03
7.9574223658347989385e+01,-2.2127103720716093105e-03
7.9677970886064215961e+01,-2.2071783539084734518e-03
7.9781718113780442536e+01,-2.2015325248594106756e-03
7.9885465341496683322e+01,-2.1957742651654761114e-03
7.9989212569212909898e+01,-2.1899049479192351890e-03
8.0092959796929136473e+01,-2.1839259446419434160e-03
8.0196707024645363049e+01,-2.1778386340165932153e-03
8.0300454252361589624e+01,-2.1716443898626902262e-03
8.0404201480077830411e+01,-2.1653445789090661200e-03
8.0507948707794056986e+01,-2.1589405608395699152e-03
8.0611695935510283562e+01,-2.1524336883383980365e-03
8.0715443163226510137e+01,-2.1458253071350808991e-03
8.0819190390942736713e+01,-2.1391167568367468535e-03
8.0922937618658977499e+01,-2.1323093779753252847e-03
8.1026684846375204074e+01,-2.1254045086654621902e-03
8.1130432074091430650e+01,-2.1184034802293224935e-03
8.1234179301807657225e+01,-2.1113076171879433147e-03
8.1337926529523883801e+01,-2.1041182373046120324e-03
8.1441673757240124587e+01,-2.0968366516279026042e-03
8.1545420984956351163e+01,-2.0894641645409707705e-03
8.1649168212672577738e+01,-2.0820020751453807012e-03
8.1752915440388804313e+01,-2.0744516789313162744e-03
8.1856662668105030889e+01,-2.0668142652211182221e-03
8.1960409895821271675e+01,-2.0590911168089222165e-03
8.2064157123537498251e+01,-2.0512835100019231709e-03
8.2167904351253724826e+01,-2.0433927146613277241e-03
8.2271651578969951402e+01,-2.0354199942429962097e-03
8.2375398806686192188e+01,-2.0273666057202127666e-03
8.2479146034402418763e+01,-2.0192337981214591655e-03
8.2582893262118645339e+01,-2.0110228130191033259e-03
8.2686640489834871914e+01,-2.0027348857275736882e-03
8.2790387717551098490e+01,-1.9943712453692552869e-03
8.2894134945267339276e+01,-1.9859331149132352333e-03
8.2997882172983565852e+01,-1.9774217112137654380e-03
8.3101629400699792427e+01,-1.9688382450484265274e-03
8.3205376628416019003e+01,-1.9601839196593476983e-03
8.3309123856132245578e+01,-1.9514599256695045956e-03
8.3412871083848486364e+01,-1.9426674459456698494e-03
8.3516618311564712940e+01,-1.9338076574769652929e-03
8.3620365539280939515e+01,-1.9248817314113752901e-03
8.3724112766997166091e+01,-1.9158908330919478119e-03
8.3827859994713392666e+01,-1.9068361220927129707e-03
8.3931607222429633453e+01,-1.8977187522180856243e-03
8.4035354450145860028e+01,-1.8885398665741015990e-03
8.4139101677862086603e+01,-1.8793005925767077360e-03
8.4242848905578313179e+01,-1.8700020508839341679e-03
8.4346596133294539754e+01,-1.8606453566401232134e-03
8.4450343361010780541e+01,-1.8512316195097981188e-03
8.4554090588727007116e+01,-1.8417619437112872031e-03
8.4657837816443233692e+01,-1.8322374280500854093e-03
8.4761585044159460267e+01,-1.8226591656527624686e-03
8.4865332271875686843e+01,-1.8130282347002708854e-03
8.4969079499591927629e+01,-1.8033456967065473065e-03
8.5072826727308154204e+01,-1.7936126073437989349e-03
8.5176573955024380780e+01,-1.7838300171408884558e-03
8.5280321182740607355e+01,-1.7739989715146208590e-03
8.5384068410456833931e+01,-1.7641205108008036623e-03
8.5487815638173074717e+01,-1.7541956702850742492e-03
8.5591562865889301293e+01,-1.7442254794631001542e-03
8.5695310093605527868e+01,-1.7342109490036952072e-03
8.5799057321321754443e+01,-1.7241530727145862757e-03
8.5902804549037981019e+01,-1.7140528392072204057e-03
8.6006551776754221805e+01,-1.7039112323229104861e-03
8.6110299004470448381e+01,-1.6937292311615754960e-03
8.6214046232186674956e+01,-1.6835078101102587088e-03
8.6317793459902901532e+01,-1.6732479388714581112e-03
8.6421540687619128107e+01,-1.6629505813580158259e-03
8.6525287915335368893e+01,-1.6526166799531720897e-03
8.6629035143051595469e+01,-1.6422471595417685759e-03
8.6732782370767822044e+01,-1.6318429402506350479e-03
8.6836529598484048620e+01,-1.6214049378093493923e-03
8.6940276826200275195e+01,-1.6109340635764683725e-03
8.7044024053916515982e+01,-1.6004312245655784048e-03
8.7147771281632742557e+01,-1.5898973234711618035e-03
8.7251518509348969133e+01,-1.5793332576139764139e-03
8.7355265737065195708e+01,-1.5687399017484528023e-03
8.7459012964781422284e+01,-1.5581181112138613003e-03
8.7562760192497663070e+01,-1.5474687368281887182e-03
8.7666507420213889645e+01,-1.5367926253818903030e-03
8.7770254647930116221e+01,-1.5260906196616829886e-03
8.7874001875646342796e+01,-1.5153635584741881586e-03
8.7977749103362569372e+01,-1.5046122766693972514e-03
8.8081496331078810158e+01,-1.4938376045410921289e-03
8.8185243558795036733e+01,-1.4830403510873984424e-03
8.8288990786511263309e+01,-1.4722213022332053794e-03
8.8392738014227489884e+01,-1.4613812392115556067e-03
8.8496485241943716460e+01,-1.4505209395920342329e-03
8.8600232469659957246e+01,-1.4396411773022171465e-03
8.8703979697376183822e+01,-1.4287427226489749377e-03
8.8807726925092410397e+01,-1.4178263423396120224e-03
8.8911474152808636973e+01,-1.4068927993638573066e-03
8.9015221380524863548e+01,-1.3959428396371315832e-03
8.9118968608241104334e+01,-1.3849771809812635222e-03
8.9222715835957330910e+01,-1.3739965352651552742e-03
8.9326463063673557485e+01,-1.3630016110505352271e-03
8.9430210291389784061e+01,-1.3519931136111475178e-03
8.9533957519106010636e+01,-1.3409717449517995127e-03
8.9637704746822251423e+01,-1.3299382038272800511e-03
8.9741451974538477998e+01,-1.3188931857611465009e-03
8.9845199202254704574e+01,-1.3078373757443900911e-03
8.9948946429970931149e+01,-1.2967714269640172580e-03
9.0052693657687157724e+01,-1.2856959825916381562e-03
9.0156440885403398511e+01,-1.2746116828383504630e-03
9.0260188113119625086e+01,-1.2635191649717607016e-03
9.0363935340835851662e+01,-1.2524190633328717744e-03
9.0467682568552078237e+01,-1.2413120093528709660e-03
9.0571429796268304813e+01,-1.2301986315697915290e-03
9.0675177023984545599e+01,-1.2190795534964681424e-03
9.0778924251700772174e+01,-1.2079553703331950224e-03
9.0882671479416998750e+01,-1.1968266579071935776e-03
9.0986418707133225325e+01,-1.1856939891307807875e-03
9.1090165934849451901e+01,-1.1745579343061978480e-03
9.1193913162565692687e+01,-1.1634190611404548500e-03
9.1297660390281919263e+01,-1.1522779347600824347e-03
9.1401407617998145838e+01,-1.1411351177257696068e-03
9.1505154845714372414e+01,-1.1299911699482955655e-03
9.1608902073430598989e+01,-1.1188466348519253164e-03
9.1712649301146839775e+01,-1.1077020251732123783e-03
9.1816396528863066351e+01,-1.0965578479228963501e-03
9.1920143756579292926e+01,-1.0854146078227288209e-03
9.2023890984295519502e+01,-1.0742728073183794961e-03
9.2127638212011760288e+01,-1.0631329465922510335e-03
9.2231385439727986864e+01,-1.0519955235762127807e-03
9.2335132667444213439e+01,-1.0408610339642362843e-03
9.2438879895160440014e+01,-1.0297299682492252158e-03
9.2542627122876666590e+01,-1.0186027867679595550e-03
9.2646374350592907376e+01,-1.0074799324830505543e-03
9.2750121578309133952e+01,-9.9636184621812256233e-04
9.2853868806025360527e+01,-9.8524896682663782969e-04
9.2957616033741587103e+01,-9.7414173120289324678e-04
9.3061363261457813678e+01,-9.6304057429294270473e-04
9.3165110489174054464e+01,-9.5194592910544096036e-04
9.3268857716890281040e+01,-9.4085822670225444531e-04
9.3372604944606507615e+01,-9.2977788484090628709e-04
9.3476352172322734191e+01,-9.1870528908554122474e-04
9.3580099400038960766e+01,-9.0764081829319246016e-04
9.3683846627755201553e+01,-8.9658484964267768594e-04
9.3787593855471428128e+01,-8.8553775864388928861e-04
9.3891341083187654704e+01,-8.7449991914700399547e-04
9.3995088310903881279e+01,-8.6347170335164871984e-04
9.4098835538620107855e+01,-8.5245348181599896881e-04
9.4202582766336348641e+01,-8.4144562268323181819e-04
9.4306329994052575216e+01,-8.3044847111074548193e-04
9.4410077221768801792e+01,-8.1946234732883308904e-04
9.4513824449485028367e+01,-8.0848756896754515617e-04
9.4617571677201254943e+01,-7.9752445226382087922e-04
9.4721318904917495729e+01,-7.8657331206911408616e-04
9.4825066132633722304e+01,-7.7563446185697831545e-04
9.4928813360349948880e+01,-7.6470821373058868540e-04
9.5032560588066175455e+01,-7.5379487843022646709e-04
9.5136307815782402031e+01,-7.4289476258497890750e-04
9.5240055043498642817e+01,-7.3200814387349192550e-04
9.5343802271214869393e+01,-7.2113528285067932024e-04
9.5447549498931095968e+01,-7.1027643874657382227e-04
9.5551296726647322544e+01,-6.9943186966534649698e-04
9.5655043954363549119e+01,-6.8860183259141307961e-04
9.5758791182079789905e+01,-6.7778658339549607489e-04
9.5862538409796016481e+01,-6.6698637684065855899e-04
9.5966285637512243056e+01,-6.5620146658828160287e-04
9.6070032865228469632e+01,-6.4543210020080829959e-04
9.6173780092944696207e+01,-6.3467849429654440725e-04
9.6277527320660936994e+01,-6.2394085351868814639e-04
9.6381274548377163569e+01,-6.1321938161150457442e-04
9.6485021776093390145e+01,-6.0251428144293673033e-04
9.6588769003809616720e+01,-5.9182575500931573417e-04
9.6692516231525843295e+01,-5.8115400344003738473e-04
9.6796263459242084082e+01,-5.7049922700220568900e-04
9.6900010686958310657e+01,-5.5986162510525470763e-04
9.7003757914674537233e+01,-5.4924139001107888814e-04
9.7107505142390763808e+01,-5.3863868315656661043e-04
9.7211252370106990384e+01,-5.2805365635970476744e-04
9.7314999597823231170e+01,-5.1748646078954730482e-04
9.7418746825539457745e+01,-5.0693724697119582883e-04
9.7522494053255684321e+01,-4.9640616478921571059e-04
9.7626241280971910896e+01,-4.8589336349104546818e-04
9.7729988508688137472e+01,-4.7539899169037725486e-04
9.7833735736404378258e+01,-4.6492319737051593419e-04
9.7937482964120604834e+01,-4.5446612196314476557e-04
9.8041230191836831409e+01,-4.4402787699699894364e-04
9.8144977419553057985e+01,-4.3360856448535395379e-04
9.8248724647269284560e+01,-4.2320828600796812696e-04
9.8352471874985525346e+01,-4.1282714271599201547e-04
9.8456219102701751922e+01,-4.0246523533423285771e-04
9.8559966330417978497e+01,-3.9212266416338960665e-04
9.8663713558134205073e+01,-3.8179952908228822952e-04
9.8767460785850431648e+01,-3.7149592955009619073e-04
9.8871208013566672435e+01,-3.6121196047136239085e-04
9.8974955241282899010e+01,-3.5094768857807644722e-04
9.9078702468999125585e+01,-3.4070316889276065124e-04
9.9182449696715352161e+01,-3.3047845617219809506e-04
9.9286196924431578736e+01,-3.2027360494430373106e-04
9.9389944152147819523e+01,-3.1008866950931721117e-04
9.9493691379864046098e+01,-2.9992370394099578026e-04
9.9597438607580272674e+01,-2.8977876208778564817e-04
9.9701185835296499249e+01,-2.7965389757399916225e-04
9.9804933063012725825e+01,-2.6954916193865129451e-04
9.9908680290728966611e+01,-2.5946458290276137263e-04
1.0001242751844519319e+02,-2.4940017186634980996e-04
1.0011617474616141976e+02,-2.3935593986405262067e-04
1.0021992197387764634e+02,-2.2933189788481526256e-04
1.0032366920159387291e+02,-2.1932805687212723130e-04
1.0042741642931011370e+02,-2.0934442772425592284e-04
1.0053116365702634027e+02,-1.9938102129448491396e-04
1.0063491088474256685e+02,-1.8943784839133809392e-04
1.0073865811245879343e+02,-1.7951522619662305547e-04
1.0084240534017502000e+02,-1.6962803779913001949e-04
1.0094615256789126079e+02,-1.5981171366552055163e-04
1.0104989979560748736e+02,-1.5010310036648368817e-04
1.0115364702332371394e+02,-1.4053889330743562060e-04
1.0125739425103994051e+02,-1.3115563750293654901e-04
1.0136114147875616709e+02,-1.2198972834634505536e-04
1.0146488870647240788e+02,-1.1307741237475068153e-04
1.0156863593418863445e+02,-1.0445478802922454284e-04
1.0167238316190486103e+02,-9.6157806410308085000e-05
1.0177613038962108760e+02,-8.8212969720739215830e-05
1.0187987761733732839e+02,-8.0609742496756163293e-05
1.0198362484505355496e+02,-7.3328469062300760217e-05
1.0208737207276978154e+02,-6.6349573642355606329e-05
1.0219111930048600811e+02,-5.9653559957359681917e-05
1.0229486652820223469e+02,-5.3221010820086597987e-05
1.0239861375591847548e+02,-4.7032587734973861605e-05
1.0250236098363470205e+02,-4.1069030499889441278e-05
1.0260610821135092863e+02,-3.5311156810305837142e-05
1.0270985543906715520e+02,-2.9742727221933490682e-05
1.0281360266678338178e+02,-2.4400937883003238113e-05
1.0291734989449962256e+02,-1.9370032107881792366e-05
1.0302109712221584914e+02,-1.4735542277057429400e-05
1.0312484434993207572e+02,-1.0582656576660034697e-05
1.0322859157764830229e+02,-6.9962207280820705541e-06
1.0333233880536452887e+02,-4.0607397071767224926e-06
1.0343608603308076965e+02,-1.8603794531102408229e-06
1.0353983326079699623e+02,-4.7896856694200650949e-07
1.0364358048851322280e+02,0.0000000000000000000e+00
