1.0000000000000000479e-04,2.6073903522022867559e-05
3.0129929929929927940e-02,6.4203481917730976028e-03
6.0159859859859859954e-02,1.2620561761975341089e-02
9.0189789789789795438e-02,1.8630934166828014981e-02
1.2021971971971971704e-01,2.4455801964528262049e-02
1.5024964964964962477e-01,3.0099413904275749976e-02
1.8027957957957957413e-01,3.5565932485829059029e-02
2.1030950950950949574e-01,4.0859435577519434557e-02
2.4033943943943941735e-01,4.5983918028761359975e-02
2.7036936936936933895e-01,5.0943293249607224382e-02
3.0039929929929926056e-01,5.5741394752547294977e-02
3.3042922922922918216e-01,6.0381977700423979105e-02
3.6045915915915915928e-01,6.4868720379167174594e-02
3.9048908908908908089e-01,6.9205225664611125236e-02
4.2051901901901900249e-01,7.3395022482734467717e-02
4.5054894894894892410e-01,7.7441567207378977922e-02
4.8057887887887884570e-01,8.1348245101227512066e-02
5.1060880880880876731e-01,8.5118371578038865000e-02
5.4063873873873868892e-01,8.8755193624896727700e-02
5.7066866866866861052e-01,9.2261891088959394058e-02
6.0069859859859853213e-01,9.5641577989854703601e-02
6.3072852852852845373e-01,9.8897303802869748757e-02
6.6075845845845837534e-01,1.0203205451593913566e-01
6.9078838838838829695e-01,1.0504875420822211429e-01
7.2081831831831832957e-01,1.0795026592816731048e-01
7.5084824824824825118e-01,1.1073939295521477433e-01
7.8087817817817817279e-01,1.1341888003699619747e-01
8.1090810810810809439e-01,1.1599141446930673338e-01
8.4093803803803801600e-01,1.1845962717916036500e-01
8.7096796796796793760e-01,1.2082609383509157475e-01
9.0099789789789785921e-01,1.2309333598175078994e-01
9.3102782782782778082e-01,1.2526382208214434377e-01
9.6105775775775770242e-01,1.2733996832385405251e-01
9.9108768768768762403e-01,1.2932413985339979989e-01
1.0211176176176175456e+00,1.3121865205288574252e-01
1.0511475475475475783e+00,1.3302577056154882285e-01
1.0811774774774773888e+00,1.3474771365746521234e-01
1.1112074074074074215e+00,1.3638665154870668883e-01
1.1412373373373372321e+00,1.3794470898234792444e-01
1.1712672672672672647e+00,1.3942396471759466170e-01
1.2012971971971970753e+00,1.4082645313771724460e-01
1.2313271271271271079e+00,1.4215416537803940433e-01
1.2613570570570569185e+00,1.4340904938694276627e-01
1.2913869869869869511e+00,1.4459301112419206681e-01
1.3214169169169167617e+00,1.4570791579262767912e-01
1.3514468468468467943e+00,1.4675558822311657314e-01
1.3814767767767766049e+00,1.4773781364412627570e-01
1.4115067067067066375e+00,1.4865633853717033497e-01
1.4415366366366366702e+00,1.4951287143751149089e-01
1.4715665665665664807e+00,1.5030908369511244982e-01
1.5015964964964965134e+00,1.5104661021030207912e-01
1.5316264264264263240e+00,1.5172705014046908301e-01
1.5616563563563563566e+00,1.5235196759214020279e-01
1.5916862862862861672e+00,1.5292289232078434824e-01
1.6217162162162161998e+00,1.5344132041530184063e-01
1.6517461461461460104e+00,1.5390871496596031376e-01
1.6817760760760760430e+00,1.5432650671693207145e-01
1.7118060060060058536e+00,1.5469609472250342441e-01
1.7418359359359358862e+00,1.5501884699630219533e-01
1.7718658658658656968e+00,1.5529610113330946652e-01
1.8018957957957957294e+00,1.5552916491664414700e-01
1.8319257257257255400e+00,1.5571931690231183287e-01
1.8619556556556555726e+00,1.5586780697849589306e-01
1.8919855855855853832e+00,1.5597585689632584294e-01
1.9220155155155154159e+00,1.5604466078542850171e-01
1.9520454454454454485e+00,1.5607538597560599580e-01
1.9820753753753752591e+00,1.5606917361210639883e-01
2.0121053053053055137e+00,1.5602713887704980356e-01
2.0421352352352353243e+00,1.5595037138058717718e-01
2.0721651651651651349e+00,1.5583993563914563807e-01
2.1021950950950953896e+00,1.5569687236602069991e-01
2.1322250250250252002e+00,1.5552219858753515980e-01
2.1622549549549550107e+00,1.5531690751576046616e-01
2.1922848848848848213e+00,1.5508196909604285429e-01
2.2223148148148150760e+00,1.5481833177238435439e-01
2.2523447447447448866e+00,1.5452692190856459620e-01
2.2823746746746746972e+00,1.5420864350613086580e-01
2.3124046046046045078e+00,1.5386438006229730124e-01
2.3424345345345347624e+00,1.5349499502894115022e-01
2.3724644644644645730e+00,1.5310133049284460616e-01
2.4024943943943943836e+00,1.5268420915393549064e-01
2.4325243243243246383e+00,1.5224443515695304519e-01
2.4625542542542544489e+00,1.5178279222383433966e-01
2.4925841841841842594e+00,1.5130004634361515770e-01
2.5226141141141140700e+00,1.5079694566746601470e-01
2.5526440440440443247e+00,1.5027421902483331650e-01
2.5826739739739741353e+00,1.4973257950105314795e-01
2.6127039039039039459e+00,1.4917272206224499453e-01
2.6427338338338337564e+00,1.4859532471484393490e-01
2.6727637637637640111e+00,1.4800105033867388959e-01
2.7027936936936938217e+00,1.4739054387078093233e-01
2.7328236236236236323e+00,1.4676443640905548205e-01
2.7628535535535534429e+00,1.4612334228303699990e-01
2.7928834834834836975e+00,1.4546786130051170272e-01
2.8229134134134135081e+00,1.4479857879074822802e-01
2.8529433433433433187e+00,1.4411606460834688881e-01
2.8829732732732735734e+00,1.4342087603126521533e-01
2.9130032032032033840e+00,1.4271355458672865812e-01
2.9430331331331331945e+00,1.4199463027601577636e-01
2.9730630630630630051e+00,1.4126461783490137925e-01
3.0030929929929932598e+00,1.4052402086421247884e-01
3.0331229229229230704e+00,1.3977332858103086455e-01
3.0631528528528528810e+00,1.3901301923613959555e-01
3.0931827827827826916e+00,1.3824355759418971434e-01
3.1232127127127129462e+00,1.3746539767334706172e-01
3.1532426426426427568e+00,1.3667898074734391445e-01
3.1832725725725725674e+00,1.3588473770660078332e-01
3.2133025025025023780e+00,1.3508308724869266815e-01
3.2433324324324326327e+00,1.3427443819174467166e-01
3.2733623623623624432e+00,1.3345918755485522422e-01
3.3033922922922922538e+00,1.3263772306868204520e-01
3.3334222222222220644e+00,1.3181042097717213246e-01
3.3634521521521523191e+00,1.3097764881694218264e-01
3.3934820820820821297e+00,1.3013976299114426993e-01
3.4235120120120119402e+00,1.2929711162326232299e-01
3.4535419419419421949e+00,1.2845003225898321553e-01
3.4835718718718720055e+00,1.2759885428977610355e-01
3.5136018018018018161e+00,1.2674389737584051963e-01
3.5436317317317316267e+00,1.2588547285057216651e-01
3.5736616616616618813e+00,1.2502388335145964149e-01
3.6036915915915916919e+00,1.2415942291545369047e-01
3.6337215215215215025e+00,1.2329237784067385852e-01
3.6637514514514513131e+00,1.2242302576517276325e-01
3.6937813813813815678e+00,1.2155163714483646631e-01
3.7238113113113113783e+00,1.2067847420807273351e-01
3.7538412412412411889e+00,1.1980379201853290361e-01
3.7838711711711709995e+00,1.1892783821509526898e-01
3.8139011011011012542e+00,1.1805085313456707696e-01
3.8439310310310310648e+00,1.1717307035242081892e-01
3.8739609609609608754e+00,1.1629471634273441660e-01
3.9039908908908911300e+00,1.1541601103255315353e-01
3.9340208208208209406e+00,1.1453716777583489161e-01
3.9640507507507507512e+00,1.1365839346881567717e-01
3.9940806806806805618e+00,1.1277988879455845550e-01
4.0241106106106103724e+00,1.1190184838292593916e-01
4.0541405405405397389e+00,1.1102446073092851753e-01
4.0841704704704699935e+00,1.1014790865592377633e-01
4.1142004004004002482e+00,1.0927236926025274411e-01
4.1442303303303296147e+00,1.0839801386479695766e-01
4.1742602602602598694e+00,1.0752500872041244329e-01
4.2042901901901901240e+00,1.0665351442359444212e-01
4.2343201201201194905e+00,1.0578368642259759758e-01
4.2643500500500497452e+00,1.0491567546246752252e-01
4.2943799799799791117e+00,1.0404962671984992195e-01
4.3244099099099093664e+00,1.0318568096975797022e-01
4.3544398398398396210e+00,1.0232397435514059558e-01
4.3844697697697689875e+00,1.0146463778846391557e-01
4.4144996996996992422e+00,1.0060779839895034327e-01
4.4445296296296294969e+00,9.9753578631356476514e-02
4.4745595595595588634e+00,9.8902096214497650650e-02
4.5045894894894891181e+00,9.8053465545004395154e-02
4.5346194194194193727e+00,9.7207796300607024476e-02
4.5646493493493487392e+00,9.6365193985970043489e-02
4.5946792792792789939e+00,9.5525761116981883214e-02
4.6247092092092083604e+00,9.4689595528707412586e-02
4.6547391391391386151e+00,9.3856791353883070594e-02
4.6847690690690688697e+00,9.3027440041833497908e-02
4.7147989989989982362e+00,9.2201628476131045065e-02
4.7448289289289284909e+00,9.1379440183415219789e-02
4.7748588588588587456e+00,9.0560956323535293788e-02
4.8048887887887881121e+00,8.9746253682118554140e-02
4.8349187187187183667e+00,8.8935405878027423698e-02
4.8649486486486486214e+00,8.8128484503782994475e-02
4.8949785785785779879e+00,8.7325557076051676941e-02
4.9250085085085082426e+00,8.6526687953900019434e-02
4.9550384384384376091e+00,8.5731939805341300653e-02
4.9850683683683678638e+00,8.4941371693803002785e-02
5.0150982982982981184e+00,8.4155039339440143586e-02
5.0451282282282274849e+00,8.3372997035579793357e-02
5.0751581581581577396e+00,8.2595296174182528115e-02
5.1051880880880879943e+00,8.1821984472933553811e-02
5.1352180180180173608e+00,8.1053108325038300541e-02
5.1652479479479476154e+00,8.0288712108754434205e-02
5.1952778778778769819e+00,7.9528836270349165249e-02
5.2253078078078072366e+00,7.8773519763949709227e-02
5.2553377377377374913e+00,7.8022800316691467981e-02
5.2853676676676668578e+00,7.7276712034289568587e-02
5.3153975975975971124e+00,7.6535286897137497220e-02
5.3454275275275273671e+00,7.5798556114601151057e-02
5.3754574574574567336e+00,7.5066548373865810140e-02
5.4054873873873869883e+00,7.4339289267535885175e-02
5.4355173173173172430e+00,7.3616803648956799511e-02
5.4655472472472466094e+00,7.2899115203528846996e-02
5.4955771771771768641e+00,7.2186244110024139209e-02
5.5256071071071062306e+00,7.1478209211532389711e-02
5.5556370370370364853e+00,7.0775028886411364692e-02
5.5856669669669667400e+00,7.0076719180476657045e-02
5.6156968968968961065e+00,6.9383293439233814648e-02
5.6457268268268263611e+00,6.8694764581363032541e-02
5.6757567567567566158e+00,6.8011144807977069737e-02
5.7057866866866859823e+00,6.7332443192042512603e-02
5.7358166166166162370e+00,6.6658667475105320976e-02
5.7658465465465464916e+00,6.5989825229466572698e-02
5.7958764764764758581e+00,6.5325922651720283452e-02
5.8259064064064061128e+00,6.4666963018375780980e-02
5.8559363363363354793e+00,6.4012949149044082175e-02
5.8859662662662657340e+00,6.3363883732124995363e-02
5.9159961961961959886e+00,6.2719767412682786434e-02
5.9460261261261253551e+00,6.2080598660508433395e-02
5.9760560560560556098e+00,6.1446375866979006941e-02
6.0060859859859858645e+00,6.0817097240397750835e-02
6.0361159159159152310e+00,6.0192758574140518835e-02
6.0661458458458454857e+00,5.9573354190012799136e-02
6.0961757757757748521e+00,5.8958878496724237417e-02
6.1262057057057051068e+00,5.8349325653741047903e-02
6.1562356356356353615e+00,5.7744687315764153812e-02
6.1862655655655647280e+00,5.7144954139504398893e-02
6.2162954954954949827e+00,5.6550116956939282253e-02
6.2463254254254252373e+00,5.5960166348940493242e-02
6.2763553553553546038e+00,5.5375090464813127300e-02
6.3063852852852848585e+00,5.4794876693590927053e-02
6.3364152152152151132e+00,5.4219512661500351980e-02
6.3664451451451444797e+00,5.3648985842869791052e-02
6.3964750750750747343e+00,5.3083281438904721117e-02
6.4265050050050041008e+00,5.2522383923988044674e-02
6.4565349349349343555e+00,5.1966278058635434478e-02
6.4865648648648646102e+00,5.1414948629626935905e-02
6.5165947947947939767e+00,5.0868378413789723524e-02
6.5466247247247242314e+00,5.0326549298554665302e-02
6.5766546546546544860e+00,4.9789443491278569109e-02
6.6066845845845838525e+00,4.9257043414782243629e-02
6.6367145145145141072e+00,4.8729329935745607782e-02
6.6667444444444434737e+00,4.8206282681072389062e-02
6.6967743743743737284e+00,4.7687881592997617697e-02
6.7268043043043039830e+00,4.7174106955623032467e-02
6.7568342342342333495e+00,4.6664938185058651987e-02
6.7868641641641636042e+00,4.6160353026100317542e-02
6.8168940940940938589e+00,4.5660329421947788708e-02
6.8469240240240232254e+00,4.5164845702756577228e-02
6.8769539539539534800e+00,4.4673880084054276574e-02
6.9069838838838837347e+00,4.4187408960664593949e-02
6.9370138138138131012e+00,4.3705408523131608622e-02
6.9670437437437433559e+00,4.3227855372471958584e-02
6.9970736736736727224e+00,4.2754726429980946523e-02
7.0271036036036029770e+00,4.2285997431693755910e-02
7.0571335335335332317e+00,4.1821643096665375716e-02
7.0871634634634625982e+00,4.1361638520627824755e-02
7.1171933933933928529e+00,4.0905959219624539458e-02
7.1472233233233231076e+00,4.0454580584824900713e-02
7.1772532532532524741e+00,4.0007476436575963030e-02
7.2072831831831827287e+00,3.9564620573511247170e-02
7.2373131131131129834e+00,3.9125987229135704426e-02
7.2673430430430423499e+00,3.8691551026472086050e-02
7.2973729729729726046e+00,3.8261285790943309892e-02
7.3274029029029019711e+00,3.7835164307586911792e-02
7.3574328328328322257e+00,3.7413159717612574917e-02
7.3874627627627624804e+00,3.6995245598952432309e-02
7.4174926926926918469e+00,3.6581395780093249603e-02
7.4475226226226221016e+00,3.6171582907712836186e-02
7.4775525525525523562e+00,3.5765779216305255972e-02
7.5075824824824817227e+00,3.5363957376685760392e-02
7.5376124124124119774e+00,3.4966090495188686949e-02
7.5676423423423413439e+00,3.4572151741305456873e-02
7.5976722722722715986e+00,3.4182113064407514125e-02
7.6277022022022018533e+00,3.3795946391167640266e-02
7.6577321321321312197e+00,3.3413624088588285421e-02
7.6877620620620614744e+00,3.3035118955187577072e-02
7.7177919919919917291e+00,3.2660403720230088420e-02
7.7478219219219210956e+00,3.2289450015519027826e-02
7.7778518518518513503e+00,3.1922229618584901933e-02
7.8078817817817816049e+00,3.1558714741144473781e-02
7.8379117117117109714e+00,3.1198878020176630532e-02
7.8679416416416412261e+00,3.0842692011152361697e-02
7.8979715715715705926e+00,3.0490128288996502098e-02
7.9280015015015008473e+00,3.0141158616432475736e-02
7.9580314314314311019e+00,2.9795755182401417044e-02
7.9880613613613604684e+00,2.9453890593992362174e-02
8.0180912912912898349e+00,2.9115537479174773139e-02
8.0481212212212209778e+00,2.8780667561496543067e-02
8.0781511511511503443e+00,2.8449252708584237687e-02
8.1081810810810797108e+00,2.8121265204835082380e-02
8.1382110110110108536e+00,2.7796677743727668530e-02
8.1682409409409402201e+00,2.7475463202123025230e-02
8.1982708708708695866e+00,2.7157593659075558723e-02
8.2283008008008007295e+00,2.6843041194122136545e-02
8.2583307307307300960e+00,2.6531778292557997578e-02
8.2883606606606594625e+00,2.6223777838437330179e-02
8.3183905905905906053e+00,2.5919013036506930586e-02
8.3484205205205199718e+00,2.5617456547562318658e-02
8.3784504504504493383e+00,2.5319080771079902070e-02
8.4084803803803804811e+00,2.5023858487182575050e-02
8.4385103103103098476e+00,2.4731762863460283325e-02
8.4685402402402392141e+00,2.4442767443114441633e-02
8.4985701701701703570e+00,2.4156845643933756718e-02
8.5286001001000997235e+00,2.3873970341931179118e-02
8.5586300300300290900e+00,2.3594114695575076068e-02
8.5886599599599584565e+00,2.3317252238735486358e-02
8.6186898898898895993e+00,2.3043356874144080987e-02
8.6487198198198189658e+00,2.2772402748300935721e-02
8.6787497497497483323e+00,2.2504363496446477128e-02
8.7087796796796794752e+00,2.2239212731249916044e-02
8.7388096096096088417e+00,2.1976924426314884548e-02
8.7688395395395382081e+00,2.1717472911766882299e-02
8.7988694694694693510e+00,2.1460832865707282768e-02
8.8288993993993987175e+00,2.1206978937213946668e-02
8.8589293293293280840e+00,2.0955885350876442969e-02
8.8889592592592592268e+00,2.0707526584995902819e-02
8.9189891891891885933e+00,2.0461877461596250649e-02
8.9490191191191179598e+00,2.0218913140656994548e-02
8.9790490490490491027e+00,1.9978609084244734057e-02
9.0090789789789784692e+00,1.9740940518457532338e-02
9.0391089089089078357e+00,1.9505882500891219555e-02
9.0691388388388389785e+00,1.9273410402308541883e-02
9.0991687687687683450e+00,1.9043499918607174892e-02
9.1291986986986977115e+00,1.8816127065472042917e-02
9.1592286286286288544e+00,1.8591268102574436127e-02
9.1892585585585582209e+00,1.8368898995488221193e-02
9.2192884884884875873e+00,1.8148995715953967350e-02
9.2493184184184169538e+00,1.7931534545329586017e-02
9.2793483483483480967e+00,1.7716492072007115899e-02
9.3093782782782774632e+00,1.7503845186460656458e-02
9.3394082082082068297e+00,1.7293570987540085593e-02
9.3694381381381379725e+00,1.7085646307375110947e-02
9.3994680680680673390e+00,1.6880048056377820742e-02
9.4294979979979967055e+00,1.6676753438598698048e-02
9.4595279279279278484e+00,1.6475739947557539039e-02
9.4895578578578572149e+00,1.6276985361663318108e-02
9.5195877877877865814e+00,1.6080467667277584948e-02
9.5496177177177177242e+00,1.5886164642392813784e-02
9.5796476476476470907e+00,1.5694054144382688781e-02
9.6096775775775764572e+00,1.5504114306783216282e-02
9.6397075075075076001e+00,1.5316323535606858955e-02
9.6697374374374369665e+00,1.5130660505111649325e-02
9.6997673673673663330e+00,1.4947104117035149920e-02
9.7297972972972974759e+00,1.4765633148594702745e-02
9.7598272272272268424e+00,1.4586226408021584280e-02
9.7898571571571562089e+00,1.4408862960451400415e-02
9.8198870870870855754e+00,1.4233522127101123217e-02
9.8499170170170167182e+00,1.4060183481365446170e-02
9.8799469469469460847e+00,1.3888826837070895187e-02
9.9099768768768754512e+00,1.3719432006109982466e-02
9.9400068068068065941e+00,1.3551978755837794377e-02
9.9700367367367359606e+00,1.3386447080962846773e-02
1.0000066666666665327e+01,1.3222817216495022855e-02
1.0030096596596596470e+01,1.3061069634148303117e-02
1.0060126526526525836e+01,1.2901185038788889545e-02
1.0090156456456455203e+01,1.2743144270669432699e-02
1.0120186386386386346e+01,1.2586928085174512240e-02
1.0150216316316315712e+01,1.2432517400884255179e-02
1.0180246246246245079e+01,1.2279893361526038331e-02
1.0210276176176176222e+01,1.2129037332663576004e-02
1.0240306106106105588e+01,1.1979930898444235421e-02
1.0270336036036034955e+01,1.1832555846815350289e-02
1.0300365965965966097e+01,1.1686893976271950715e-02
1.0330395895895895464e+01,1.1542927125797334056e-02
1.0360425825825824830e+01,1.1400637339498771033e-02
1.0390455755755754197e+01,1.1260006869064101420e-02
1.0420485685685685340e+01,1.1121018170770704744e-02
1.0450515615615614706e+01,1.0983653902546025236e-02
1.0480545545545544073e+01,1.0847896877828644077e-02
1.0510575475475475216e+01,1.0713729897123994844e-02
1.0540605405405404582e+01,1.0581135893687568586e-02
1.0570635335335333949e+01,1.0450097994699304033e-02
1.0600665265265265091e+01,1.0320599518530764946e-02
1.0630695195195194458e+01,1.0192623972044748126e-02
1.0660725125125123824e+01,1.0066155047694992294e-02
1.0690755055055054967e+01,9.9411765538114666568e-03
1.0720784984984984334e+01,9.8176723218986391983e-03
1.0750814914914913700e+01,9.6956263414012828356e-03
1.0780844844844844843e+01,9.5750227801530973792e-03
1.0810874774774774210e+01,9.4558459818991427714e-03
1.0840904704704703576e+01,9.3380804638593609829e-03
1.0870934634634634719e+01,9.2217109135284448806e-03
1.0900964564564564085e+01,9.1067221222748961917e-03
1.0930994494494493452e+01,8.9930989373392909714e-03
1.0961024424424422818e+01,8.8808263610658383369e-03
1.0991054354354353961e+01,8.7698895597060656792e-03
1.1021084284284283328e+01,8.6602738611857733170e-03
1.1051114214214212694e+01,8.5519647529083784449e-03
1.1081144144144143837e+01,8.4449478791295065627e-03
1.1111174074074073204e+01,8.3392089949355808348e-03
1.1141204004004002570e+01,8.2347339287121412016e-03
1.1171233933933933713e+01,8.1315086527672959110e-03
1.1201263863863863079e+01,8.0295192898388340758e-03
1.1231293793793792446e+01,7.9287521110831260529e-03
1.1261323723723723589e+01,7.8291935340962359041e-03
1.1291353653653652955e+01,7.7308301209425616882e-03
1.1321383583583582322e+01,7.6336485563737038751e-03
1.1351413513513513465e+01,7.5376356102670998699e-03
1.1381443443443442831e+01,7.4427781824257010015e-03
1.1411473373373372198e+01,7.3490633105480346332e-03
1.1441503303303303340e+01,7.2564781684186048169e-03
1.1471533233233232707e+01,7.1650100641266730242e-03
1.1501563163163162073e+01,7.0746464383129332304e-03
1.1531593093093093216e+01,6.9853748584162945676e-03
1.1561623023023022583e+01,6.8971829935547453866e-03
1.1591652952952951949e+01,6.8100586291456616933e-03
1.1621682882882881316e+01,6.7239896768154436280e-03
1.1651712812812812459e+01,6.6389641728118072017e-03
1.1681742742742741825e+01,6.5549702764020308446e-03
1.1711772672672671192e+01,6.4719962682957474231e-03
1.1741802602602602335e+01,6.3900305490316782961e-03
1.1771832532532531701e+01,6.3090616349915336694e-03
1.1801862462462461068e+01,6.2290781560684531717e-03
1.1831892392392392210e+01,6.1500688573515134225e-03
1.1861922322322321577e+01,6.0720225979026291527e-03
1.1891952252252250943e+01,5.9949283493174855900e-03
1.1921982182182182086e+01,5.9187751943082546335e-03
1.1952012112112111453e+01,5.8435523253076975675e-03
1.1982042042042040819e+01,5.7692490453352890736e-03
1.2012071971971971962e+01,5.6958547805293297320e-03
1.2042101901901901329e+01,5.6233590695799456211e-03
1.2072131831831830695e+01,5.5517515552993817324e-03
1.2102161761761761838e+01,5.4810219832999128309e-03
1.2132191691691691204e+01,5.4111602007215764409e-03
1.2162221621621620571e+01,5.3421561549787310516e-03
1.2192251551551549937e+01,5.2739998925295560397e-03
1.2222281481481481080e+01,5.2066815686337393834e-03
1.2252311411411410447e+01,5.1401914696478784306e-03
1.2282341341341339813e+01,5.0745199837185948552e-03
1.2312371271271270956e+01,5.0096575927659299163e-03
1.2342401201201200323e+01,4.9455948713425668811e-03
1.2372431131131129689e+01,4.8823224855096365379e-03
1.2402461061061060832e+01,4.8198311917288837528e-03
1.2432490990990990198e+01,4.7581118358733564058e-03
1.2462520920920919565e+01,4.6971553732901641376e-03
1.2492550850850850708e+01,4.6369528933663112236e-03
1.2522580780780780074e+01,4.5774955772836479692e-03
1.2552610710710709441e+01,4.5187746906139485484e-03
1.2582640640640640584e+01,4.4607815823118892803e-03
1.2612670570570569950e+01,4.4035076837224086319e-03
1.2642700500500499317e+01,4.3469445076021896029e-03
1.2672730430430430459e+01,4.2910836472328534735e-03
1.2702760360360359826e+01,4.2359168000168671495e-03
1.2732790290290289192e+01,4.1814358011776613794e-03
1.2762820220220218559e+01,4.1276325715919222337e-03
1.2792850150150149702e+01,4.0744991079960587999e-03
1.2822880080080079068e+01,4.0220274820979198122e-03
1.2852910010010008435e+01,3.9702098397009647282e-03
1.2882939939939939578e+01,3.9190383998406836882e-03
1.2912969869869868944e+01,3.8685054539330785729e-03
1.2942999799799798311e+01,3.8186033820724633522e-03
1.2973029729729729453e+01,3.7693247065608151761e-03
1.3003059659659658820e+01,3.7206620375017621268e-03
1.3033089589589588186e+01,3.6726080531081072705e-03
1.3063119519519519329e+01,3.6251554989189210647e-03
1.3093149449449448696e+01,3.5782971870274580053e-03
1.3123179379379378062e+01,3.5320259953196628949e-03
1.3153209309309309205e+01,3.4863348667231205784e-03
1.3183239239239238572e+01,3.4412168136436094984e-03
1.3213269169169167938e+01,3.3966649784821518337e-03
1.3243299099099099081e+01,3.3526726118811613075e-03
1.3273329029029028447e+01,3.3092330264883726594e-03
1.3303358958958957814e+01,3.2663395953334726715e-03
1.3333388888888887180e+01,3.2239857511481371383e-03
1.3363418818818818323e+01,3.1821649856952237065e-03
1.3393448748748747690e+01,3.1408708491070026249e-03
1.3423478678678677056e+01,3.1000969492808189837e-03
1.3453508608608608199e+01,3.0598369816592411140e-03
1.3483538538538537566e+01,3.0200847802071754782e-03
1.3513568468468466932e+01,2.9808342474762395020e-03
1.3543598398398398075e+01,2.9420793400970128399e-03
1.3573628328328327441e+01,2.9038140681808388005e-03
1.3603658258258256808e+01,2.8660324947295118259e-03
1.3633688188188187951e+01,2.8287287350527933437e-03
1.3663718118118117317e+01,2.7918969561936198172e-03
1.3693748048048046684e+01,2.7555313785014162731e-03
1.3723777977977977827e+01,2.7196263328271188912e-03
1.3753807907907907193e+01,2.6841762659897956504e-03
1.3783837837837836560e+01,2.6491756766648440896e-03
1.3813867767767767702e+01,2.6146191113649206415e-03
1.3843897697697697069e+01,2.5805011639211082597e-03
1.3873927627627626435e+01,2.5468164749708060990e-03
1.3903957557557555802e+01,2.5135597314522683914e-03
1.3933987487487486945e+01,2.4807256661056741216e-03
1.3964017417417416311e+01,2.4483090623227984732e-03
1.3994047347347345678e+01,2.4163048223933576014e-03
1.4024077277277276821e+01,2.3847079464573289753e-03
1.4054107207207206187e+01,2.3535134786295285915e-03
1.4084137137137135554e+01,2.3227165052921452081e-03
1.4114167067067066696e+01,2.2923121546450939481e-03
1.4144196996996996063e+01,2.2622955962621001287e-03
1.4174226926926925429e+01,2.2326620406524140018e-03
1.4204256856856856572e+01,2.2034067388280900550e-03
1.4234286786786785939e+01,2.1745249869387075700e-03
1.4264316716716715305e+01,2.1460121944068591936e-03
1.4294346646646646448e+01,2.1178638648527291395e-03
1.4324376576576575815e+01,2.0900755409750215556e-03
1.4354406506506505181e+01,2.0626428027717661103e-03
1.4384436436436436324e+01,2.0355612671509848953e-03
1.4414466366366365691e+01,2.0088265875462135192e-03
1.4444496296296295057e+01,1.9824344535368195776e-03
1.4474526226226226200e+01,1.9563805904730465109e-03
1.4504556156156155566e+01,1.9306607607678257475e-03
1.4534586086086084933e+01,1.9052708195199817478e-03
1.4564616016016014299e+01,1.8802067270540848403e-03
1.4594645945945945442e+01,1.8554644813257240975e-03
1.4624675875875874809e+01,1.8310401131612686915e-03
1.4654705805805804175e+01,1.8069296859210721984e-03
1.4684735735735735318e+01,1.7831292951668192056e-03
1.4714765665665664685e+01,1.7596350683329498206e-03
1.4744795595595594051e+01,1.7364431644020783801e-03
1.4774825525525525194e+01,1.7135497735878734218e-03
1.4804855455455454560e+01,1.6909511428594367361e-03
1.4834885385385383927e+01,1.6686436373661299622e-03
1.4864915315315315070e+01,1.6466236702541313299e-03
1.4894945245245244436e+01,1.6248876835956696432e-03
1.4924975175175173803e+01,1.6034321480980107556e-03
1.4955005105105104946e+01,1.5822535628159642342e-03
1.4985035035035034312e+01,1.5613484548678442914e-03
1.5015064964964963679e+01,1.5407133791548312078e-03
1.5045094894894894821e+01,1.5203449180837011554e-03
1.5075124824824824188e+01,1.5002396840892143117e-03
1.5105154754754753554e+01,1.4803943787303833202e-03
1.5135184684684682921e+01,1.4608057907159136685e-03
1.5165214614614614064e+01,1.4414707367523757215e-03
1.5195244544544543430e+01,1.4223860587105532222e-03
1.5225274474474472797e+01,1.4035486233772683298e-03
1.5255304404404403940e+01,1.3849553222101541709e-03
1.5285334334334333306e+01,1.3666030710953078978e-03
1.5315364264264262673e+01,1.3484888101077954162e-03
1.5345394194194193815e+01,1.3306095032749733036e-03
1.5375424124124123182e+01,1.3129621479414615819e-03
1.5405454054054052548e+01,1.2955438418038745657e-03
1.5435483983983983691e+01,1.2783517421137663254e-03
1.5465513913913913058e+01,1.2613830284382986265e-03
1.5495543843843842424e+01,1.2446349022083092514e-03
1.5525573773773773567e+01,1.2281045865068685070e-03
1.5555603703703702934e+01,1.2117893258602866792e-03
1.5585633633633632300e+01,1.1956863860315260304e-03
1.5615663563563563443e+01,1.1797930538160064998e-03
1.5645693493493492809e+01,1.1641066368397636876e-03
1.5675723423423422176e+01,1.1486244756115503596e-03
1.5705753353353351542e+01,1.1333440074142609334e-03
1.5735783283283282685e+01,1.1182627185114338026e-03
1.5765813213213212052e+01,1.1033781143810590056e-03
1.5795843143143141418e+01,1.0886877194707540988e-03
1.5825873073073072561e+01,1.0741890770177891980e-03
1.5855903003003001928e+01,1.0598797488711576929e-03
1.5885932932932931294e+01,1.0457573153156598904e-03
1.5915962862862862437e+01,1.0318193748979822416e-03
1.5945992792792791803e+01,1.0180635442547441780e-03
1.5976022722722721170e+01,1.0044874654982171008e-03
1.6006052652652652313e+01,9.9108886649827286804e-04
1.6036082582582579903e+01,9.7786552817599346407e-04
1.6066112512512511046e+01,9.6481524837363713890e-04
1.6096142442442442189e+01,9.5193584136737854472e-04
1.6126172372372369779e+01,9.3922513771428726027e-04
1.6156202302302300922e+01,9.2668098410101599344e-04
1.6186232232232232064e+01,9.1430124319418512677e-04
1.6216262162162159655e+01,9.0208379349241676805e-04
1.6246292092092090797e+01,8.9002652918000930721e-04
1.6276322022022021940e+01,8.7812736137336377257e-04
1.6306351951951949530e+01,8.6638426232593342743e-04
1.6336381881881880673e+01,8.5479527416359535417e-04
1.6366411811811811816e+01,8.4335845664137304174e-04
1.6396441741741739406e+01,8.3207188372845226985e-04
1.6426471671671670549e+01,8.2093364347824858591e-04
1.6456501601601601692e+01,8.0994183789991286773e-04
1.6486531531531529282e+01,7.9909458283122390600e-04
1.6516561461461460425e+01,7.8839000781287169300e-04
1.6546591391391391568e+01,7.7782625596411970794e-04
1.6576621321321319158e+01,7.6740148385980890260e-04
1.6606651251251250301e+01,7.5711387416615711764e-04
1.6636681181181181444e+01,7.4696168770606308218e-04
1.6666711111111109034e+01,7.3694321850704719475e-04
1.6696741041041040177e+01,7.2705677287847130484e-04
1.6726770970970971320e+01,7.1730066929257755692e-04
1.6756800900900898910e+01,7.0767323827549755751e-04
1.6786830830830830052e+01,6.9817282229943464916e-04
1.6816860760760761195e+01,6.8879777567600931638e-04
1.6846890690690688785e+01,6.7954646445073573977e-04
1.6876920620620619928e+01,6.7041726629862592041e-04
1.6906950550550551071e+01,6.6140857055206386719e-04
1.6936980480480478661e+01,6.5251880412729333300e-04
1.6967010410410409804e+01,6.4374646257953039782e-04
1.6997040340340340947e+01,6.3509005974609364451e-04
1.7027070270270268537e+01,6.2654811994863326627e-04
1.7057100200200199680e+01,6.1811917790083673041e-04
1.7087130130130130823e+01,6.0980177861711618720e-04
1.7117160060060058413e+01,6.0159447732225019342e-04
1.7147189989989989556e+01,5.9349583936197129394e-04
1.7177219919919917146e+01,5.8550444011450640015e-04
1.7207249849849848289e+01,5.7761886490302301930e-04
1.7237279779779779432e+01,5.6983770922750746468e-04
1.7267309709709707022e+01,5.6215960680500544951e-04
1.7297339639639638165e+01,5.5458325129331025646e-04
1.7327369569569569308e+01,5.4710735058788252834e-04
1.7357399499499496898e+01,5.3973062152603017063e-04
1.7387429429429428041e+01,5.3245178980969071376e-04
1.7417459359359359183e+01,5.2526958992901533457e-04
1.7447489289289286774e+01,5.1818276508673794846e-04
1.7477519219219217916e+01,5.1119006712332243358e-04
1.7507549149149149059e+01,5.0429025644288787839e-04
1.7537579079079076649e+01,4.9748210193988800024e-04
1.7567609009009007792e+01,4.9076438096901325945e-04
1.7597638938938938935e+01,4.8413589864617490163e-04
1.7627668868868866525e+01,4.7759551826016176596e-04
1.7657698798798797668e+01,4.7114211878274023194e-04
1.7687728728728728811e+01,4.6477458679873161380e-04
1.7717758658658656401e+01,4.5849181644149188553e-04
1.7747788588588587544e+01,4.5229270932904696873e-04
1.7777818518518518687e+01,4.4617617450088417966e-04
1.7807848448448446277e+01,4.4014112835537273034e-04
1.7837878378378377420e+01,4.3418649458782011428e-04
1.7867908308308308563e+01,4.2831120412915689574e-04
1.7897938238238236153e+01,4.2251419508523391060e-04
1.7927968168168167296e+01,4.1679441868296992048e-04
1.7957998098098098438e+01,4.1115087769731374591e-04
1.7988028028028026029e+01,4.0558260157405579514e-04
1.8018057957957957171e+01,4.0008862632538353364e-04
1.8048087887887888314e+01,3.9466799437934315655e-04
1.8078117817817815904e+01,3.8931975452655002198e-04
1.8108147747747747047e+01,3.8404296186742958429e-04
1.8138177677677678190e+01,3.7883667775998741819e-04
1.8168207607607605780e+01,3.7369996976809255820e-04
1.8198237537537536923e+01,3.6863191161027258165e-04
1.8228267467467468066e+01,3.6363158310901945924e-04
1.8258297397397395656e+01,3.5869807026775034527e-04
1.8288327327327326799e+01,3.5383048439660211293e-04
1.8318357257257257942e+01,3.4902798239156741789e-04
1.8348387187187185532e+01,3.4428973157091269115e-04
1.8378417117117116675e+01,3.3961490469523736291e-04
1.8408447047047044265e+01,3.3500267992308689667e-04
1.8438476976976975408e+01,3.3045224076699169797e-04
1.8468506906906906551e+01,3.2596277604994246865e-04
1.8498536836836834141e+01,3.2153347986228476797e-04
1.8528566766766765284e+01,3.1716355151903218414e-04
1.8558596696696696426e+01,3.1285219551759909208e-04
1.8588626626626624017e+01,3.0859862149593814389e-04
1.8618656556556555159e+01,3.0440204497662231090e-04
1.8648686486486486302e+01,3.0026171179769231123e-04
1.8678716416416413892e+01,2.9617690267668930109e-04
1.8708746346346345035e+01,2.9214690470024225677e-04
1.8738776276276276178e+01,2.8817100952491437509e-04
1.8768806206206203768e+01,2.8424851334064334249e-04
1.8798836136136134911e+01,2.8037871683452979558e-04
1.8828866066066066054e+01,2.7656092515497885222e-04
1.8858895995995993644e+01,2.7279444787617812464e-04
1.8888925925925924787e+01,2.6907859896291611793e-04
1.8918955855855855930e+01,2.6541269673573868269e-04
1.8948985785785783520e+01,2.6179606383643300518e-04
1.8979015715715714663e+01,2.5822802778889699217e-04
1.9009045645645645806e+01,2.5470794222902837407e-04
1.9039075575575573396e+01,2.5123519253344891696e-04
1.9069105505505504539e+01,2.4780916972827525622e-04
1.9099135435435435681e+01,2.4442926866962967581e-04
1.9129165365365363272e+01,2.4109488801357607649e-04
1.9159195295295294414e+01,2.3780543018633889369e-04
1.9189225225225225557e+01,2.3456030135480523610e-04
1.9219255155155153147e+01,2.3135891139729980958e-04
1.9249285085085084290e+01,2.2820067387463346649e-04
1.9279315015015015433e+01,2.2508500600142627513e-04
1.9309344944944943023e+01,2.2201132861769375202e-04
1.9339374874874874166e+01,2.1897906618804078476e-04
1.9369404804804805309e+01,2.1598765846615687516e-04
1.9399434734734732899e+01,2.1303657856209487790e-04
1.9429464664664664042e+01,2.1012530753909976189e-04
1.9459494594594595185e+01,2.0725332966371479973e-04
1.9489524524524522775e+01,2.0442013238110106049e-04
1.9519554454454453918e+01,2.0162520629058631972e-04
1.9549584384384381508e+01,1.9886804512144167899e-04
1.9579614314314312651e+01,1.9614814570887640819e-04
1.9609644244244243794e+01,1.9346500797025832901e-04
1.9639674174174171384e+01,1.9081813488154911445e-04
1.9669704104104102527e+01,1.8820703245395542578e-04
1.9699734034034033670e+01,1.8563120971079610398e-04
1.9729763963963961260e+01,1.8309018061570754067e-04
1.9759793893893892403e+01,1.8058348552388195189e-04
1.9789823823823823545e+01,1.7811068306108297017e-04
1.9819853753753751135e+01,1.7567133480341331131e-04
1.9849883683683682278e+01,1.7326500498005597477e-04
1.9879913613613613421e+01,1.7089126045323818756e-04
1.9909943543543541011e+01,1.6854967069837299459e-04
1.9939973473473472154e+01,1.6623980778438136874e-04
1.9970003403403403297e+01,1.6396124635419364788e-04
2.0000033333333330887e+01,1.6171356360542455278e-04
2.0030063263263262030e+01,1.5949633927122197543e-04
2.0060093193193193173e+01,1.5730915560128986316e-04
2.0090123123123120763e+01,1.5515159734307945225e-04
2.0120153053053051906e+01,1.5302325644510995440e-04
2.0150182982982983049e+01,1.5092375129963049108e-04
2.0180212912912910639e+01,1.4885271018326239447e-04
2.0210242842842841782e+01,1.4680976358508307229e-04
2.0240272772772772925e+01,1.4479454418710302325e-04
2.0270302702702700515e+01,1.4280668684802123587e-04
2.0300332632632631658e+01,1.4084582858712459651e-04
2.0330362562562562800e+01,1.3891160856833266175e-04
2.0360392492492490391e+01,1.3700366808438088346e-04
2.0390422422422421533e+01,1.3512165054114396692e-04
2.0420452352352352676e+01,1.3326520144209949765e-04
2.0450482282282280266e+01,1.3143396837292655138e-04
2.0480512212212211409e+01,1.2962760098623947696e-04
2.0510542142142142552e+01,1.2784575534753383564e-04
2.0540572072072070142e+01,1.2608811070417182544e-04
2.0570602002002001285e+01,1.2435435459136120616e-04
2.0600631931931932428e+01,1.2264417636770270957e-04
2.0630661861861860018e+01,1.2095726720047173745e-04
2.0660691791791791161e+01,1.1929332005247362993e-04
2.0690721721721722304e+01,1.1765202966901460477e-04
2.0720751651651649894e+01,1.1603309256498499271e-04
2.0750781581581581037e+01,1.1443620701205387479e-04
2.0780811511511508627e+01,1.1286107302597705928e-04
2.0810841441441439770e+01,1.1130739235401223208e-04
2.0840871371371370913e+01,1.0977486846244511589e-04
2.0870901301301298503e+01,1.0826320652422236903e-04
2.0900931231231229646e+01,1.0677211499634575232e-04
2.0930961161161160788e+01,1.0530132048308501666e-04
2.0960991091091088379e+01,1.0385056089991523550e-04
2.0991021021021019521e+01,1.0241957578937655566e-04
2.1021050950950950664e+01,1.0100810618233090532e-04
2.1051080880880878254e+01,9.9615894587345825157e-05
2.1081110810810809397e+01,9.8242684980168992997e-05
2.1111140740740740540e+01,9.6888222793294295787e-05
2.1141170670670668130e+01,9.5552254905614976551e-05
2.1171200600600599273e+01,9.4234529632165103179e-05
2.1201230530530530416e+01,9.2934796713949752037e-05
2.1231260460460458006e+01,9.1652807307859718712e-05
2.1261290390390389149e+01,9.0388313976672016235e-05
2.1291320320320320292e+01,8.9141070714106586891e-05
2.1321350250250247882e+01,8.7910839854499859820e-05
2.1351380180180179025e+01,8.6697400349811868910e-05
2.1381410110110110168e+01,8.5500534425713608025e-05
2.1411440040040037758e+01,8.4320025529605765438e-05
2.1441469969969968901e+01,8.3155658322062701729e-05
2.1471499899899900043e+01,8.2007218668349746854e-05
2.1501529829829827634e+01,8.0874493630010102995e-05
2.1531559759759758776e+01,7.9757271456522166341e-05
2.1561589689689689919e+01,7.8655341577027958980e-05
2.1591619619619617509e+01,7.7568494592129242108e-05
2.1621649549549548652e+01,7.6496522265751893321e-05
2.1651679479479479795e+01,7.5439217517079483108e-05
2.1681709409409407385e+01,7.4396374412552364265e-05
2.1711739339339338528e+01,7.3367788477207384582e-05
2.1741769269269269671e+01,7.2353265776657643303e-05
2.1771799199199197261e+01,7.1352624165893223005e-05
2.1801829129129128404e+01,7.0365683086775763816e-05
2.1831859059059059547e+01,6.9392262974604849535e-05
2.1861888988988987137e+01,6.8432185251294811649e-05
2.1891918918918918280e+01,6.7485272318607586613e-05
2.1921948848848845870e+01,6.6551347551442005838e-05
2.1951978778778777013e+01,6.5630235291176970539e-05
2.1982008708708708156e+01,6.4721760839070503648e-05
2.2012038638638635746e+01,6.3825750449711859871e-05
2.2042068568568566889e+01,6.2942031324527127566e-05
2.2072098498498498031e+01,6.2070431605338864558e-05
2.2102128428428425622e+01,6.1210780367977287754e-05
2.2132158358358356764e+01,6.0362907851916468456e-05
2.2162188288288287907e+01,5.9526653057109304437e-05
2.2192218218218215497e+01,5.8701865322782347282e-05
2.2222248148148146640e+01,5.7888395368433676351e-05
2.2252278078078077783e+01,5.7086094719390752901e-05
2.2282308008008005373e+01,5.6294815701379915683e-05
2.2312337937937936516e+01,5.5514411435140023892e-05
2.2342367867867867659e+01,5.4744735831080064512e-05
2.2372397797797795249e+01,5.3985643583979192627e-05
2.2402427727727726392e+01,5.3236990167729272459e-05
2.2432457657657657535e+01,5.2498631830120501881e-05
2.2462487587587585125e+01,5.1770425587668026561e-05
2.2492517517517516268e+01,5.1052229220480106146e-05
2.2522547447447447411e+01,5.0343901267167927359e-05
2.2552577377377375001e+01,4.9645301025873990095e-05
2.2582607307307306144e+01,4.8956292282230384240e-05
2.2612637237237237287e+01,4.8276749630115207935e-05
2.2642667167167164877e+01,4.7606550012000467108e-05
2.2672697097097096020e+01,4.6945571022315490180e-05
2.2702727027027027162e+01,4.6293690903135510033e-05
2.2732756956956954753e+01,4.5650788539903727498e-05
2.2762786886886885895e+01,4.5016743457187256166e-05
2.2792816816816817038e+01,4.4391435814467280541e-05
2.2822846746746744628e+01,4.3774746401961828364e-05
2.2852876676676675771e+01,4.3166556636481360370e-05
2.2882906606606606914e+01,4.2566748557317807689e-05
2.2912936536536534504e+01,4.1975204822165132425e-05
2.2942966466466465647e+01,4.1391808703072028046e-05
2.2972996396396396790e+01,4.0816444082427010324e-05
2.3003026326326324380e+01,4.0248995838775521237e-05
2.3033056256256255523e+01,3.9689356279877594912e-05
2.3063086186186186666e+01,3.9137424089610164750e-05
2.3093116116116114256e+01,3.8593098664846300352e-05
2.3123146046046045399e+01,3.8056279925070207271e-05
2.3153175975975972989e+01,3.7526868308988627662e-05
2.3183205905905904132e+01,3.7004764771167414751e-05
2.3213235835835835275e+01,3.6489870778695286896e-05
2.3243265765765762865e+01,3.5982088307872789345e-05
2.3273295695695694008e+01,3.5481319840926883833e-05
2.3303325625625625150e+01,3.4987468362751504808e-05
2.3333355555555552741e+01,3.4500437357672672847e-05
2.3363385485485483883e+01,3.4020130806238687020e-05
2.3393415415415415026e+01,3.3546453182035450410e-05
2.3423445345345342616e+01,3.3079309448525803946e-05
2.3453475275275273759e+01,3.2618605715441262880e-05
2.3483505205205204902e+01,3.2164255222420717959e-05
2.3513535135135132492e+01,3.1716175502969991599e-05
2.3543565065065063635e+01,3.1274284558503204310e-05
2.3573594994994994778e+01,3.0838500808260006910e-05
2.3603624924924922368e+01,3.0408743086647604687e-05
2.3633654854854853511e+01,2.9984930640602839300e-05
2.3663684784784784654e+01,2.9566983126975060264e-05
2.3693714714714712244e+01,2.9154820609928224076e-05
2.3723744644644643387e+01,2.8748363558362847797e-05
2.3753774574574574530e+01,2.8347532843357908566e-05
2.3783804504504502120e+01,2.7952249735631743755e-05
2.3813834434434433263e+01,2.7562435903022087293e-05
2.3843864364364364405e+01,2.7178013407985618242e-05
2.3873894294294291996e+01,2.6798904705115974688e-05
2.3903924224224223138e+01,2.6425032921070636338e-05
2.3933954154154154281e+01,2.6056326464021983206e-05
2.3963984084084081871e+01,2.5692718243018365247e-05
2.3994014014014013014e+01,2.5334141633699080830e-05
2.4024043943943944157e+01,2.4980530344823990166e-05
2.4054073873873871747e+01,2.4631818416193974886e-05
2.4084103803803802890e+01,2.4287940216586955913e-05
2.4114133733733734033e+01,2.3948830441709781353e-05
2.4144163663663661623e+01,2.3614424112164879858e-05
2.4174193593593592766e+01,2.3284656571432262224e-05
2.4204223523523523909e+01,2.2959463483866766203e-05
2.4234253453453451499e+01,2.2638780832709826227e-05
2.4264283383383382642e+01,2.2322544918116140749e-05
2.4294313313313310232e+01,2.2010692355195227041e-05
2.4324343243243241375e+01,2.1703160072066945253e-05
2.4354373173173172518e+01,2.1399885310630689032e-05
2.4384403103103100108e+01,2.1100807503427847629e-05
2.4414433033033031251e+01,2.0805871546031590988e-05
2.4444462962962962393e+01,2.0515023483357893276e-05
2.4474492892892889984e+01,2.0228209625131889185e-05
2.4504522822822821126e+01,1.9945376544265131592e-05
2.4534552752752752269e+01,1.9666471075245178644e-05
2.4564582682682679859e+01,1.9391440312536544627e-05
2.4594612612612611002e+01,1.9120231608993522857e-05
2.4624642542542542145e+01,1.8852792574284789101e-05
2.4654672472472469735e+01,1.8589071073329294250e-05
2.4684702402402400878e+01,1.8329015224743558062e-05
2.4714732332332332021e+01,1.8072573399300577418e-05
2.4744762262262259611e+01,1.7819694218399637585e-05
2.4774792192192190754e+01,1.7570326552547294149e-05
2.4804822122122121897e+01,1.7324419519849657760e-05
2.4834852052052049487e+01,1.7081922550272287786e-05
2.4864881981981980630e+01,1.6842788021289933849e-05
2.4894911911911911773e+01,1.6606972136708328044e-05
2.4924941841841839363e+01,1.6374431560650442116e-05
2.4954971771771770506e+01,1.6145123165834578892e-05
2.4985001701701701649e+01,1.5919004032321010857e-05
2.5015031631631629239e+01,1.5696031446267319449e-05
2.5045061561561560382e+01,1.5476162898692760332e-05
2.5075091491491491524e+01,1.5259356084251685153e-05
2.5105121421421419114e+01,1.5045568900015557289e-05
2.5135151351351350257e+01,1.4834759444263708979e-05
2.5165181281281281400e+01,1.4626886015282956725e-05
2.5195211211211208990e+01,1.4421907110175602316e-05
2.5225241141141140133e+01,1.4219781423675943147e-05
2.5255271071071071276e+01,1.4020467846975432442e-05
2.5285301001000998866e+01,1.3823925466556004872e-05
2.5315330930930930009e+01,1.3630113601920444290e-05
2.5345360860860861152e+01,1.3438993856599200578e-05
2.5375390790790788742e+01,1.3250531123003953896e-05
2.5405420720720719885e+01,1.3064690711834338793e-05
2.5435450650650647475e+01,1.2881438097611391401e-05
2.5465480580580578618e+01,1.2700738917711467695e-05
2.5495510510510509761e+01,1.2522558971407281924e-05
2.5525540440440437351e+01,1.2346864218915511231e-05
2.5555570370370368494e+01,1.2173620780451127417e-05
2.5585600300300299637e+01,1.2002794935288577807e-05
2.5615630230230227227e+01,1.1834353120829339194e-05
2.5645660160160158370e+01,1.1668261931676102359e-05
2.5675690090090089512e+01,1.1504488118713558363e-05
2.5705720020020017103e+01,1.1342998588195496931e-05
2.5735749949949948245e+01,1.1183760400838274520e-05
2.5765779879879879388e+01,1.1026740770920796076e-05
2.5795809809809806978e+01,1.0871907065390630997e-05
2.5825839739739738121e+01,1.0719227549435186565e-05
2.5855869669669669264e+01,1.0568673656251776594e-05
2.5885899599599596854e+01,1.0420217715529759585e-05
2.5915929529529527997e+01,1.0273832185209724478e-05
2.5945959459459459140e+01,1.0129489650741362730e-05
2.5975989389389386730e+01,9.9871628243463582273e-06
2.6006019319319317873e+01,9.8468245442864135941e-06
2.6036049249249249016e+01,9.7084477741364637402e-06
2.6066079179179176606e+01,9.5720056020627920302e-06
2.6096109109109107749e+01,9.4374712401061100676e-06
2.6126139039039038892e+01,9.3048180234697366170e-06
2.6156168968968966482e+01,9.1740194098125351572e-06
2.6186198898898897625e+01,9.0450489785467167917e-06
2.6216228828828828767e+01,8.9178804301406067721e-06
2.6246258758758756358e+01,8.7924875854260595387e-06
2.6276288688688687500e+01,8.6688443849106306977e-06
2.6306318618618618643e+01,8.5469249094934753648e-06
2.6336348548548546233e+01,8.4267047171659957956e-06
2.6366378478478477376e+01,8.3081616262282167806e-06
2.6396408408408408519e+01,8.1912737459337070555e-06
2.6426438338338336109e+01,8.0760192850390488781e-06
2.6456468268268267252e+01,7.9623765512390855866e-06
2.6486498198198198395e+01,7.8503239506061349667e-06
2.6516528128128125985e+01,7.7398399870328770474e-06
2.6546558058058057128e+01,7.6309032616790433806e-06
2.6576587987987988271e+01,7.5234924724219611681e-06
2.6606617917917915861e+01,7.4175864133107082896e-06
2.6636647847847847004e+01,7.3131639740239613942e-06
2.6666677777777774594e+01,7.2102041393316217596e-06
2.6696707707707705737e+01,7.1086859885599072093e-06
2.6726737637637636880e+01,7.0085886950602192561e-06
2.6756767567567564470e+01,6.9098915256814720691e-06
2.6786797497497495613e+01,6.8125738402459671208e-06
2.6816827427427426755e+01,6.7166151095029976578e-06
2.6846857357357354346e+01,6.6219960176979370781e-06
2.6876887287287285488e+01,6.5286990803506130961e-06
2.6906917217217216631e+01,6.4367070419500890674e-06
2.6936947147147144221e+01,6.3460027239327955879e-06
2.6966977077077075364e+01,6.2565690242540597242e-06
2.6997007007007006507e+01,6.1683889169625988596e-06
2.7027036936936934097e+01,6.0814454517777352102e-06
2.7057066866866865240e+01,5.9957217536694606063e-06
2.7087096796796796383e+01,5.9112010224413540812e-06
2.7117126726726723973e+01,5.8278665323161930244e-06
2.7147156656656655116e+01,5.7457016315243180393e-06
2.7177186586586586259e+01,5.6646897418948082562e-06
2.7207216516516513849e+01,5.5848143584492824468e-06
2.7237246446446444992e+01,5.5060590489983877752e-06
2.7267276376376376135e+01,5.4284074537410270057e-06
2.7297306306306303725e+01,5.3518432848661649261e-06
2.7327336236236234868e+01,5.2763503261574579321e-06
2.7357366166166166010e+01,5.2019128535748889353e-06
2.7387396096096093601e+01,5.1285168547428797086e-06
2.7417426026026024743e+01,5.0561487793025463911e-06
2.7447455955955955886e+01,4.9847951361961705471e-06
2.7477485885885883476e+01,4.9144424933431201259e-06
2.7507515815815814619e+01,4.8450774773178981669e-06
2.7537545745745745762e+01,4.7766867730303717691e-06
2.7567575675675673352e+01,4.7092571234080220804e-06
2.7597605605605604495e+01,4.6427753290802627412e-06
2.7627635535535535638e+01,4.5772282480648877691e-06
2.7657665465465463228e+01,4.5126027954565015011e-06
2.7687695395395394371e+01,4.4488859431169636261e-06
2.7717725325325325514e+01,4.3860647193679246959e-06
2.7747755255255253104e+01,4.3241262086852818593e-06
2.7777785185185184247e+01,4.2630575513956268176e-06
2.7807815115115111837e+01,4.2028459433747249652e-06
2.7837845045045042980e+01,4.1434786357478402152e-06
2.7867874974974974123e+01,4.0849429485940945056e-06
2.7897904904904901713e+01,4.0272270132640004841e-06
2.7927934834834832856e+01,3.9703201386427073354e-06
2.7957964764764763999e+01,3.9142117712667079843e-06
2.7987994694694691589e+01,3.8588914029661685120e-06
2.8018024624624622732e+01,3.8043485706221807955e-06
2.8048054554554553874e+01,3.7505728559256223916e-06
2.8078084484484481465e+01,3.6975538851375228699e-06
2.8108114414414412607e+01,3.6452813288509518393e-06
2.8138144344344343750e+01,3.5937449017544934682e-06
2.8168174274274271340e+01,3.5429343623971808652e-06
2.8198204204204202483e+01,3.4928395129549267446e-06
2.8228234134134133626e+01,3.4434501989985067016e-06
2.8258264064064061216e+01,3.3947563092629578815e-06
2.8288293993993992359e+01,3.3467477754184586845e-06
2.8318323923923923502e+01,3.2994145718427085663e-06
2.8348353853853851092e+01,3.2527467153947071378e-06
2.8378383783783782235e+01,3.2067342651899702550e-06
2.8408413713713713378e+01,3.1613673333680251269e-06
2.8438443643643640968e+01,3.1166366782950412763e-06
2.8468473573573572111e+01,3.0725340033393040481e-06
2.8498503503503503254e+01,3.0290511213016576273e-06
2.8528533433433430844e+01,2.9861798794552470230e-06
2.8558563363363361987e+01,2.9439121593642525945e-06
2.8588593293293293129e+01,2.9022398767038248223e-06
2.8618623223223220720e+01,2.8611549810811066707e-06
2.8648653153153151862e+01,2.8206494558573765731e-06
2.8678683083083083005e+01,2.7807153179713518543e-06
2.8708713013013010595e+01,2.7413446177635657660e-06
2.8738742942942941738e+01,2.7025294388018388889e-06
2.8768772872872872881e+01,2.6642618977078855594e-06
2.8798802802802800471e+01,2.6265341439849689228e-06
2.8828832732732731614e+01,2.5893383598466274835e-06
2.8858862662662662757e+01,2.5526667600465150790e-06
2.8888892592592590347e+01,2.5165115917092572950e-06
2.8918922522522521490e+01,2.4808651341623734467e-06
2.8948952452452452633e+01,2.4457196987692675161e-06
2.8978982382382380223e+01,2.4110678371286069101e-06
2.9009012312312311366e+01,2.3769029803803993922e-06
2.9039042242242238956e+01,2.3432188028904913321e-06
2.9069072172172170099e+01,2.3100090051636635611e-06
2.9099102102102101242e+01,2.2772673137087269756e-06
2.9129132032032028832e+01,2.2449874809044711034e-06
2.9159161961961959975e+01,2.2131632848664385261e-06
2.9189191891891891117e+01,2.1817885293145590407e-06
2.9219221821821818708e+01,2.1508570434415635146e-06
2.9249251751751749850e+01,2.1203626817822083514e-06
2.9279281681681680993e+01,2.0902993240833406368e-06
2.9309311611611608583e+01,2.0606608751747277315e-06
2.9339341541541539726e+01,2.0314412648406762995e-06
2.9369371471471470869e+01,2.0026344476924801572e-06
2.9399401401401398459e+01,1.9742344030416058888e-06
2.9429431331331329602e+01,1.9462351347736683199e-06
2.9459461261261260745e+01,1.9186306712231954258e-06
2.9489491191191188335e+01,1.8914150650491377813e-06
2.9519521121121119478e+01,1.8645823970367452398e-06
2.9549551051051050621e+01,1.8381271141128928911e-06
2.9579580980980978211e+01,1.8120442880599143550e-06
2.9609610910910909354e+01,1.7863290719297140040e-06
2.9639640840840840497e+01,1.7609766384172913277e-06
2.9669670770770768087e+01,1.7359821797613244635e-06
2.9699700700700699230e+01,1.7113409076453595688e-06
2.9729730630630630372e+01,1.6870480530996151381e-06
2.9759760560560557963e+01,1.6630988664033714084e-06
2.9789790490490489105e+01,1.6394886169879310886e-06
2.9819820420420420248e+01,1.6162125933402083752e-06
2.9849850350350347838e+01,1.5932661029068643045e-06
2.9879880280280278981e+01,1.5706444719990254989e-06
2.9909910210210210124e+01,1.5483430456975960472e-06
2.9939940140140137714e+01,1.5263571877591246162e-06
2.9969970070070068857e+01,1.5046822805222261563e-06
3.0000000000000000000e+01,1.4833137248145965302e-06
