1.0000000000000000479e-04,-1.0349960646546853553e-05
3.0129929929929927940e-02,-2.5484933861748067414e-03
6.0159859859859859954e-02,-5.0093396262626196935e-03
9.0189789789789795438e-02,-7.3943107892123181857e-03
1.2021971971971971704e-01,-9.7048876295987834134e-03
1.5024964964964962477e-01,-1.1942527889203215924e-02
1.8027957957957957413e-01,-1.4108666565760636866e-02
2.1030950950950949574e-01,-1.6204716213585552975e-02
2.4033943943943941735e-01,-1.8232067249468141695e-02
2.7036936936936933895e-01,-2.0192088253705820639e-02
3.0039929929929926056e-01,-2.2086126264242292305e-02
3.3042922922922918216e-01,-2.3915507079420753739e-02
3.6045915915915915928e-01,-2.5681535540239965737e-02
3.9048908908908908089e-01,-2.7385495816514716233e-02
4.2051901901901900249e-01,-2.9028651696920173414e-02
4.5054894894894892410e-01,-3.0612246862369255074e-02
4.8057887887887884570e-01,-3.2137505181432934886e-02
5.1060880880880876731e-01,-3.3605630945638627349e-02
5.4063873873873868892e-01,-3.5017809169662635072e-02
5.7066866866866861052e-01,-3.6375205847229100109e-02
6.0069859859859853213e-01,-3.7678968222282387124e-02
6.3072852852852845373e-01,-3.8930225055152783975e-02
6.6075845845845837534e-01,-4.0130086807305440089e-02
6.9078838838838829695e-01,-4.1279646031649741555e-02
7.2081831831831832957e-01,-4.2379977499856280598e-02
7.5084824824824825118e-01,-4.3432138481609039449e-02
7.8087817817817817279e-01,-4.4437169020612669879e-02
8.1090810810810809439e-01,-4.5396092154755755821e-02
8.4093803803803801600e-01,-4.6309914142100984391e-02
8.7096796796796793760e-01,-4.7179624702638485456e-02
9.0099789789789785921e-01,-4.8006197275362455512e-02
9.3102782782782778082e-01,-4.8790589243933625563e-02
9.6105775775775770242e-01,-4.9533742070449755801e-02
9.9108768768768762403e-01,-5.0236581606920273357e-02
1.0211176176176175456e+00,-5.0900018433831441256e-02
1.0511475475475475783e+00,-5.1524947682476895938e-02
1.0811774774774773888e+00,-5.2112249839935405327e-02
1.1112074074074074215e+00,-5.2662790274010322367e-02
1.1412373373373372321e+00,-5.3177420148918512488e-02
1.1712672672672672647e+00,-5.3656976028670450019e-02
1.2012971971971970753e+00,-5.4102280386032694515e-02
1.2313271271271271079e+00,-5.4514141914887334628e-02
1.2613570570570569185e+00,-5.4893355387681537494e-02
1.2913869869869869511e+00,-5.5240702003881966831e-02
1.3214169169169167617e+00,-5.5556949762295582129e-02
1.3514468468468467943e+00,-5.5842853468272328488e-02
1.3814767767767766049e+00,-5.6099154910814900965e-02
1.4115067067067066375e+00,-5.6326583081989435586e-02
1.4415366366366366702e+00,-5.6525854376901107923e-02
1.4715665665665664807e+00,-5.6697672780285188199e-02
1.5015964964964965134e+00,-5.6842730045813076589e-02
1.5316264264264263240e+00,-5.6961705866089680506e-02
1.5616563563563563566e+00,-5.7055268039619425058e-02
1.5916862862862861672e+00,-5.7124072645048387664e-02
1.6217162162162161998e+00,-5.7168764212183371953e-02
1.6517461461461460104e+00,-5.7189975889060822023e-02
1.6817760760760760430e+00,-5.7188329605454550630e-02
1.7118060060060058536e+00,-5.7164436241839693131e-02
1.7418359359359358862e+00,-5.7118895798952976084e-02
1.7718658658658656968e+00,-5.7052297558148716561e-02
1.8018957957957957294e+00,-5.6965220238009220410e-02
1.8319257257257255400e+00,-5.6858232143680416393e-02
1.8619556556556555726e+00,-5.6731891306857920587e-02
1.8919855855855853832e+00,-5.6586745614388672676e-02
1.9220155155155154159e+00,-5.6423332931551939406e-02
1.9520454454454454485e+00,-5.6242181383127115568e-02
1.9820753753753752591e+00,-5.6043809539022181043e-02
2.0121053053053055137e+00,-5.5828726401929380796e-02
2.0421352352352353243e+00,-5.5597431478898035051e-02
2.0721651651651651349e+00,-5.5350414897880916010e-02
2.1021950950950953896e+00,-5.5088157954700685270e-02
2.1322250250250252002e+00,-5.4811133061784540754e-02
2.1622549549549550107e+00,-5.4519803559036295049e-02
2.1922848848848848213e+00,-5.4214623873836860490e-02
2.2223148148148150760e+00,-5.3896040347981323537e-02
2.2523447447447448866e+00,-5.3564490824440612327e-02
2.2823746746746746972e+00,-5.3220404368170139142e-02
2.3124046046046045078e+00,-5.2864202155438834441e-02
2.3424345345345347624e+00,-5.2496297632063877725e-02
2.3724644644644645730e+00,-5.2117095667452761898e-02
2.4024943943943943836e+00,-5.1726993528927102395e-02
2.4325243243243246383e+00,-5.1326381261506189013e-02
2.4625542542542544489e+00,-5.0915640517937309217e-02
2.4925841841841842594e+00,-5.0495145966830579098e-02
2.5226141141141140700e+00,-5.0065265154555615990e-02
2.5526440440440443247e+00,-4.9626357521814178086e-02
2.5826739739739741353e+00,-4.9178776383895866919e-02
2.6127039039039039459e+00,-4.8722867455273502491e-02
2.6427338338338337564e+00,-4.8258969401014192857e-02
2.6727637637637640111e+00,-4.7787414858858477673e-02
2.7027936936936938217e+00,-4.7308528629693022416e-02
2.7328236236236236323e+00,-4.6822630064352853407e-02
2.7628535535535534429e+00,-4.6330031194221070467e-02
2.7928834834834836975e+00,-4.5831037987269909739e-02
2.8229134134134135081e+00,-4.5325950315199078910e-02
2.8529433433433433187e+00,-4.4815061196072272787e-02
2.8829732732732735734e+00,-4.4298658565414934796e-02
2.9130032032032033840e+00,-4.3777023129929718004e-02
2.9430331331331331945e+00,-4.3250431013201084962e-02
2.9730630630630630051e+00,-4.2719151221789049278e-02
3.0030929929929932598e+00,-4.2183448266173893815e-02
3.0331229229229230704e+00,-4.1643579919894403718e-02
3.0631528528528528810e+00,-4.1099799406847582761e-02
3.0931827827827826916e+00,-4.0552353619190836809e-02
3.1232127127127129462e+00,-4.0001484884178387103e-02
3.1532426426426427568e+00,-3.9447429510297345179e-02
3.1832725725725725674e+00,-3.8890419330930688091e-02
3.2133025025025023780e+00,-3.8330680350921755850e-02
3.2433324324324326327e+00,-3.7768434300444041207e-02
3.2733623623623624432e+00,-3.7203897162568673462e-02
3.3033922922922922538e+00,-3.6637280926450632723e-02
3.3334222222222220644e+00,-3.6068791854131546093e-02
3.3634521521521523191e+00,-3.5498632508689113851e-02
3.3934820820820821297e+00,-3.4926999773276748429e-02
3.4235120120120119402e+00,-3.4354087029164405431e-02
3.4535419419419421949e+00,-3.3780082186469037597e-02
3.4835718718718720055e+00,-3.3205169616791312126e-02
3.5136018018018018161e+00,-3.2629528688892128763e-02
3.5436317317317316267e+00,-3.2053334929662391506e-02
3.5736616616616618813e+00,-3.1476759546361664233e-02
3.6036915915915916919e+00,-3.0899969460642419394e-02
3.6337215215215215025e+00,-3.0323127972570872862e-02
3.6637514514514513131e+00,-2.9746393778468886021e-02
3.6937813813813815678e+00,-2.9169922354793792474e-02
3.7238113113113113783e+00,-2.8593864704839239144e-02
3.7538412412412411889e+00,-2.8018368474530888634e-02
3.7838711711711709995e+00,-2.7443577433591687109e-02
3.8139011011011012542e+00,-2.6869631565699613612e-02
3.8439310310310310648e+00,-2.6296667600497883321e-02
3.8739609609609608754e+00,-2.5724818305101117971e-02
3.9039908908908911300e+00,-2.5154213349184110365e-02
3.9340208208208209406e+00,-2.4584978788210538891e-02
3.9640507507507507512e+00,-2.4017237308880584612e-02
3.9940806806806805618e+00,-2.3451108473109539415e-02
4.0241106106106103724e+00,-2.2886708382706375670e-02
4.0541405405405397389e+00,-2.2324150120719480489e-02
4.0841704704704699935e+00,-2.1763543596201272157e-02
4.1142004004004002482e+00,-2.1204995594465248648e-02
4.1442303303303296147e+00,-2.0648609951731088097e-02
4.1742602602602598694e+00,-2.0094487524298897119e-02
4.2042901901901901240e+00,-1.9542726211641998912e-02
4.2343201201201194905e+00,-1.8993421086696039152e-02
4.2643500500500497452e+00,-1.8446664467701240353e-02
4.2943799799799791117e+00,-1.7902545764458779876e-02
4.3244099099099093664e+00,-1.7361151813648324077e-02
4.3544398398398396210e+00,-1.6822566802099422206e-02
4.3844697697697689875e+00,-1.6286872100291054088e-02
4.4144996996996992422e+00,-1.5754146786583055756e-02
4.4445296296296294969e+00,-1.5224467291601326627e-02
4.4745595595595588634e+00,-1.4697907409944074852e-02
4.5045894894894891181e+00,-1.4174538883569644948e-02
4.5346194194194193727e+00,-1.3654430775054644115e-02
4.5646493493493487392e+00,-1.3137649735924418135e-02
4.5946792792792789939e+00,-1.2624260560512978041e-02
4.6247092092092083604e+00,-1.2114325344058683026e-02
4.6547391391391386151e+00,-1.1607903986431999596e-02
4.6847690690690688697e+00,-1.1105054706740868573e-02
4.7147989989989982362e+00,-1.0605833035637172307e-02
4.7448289289289284909e+00,-1.0110292474097370627e-02
4.7748588588588587456e+00,-9.6184850261483174211e-03
4.8048887887887881121e+00,-9.1304600590022579054e-03
4.8349187187187183667e+00,-8.6462649957358538727e-03
4.8649486486486486214e+00,-8.1659459641472715435e-03
4.8949785785785779879e+00,-7.6895465739644924819e-03
4.9250085085085082426e+00,-7.2171084681995874635e-03
4.9550384384384376091e+00,-6.7486721994706212746e-03
4.9850683683683678638e+00,-6.2842760379810741131e-03
5.0150982982982981184e+00,-5.8239561354449746050e-03
5.0451282282282274849e+00,-5.3677477197435520540e-03
5.0751581581581577396e+00,-4.9156841392560901918e-03
5.1051880880880879943e+00,-4.4677963628832299825e-03
5.1352180180180173608e+00,-4.0241145003489658949e-03
5.1652479479479476154e+00,-3.5846673344159590488e-03
5.1952778778778769819e+00,-3.1494810366644999770e-03
5.2253078078078072366e+00,-2.7185808005066344588e-03
5.2553377377377374913e+00,-2.2919910108058516064e-03
5.2853676676676668578e+00,-1.8697335874917667652e-03
5.3153975975975971124e+00,-1.4518290187182814489e-03
5.3454275275275273671e+00,-1.0382972951224912067e-03
5.3754574574574567336e+00,-6.2915666061094264929e-04
5.4054873873873869883e+00,-2.2442320317361114362e-04
5.4355173173173172430e+00,1.7588746846797074673e-04
5.4655472472472466094e+00,5.7176054445937790627e-04
5.4955771771771768641e+00,9.6318373000638861457e-04
5.5256071071071062306e+00,1.3501456552462928491e-03
5.5556370370370364853e+00,1.7326352393431554855e-03
5.5856669669669667400e+00,2.1106430998137641793e-03
5.6156968968968961065e+00,2.4841618312888441057e-03
5.6457268268268263611e+00,2.8531842936415927406e-03
5.6757567567567566158e+00,3.2177038416531284111e-03
5.7057866866866859823e+00,3.5777161924806428518e-03
5.7358166166166162370e+00,3.9332180364688787422e-03
5.7658465465465464916e+00,4.2842061391796561198e-03
5.7958764764764758581e+00,4.6306783014301517235e-03
5.8259064064064061128e+00,4.9726345876699180187e-03
5.8559363363363354793e+00,5.3100753706049790351e-03
5.8859662662662657340e+00,5.6430010753686921099e-03
5.9159961961961959886e+00,5.9714137391087829254e-03
5.9460261261261253551e+00,6.2953171198455257912e-03
5.9760560560560556098e+00,6.6147149890268767264e-03
6.0060859859859858645e+00,6.9296112225245756061e-03
6.0361159159159152310e+00,7.2400116666974561122e-03
6.0661458458458454857e+00,7.5459233513281813444e-03
6.0961757757757748521e+00,7.8473531885559586613e-03
6.1262057057057051068e+00,8.1443082623528489233e-03
6.1562356356356353615e+00,8.4367977613101011181e-03
6.1862655655655647280e+00,8.7248316891268152401e-03
6.2162954954954949827e+00,9.0084198607167220024e-03
6.2463254254254252373e+00,9.2875722773723117659e-03
6.2763553553553546038e+00,9.5623010412943382219e-03
6.3063852852852848585e+00,9.8326188895434124548e-03
6.3364152152152151132e+00,1.0098538319367873078e-02
6.3664451451451444797e+00,1.0360071938750299927e-02
6.3964750750750747343e+00,1.0617234374477058437e-02
6.4265050050050041008e+00,1.0870040882253314760e-02
6.4565349349349343555e+00,1.1118506436399767240e-02
6.4865648648648646102e+00,1.1362645969713485936e-02
6.5165947947947939767e+00,1.1602476249620585075e-02
6.5466247247247242314e+00,1.1838014846313303294e-02
6.5766546546546544860e+00,1.2069279019105897885e-02
6.6066845845845838525e+00,1.2296285815453831744e-02
6.6367145145145141072e+00,1.2519053742860011824e-02
6.6667444444444434737e+00,1.2737602470536416033e-02
6.6967743743743737284e+00,1.2951951362164310436e-02
6.7268043043043039830e+00,1.3162119451406804199e-02
6.7568342342342333495e+00,1.3368126611259989814e-02
6.7868641641641636042e+00,1.3569994330476651406e-02
6.8168940940940938589e+00,1.3767743906425669587e-02
6.8469240240240232254e+00,1.3961396262843326146e-02
6.8769539539539534800e+00,1.4150972446178229289e-02
6.9069838838838837347e+00,1.4336495314348631641e-02
6.9370138138138131012e+00,1.4517987936341096231e-02
6.9670437437437433559e+00,1.4695472983435804368e-02
6.9970736736736727224e+00,1.4868972820264045320e-02
7.0271036036036029770e+00,1.5038511030989319683e-02
7.0571335335335332317e+00,1.5204112248299900267e-02
7.0871634634634625982e+00,1.5365800739918000772e-02
7.1171933933933928529e+00,1.5523600363997818244e-02
7.1472233233233231076e+00,1.5677535134767228014e-02
7.1772532532532524741e+00,1.5827630723679132763e-02
7.2072831831831827287e+00,1.5973912850031482535e-02
7.2373131131131129834e+00,1.6116406806251783873e-02
7.2673430430430423499e+00,1.6255137505404707032e-02
7.2973729729729726046e+00,1.6390130743288485599e-02
7.3274029029029019711e+00,1.6521413455999924003e-02
7.3574328328328322257e+00,1.6649012233637489055e-02
7.3874627627627624804e+00,1.6772953233946123058e-02
7.4174926926926918469e+00,1.6893262384286997224e-02
7.4475226226226221016e+00,1.7009966941496711818e-02
7.4775525525525523562e+00,1.7123094652456934128e-02
7.5075824824824817227e+00,1.7232672828735928067e-02
7.5376124124124119774e+00,1.7338728346663622587e-02
7.5676423423423413439e+00,1.7441288061918032437e-02
7.5976722722722715986e+00,1.7540380240812777218e-02
7.6277022022022018533e+00,1.7636033222887172872e-02
7.6577321321321312197e+00,1.7728274903178530691e-02
7.6877620620620614744e+00,1.7817132741149092900e-02
7.7177919919919917291e+00,1.7902634332072033668e-02
7.7478219219219210956e+00,1.7984808581442818937e-02
7.7778518518518513503e+00,1.8063684282618997640e-02
7.8078817817817816049e+00,1.8139289785989044096e-02
7.8379117117117109714e+00,1.8211653008168564305e-02
7.8679416416416412261e+00,1.8280802024240195430e-02
7.8979715715715705926e+00,1.8346766119397082961e-02
7.9280015015015008473e+00,1.8409574419552484498e-02
7.9580314314314311019e+00,1.8469255610988742633e-02
7.9880613613613604684e+00,1.8525837948690823676e-02
8.0180912912912898349e+00,1.8579349731568720744e-02
8.0481212212212209778e+00,1.8629820411108253403e-02
8.0781511511511503443e+00,1.8677279332394266381e-02
8.1081810810810797108e+00,1.8721755405774916786e-02
8.1382110110110108536e+00,1.8763277114882643409e-02
8.1682409409409402201e+00,1.8801872792540419432e-02
8.1982708708708695866e+00,1.8837571824919453062e-02
8.2283008008008007295e+00,1.8870403669399522795e-02
8.2583307307307300960e+00,1.8900397355327846344e-02
8.2883606606606594625e+00,1.8927581491341546188e-02
8.3183905905905906053e+00,1.8951984362136731904e-02
8.3484205205205199718e+00,1.8973635015030985984e-02
8.3784504504504493383e+00,1.8992562902922484336e-02
8.4084803803803804811e+00,1.9008797075124605341e-02
8.4385103103103098476e+00,1.9022366167442301965e-02
8.4685402402402392141e+00,1.9033298415927636660e-02
8.4985701701701703570e+00,1.9041622300971134535e-02
8.5286001001000997235e+00,1.9047367082337125777e-02
8.5586300300300290900e+00,1.9050561735699581695e-02
8.5886599599599584565e+00,1.9051234831483038895e-02
8.6186898898898895993e+00,1.9049414541922542188e-02
8.6487198198198189658e+00,1.9045128804546708479e-02
8.6787497497497483323e+00,1.9038406316675183377e-02
8.7087796796796794752e+00,1.9029275889290313273e-02
8.7388096096096088417e+00,1.9017765939691826799e-02
8.7688395395395382081e+00,1.9003904495905801081e-02
8.7988694694694693510e+00,1.8987719206651581388e-02
8.8288993993993987175e+00,1.8969237848786998923e-02
8.8589293293293280840e+00,1.8948488859714739813e-02
8.8889592592592592268e+00,1.8925500420272502178e-02
8.9189891891891885933e+00,1.8900300331762345113e-02
8.9490191191191179598e+00,1.8872916022318653867e-02
8.9790490490490491027e+00,1.8843374594882476153e-02
9.0090789789789784692e+00,1.8811703568797702446e-02
9.0391089089089078357e+00,1.8777930785127298213e-02
9.0691388388388389785e+00,1.8742083739927601488e-02
9.0991687687687683450e+00,1.8704189566274721096e-02
9.1291986986986977115e+00,1.8664275040234479947e-02
9.1592286286286288544e+00,1.8622366686346029929e-02
9.1892585585585582209e+00,1.8578491535893727760e-02
9.2192884884884875873e+00,1.8532676701434845634e-02
9.2493184184184169538e+00,1.8484948946857072960e-02
9.2793483483483480967e+00,1.8435334689593744356e-02
9.3093782782782774632e+00,1.8383860006211741323e-02
9.3394082082082068297e+00,1.8330550766047767897e-02
9.3694381381381379725e+00,1.8275433314988265288e-02
9.3994680680680673390e+00,1.8218533976372873473e-02
9.4294979979979967055e+00,1.8159878738927222319e-02
9.4595279279279278484e+00,1.8099493261364858060e-02
9.4895578578578572149e+00,1.8037402877608920554e-02
9.5195877877877865814e+00,1.7973632708528839569e-02
9.5496177177177177242e+00,1.7908208273175536124e-02
9.5796476476476470907e+00,1.7841155063867124297e-02
9.6096775775775764572e+00,1.7772498255179989407e-02
9.6397075075075076001e+00,1.7702262707991876789e-02
9.6697374374374369665e+00,1.7630472974352957155e-02
9.6997673673673663330e+00,1.7557153357155710210e-02
9.7297972972972974759e+00,1.7482328436418774487e-02
9.7598272272272268424e+00,1.7406022834725941306e-02
9.7898571571571562089e+00,1.7328260877215874436e-02
9.8198870870870855754e+00,1.7249066591475060300e-02
9.8499170170170167182e+00,1.7168463712073610272e-02
9.8799469469469460847e+00,1.7086475697075564212e-02
9.9099768768768754512e+00,1.7003126095954571029e-02
9.9400068068068065941e+00,1.6918438613169578533e-02
9.9700367367367359606e+00,1.6832436692590841548e-02
1.0000066666666665327e+01,1.6745143496483354956e-02
1.0030096596596596470e+01,1.6656581909722478069e-02
1.0060126526526525836e+01,1.6566774543963512512e-02
1.0090156456456455203e+01,1.6475743887243519264e-02
1.0120186386386386346e+01,1.6383512642654765590e-02
1.0150216316316315712e+01,1.6290103344241316230e-02
1.0180246246246245079e+01,1.6195538260161398275e-02
1.0210276176176176222e+01,1.6099839396597460939e-02
1.0240306106106105588e+01,1.6003028501597477834e-02
1.0270336036036034955e+01,1.5905127086875938541e-02
1.0300365965965966097e+01,1.5806156727276150786e-02
1.0330395895895895464e+01,1.5706139013036180679e-02
1.0360425825825824830e+01,1.5605095292532367504e-02
1.0390455755755754197e+01,1.5503046667341365689e-02
1.0420485685685685340e+01,1.5400013995796352217e-02
1.0450515615615614706e+01,1.5296017896481831772e-02
1.0480545545545544073e+01,1.5191078818961286159e-02
1.0510575475475475216e+01,1.5085217304818565945e-02
1.0540605405405404582e+01,1.4978453759964545366e-02
1.0570635335335333949e+01,1.4870808358448645015e-02
1.0600665265265265091e+01,1.4762301045721303722e-02
1.0630695195195194458e+01,1.4652951541862791612e-02
1.0660725125125123824e+01,1.4542779345134348654e-02
1.0690755055055054967e+01,1.4431803838163522954e-02
1.0720784984984984334e+01,1.4320044429449811305e-02
1.0750814914914913700e+01,1.4207520345522165958e-02
1.0780844844844844843e+01,1.4094250598688360179e-02
1.0810874774774774210e+01,1.3980253990010280130e-02
1.0840904704704703576e+01,1.3865549112229699075e-02
1.0870934634634634719e+01,1.3750154353835322696e-02
1.0900964564564564085e+01,1.3634087996646143681e-02
1.0930994494494493452e+01,1.3517368286183949894e-02
1.0961024424424422818e+01,1.3400013284225615814e-02
1.0991054354354353961e+01,1.3282040855153342401e-02
1.1021084284284283328e+01,1.3163468668643929504e-02
1.1051114214214212694e+01,1.3044314202314213555e-02
1.1081144144144143837e+01,1.2924594744950669914e-02
1.1111174074074073204e+01,1.2804327458342566054e-02
1.1141204004004002570e+01,1.2683529427656116059e-02
1.1171233933933933713e+01,1.2562217565770094491e-02
1.1201263863863863079e+01,1.2440408604193549380e-02
1.1231293793793792446e+01,1.2318119095490484213e-02
1.1261323723723723589e+01,1.2195365415665789660e-02
1.1291353653653652955e+01,1.2072163766538251614e-02
1.1321383583583582322e+01,1.1948530198809545824e-02
1.1351413513513513465e+01,1.1824480651618712174e-02
1.1381443443443442831e+01,1.1700030906025057215e-02
1.1411473373373372198e+01,1.1575196576972899415e-02
1.1441503303303303340e+01,1.1449993115471570129e-02
1.1471533233233232707e+01,1.1324435810741165925e-02
1.1501563163163162073e+01,1.1198539792324600436e-02
1.1531593093093093216e+01,1.1072320032611998250e-02
1.1561623023023022583e+01,1.0945791351476694825e-02
1.1591652952952951949e+01,1.0818968416488777481e-02
1.1621682882882881316e+01,1.0691865743621150817e-02
1.1651712812812812459e+01,1.0564497699198779554e-02
1.1681742742742741825e+01,1.0436878501822221058e-02
1.1711772672672671192e+01,1.0309022224261448972e-02
1.1741802602602602335e+01,1.0180942794609062693e-02
1.1771832532532531701e+01,1.0052653969138996420e-02
1.1801862462462461068e+01,9.9241693243759792481e-03
1.1831892392392392210e+01,9.7955022962340002057e-03
1.1861922322322321577e+01,9.6666661845683302112e-03
1.1891952252252250943e+01,9.5376741548933805653e-03
1.1921982182182182086e+01,9.4085392400746481467e-03
1.1952012112112111453e+01,9.2792743419951879275e-03
1.1982042042042040819e+01,9.1498922205654701495e-03
1.2012071971971971962e+01,9.0204054170728627943e-03
1.2042101901901901329e+01,8.8908263078135880975e-03
1.2072131831831830695e+01,8.7611671457664963558e-03
1.2102161761761761838e+01,8.6314400622937836188e-03
1.2132191691691691204e+01,8.5016570686461661460e-03
1.2162221621621620571e+01,8.3718300574456751967e-03
1.2192251551551549937e+01,8.2419708041292661510e-03
1.2222281481481481080e+01,8.1120909248759906496e-03
1.2252311411411410447e+01,7.9822017848733446688e-03
1.2282341341341339813e+01,7.8523146112297742549e-03
1.2312371271271270956e+01,7.7224405215218505649e-03
1.2342401201201200323e+01,7.5925905251267907653e-03
1.2372431131131129689e+01,7.4627755245354875785e-03
1.2402461061061060832e+01,7.3330063166465626889e-03
1.2432490990990990198e+01,7.2032935936789908860e-03
1.2462520920920919565e+01,7.0736478696124547097e-03
1.2492550850850850708e+01,6.9440793907270016716e-03
1.2522580780780780074e+01,6.8145982826423191075e-03
1.2552610710710709441e+01,6.6852145740829713519e-03
1.2582640640640640584e+01,6.5559381980346649252e-03
1.2612670570570569950e+01,6.4267789928840182365e-03
1.2642700500500499317e+01,6.2977467035420040681e-03
1.2672730430430430459e+01,6.1688509822884667402e-03
1.2702760360360359826e+01,6.0401013068345690143e-03
1.2732790290290289192e+01,5.9115068642377555444e-03
1.2762820220220218559e+01,5.7830767252937051448e-03
1.2792850150150149702e+01,5.6548198756269634629e-03
1.2822880080080079068e+01,5.5267452166882840778e-03
1.2852910010010008435e+01,5.3988615667379226751e-03
1.2882939939939939578e+01,5.2711776618152277746e-03
1.2912969869869868944e+01,5.1437021566947179613e-03
1.2942999799799798311e+01,5.0164435687814886919e-03
1.2973029729729729453e+01,4.8894100980960749497e-03
1.3003059659659658820e+01,4.7626098065799557166e-03
1.3033089589589588186e+01,4.6360506818713242277e-03
1.3063119519519519329e+01,4.5097406381593950486e-03
1.3093149449449448696e+01,4.3836875170267120688e-03
1.3123179379379378062e+01,4.2578990882798494616e-03
1.3153209309309309205e+01,4.1323830507687805622e-03
1.3183239239239238572e+01,4.0071470159729876553e-03
1.3213269169169167938e+01,3.8821983050614165649e-03
1.3243299099099099081e+01,3.7575440196442734357e-03
1.3273329029029028447e+01,3.6331911939852926975e-03
1.3303358958958957814e+01,3.5091467988338700262e-03
1.3333388888888887180e+01,3.3854177421403313340e-03
1.3363418818818818323e+01,3.2620108697615272063e-03
1.3393448748748747690e+01,3.1389329661569696263e-03
1.3423478678678677056e+01,3.0161907549126282593e-03
1.3453508608608608199e+01,2.8937907973765808131e-03
1.3483538538538537566e+01,2.7717393202206417301e-03
1.3513568468468466932e+01,2.6500424485581767359e-03
1.3543598398398398075e+01,2.5287062531782226668e-03
1.3573628328328327441e+01,2.4077367511464368814e-03
1.3603658258258256808e+01,2.2871399063980231425e-03
1.3633688188188187951e+01,2.1669216303228842034e-03
1.3663718118118117317e+01,2.0470877823430657164e-03
1.3693748048048046684e+01,1.9276441632028039775e-03
1.3723777977977977827e+01,1.8085963191177515264e-03
1.3753807907907907193e+01,1.6899495218602078768e-03
1.3783837837837836560e+01,1.5717089854845628805e-03
1.3813867767767767702e+01,1.4538798787059341224e-03
1.3843897697697697069e+01,1.3364673253919293668e-03
1.3873927627627626435e+01,1.2194764050479660247e-03
1.3903957557557555802e+01,1.1029121532963664324e-03
1.3933987487487486945e+01,9.8677956234922135394e-04
1.3964017417417416311e+01,8.7108356298536593516e-04
1.3994047347347345678e+01,7.5582878711962886258e-04
1.4024077277277276821e+01,6.4101963944525666966e-04
1.4054107207207206187e+01,5.2666048271258233786e-04
1.4084137137137135554e+01,4.1275564246322357306e-04
1.4114167067067066696e+01,2.9930940742593970970e-04
1.4144196996996996063e+01,1.8632602990744222293e-04
1.4174226926926925429e+01,7.3809726178179381061e-05
1.4204256856856856572e+01,-3.8235323146713471492e-05
1.4234286786786785939e+01,-1.4980499060651751402e-04
1.4264316716716715305e+01,-2.6089544361968485236e-04
1.4294346646646646448e+01,-3.7150307822711621519e-04
1.4324376576576575815e+01,-4.8162432554082877266e-04
1.4354406506506505181e+01,-5.9125564653782236059e-04
1.4384436436436436324e+01,-7.0039353174831974792e-04
1.4414466366366365691e+01,-8.0903450094790233405e-04
1.4444496296296295057e+01,-9.1717510285354599247e-04
1.4474526226226226200e+01,-1.0248119148233815826e-03
1.4504556156156155566e+01,-1.1319415485585510375e-03
1.4534586086086084933e+01,-1.2385608518693863242e-03
1.4564616016016014299e+01,-1.3446669549448183201e-03
1.4594645945945945442e+01,-1.4502570274109211242e-03
1.4624675875875874809e+01,-1.5553282621410149771e-03
1.4654705805805804175e+01,-1.6598778750175180018e-03
1.4684735735735735318e+01,-1.7639031046966613218e-03
1.4714765665665664685e+01,-1.8674012123760851210e-03
1.4744795595595594051e+01,-1.9703694815653306077e-03
1.4774825525525525194e+01,-2.0728052178719254088e-03
1.4804855455455454560e+01,-2.1747058441875096943e-03
1.4834885385385383927e+01,-2.2760691284137439701e-03
1.4864915315315315070e+01,-2.3768929252544089212e-03
1.4894945245245244436e+01,-2.4771751067139253198e-03
1.4924975175175173803e+01,-2.5769135619233421788e-03
1.4955005105105104946e+01,-2.6761061969683671083e-03
1.4985035035035034312e+01,-2.7747509347194609930e-03
1.5015064964964963679e+01,-2.8728457146640264813e-03
1.5045094894894894821e+01,-2.9703884927405597473e-03
1.5075124824824824188e+01,-3.0673772517440679036e-03
1.5105154754754753554e+01,-3.1638102255526134518e-03
1.5135184684684682921e+01,-3.2596858925150375835e-03
1.5165214614614614064e+01,-3.3550027527165801958e-03
1.5195244544544543430e+01,-3.4497593180994206609e-03
1.5225274474474472797e+01,-3.5439541123457778474e-03
1.5255304404404403940e+01,-3.6375856707623497807e-03
1.5285334334334333306e+01,-3.7306525401660925109e-03
1.5315364264264262673e+01,-3.8231532787714244889e-03
1.5345394194194193815e+01,-3.9150864560786851482e-03
1.5375424124124123182e+01,-4.0064506899127267162e-03
1.5405454054054052548e+01,-4.0972449066412064411e-03
1.5435483983983983691e+01,-4.1874681840616111844e-03
1.5465513913913913058e+01,-4.2771196080480149496e-03
1.5495543843843842424e+01,-4.3661982715607122393e-03
1.5525573773773773567e+01,-4.4547032745776678556e-03
1.5555603703703702934e+01,-4.5426337240267612022e-03
1.5585633633633632300e+01,-4.6299887337188693273e-03
1.5615663563563563443e+01,-4.7167674242816585994e-03
1.5645693493493492809e+01,-4.8029689230941630812e-03
1.5675723423423422176e+01,-4.8885924127662896618e-03
1.5705753353353351542e+01,-4.9736373850107632247e-03
1.5735783283283282685e+01,-5.0581034519822636736e-03
1.5765813213213212052e+01,-5.1419902290372691139e-03
1.5795843143143141418e+01,-5.2252973344573058756e-03
1.5825873073073072561e+01,-5.3080243894211747227e-03
1.5855903003003001928e+01,-5.3901710179774979873e-03
1.5885932932932931294e+01,-5.4717368470176301273e-03
1.5915962862862862437e+01,-5.5527215062488206876e-03
1.5945992792792791803e+01,-5.6331246281676895099e-03
1.5976022722722721170e+01,-5.7129458786712283141e-03
1.6006052652652652313e+01,-5.7921852021451426806e-03
1.6036082582582579903e+01,-5.8708426894935267573e-03
1.6066112512512511046e+01,-5.9489184322791084300e-03
1.6096142442442442189e+01,-6.0264125213812915274e-03
1.6126172372372369779e+01,-6.1033250470025404710e-03
1.6156202302302300922e+01,-6.1796560986747016073e-03
1.6186232232232232064e+01,-6.2554057652651684149e-03
1.6216262162162159655e+01,-6.3305741349830623246e-03
1.6246292092092090797e+01,-6.4051612953853406807e-03
1.6276322022022021940e+01,-6.4791673391509348526e-03
1.6306351951951949530e+01,-6.5525925479725981651e-03
1.6336381881881880673e+01,-6.6254374293702169782e-03
1.6366411811811811816e+01,-6.6977025006540874541e-03
1.6396441741741739406e+01,-6.7693882753446978778e-03
1.6426471671671670549e+01,-6.8404952632074127183e-03
1.6456501601601601692e+01,-6.9110239702866805081e-03
1.6486531531531529282e+01,-6.9809748989399459523e-03
1.6516561461461460425e+01,-7.0503485478711873380e-03
1.6546591391391391568e+01,-7.1191454121640263333e-03
1.6576621321321319158e+01,-7.1873659833145480888e-03
1.6606651251251250301e+01,-7.2550108032980419048e-03
1.6636681181181181444e+01,-7.3220806856335099444e-03
1.6666711111111109034e+01,-7.3885765255250228020e-03
1.6696741041041040177e+01,-7.4544992117733955422e-03
1.6726770970970971320e+01,-7.5198496267966877943e-03
1.6756800900900898910e+01,-7.5846286466874175344e-03
1.6786830830830830052e+01,-7.6488371412691642456e-03
1.6816860760760761195e+01,-7.7124759741524990045e-03
1.6846890690690688785e+01,-7.7755460027903733344e-03
1.6876920620620619928e+01,-7.8380480785329356003e-03
1.6906950550550551071e+01,-7.8999830472482775179e-03
1.6936980480480478661e+01,-7.9613518618268999671e-03
1.6967010410410409804e+01,-8.0221557168379392655e-03
1.6997040340340340947e+01,-8.0823958314586025198e-03
1.7027070270270268537e+01,-8.1420734162652580457e-03
1.7057100200200199680e+01,-8.2011896733091577821e-03
1.7087130130130130823e+01,-8.2597457961913044872e-03
1.7117160060060058413e+01,-8.3177429701366094317e-03
1.7147189989989989556e+01,-8.3751823720672434470e-03
1.7177219919919917146e+01,-8.4320651706751830606e-03
1.7207249849849848289e+01,-8.4883925264940592731e-03
1.7237279779779779432e+01,-8.5441655933711450205e-03
1.7267309709709707022e+01,-8.5993856422532481687e-03
1.7297339639639638165e+01,-8.6540541571838019985e-03
1.7327369569569569308e+01,-8.7081726347102775265e-03
1.7357399499499496898e+01,-8.7617425610234701827e-03
1.7387429429429428041e+01,-8.8147654120469647043e-03
1.7417459359359359183e+01,-8.8672426535255990943e-03
1.7447489289289286774e+01,-8.9191757411130802996e-03
1.7477519219219217916e+01,-8.9705661204587047730e-03
1.7507549149149149059e+01,-9.0214152272931110582e-03
1.7537579079079076649e+01,-9.0717244875132222598e-03
1.7567609009009007792e+01,-9.1214953174560825522e-03
1.7597638938938938935e+01,-9.1707292105419752071e-03
1.7627668868868866525e+01,-9.2194278735573103462e-03
1.7657698798798797668e+01,-9.2675930372006307817e-03
1.7687728728728728811e+01,-9.3152264204170737855e-03
1.7717758658658656401e+01,-9.3623297304979667677e-03
1.7747788588588587544e+01,-9.4089046631794567149e-03
1.7777818518518518687e+01,-9.4549529027400519565e-03
1.7807848448448446277e+01,-9.5004761220972601399e-03
1.7837878378378377420e+01,-9.5454759829032322094e-03
1.7867908308308308563e+01,-9.5899541356393915720e-03
1.7897938238238236153e+01,-9.6339122197101716150e-03
1.7927968168168167296e+01,-9.6773518907191328348e-03
1.7957998098098098438e+01,-9.7202749947446140388e-03
1.7988028028028026029e+01,-9.7626834561068270846e-03
1.8018057957957957171e+01,-9.8045791867320784829e-03
1.8048087887887888314e+01,-9.8459640858217650772e-03
1.8078117817817815904e+01,-9.8868400399580759486e-03
1.8108147747747747047e+01,-9.9272089232086430793e-03
1.8138177677677678190e+01,-9.9670725972301078138e-03
1.8168207607607605780e+01,-1.0006432911370700262e-02
1.8198237537537536923e+01,-1.0045291702771821235e-02
1.8228267467467468066e+01,-1.0083650796468555597e-02
1.8258297397397395656e+01,-1.0121512006070141829e-02
1.8288327327327326799e+01,-1.0158877221459586965e-02
1.8318357257257257942e+01,-1.0195748501758862894e-02
1.8348387187187185532e+01,-1.0232127915007556418e-02
1.8378417117117116675e+01,-1.0268017515728724426e-02
1.8408447047047044265e+01,-1.0303419345039144250e-02
1.8438476976976975408e+01,-1.0338335430758498895e-02
1.8468506906906906551e+01,-1.0372767787517462451e-02
1.8498536836836834141e+01,-1.0406718416864758556e-02
1.8528566766766765284e+01,-1.0440189307373190161e-02
1.8558596696696696426e+01,-1.0473182434744595509e-02
1.8588626626626624017e+01,-1.0505699761913823986e-02
1.8618656556556555159e+01,-1.0537743242758634832e-02
1.8648686486486486302e+01,-1.0569314934567900291e-02
1.8678716416416413892e+01,-1.0600417019285730130e-02
1.8708746346346345035e+01,-1.0631051672886691548e-02
1.8738776276276276178e+01,-1.0661221057396860074e-02
1.8768806206206203768e+01,-1.0690927321005410863e-02
1.8798836136136134911e+01,-1.0720172598175163950e-02
1.8828866066066066054e+01,-1.0748959009752010602e-02
1.8858895995995993644e+01,-1.0777288663073333538e-02
1.8888925925925924787e+01,-1.0805163652075417541e-02
1.8918955855855855930e+01,-1.0832586057399768917e-02
1.8948985785785783520e+01,-1.0859557946498470463e-02
1.8979015715715714663e+01,-1.0886081376470345058e-02
1.9009045645645645806e+01,-1.0912158491782137509e-02
1.9039075575575573396e+01,-1.0937791550365309409e-02
1.9069105505505504539e+01,-1.0962982804090090974e-02
1.9099135435435435681e+01,-1.0987734490664065670e-02
1.9129165365365363272e+01,-1.1012048833743367723e-02
1.9159195295295294414e+01,-1.1035928043042779814e-02
1.9189225225225225557e+01,-1.1059374314444819429e-02
1.9219255155155153147e+01,-1.1082389830107826009e-02
1.9249285085085084290e+01,-1.1104976758572977780e-02
1.9279315015015015433e+01,-1.1127137254870380495e-02
1.9309344944944943023e+01,-1.1148873460624099743e-02
1.9339374874874874166e+01,-1.1170187504280944951e-02
1.9369404804804805309e+01,-1.1191081554532598952e-02
1.9399434734734732899e+01,-1.1211557902933266817e-02
1.9429464664664664042e+01,-1.1231618848283431850e-02
1.9459494594594595185e+01,-1.1251266675193511563e-02
1.9489524524524522775e+01,-1.1270503654193190363e-02
1.9519554454454453918e+01,-1.1289332041839749560e-02
1.9549584384384381508e+01,-1.1307754080825351342e-02
1.9579614314314312651e+01,-1.1325772000083382529e-02
1.9609644244244243794e+01,-1.1343388014893811266e-02
1.9639674174174171384e+01,-1.1360604326987544521e-02
1.9669704104104102527e+01,-1.1377423124649897399e-02
1.9699734034034033670e+01,-1.1393846582823028563e-02
1.9729763963963961260e+01,-1.1409876871973688786e-02
1.9759793893893892403e+01,-1.1425516254673639960e-02
1.9789823823823823545e+01,-1.1440767049313871687e-02
1.9819853753753751135e+01,-1.1455631561471753613e-02
1.9849883683683682278e+01,-1.1470112082772652637e-02
1.9879913613613613421e+01,-1.1484210890995334708e-02
1.9909943543543541011e+01,-1.1497930250176384773e-02
1.9939973473473472154e+01,-1.1511272410713672618e-02
1.9970003403403403297e+01,-1.1524239609468909726e-02
2.0000033333333330887e+01,-1.1536834069869265906e-02
2.0030063263263262030e+01,-1.1549058002008099483e-02
2.0060093193193193173e+01,-1.1560913602744722975e-02
2.0090123123123120763e+01,-1.1572403055803339583e-02
2.0120153053053051906e+01,-1.1583528552557649863e-02
2.0150182982982983049e+01,-1.1594292376509739151e-02
2.0180212912912910639e+01,-1.1604696830921114314e-02
2.0210242842842841782e+01,-1.1614744205377490818e-02
2.0240272772772772925e+01,-1.1624436775876609632e-02
2.0270302702702700515e+01,-1.1633776804928877210e-02
2.0300332632632631658e+01,-1.1642766541657124241e-02
2.0330362562562562800e+01,-1.1651408221895507428e-02
2.0360392492492490391e+01,-1.1659704068287465861e-02
2.0390422422422421533e+01,-1.1667656290382877673e-02
2.0420452352352352676e+01,-1.1675267084734340661e-02
2.0450482282282280266e+01,-1.1682538634992592486e-02
2.0480512212212211409e+01,-1.1689473112001075653e-02
2.0510542142142142552e+01,-1.1696072692270758145e-02
2.0540572072072070142e+01,-1.1702339628813940992e-02
2.0570602002002001285e+01,-1.1708276188523946554e-02
2.0600631931931932428e+01,-1.1713884625082228094e-02
2.0630661861861860018e+01,-1.1719167179048427946e-02
2.0660691791791791161e+01,-1.1724126077955749139e-02
2.0690721721721722304e+01,-1.1728763536405473547e-02
2.0720751651651649894e+01,-1.1733081756160673378e-02
2.0750781581581581037e+01,-1.1737082926239124706e-02
2.0780811511511508627e+01,-1.1740769223005360564e-02
2.0810841441441439770e+01,-1.1744142810262011081e-02
2.0840871371371370913e+01,-1.1747205839340251962e-02
2.0870901301301298503e+01,-1.1749960449189585099e-02
2.0900931231231229646e+01,-1.1752408772798568840e-02
2.0930961161161160788e+01,-1.1754552996533822184e-02
2.0960991091091088379e+01,-1.1756395333046379750e-02
2.0991021021021019521e+01,-1.1757937982832599583e-02
2.1021050950950950664e+01,-1.1759183133814639366e-02
2.1051080880880878254e+01,-1.1760132961430132953e-02
2.1081110810810809397e+01,-1.1760789628721117495e-02
2.1111140740740740540e+01,-1.1761155286422204230e-02
2.1141170670670668130e+01,-1.1761232073047968652e-02
2.1171200600600599273e+01,-1.1761022114979625963e-02
2.1201230530530530416e+01,-1.1760527526550974484e-02
2.1231260460460458006e+01,-1.1759750410133574042e-02
2.1261290390390389149e+01,-1.1758692856221239151e-02
2.1291320320320320292e+01,-1.1757356943642230385e-02
2.1321350250250247882e+01,-1.1755744765055226031e-02
2.1351380180180179025e+01,-1.1753858457466022369e-02
2.1381410110110110168e+01,-1.1751700153337171426e-02
2.1411440040040037758e+01,-1.1749271973167975391e-02
2.1441469969969968901e+01,-1.1746576025578218255e-02
2.1471499899899900043e+01,-1.1743614407391283344e-02
2.1501529829829827634e+01,-1.1740389203716511055e-02
2.1531559759759758776e+01,-1.1736902488030878308e-02
2.1561589689689689919e+01,-1.1733156322260008403e-02
2.1591619619619617509e+01,-1.1729152756858521670e-02
2.1621649549549548652e+01,-1.1724893830889657545e-02
2.1651679479479479795e+01,-1.1720381572104299900e-02
2.1681709409409407385e+01,-1.1715617997019303273e-02
2.1711739339339338528e+01,-1.1710605112038417405e-02
2.1741769269269269671e+01,-1.1705344943230252056e-02
2.1771799199199197261e+01,-1.1699839540510641525e-02
2.1801829129129128404e+01,-1.1694090944407169522e-02
2.1831859059059059547e+01,-1.1688101184220350132e-02
2.1861888988988987137e+01,-1.1681872278100748422e-02
2.1891918918918918280e+01,-1.1675406233125459193e-02
2.1921948848848845870e+01,-1.1668705045373931745e-02
2.1951978778778777013e+01,-1.1661770700003223911e-02
2.1982008708708708156e+01,-1.1654605171322569152e-02
2.2012038638638635746e+01,-1.1647210422867404142e-02
2.2042068568568566889e+01,-1.1639588407472756248e-02
2.2072098498498498031e+01,-1.1631741067346008239e-02
2.2102128428428425622e+01,-1.1623670334139132171e-02
2.2132158358358356764e+01,-1.1615378129668960452e-02
2.2162188288288287907e+01,-1.1606866386888970918e-02
2.2192218218218215497e+01,-1.1598137054316932579e-02
2.2222248148148146640e+01,-1.1589192071493760461e-02
2.2252278078078077783e+01,-1.1580033367490562279e-02
2.2282308008008005373e+01,-1.1570662860979180966e-02
2.2312337937937936516e+01,-1.1561082460302187294e-02
2.2342367867867867659e+01,-1.1551294063542291365e-02
2.2372397797797795249e+01,-1.1541299558591192054e-02
2.2402427727727726392e+01,-1.1531100823217906026e-02
2.2432457657657657535e+01,-1.1520699725136494818e-02
2.2462487587587585125e+01,-1.1510098122073287100e-02
2.2492517517517516268e+01,-1.1499297861833559717e-02
2.2522547447447447411e+01,-1.1488300782367674019e-02
2.2552577377377375001e+01,-1.1477108711849417708e-02
2.2582607307307306144e+01,-1.1465723476561773264e-02
2.2612637237237237287e+01,-1.1454146914214117722e-02
2.2642667167167164877e+01,-1.1442380856293331640e-02
2.2672697097097096020e+01,-1.1430427124583097259e-02
2.2702727027027027162e+01,-1.1418287531228074605e-02
2.2732756956956954753e+01,-1.1405963878797571037e-02
2.2762786886886885895e+01,-1.1393457960348681718e-02
2.2792816816816817038e+01,-1.1380771559488977313e-02
2.2822846746746744628e+01,-1.1367906450438662602e-02
2.2852876676676675771e+01,-1.1354864398092245903e-02
2.2882906606606606914e+01,-1.1341647158079741844e-02
2.2912936536536534504e+01,-1.1328256476827384958e-02
2.2942966466466465647e+01,-1.1314694091617834987e-02
2.2972996396396396790e+01,-1.1300961730649984952e-02
2.3003026326326324380e+01,-1.1287061113597023423e-02
2.3033056256256255523e+01,-1.1272993959902111172e-02
2.3063086186186186666e+01,-1.1258761987494271192e-02
2.3093116116116114256e+01,-1.1244366905604643789e-02
2.3123146046046045399e+01,-1.1229810414585280828e-02
2.3153175975975972989e+01,-1.1215094205966743765e-02
2.3183205905905904132e+01,-1.1200219962515214206e-02
2.3213235835835835275e+01,-1.1185189358289200287e-02
2.3243265765765762865e+01,-1.1170004058695781612e-02
2.3273295695695694008e+01,-1.1154665720546417043e-02
2.3303325625625625150e+01,-1.1139175992112353500e-02
2.3333355555555552741e+01,-1.1123536513179549043e-02
2.3363385485485483883e+01,-1.1107748915103229925e-02
2.3393415415415415026e+01,-1.1091814820861994884e-02
2.3423445345345342616e+01,-1.1075735845111506564e-02
2.3453475275275273759e+01,-1.1059513594417154370e-02
2.3483505205205204902e+01,-1.1043149668935117735e-02
2.3513535135135132492e+01,-1.1026645661694362346e-02
2.3543565065065063635e+01,-1.1010003157609032573e-02
2.3573594994994994778e+01,-1.0993223733517295398e-02
2.3603624924924922368e+01,-1.0976308958232743745e-02
2.3633654854854853511e+01,-1.0959260392595341835e-02
2.3663684784784784654e+01,-1.0942079589522073907e-02
2.3693714714714712244e+01,-1.0924768094057098547e-02
2.3723744644644643387e+01,-1.0907327443421608107e-02
2.3753774574574574530e+01,-1.0889759167063254447e-02
2.3783804504504502120e+01,-1.0872064786705265896e-02
2.3813834434434433263e+01,-1.0854245816395095836e-02
2.3843864364364364405e+01,-1.0836303762552802407e-02
2.3873894294294291996e+01,-1.0818240124019004936e-02
2.3903924224224223138e+01,-1.0800056391830219898e-02
2.3933954154154154281e+01,-1.0781754044819610860e-02
2.3963984084084081871e+01,-1.0763334550414187588e-02
2.3994014014014013014e+01,-1.0744799368568641942e-02
2.4024043943943944157e+01,-1.0726149951937928584e-02
2.4054073873873871747e+01,-1.0707387745922813602e-02
2.4084103803803802890e+01,-1.0688514188715119574e-02
2.4114133733733734033e+01,-1.0669530711342606333e-02
2.4144163663663661623e+01,-1.0650438737713520398e-02
2.4174193593593592766e+01,-1.0631239684660802672e-02
2.4204223523523523909e+01,-1.0611934961986025511e-02
2.4234253453453451499e+01,-1.0592525972502899595e-02
2.4264283383383382642e+01,-1.0573014112080548338e-02
2.4294313313313310232e+01,-1.0553400769686428415e-02
2.4324343243243241375e+01,-1.0533687327428917224e-02
2.4354373173173172518e+01,-1.0513875160592947577e-02
2.4384403103103100108e+01,-1.0493965633038797661e-02
2.4414433033033031251e+01,-1.0473960089151738984e-02
2.4444462962962962393e+01,-1.0453859864539501862e-02
2.4474492892892889984e+01,-1.0433666288254716398e-02
2.4504522822822821126e+01,-1.0413380682835069596e-02
2.4534552752752752269e+01,-1.0393004364343179716e-02
2.4564582682682679859e+01,-1.0372538642406186130e-02
2.4594612612612611002e+01,-1.0351984820255021730e-02
2.4624642542542542145e+01,-1.0331344194763423389e-02
2.4654672472472469735e+01,-1.0310618056486647517e-02
2.4684702402402400878e+01,-1.0289807689699901130e-02
2.4714732332332332021e+01,-1.0268914372436490148e-02
2.4744762262262259611e+01,-1.0247939376525712699e-02
2.4774792192192190754e+01,-1.0226883967630431491e-02
2.4804822122122121897e+01,-1.0205749405284424147e-02
2.4834852052052049487e+01,-1.0184536942646682176e-02
2.4864881981981980630e+01,-1.0163247815198636279e-02
2.4894911911911911773e+01,-1.0141883236995441475e-02
2.4924941841841839363e+01,-1.0120444415169653138e-02
2.4954971771771770506e+01,-1.0098932551043323519e-02
2.4985001701701701649e+01,-1.0077348840162952959e-02
2.5015031631631629239e+01,-1.0055694472334149661e-02
2.5045061561561560382e+01,-1.0033970631656029260e-02
2.5075091491491491524e+01,-1.0012178496555409687e-02
2.5105121421421419114e+01,-9.9903192398207198155e-03
2.5135151351351350257e+01,-9.9683940286356947230e-03
2.5165181281281281400e+01,-9.9464040246128003486e-03
2.5195211211211208990e+01,-9.9243503838264430367e-03
2.5225241141141140133e+01,-9.9022342568459431611e-03
2.5255271071071071276e+01,-9.8800567887682502755e-03
2.5285301001000998866e+01,-9.8578191192504518309e-03
2.5315330930930930009e+01,-9.8355223822888943053e-03
2.5345360860860861152e+01,-9.8131676928941199284e-03
2.5375390790790788742e+01,-9.7907561405748168293e-03
2.5405420720720719885e+01,-9.7682888080461941632e-03
2.5435450650650647475e+01,-9.7457667729103098636e-03
2.5465480580580578618e+01,-9.7231911076862062582e-03
2.5495510510510509761e+01,-9.7005628798398600698e-03
2.5525540440440437351e+01,-9.6778831518138982298e-03
2.5555570370370368494e+01,-9.6551529810571089935e-03
2.5585600300300299637e+01,-9.6323734200537535627e-03
2.5615630230230227227e+01,-9.6095455163526660725e-03
2.5645660160160158370e+01,-9.5866703125961367365e-03
2.5675690090090089512e+01,-9.5637488465486319295e-03
2.5705720020020017103e+01,-9.5407821511252679375e-03
2.5735749949949948245e+01,-9.5177712544200921557e-03
2.5765779879879879388e+01,-9.4947171797342029553e-03
2.5795809809809806978e+01,-9.4716209456036353637e-03
2.5825839739739738121e+01,-9.4484835589841442705e-03
2.5855869669669669264e+01,-9.4253059944632549411e-03
2.5885899599599596854e+01,-9.4020892151029759887e-03
2.5915929529529527997e+01,-9.3788341795015273128e-03
2.5945959459459459140e+01,-9.3555418418192082958e-03
2.5975989389389386730e+01,-9.3322131518040231379e-03
2.6006019319319317873e+01,-9.3088490548171674149e-03
2.6036049249249249016e+01,-9.2854504918583255502e-03
2.6066079179179176606e+01,-9.2620183995908052232e-03
2.6096109109109107749e+01,-9.2385537103664601422e-03
2.6126139039039038892e+01,-9.2150573522504896501e-03
2.6156168968968966482e+01,-9.1915302490460544516e-03
2.6186198898898897625e+01,-9.1679733203186859064e-03
2.6216228828828828767e+01,-9.1443874814205843016e-03
2.6246258758758756358e+01,-9.1207736435147037518e-03
2.6276288688688687500e+01,-9.0971327135987017920e-03
2.6306318618618618643e+01,-9.0734655942643020060e-03
2.6336348548548546233e+01,-9.0497731671962712563e-03
2.6366378478478477376e+01,-9.0260562835101157408e-03
2.6396408408408408519e+01,-9.0023157881004550046e-03
2.6426438338338336109e+01,-8.9785525220214910253e-03
2.6456468268268267252e+01,-8.9547673225088015442e-03
2.6486498198198198395e+01,-8.9309610230009963544e-03
2.6516528128128125985e+01,-8.9071344531612122591e-03
2.6546558058058057128e+01,-8.8832884388984623136e-03
2.6576587987987988271e+01,-8.8594238023888584321e-03
2.6606617917917915861e+01,-8.8355413620966778698e-03
2.6636647847847847004e+01,-8.8116419327952579671e-03
2.6666677777777774594e+01,-8.7877263255878197701e-03
2.6696707707707705737e+01,-8.7637953479280782804e-03
2.6726737637637636880e+01,-8.7398498036407590295e-03
2.6756767567567564470e+01,-8.7158904929419672020e-03
2.6786797497497495613e+01,-8.6919182124593936944e-03
2.6816827427427426755e+01,-8.6679337549537185253e-03
2.6846857357357354346e+01,-8.6439378915017552052e-03
2.6876887287287285488e+01,-8.6199313615185971238e-03
2.6906917217217216631e+01,-8.5959148986781384882e-03
2.6936947147147144221e+01,-8.5718892333826023772e-03
2.6966977077077075364e+01,-8.5478550927807536025e-03
2.6997007007007006507e+01,-8.5238132007860178962e-03
2.7027036936936934097e+01,-8.4997642780944258900e-03
2.7057066866866865240e+01,-8.4757090422024877058e-03
2.7087096796796796383e+01,-8.4516482074249252993e-03
2.7117126726726723973e+01,-8.4275824849122833726e-03
2.7147156656656655116e+01,-8.4035125826684327344e-03
2.7177186586586586259e+01,-8.3794392055679574327e-03
2.7207216516516513849e+01,-8.3553630553734326014e-03
2.7237246446446444992e+01,-8.3312848307525565889e-03
2.7267276376376376135e+01,-8.3072052272952223717e-03
2.7297306306306303725e+01,-8.2831249375304224353e-03
2.7327336236236234868e+01,-8.2590446509430773259e-03
2.7357366166166166010e+01,-8.2349650452685357882e-03
2.7387396096096093601e+01,-8.2108867612344735992e-03
2.7417426026026024743e+01,-8.1868104284608163995e-03
2.7447455955955955886e+01,-8.1627366738120724077e-03
2.7477485885885883476e+01,-8.1386661214123637992e-03
2.7507515815815814619e+01,-8.1145993926603817575e-03
2.7537545745745745762e+01,-8.0905371062442651975e-03
2.7567575675675673352e+01,-8.0664798781563493840e-03
2.7597605605605604495e+01,-8.0424283217078364888e-03
2.7627635535535535638e+01,-8.0183830475433690022e-03
2.7657665465465463228e+01,-7.9943446636555077350e-03
2.7687695395395394371e+01,-7.9703137753991057379e-03
2.7717725325325325514e+01,-7.9462909855056076264e-03
2.7747755255255253104e+01,-7.9222768940972378843e-03
2.7777785185185184247e+01,-7.8982720987011076352e-03
2.7807815115115111837e+01,-7.8742771942632294735e-03
2.7837845045045042980e+01,-7.8502927731624247421e-03
2.7867874974974974123e+01,-7.8263194248582908935e-03
2.7897904904904901713e+01,-7.8023577164993392422e-03
2.7927934834834832856e+01,-7.7784081833579621704e-03
2.7957964764764763999e+01,-7.7544713560100909586e-03
2.7987994694694691589e+01,-7.7305477627545027275e-03
2.8018024624624622732e+01,-7.7066379296250328915e-03
2.8048054554554553874e+01,-7.6827423804027112839e-03
2.8078084484484481465e+01,-7.6588616366278046074e-03
2.8108114414414412607e+01,-7.6349962176117695464e-03
2.8138144344344343750e+01,-7.6111466404491685822e-03
2.8168174274274271340e+01,-7.5873134200294817253e-03
2.8198204204204202483e+01,-7.5634970690488297768e-03
2.8228234134134133626e+01,-7.5396980980216698337e-03
2.8258264064064061216e+01,-7.5159170152923693645e-03
2.8288293993993992359e+01,-7.4921543270467265072e-03
2.8318323923923923502e+01,-7.4684105373234166425e-03
2.8348353853853851092e+01,-7.4446861480253721799e-03
2.8378383783783782235e+01,-7.4209816589310643314e-03
2.8408413713713713378e+01,-7.3972975673479469949e-03
2.8438443643643640968e+01,-7.3736343488046071637e-03
2.8468473573573572111e+01,-7.3499924473279919929e-03
2.8498503503503503254e+01,-7.3263723026493693738e-03
2.8528533433433430844e+01,-7.3027743526485142805e-03
2.8558563363363361987e+01,-7.2791990333634327623e-03
2.8588593293293293129e+01,-7.2556467790000495066e-03
2.8618623223223220720e+01,-7.2321180219418234117e-03
2.8648653153153151862e+01,-7.2086131927592755550e-03
2.8678683083083083005e+01,-7.1851327202195110905e-03
2.8708713013013010595e+01,-7.1616770312956283887e-03
2.8738742942942941738e+01,-7.1382465511761021559e-03
2.8768772872872872881e+01,-7.1148417032740954302e-03
2.8798802802802800471e+01,-7.0914629092367256064e-03
2.8828832732732731614e+01,-7.0681105889542341844e-03
2.8858862662662662757e+01,-7.0447851605691643243e-03
2.8888892592592590347e+01,-7.0214870404854169694e-03
2.8918922522522521490e+01,-6.9982166433772913586e-03
2.8948952452452452633e+01,-6.9749743821984518111e-03
2.8978982382382380223e+01,-6.9517606598228660203e-03
2.9009012312312311366e+01,-6.9285758433724206964e-03
2.9039042242242238956e+01,-6.9054202897736597158e-03
2.9069072172172170099e+01,-6.8822943544782268915e-03
2.9099102102102101242e+01,-6.8591983914704805422e-03
2.9129132032032028832e+01,-6.8361327532750594885e-03
2.9159161961961959975e+01,-6.8130977909643761908e-03
2.9189191891891891117e+01,-6.7900938541661263678e-03
2.9219221821821818708e+01,-6.7671212910706841220e-03
2.9249251751751749850e+01,-6.7441804484384857907e-03
2.9279281681681680993e+01,-6.7212716716073660911e-03
2.9309311611611608583e+01,-6.6983953044998543677e-03
2.9339341541541539726e+01,-6.6755516896303953786e-03
2.9369371471471470869e+01,-6.6527411681125735513e-03
2.9399401401401398459e+01,-6.6299640796662487677e-03
2.9429431331331329602e+01,-6.6072207626246748022e-03
2.9459461261261260745e+01,-6.5845115539415657174e-03
2.9489491191191188335e+01,-6.5618367891981249640e-03
2.9519521121121119478e+01,-6.5391968024171029730e-03
2.9549551051051050621e+01,-6.5165919094532726366e-03
2.9579580980980978211e+01,-6.4940223952808301053e-03
2.9609610910910909354e+01,-6.4714885407066765483e-03
2.9639640840840840497e+01,-6.4489906253997007074e-03
2.9669670770770768087e+01,-6.4265289278965312403e-03
2.9699700700700699230e+01,-6.4041037256072578382e-03
2.9729730630630630372e+01,-6.3817152948211263233e-03
2.9759760560560557963e+01,-6.3593639107122033882e-03
2.9789790490490489105e+01,-6.3370498473449693444e-03
2.9819820420420420248e+01,-6.3147733776799342895e-03
2.9849850350350347838e+01,-6.2925347735791762119e-03
2.9879880280280278981e+01,-6.2703343058118634831e-03
2.9909910210210210124e+01,-6.2481722440597383186e-03
2.9939940140140137714e+01,-6.2260488569225828914e-03
2.9969970070070068857e+01,-6.2039644119236203937e-03
3.0000000000000000000e+01,-6.1819191755149187004e-03
