1.0000000000000000479e-04,-3.5813753374963603230e-46
1.0384722771622945103e-01,-2.0480902911236047837e-22
2.0759445543245888532e-01,-5.1602949493429206518e-20
3.1134168314868831962e-01,-1.3053569298359358268e-18
4.1508891086491778166e-01,-1.2878746296652620754e-17
5.1883613858114718820e-01,-7.5842363495831416615e-17
6.2258336629737665024e-01,-3.2224170797333535191e-16
7.2633059401360611229e-01,-1.0929773738562687764e-15
8.3007782172983557434e-01,-3.1435743931827594273e-15
9.3382504944606503638e-01,-7.9714151276451403063e-15
1.0375722771622943874e+00,-1.8301931492237221463e-14
1.1413195048785238495e+00,-3.8774592031434108158e-14
1.2450667325947533115e+00,-7.6872310679176996045e-14
1.3488139603109827735e+00,-1.4414019079215921053e-13
1.4525611880272122356e+00,-2.5774127266693768740e-13
1.5563084157434416976e+00,-4.4239851488698628133e-13
1.6600556434596711597e+00,-7.3277269149179617727e-13
1.7638028711759006217e+00,-1.1763273796052359682e-12
1.8675500988921300838e+00,-1.8367308813099684678e-12
1.9712973266083595458e+00,-2.7978469432668323043e-12
2.0750445543245890079e+00,-4.1683637631923990168e-12
2.1787917820408186920e+00,-6.0871102375392777865e-12
2.2825390097570479320e+00,-8.7291094392854469655e-12
2.3862862374732776161e+00,-1.2312416747484167223e-11
2.4900334651895068561e+00,-1.7105785577839650285e-11
2.5937806929057365402e+00,-2.3437210039804929967e-11
2.6975279206219657802e+00,-3.1703380249814048247e-11
2.8012751483381954642e+00,-4.2380101974382042625e-11
2.9050223760544247043e+00,-5.6033703448878223339e-11
3.0087696037706543883e+00,-7.3333484070625354542e-11
3.1125168314868836283e+00,-9.5065228694949380260e-11
3.2162640592031133124e+00,-1.2214578783046916337e-10
3.3200112869193425524e+00,-1.5563886441139340036e-10
3.4237585146355717924e+00,-1.9677185982549748401e-10
3.5275057423518014765e+00,-2.4695394838008224268e-10
3.6312529700680307165e+00,-3.0779535967379261060e-10
3.7350001977842604006e+00,-3.8112785456948667939e-10
3.8387474255004896406e+00,-4.6902643602074286471e-10
3.9424946532167193247e+00,-5.7383232938237082103e-10
4.0462418809329481206e+00,-6.9817722947289510710e-10
4.1499891086491773606e+00,-8.4500871779585498634e-10
4.2537363363654074888e+00,-1.0176169986607397074e-09
4.3574835640816367288e+00,-1.2196632226740381165e-09
4.4612307917978659688e+00,-1.4552082017553405681e-09
4.5649780195140952088e+00,-1.7287437748951899425e-09
4.6687252472303253370e+00,-2.0452238351939510211e-09
4.7724724749465545770e+00,-2.4100979397405908926e-09
4.8762197026627838170e+00,-2.8293457022855974640e-09
4.9799669303790130570e+00,-3.3095119575592374679e-09
5.0837141580952422970e+00,-3.8577437160937681682e-09
5.1874613858114724252e+00,-4.4818282871293342596e-09
5.2912086135277016652e+00,-5.1902324226598859078e-09
5.3949558412439309052e+00,-5.9921425362379570274e-09
5.4987030689601601452e+00,-6.8975061760891844030e-09
5.6024502966763902734e+00,-7.9170745929444203366e-09
5.7061975243926195134e+00,-9.0624463543627452930e-09
5.8099447521088487534e+00,-1.0346111944515794773e-08
5.9136919798250779934e+00,-1.1781499511435932595e-08
6.0174392075413081216e+00,-1.3383021819543215781e-08
6.1211864352575373616e+00,-1.5166123834377902243e-08
6.2249336629737666016e+00,-1.7147330877970071854e-08
6.3286808906899958416e+00,-1.9344297022487420864e-08
6.4324281184062259697e+00,-2.1775857228349759352e-08
6.5361753461224552098e+00,-2.4462079271899531170e-08
6.6399225738386844498e+00,-2.7424310708225801026e-08
6.7436698015549136898e+00,-3.0685234933662085496e-08
6.8474170292711429298e+00,-3.4268927353141965994e-08
6.9511642569873730579e+00,-3.8200897980142734962e-08
7.0549114847036022979e+00,-4.2508161695354698731e-08
7.1586587124198315379e+00,-4.7219276206138890673e-08
7.2624059401360607779e+00,-5.2364412147491925291e-08
7.3661531678522909061e+00,-5.7975395496671676687e-08
7.4699003955685201461e+00,-6.4085777065690443105e-08
7.5736476232847493861e+00,-7.0730871679951709852e-08
7.6773948510009786261e+00,-7.7947838208452173468e-08
7.7811420787172087543e+00,-8.5775705276803976552e-08
7.8848893064334379943e+00,-9.4255462825421802553e-08
7.9886365341496672343e+00,-1.0343009112004174051e-07
8.0923837618658964743e+00,-1.1334462522763374164e-07
8.1961309895821266025e+00,-1.2404622993413570901e-07
8.2998782172983549543e+00,-1.3558422695837289127e-07
8.4036254450145850825e+00,-1.4801016607634451538e-07
8.5073726727308152107e+00,-1.6137789669053820790e-07
8.6111199004470435625e+00,-1.7574359996662356021e-07
8.7148671281632736907e+00,-1.9116584590845019408e-07
8.8186143558795020425e+00,-2.0770566842276243621e-07
8.9223615835957321707e+00,-2.2542661438034391922e-07
9.0261088113119622989e+00,-2.4439478729938441126e-07
9.1298560390281906507e+00,-2.6467890348945666780e-07
9.2336032667444207789e+00,-2.8635035085919498273e-07
9.3373504944606509071e+00,-3.0948325129392295051e-07
9.4410977221768792589e+00,-3.3415450327335779519e-07
9.5448449498931093871e+00,-3.6044383182205610675e-07
9.6485921776093377389e+00,-3.8843384069855320466e-07
9.7523394053255678671e+00,-4.1821006358643855034e-07
9.8560866330417979952e+00,-4.4986101426985819059e-07
9.9598338607580263471e+00,-4.8347823594226352680e-07
1.0063581088474256475e+01,-5.1915635073561157900e-07
1.0167328316190484827e+01,-5.5699310457147427986e-07
1.0271075543906714955e+01,-5.9708941162996708544e-07
1.0374822771622945083e+01,-6.3954939918141637489e-07
1.0478569999339173435e+01,-6.8448045124071585169e-07
1.0582317227055403563e+01,-7.3199325100531684504e-07
1.0686064454771633692e+01,-7.8220182204680941773e-07
1.0789811682487862043e+01,-8.3522356822743301470e-07
1.0893558910204092172e+01,-8.9117931233241041297e-07
1.0997306137920320523e+01,-9.5019333335574037211e-07
1.1101053365636550652e+01,-1.0123934024342109337e-06
1.1204800593352780780e+01,-1.0779108173709572795e-06
1.1308547821069009132e+01,-1.1468804357065737615e-06
1.1412295048785239260e+01,-1.2194407062718886684e-06
1.1516042276501469388e+01,-1.2957336991521680867e-06
1.1619789504217697740e+01,-1.3759051339858035367e-06
1.1723536731933927868e+01,-1.4601044064623022181e-06
1.1827283959650156220e+01,-1.5484846130948218025e-06
1.1931031187366386348e+01,-1.6412025783480567303e-06
1.2034778415082616476e+01,-1.7384188797708869436e-06
1.2138525642798844828e+01,-1.8402978661906273815e-06
1.2242272870515074956e+01,-1.9470076760224286408e-06
1.2346020098231303308e+01,-2.0587202534066803893e-06
1.2449767325947533436e+01,-2.1756113617923099583e-06
1.2553514553663763564e+01,-2.2978605946609432445e-06
1.2657261781379991916e+01,-2.4256513830833461952e-06
1.2761009009096222044e+01,-2.5591710067744884487e-06
1.2864756236812452173e+01,-2.6986106396044499482e-06
1.2968503464528680524e+01,-2.8441653413891953047e-06
1.3072250692244910653e+01,-2.9960340435793748999e-06
1.3175997919961139004e+01,-3.1544195437547653130e-06
1.3279745147677369133e+01,-3.3195284952019147277e-06
1.3383492375393599261e+01,-3.4915714110052392232e-06
1.3487239603109827613e+01,-3.6707627533279630670e-06
1.3590986830826057741e+01,-3.8573208769159367758e-06
1.3694734058542286093e+01,-4.0514679734566658032e-06
1.3798481286258516221e+01,-4.2534300411342054166e-06
1.3902228513974746349e+01,-4.4634368917677883583e-06
1.4005975741690974701e+01,-4.6817223043407274900e-06
1.4109722969407204829e+01,-4.9085238902653056931e-06
1.4213470197123434957e+01,-5.1440829921284734477e-06
1.4317217424839663309e+01,-5.3886446423622653051e-06
1.4420964652555893437e+01,-5.6424577674513165006e-06
1.4524711880272121789e+01,-5.9057751456467844105e-06
1.4628459107988351917e+01,-6.1788531639969627245e-06
1.4732206335704582045e+01,-6.4619517597991486382e-06
1.4835953563420810397e+01,-6.7553347315312999640e-06
1.4939700791137040525e+01,-7.0592696320144277935e-06
1.5043448018853268877e+01,-7.3740274296509925847e-06
1.5147195246569499005e+01,-7.6998825393703499532e-06
1.5250942474285729133e+01,-8.0371132834672704890e-06
1.5354689702001957485e+01,-8.3860014169801389857e-06
1.5458436929718187614e+01,-8.7468318596617397257e-06
1.5562184157434417742e+01,-9.1198931832807364364e-06
1.5665931385150646094e+01,-9.5054775786325714735e-06
1.5769678612866876222e+01,-9.9038802010006240736e-06
1.5873425840583104574e+01,-1.0315399499121646993e-05
1.5977173068299334702e+01,-1.0740337652678742854e-05
1.6080920296015563054e+01,-1.1178999644917335000e-05
1.6184667523731793182e+01,-1.1631693447749369628e-05
1.6288414751448023310e+01,-1.2098730761772962436e-05
1.6392161979164253438e+01,-1.2580425899685940730e-05
1.6495909206880483566e+01,-1.3077095953567630394e-05
1.6599656434596710142e+01,-1.3589061670437153835e-05
1.6703403662312940270e+01,-1.4116646115100556542e-05
1.6807150890029170398e+01,-1.4660175076625457235e-05
1.6910898117745400526e+01,-1.5219977816955400612e-05
1.7014645345461630654e+01,-1.5796385517068195416e-05
1.7118392573177857230e+01,-1.6389732262914833170e-05
1.7222139800894087358e+01,-1.7000355167001586070e-05
1.7325887028610317486e+01,-1.7628592913596879656e-05
1.7429634256326547614e+01,-1.8274787462261110160e-05
1.7533381484042777743e+01,-1.8939282929831008243e-05
1.7637128711759004318e+01,-1.9622425113899641624e-05
1.7740875939475234446e+01,-2.0324563149414254405e-05
1.7844623167191464574e+01,-2.1046047280658702108e-05
1.7948370394907694703e+01,-2.1787230290933414146e-05
1.8052117622623924831e+01,-2.2548467274767993612e-05
1.8155864850340154959e+01,-2.3330114222037649519e-05
1.8259612078056381534e+01,-2.4132530307168409325e-05
1.8363359305772611663e+01,-2.4956075322956222131e-05
1.8467106533488841791e+01,-2.5801111283703483449e-05
1.8570853761205071919e+01,-2.6668002019419726113e-05
1.8674600988921302047e+01,-2.7557111924025874769e-05
1.8778348216637528623e+01,-2.8468808246314324312e-05
1.8882095444353758751e+01,-2.9403458060858930057e-05
1.8985842672069988879e+01,-3.0361430958945785370e-05
1.9089589899786219007e+01,-3.1343096982196085672e-05
1.9193337127502449135e+01,-3.2348827297990634258e-05
1.9297084355218675711e+01,-3.3378994703058681632e-05
1.9400831582934905839e+01,-3.4433971690967970353e-05
1.9504578810651135967e+01,-3.5514133174675632061e-05
1.9608326038367366095e+01,-3.6619853035803353832e-05
1.9712073266083596224e+01,-3.7751507478668372907e-05
1.9815820493799822799e+01,-3.8909471830951428487e-05
1.9919567721516052927e+01,-4.0094122889694059524e-05
2.0023314949232283055e+01,-4.1305837255195991867e-05
2.0127062176948513184e+01,-4.2544991860188733116e-05
2.0230809404664743312e+01,-4.3811964203130997707e-05
2.0334556632380969887e+01,-4.5107131039196841265e-05
2.0438303860097200015e+01,-4.6430870281755739408e-05
2.0542051087813430144e+01,-4.7783558258128736496e-05
2.0645798315529660272e+01,-4.9165572774085628655e-05
2.0749545543245890400e+01,-5.0577289485487563283e-05
2.0853292770962120528e+01,-5.2019085575105620362e-05
2.0957039998678347104e+01,-5.3491335755798828297e-05
2.1060787226394577232e+01,-5.4994416106810258623e-05
2.1164534454110807360e+01,-5.6528700078029474406e-05
2.1268281681827037488e+01,-5.8094562212301022771e-05
2.1372028909543267616e+01,-5.9692374328467742240e-05
2.1475776137259494192e+01,-6.1322509039087635453e-05
2.1579523364975724320e+01,-6.2985336133012897303e-05
2.1683270592691954448e+01,-6.4681225919164451977e-05
2.1787017820408184576e+01,-6.6410545743442186907e-05
2.1890765048124414704e+01,-6.8173663244982575255e-05
2.1994512275840641280e+01,-6.9970942912279149198e-05
2.2098259503556871408e+01,-7.1802749345639861481e-05
2.2202006731273101536e+01,-7.3669443770541095592e-05
2.2305753958989331664e+01,-7.5571387367596670292e-05
2.2409501186705561793e+01,-7.7508937712564190460e-05
2.2513248414421788368e+01,-7.9482452164358129523e-05
2.2616995642138018496e+01,-8.1492284291978506596e-05
2.2720742869854248625e+01,-8.3538787201248887221e-05
2.2824490097570478753e+01,-8.5622310132790001411e-05
2.2928237325286708881e+01,-8.7743201480963223726e-05
2.3031984553002939009e+01,-8.9901805859563140282e-05
2.3135731780719165585e+01,-9.2098466485896133258e-05
2.3239479008435395713e+01,-9.4333523050602917435e-05
2.3343226236151625841e+01,-9.6607313145344349942e-05
2.3446973463867855969e+01,-9.8920171218201151581e-05
2.3550720691584086097e+01,-1.0127242883098794724e-04
2.3654467919300312673e+01,-1.0366441482017589202e-04
2.3758215147016542801e+01,-1.0609645438400228893e-04
2.3861962374732772929e+01,-1.0856887030710158119e-04
2.3965709602449003057e+01,-1.1108198117783520359e-04
2.4069456830165233185e+01,-1.1363610321092890620e-04
2.4173204057881459761e+01,-1.1623154822087682233e-04
2.4276951285597689889e+01,-1.1886862529650810887e-04
2.4380698513313920017e+01,-1.2154763930370291944e-04
2.4484445741030150145e+01,-1.2426889173179514556e-04
2.4588192968746380274e+01,-1.2703268019614968919e-04
2.4691940196462606849e+01,-1.2983929827908144883e-04
2.4795687424178836977e+01,-1.3268903590009351566e-04
2.4899434651895067105e+01,-1.3558217856017107470e-04
2.5003181879611297234e+01,-1.3851900796528354991e-04
2.5106929107327527362e+01,-1.4149980138207613150e-04
2.5210676335043753937e+01,-1.4452483186233418462e-04
2.5314423562759984065e+01,-1.4759436812907691483e-04
2.5418170790476214194e+01,-1.5070867435209119771e-04
2.5521918018192444322e+01,-1.5386801022911468593e-04
2.5625665245908674450e+01,-1.5707263093695525901e-04
2.5729412473624904578e+01,-1.6032278669813218954e-04
2.5833159701341131154e+01,-1.6361872341230440241e-04
2.5936906929057361282e+01,-1.6696068166987594215e-04
2.6040654156773591410e+01,-1.7034889750664378204e-04
2.6144401384489821538e+01,-1.7378360196006149493e-04
2.6248148612206051666e+01,-1.7726502062122338841e-04
2.6351895839922278242e+01,-1.8079337480444681229e-04
2.6455643067638508370e+01,-1.8436887957352731489e-04
2.6559390295354738498e+01,-1.8799174569879281769e-04
2.6663137523070968626e+01,-1.9166217818036146566e-04
2.6766884750787198755e+01,-1.9538037635780463827e-04
2.6870631978503425330e+01,-1.9914653523640403325e-04
2.6974379206219655458e+01,-2.0296084269478889008e-04
2.7078126433935885586e+01,-2.0682348260888861109e-04
2.7181873661652115715e+01,-2.1073463237706197568e-04
2.7285620889368345843e+01,-2.1469446345127938917e-04
2.7389368117084572418e+01,-2.1870314305271946033e-04
2.7493115344800802546e+01,-2.2276083037797115172e-04
2.7596862572517032675e+01,-2.2686768079700384915e-04
2.7700609800233262803e+01,-2.3102384291183328214e-04
2.7804357027949492931e+01,-2.3522945862426318043e-04
2.7908104255665723059e+01,-2.3948466611803636683e-04
2.8011851483381949635e+01,-2.4378959466340034256e-04
2.8115598711098179763e+01,-2.4814436945471947740e-04
2.8219345938814409891e+01,-2.5254910950211063685e-04
2.8323093166530640019e+01,-2.5700392559961421270e-04
2.8426840394246870147e+01,-2.6150892556476396881e-04
2.8530587621963096723e+01,-2.6606420807538108198e-04
2.8634334849679326851e+01,-2.7066986633189334208e-04
2.8738082077395556979e+01,-2.7532598915562311653e-04
2.8841829305111787107e+01,-2.8003265518494741123e-04
2.8945576532828017235e+01,-2.8478994007937347708e-04
2.9049323760544243811e+01,-2.8959791199592577193e-04
2.9153070988260473939e+01,-2.9445663056703485399e-04
2.9256818215976704067e+01,-2.9936615304456684009e-04
2.9360565443692934195e+01,-3.0432652627912027202e-04
2.9464312671409164324e+01,-3.0933779152149301194e-04
2.9568059899125390899e+01,-3.1439998630152242486e-04
2.9671807126841621027e+01,-3.1951313649241557067e-04
2.9775554354557851156e+01,-3.2467726503307268613e-04
2.9879301582274081284e+01,-3.2989238839783129043e-04
2.9983048809990311412e+01,-3.3515851231087900050e-04
3.0086796037706537987e+01,-3.4047564091816659741e-04
3.0190543265422768116e+01,-3.4584376894390407662e-04
3.0294290493138998244e+01,-3.5126288252504411780e-04
3.0398037720855228372e+01,-3.5673296633878336494e-04
3.0501784948571458500e+01,-3.6225399323459980729e-04
3.0605532176287688628e+01,-3.6782593000639698944e-04
3.0709279404003915204e+01,-3.7344874115765837796e-04
3.0813026631720145332e+01,-3.7912237790498824709e-04
3.0916773859436375460e+01,-3.8484678770942518837e-04
3.1020521087152605588e+01,-3.9062191428137967584e-04
3.1124268314868835716e+01,-3.9644768761819856699e-04
3.1228015542585062292e+01,-4.0232403568685615874e-04
3.1331762770301292420e+01,-4.0825088102970549233e-04
3.1435509998017522548e+01,-4.1422813277986164204e-04
3.1539257225733752676e+01,-4.2025569918236252692e-04
3.1643004453449982805e+01,-4.2633348152387945743e-04
3.1746751681166209380e+01,-4.3246136827011045708e-04
3.1850498908882439508e+01,-4.3863924774155876657e-04
3.1954246136598669636e+01,-4.4486700008388910775e-04
3.2057993364314903317e+01,-4.5114449318146143805e-04
3.2161740592031129893e+01,-4.5747159527475173045e-04
3.2265487819747363574e+01,-4.6384816562210917515e-04
3.2369235047463590149e+01,-4.7027405154816999270e-04
3.2472982275179823830e+01,-4.7674910110482459800e-04
3.2576729502896050406e+01,-4.8327315301819489569e-04
3.2680476730612276981e+01,-4.8984603405030494646e-04
3.2784223958328510662e+01,-4.9646757198680113287e-04
3.2887971186044737237e+01,-5.0313758545816465902e-04
3.2991718413760970918e+01,-5.0985588067397789262e-04
3.3095465641477197494e+01,-5.1662226508210795824e-04
3.3199212869193424069e+01,-5.2343653771957715168e-04
3.3302960096909657750e+01,-5.3029848430832533367e-04
3.3406707324625884326e+01,-5.3720789186922695765e-04
3.3510454552342118006e+01,-5.4416454038254489373e-04
3.3614201780058344582e+01,-5.5116819525716492095e-04
3.3717949007774571157e+01,-5.5821862297033436346e-04
3.3821696235490804838e+01,-5.6531558494600508968e-04
3.3925443463207031414e+01,-5.7245882664449165497e-04
3.4029190690923265095e+01,-5.7964809387452955955e-04
3.4132937918639491670e+01,-5.8688312982796897108e-04
3.4236685146355718246e+01,-5.9416366069050001366e-04
3.4340432374071951926e+01,-6.0148941152566096080e-04
3.4444179601788178502e+01,-6.0886010722754479053e-04
3.4547926829504412183e+01,-6.1627545583626934262e-04
3.4651674057220638758e+01,-6.2373516165214549015e-04
3.4755421284936865334e+01,-6.3123893082708967209e-04
3.4859168512653099015e+01,-6.3878645469386265924e-04
3.4962915740369325590e+01,-6.4637741693789583803e-04
3.5066662968085559271e+01,-6.5401150431147801832e-04
3.5170410195801785846e+01,-6.6168839279937333425e-04
3.5274157423518012422e+01,-6.6940774603055808612e-04
3.5377904651234246103e+01,-6.7716923068277120549e-04
3.5481651878950472678e+01,-6.8497250814671334709e-04
3.5585399106666706359e+01,-6.9281722329034918680e-04
3.5689146334382932935e+01,-7.0070302234344328772e-04
3.5792893562099159510e+01,-7.0862955147936565383e-04
3.5896640789815393191e+01,-7.1659643928123368389e-04
3.6000388017531619766e+01,-7.2460331157074315146e-04
3.6104135245247853447e+01,-7.3264979731777553525e-04
3.6207882472964080023e+01,-7.4073551198317684387e-04
3.6311629700680313704e+01,-7.4886006146532746626e-04
3.6415376928396540279e+01,-7.5702305569988503128e-04
3.6519124156112766855e+01,-7.6522409870353471587e-04
3.6622871383829000536e+01,-7.7346277831960769979e-04
3.6726618611545227111e+01,-7.8173868459388670855e-04
3.6830365839261460792e+01,-7.9005140866511027169e-04
3.6934113066977687367e+01,-7.9840052439901618066e-04
3.7037860294693913943e+01,-8.0678560206694910611e-04
3.7141607522410147624e+01,-8.1520621624807040884e-04
3.7245354750126374199e+01,-8.2366193132187763646e-04
3.7349101977842607880e+01,-8.3215229897554664207e-04
3.7452849205558834456e+01,-8.4067687486145655298e-04
3.7556596433275061031e+01,-8.4923521405806819649e-04
3.7660343660991294712e+01,-8.5782685384680891320e-04
3.7764090888707521287e+01,-8.6645133072122109547e-04
3.7867838116423754968e+01,-8.7510818552223460301e-04
3.7971585344139981544e+01,-8.8379694765683327468e-04
3.8075332571856208119e+01,-8.9251713544033148273e-04
3.8179079799572441800e+01,-9.0126827173478678973e-04
3.8282827027288668376e+01,-9.1004987909278111432e-04
3.8386574255004902056e+01,-9.1886146252487851515e-04
3.8490321482721128632e+01,-9.2770252650146230351e-04
3.8594068710437355207e+01,-9.3657258034789885124e-04
3.8697815938153588888e+01,-9.4547112373023994934e-04
3.8801563165869815464e+01,-9.5439764410785131454e-04
3.8905310393586049145e+01,-9.6335163339924850985e-04
3.9009057621302275720e+01,-9.7233258543974541554e-04
3.9112804849018502296e+01,-9.8133997759093107537e-04
3.9216552076734735977e+01,-9.9037328430891073683e-04
3.9320299304450962552e+01,-9.9943198550803396402e-04
3.9424046532167196233e+01,-1.0085155563842285956e-03
3.9527793759883422808e+01,-1.0176234568900655465e-03
3.9631540987599649384e+01,-1.0267551501081900560e-03
3.9735288215315883065e+01,-1.0359101036592911326e-03
3.9839035443032109640e+01,-1.0450877732232014949e-03
3.9942782670748343321e+01,-1.0542876058850577260e-03
4.0046529898464569897e+01,-1.0635090540432683669e-03
4.0150277126180796472e+01,-1.0727515719206200638e-03
4.0254024353897030153e+01,-1.0820145978659000824e-03
4.0357771581613256728e+01,-1.0912975685170667271e-03
4.0461518809329490409e+01,-1.1005999262593318868e-03
4.0565266037045716985e+01,-1.1099211107927252958e-03
4.0669013264761943560e+01,-1.1192605467478409717e-03
4.0772760492478177241e+01,-1.1286176614467282805e-03
4.0876507720194403817e+01,-1.1379918876829931730e-03
4.0980254947910637497e+01,-1.1473826507645179702e-03
4.1084002175626864073e+01,-1.1567893646895854691e-03
4.1187749403343097754e+01,-1.1662114482226314336e-03
4.1291496631059324329e+01,-1.1756483248255105139e-03
4.1395243858775550905e+01,-1.1850994068594133523e-03
4.1498991086491784586e+01,-1.1945640996991074324e-03
4.1602738314208011161e+01,-1.2040418143263917870e-03
4.1706485541924244842e+01,-1.2135319652669140401e-03
4.1810232769640471417e+01,-1.2230339539415573634e-03
4.1913979997356697993e+01,-1.2325471784674611481e-03
4.2017727225072931674e+01,-1.2420710428435015067e-03
4.2121474452789158249e+01,-1.2516049533468568810e-03
4.2225221680505391930e+01,-1.2611483025376797173e-03
4.2328968908221618506e+01,-1.2707004823145464159e-03
4.2432716135937845081e+01,-1.2802608905178682920e-03
4.2536463363654078762e+01,-1.2898289261915119649e-03
4.2640210591370305337e+01,-1.2994039749388160664e-03
4.2743957819086539018e+01,-1.3089854233498902231e-03
4.2847705046802765594e+01,-1.3185726639554850529e-03
4.2951452274518992169e+01,-1.3281650898547537037e-03
4.3055199502235225850e+01,-1.3377620813542193037e-03
4.3158946729951452426e+01,-1.3473630206228791317e-03
4.3262693957667686107e+01,-1.3569672957552832669e-03
4.3366441185383912682e+01,-1.3665742953537390360e-03
4.3470188413100139257e+01,-1.3761833958994098333e-03
4.3573935640816372938e+01,-1.3857939760462990864e-03
4.3677682868532599514e+01,-1.3954054203517351433e-03
4.3781430096248833195e+01,-1.4050171143876629114e-03
4.3885177323965059770e+01,-1.4146284322102435291e-03
4.3988924551681286346e+01,-1.4242387498882300503e-03
4.4092671779397520027e+01,-1.4338474493626580074e-03
4.4196419007113746602e+01,-1.4434539145389785417e-03
4.4300166234829980283e+01,-1.4530575184850615285e-03
4.4403913462546206858e+01,-1.4626576356372631132e-03
4.4507660690262433434e+01,-1.4722536462646086414e-03
4.4611407917978667115e+01,-1.4818449337650767186e-03
4.4715155145694893690e+01,-1.4914308717668119195e-03
4.4818902373411127371e+01,-1.5010108340569724636e-03
4.4922649601127353947e+01,-1.5105842001993353366e-03
4.5026396828843580522e+01,-1.5201503539991007095e-03
4.5130144056559814203e+01,-1.5297086712879103074e-03
4.5233891284276040778e+01,-1.5392585262565278842e-03
4.5337638511992274459e+01,-1.5487992987516037598e-03
4.5441385739708501035e+01,-1.5583303736872670259e-03
4.5545132967424727610e+01,-1.5678511307092100457e-03
4.5648880195140961291e+01,-1.5773609456130447716e-03
4.5752627422857187867e+01,-1.5868591995367386203e-03
4.5856374650573421548e+01,-1.5963452790983697314e-03
4.5960121878289648123e+01,-1.6058185690939717760e-03
4.6063869106005881804e+01,-1.6152784483918591722e-03
4.6167616333722108379e+01,-1.6247243004488566825e-03
4.6271363561438334955e+01,-1.6341555142502929392e-03
4.6375110789154568636e+01,-1.6435714804660475109e-03
4.6478858016870795211e+01,-1.6529715829184498787e-03
4.6582605244587028892e+01,-1.6623552084284814144e-03
4.6686352472303255468e+01,-1.6717217492675890897e-03
4.6790099700019482043e+01,-1.6810706018084008596e-03
4.6893846927735715724e+01,-1.6904011571638325254e-03
4.6997594155451942299e+01,-1.6997128066170920542e-03
4.7101341383168175980e+01,-1.7090049467782580852e-03
4.7205088610884402556e+01,-1.7182769793647315916e-03
4.7308835838600629131e+01,-1.7275283046107499114e-03
4.7412583066316862812e+01,-1.7367583197707894133e-03
4.7516330294033089388e+01,-1.7459664268617523797e-03
4.7620077521749323068e+01,-1.7551520331116005416e-03
4.7723824749465549644e+01,-1.7643145482742774409e-03
4.7827571977181776219e+01,-1.7734533778129227960e-03
4.7931319204898009900e+01,-1.7825679302322261933e-03
4.8035066432614236476e+01,-1.7916576191469738098e-03
4.8138813660330470157e+01,-1.8007218627538986236e-03
4.8242560888046696732e+01,-1.8097600774067560195e-03
4.8346308115762923308e+01,-1.8187716793171115198e-03
4.8450055343479156988e+01,-1.8277560895706853293e-03
4.8553802571195383564e+01,-1.8367127341964500573e-03
4.8657549798911617245e+01,-1.8456410414341196686e-03
4.8761297026627843820e+01,-1.8545404372367056169e-03
4.8865044254344070396e+01,-1.8634103512538604391e-03
4.8968791482060304077e+01,-1.8722502179687047167e-03
4.9072538709776530652e+01,-1.8810594762669137405e-03
4.9176285937492764333e+01,-1.8898375645760761080e-03
4.9280033165208990908e+01,-1.8985839222941452639e-03
4.9383780392925217484e+01,-1.9072979934459332284e-03
4.9487527620641451165e+01,-1.9159792267181552632e-03
4.9591274848357677740e+01,-1.9246270738419014954e-03
4.9695022076073911421e+01,-1.9332409859659420524e-03
4.9798769303790137997e+01,-1.9418204177533220870e-03
4.9902516531506364572e+01,-1.9503648284021077655e-03
5.0006263759222598253e+01,-1.9588736814962763762e-03
5.0110010986938824828e+01,-1.9673464422573345121e-03
5.0213758214655058509e+01,-1.9757825772442586150e-03
5.0317505442371285085e+01,-1.9841815572574157851e-03
5.0421252670087511660e+01,-1.9925428574527202959e-03
5.0524999897803745341e+01,-2.0008659568876360768e-03
5.0628747125519971917e+01,-2.0091503360298830841e-03
5.0732494353236205598e+01,-2.0173954783772947603e-03
5.0836241580952432173e+01,-2.0256008716394630943e-03
5.0939988808668665854e+01,-2.0337660076984727213e-03
5.1043736036384892429e+01,-2.0418903818959985297e-03
5.1147483264101119005e+01,-2.0499734918221729045e-03
5.1251230491817352686e+01,-2.0580148388206487287e-03
5.1354977719533579261e+01,-2.0660139282646160057e-03
5.1458724947249812942e+01,-2.0739702695045849484e-03
5.1562472174966039518e+01,-2.0818833753613562310e-03
5.1666219402682266093e+01,-2.0897527619313355750e-03
5.1769966630398499774e+01,-2.0975779491456390292e-03
5.1873713858114726349e+01,-2.1053584607759212068e-03
5.1977461085830960030e+01,-2.1130938244142498904e-03
5.2081208313547186606e+01,-2.1207835716803538802e-03
5.2184955541263413181e+01,-2.1284272381169523809e-03
5.2288702768979646862e+01,-2.1360243629577825748e-03
5.2392449996695873438e+01,-2.1435744890862099866e-03
5.2496197224412107118e+01,-2.1510771631680020502e-03
5.2599944452128333694e+01,-2.1585319367752558821e-03
5.2703691679844560269e+01,-2.1659383656404350947e-03
5.2807438907560793950e+01,-2.1732960089910755876e-03
5.2911186135277020526e+01,-2.1806044295117473983e-03
5.3014933362993254207e+01,-2.1878631937762823070e-03
5.3118680590709480782e+01,-2.1950718742218505546e-03
5.3222427818425707358e+01,-2.2022300474392178180e-03
5.3326175046141941039e+01,-2.2093372933146941672e-03
5.3429922273858167614e+01,-2.2163931949975984592e-03
5.3533669501574401295e+01,-2.2233973397222262652e-03
5.3637416729290627870e+01,-2.2303493214981800347e-03
5.3741163957006854446e+01,-2.2372487384094618887e-03
5.3844911184723088127e+01,-2.2440951916376889949e-03
5.3948658412439314702e+01,-2.2508882854323114010e-03
5.4052405640155548383e+01,-2.2576276282936149492e-03
5.4156152867871774959e+01,-2.2643128363601643799e-03
5.4259900095588001534e+01,-2.2709435298153509732e-03
5.4363647323304235215e+01,-2.2775193317419225453e-03
5.4467394551020461790e+01,-2.2840398680943714213e-03
5.4571141778736695471e+01,-2.2905047690809639087e-03
5.4674889006452922047e+01,-2.2969136733922285165e-03
5.4778636234169148622e+01,-2.3032662238843793455e-03
5.4882383461885382303e+01,-2.3095620661141413182e-03
5.4986130689601608879e+01,-2.3158008483132827039e-03
5.5089877917317842559e+01,-2.3219822227177016986e-03
5.5193625145034069135e+01,-2.3281058508203117917e-03
5.5297372372750295710e+01,-2.3341713986874427708e-03
5.5401119600466529391e+01,-2.3401785348873293570e-03
5.5504866828182755967e+01,-2.3461269304661958729e-03
5.5608614055898989648e+01,-2.3520162599739041255e-03
5.5712361283615216223e+01,-2.3578462077076360603e-03
5.5816108511331449904e+01,-2.3636164634331427968e-03
5.5919855739047676479e+01,-2.3693267192301404461e-03
5.6023602966763903055e+01,-2.3749766694592311031e-03
5.6127350194480136736e+01,-2.3805660113437681312e-03
5.6231097422196363311e+01,-2.3860944516840361558e-03
5.6334844649912596992e+01,-2.3915617043379069559e-03
5.6438591877628823568e+01,-2.3969674853566557554e-03
5.6542339105345050143e+01,-2.4023115128755834387e-03
5.6646086333061283824e+01,-2.4075935072985130657e-03
5.6749833560777510399e+01,-2.4128131973874611740e-03
5.6853580788493744080e+01,-2.4179703212572605658e-03
5.6957328016209970656e+01,-2.4230646193487311024e-03
5.7061075243926197231e+01,-2.4280958339903944455e-03
5.7164822471642430912e+01,-2.4330637093956000543e-03
5.7268569699358657488e+01,-2.4379679958168773944e-03
5.7372316927074891169e+01,-2.4428084552862235242e-03
5.7476064154791117744e+01,-2.4475848530076328886e-03
5.7579811382507344319e+01,-2.4522969558773218164e-03
5.7683558610223578000e+01,-2.4569445324685097905e-03
5.7787305837939804576e+01,-2.4615273548185714718e-03
5.7891053065656038257e+01,-2.4660452075557230851e-03
5.7994800293372264832e+01,-2.4704978809667607967e-03
5.8098547521088491408e+01,-2.4748851668439019943e-03
5.8202294748804725089e+01,-2.4792068584639044213e-03
5.8306041976520951664e+01,-2.4834627509422490046e-03
5.8409789204237185345e+01,-2.4876526494673686929e-03
5.8513536431953411920e+01,-2.4917763693138015625e-03
5.8617283659669638496e+01,-2.4958337274497573686e-03
5.8721030887385872177e+01,-2.4998245421369584725e-03
5.8824778115102098752e+01,-2.5037486329207350039e-03
5.8928525342818332433e+01,-2.5076058246229549799e-03
5.9032272570534559009e+01,-2.5113959559810959676e-03
5.9136019798250785584e+01,-2.5151188693690869173e-03
5.9239767025967019265e+01,-2.5187744082650676859e-03
5.9343514253683245840e+01,-2.5223624172417326988e-03
5.9447261481399479521e+01,-2.5258827427161317791e-03
5.9551008709115706097e+01,-2.5293352431752669923e-03
5.9654755936831932672e+01,-2.5327197863718457944e-03
5.9758503164548166353e+01,-2.5360362411799507697e-03
5.9862250392264392929e+01,-2.5392844773826808540e-03
5.9965997619980626610e+01,-2.5424643656664701157e-03
6.0069744847696853185e+01,-2.5455757821258601786e-03
6.0173492075413079760e+01,-2.5486186177028791883e-03
6.0277239303129313441e+01,-2.5515927667933632761e-03
6.0380986530845540017e+01,-2.5544981245189456003e-03
6.0484733758561773698e+01,-2.5573345867208373619e-03
6.0588480986278000273e+01,-2.5601020504406857801e-03
6.0692228213994233954e+01,-2.5628004241473913150e-03
6.0795975441710460530e+01,-2.5654296273910316348e-03
6.0899722669426687105e+01,-2.5679895807047860290e-03
6.1003469897142920786e+01,-2.5704802051624247965e-03
6.1107217124859147361e+01,-2.5729014223737187335e-03
6.1210964352575381042e+01,-2.5752531570791682529e-03
6.1314711580291607618e+01,-2.5775353494884175286e-03
6.1418458808007834193e+01,-2.5797479455557533433e-03
6.1522206035724067874e+01,-2.5818908916067358043e-03
6.1625953263440294450e+01,-2.5839641343283672320e-03
6.1729700491156528130e+01,-2.5859676207953485004e-03
6.1833447718872754706e+01,-2.5879013050492585130e-03
6.1937194946588981281e+01,-2.5897651563736630992e-03
6.2040942174305214962e+01,-2.5915591463073453689e-03
6.2144689402021441538e+01,-2.5932832465791451695e-03
6.2248436629737675219e+01,-2.5949374291063809217e-03
6.2352183857453901794e+01,-2.5965216663776146191e-03
6.2455931085170128370e+01,-2.5980359420186816509e-03
6.2559678312886362050e+01,-2.5994802520304918954e-03
6.2663425540602588626e+01,-2.6008545930895610697e-03
6.2767172768318822307e+01,-2.6021589618943821026e-03
6.2870919996035048882e+01,-2.6033933551652373509e-03
6.2974667223751275458e+01,-2.6045577708436371510e-03
6.3078414451467509139e+01,-2.6056522210633494517e-03
6.3182161679183735714e+01,-2.6066767271338839654e-03
6.3285908906899969395e+01,-2.6076313103846299017e-03
6.3389656134616195970e+01,-2.6085159920053399042e-03
6.3493403362332422546e+01,-2.6093307930472697635e-03
6.3597150590048656227e+01,-2.6100757366757740968e-03
6.3700897817764882802e+01,-2.6107508619237530800e-03
6.3804645045481116483e+01,-2.6113562145123822567e-03
6.3908392273197343059e+01,-2.6118918398940912072e-03
6.4012139500913576740e+01,-2.6123577832266402753e-03
6.4115886728629803315e+01,-2.6127540893755101491e-03
6.4219633956346029890e+01,-2.6130808060801208846e-03
6.4323381184062256466e+01,-2.6133379976155061281e-03
6.4427128411778497252e+01,-2.6135257334253631997e-03
6.4530875639494723828e+01,-2.6136440825104906641e-03
6.4634622867210950403e+01,-2.6136931134286673327e-03
6.4738370094927176979e+01,-2.6136728942981971718e-03
6.4842117322643403554e+01,-2.6135834963973828861e-03
6.4945864550359644340e+01,-2.6134250076988809787e-03
6.5049611778075870916e+01,-2.6131975207209739813e-03
6.5153359005792097491e+01,-2.6129011273935361971e-03
6.5257106233508324067e+01,-2.6125359190618366485e-03
6.5360853461224550642e+01,-2.6121019864911742582e-03
6.5464600688940791429e+01,-2.6115994232508319903e-03
6.5568347916657018004e+01,-2.6110283395050456513e-03
6.5672095144373244580e+01,-2.6103888501721383628e-03
6.5775842372089471155e+01,-2.6096810694476346888e-03
6.5879589599805697731e+01,-2.6089051108077179406e-03
6.5983336827521938517e+01,-2.6080610870148858080e-03
6.6087084055238165092e+01,-2.6071491127089394153e-03
6.6190831282954391668e+01,-2.6061693185969315827e-03
6.6294578510670618243e+01,-2.6051218412691109702e-03
6.6398325738386844819e+01,-2.6040068164796745243e-03
6.6502072966103085605e+01,-2.6028243791356795583e-03
6.6605820193819312180e+01,-2.6015746633036456771e-03
6.6709567421535538756e+01,-2.6002578037245317223e-03
6.6813314649251765331e+01,-2.5988739497227989102e-03
6.6917061876967991907e+01,-2.5974232587221324393e-03
6.7020809104684232693e+01,-2.5959058872857074945e-03
6.7124556332400459269e+01,-2.5943219910087708321e-03
6.7228303560116685844e+01,-2.5926717245261031268e-03
6.7332050787832912420e+01,-2.5909552420782799853e-03
6.7435798015549138995e+01,-2.5891727094857386500e-03
6.7539545243265379781e+01,-2.5873243038930225125e-03
6.7643292470981606357e+01,-2.5854102018808716203e-03
6.7747039698697832932e+01,-2.5834305789483673864e-03
6.7850786926414059508e+01,-2.5813856095212067872e-03
6.7954534154130286083e+01,-2.5792754670256267356e-03
6.8058281381846526870e+01,-2.5771003319214748177e-03
6.8162028609562753445e+01,-2.5748603993408060789e-03
6.8265775837278980021e+01,-2.5725558650499871782e-03
6.8369523064995206596e+01,-2.5701869236271221789e-03
6.8473270292711433171e+01,-2.5677537684710557628e-03
6.8577017520427673958e+01,-2.5652565918102923116e-03
6.8680764748143900533e+01,-2.5626955881378754576e-03
6.8784511975860127109e+01,-2.5600709676262723043e-03
6.8888259203576353684e+01,-2.5573829443549722304e-03
6.8992006431292580260e+01,-2.5546317311171736625e-03
6.9095753659008821046e+01,-2.5518175394280422259e-03
6.9199500886725047621e+01,-2.5489405795342881533e-03
6.9303248114441274197e+01,-2.5460010611295857616e-03
6.9406995342157500772e+01,-2.5429992054781273489e-03
6.9510742569873727348e+01,-2.5399352436906649788e-03
6.9614489797589968134e+01,-2.5368094058740566984e-03
6.9718237025306194710e+01,-2.5336219207654805778e-03
6.9821984253022421285e+01,-2.5303730157426097304e-03
6.9925731480738647861e+01,-2.5270629168395557229e-03
7.0029478708454874436e+01,-2.5236918543820154384e-03
7.0133225936171115222e+01,-2.5202600734396196983e-03
7.0236973163887341798e+01,-2.5167678204956731892e-03
7.0340720391603568373e+01,-2.5132153405793083122e-03
7.0444467619319794949e+01,-2.5096028772761849561e-03
7.0548214847036021524e+01,-2.5059306727391104756e-03
7.0651962074752262311e+01,-2.5021989686128806238e-03
7.0755709302468488886e+01,-2.4984080182323471948e-03
7.0859456530184715461e+01,-2.4945580832485309171e-03
7.0963203757900942037e+01,-2.4906494240186619234e-03
7.1066950985617168612e+01,-2.4866822993796396102e-03
7.1170698213333409399e+01,-2.4826569666591114492e-03
7.1274445441049635974e+01,-2.4785736816868341251e-03
7.1378192668765862550e+01,-2.4744327032765549811e-03
7.1481939896482089125e+01,-2.4702343043119597173e-03
7.1585687124198315701e+01,-2.4659787594828496207e-03
7.1689434351914556487e+01,-2.4616663418889246639e-03
7.1793181579630783062e+01,-2.4572973230512808185e-03
7.1896928807347009638e+01,-2.4528719729237889735e-03
7.2000676035063236213e+01,-2.4483905601811366617e-03
7.2104423262779462789e+01,-2.4438533616509498098e-03
7.2208170490495703575e+01,-2.4392606645798542084e-03
7.2311917718211930151e+01,-2.4346127553125573514e-03
7.2415664945928156726e+01,-2.4299099185528224079e-03
7.2519412173644383302e+01,-2.4251524373752075293e-03
7.2623159401360624088e+01,-2.4203405932367058444e-03
7.2726906629076850663e+01,-2.4154746673895662740e-03
7.2830653856793077239e+01,-2.4105549527041465578e-03
7.2934401084509303814e+01,-2.4055817476496222859e-03
7.3038148312225530390e+01,-2.4005553490747170119e-03
7.3141895539941771176e+01,-2.3954760521439034601e-03
7.3245642767657997751e+01,-2.3903441503493427604e-03
7.3349389995374224327e+01,-2.3851599355227018177e-03
7.3453137223090450902e+01,-2.3799237010558890563e-03
7.3556884450806677478e+01,-2.3746357527508320934e-03
7.3660631678522918264e+01,-2.3692963985391035306e-03
7.3764378906239144840e+01,-2.3639059446200023570e-03
7.3868126133955371415e+01,-2.3584646954726055067e-03
7.3971873361671597991e+01,-2.3529729538678341612e-03
7.4075620589387824566e+01,-2.3474310208912172251e-03
7.4179367817104065352e+01,-2.3418392009982879655e-03
7.4283115044820291928e+01,-2.3361978100211924086e-03
7.4386862272536518503e+01,-2.3305071641173862387e-03
7.4490609500252745079e+01,-2.3247675776830053172e-03
7.4594356727968971654e+01,-2.3189793633651132644e-03
7.4698103955685212441e+01,-2.3131428320738466921e-03
7.4801851183401439016e+01,-2.3072582930508500447e-03
7.4905598411117665592e+01,-2.3013260600275140151e-03
7.5009345638833892167e+01,-2.2953464567155236649e-03
7.5113092866550118742e+01,-2.2893198063395252609e-03
7.5216840094266359529e+01,-2.2832464303408571936e-03
7.5320587321982586104e+01,-2.2771266483898357225e-03
7.5424334549698812680e+01,-2.2709607783979310000e-03
7.5528081777415039255e+01,-2.2647491366169681011e-03
7.5631829005131265831e+01,-2.2584920439995838891e-03
7.5735576232847506617e+01,-2.2521898304712528911e-03
7.5839323460563733192e+01,-2.2458428251700161479e-03
7.5943070688279959768e+01,-2.2394513554353460277e-03
7.6046817915996186343e+01,-2.2330157468204167928e-03
7.6150565143712412919e+01,-2.2265363231042762868e-03
7.6254312371428653705e+01,-2.2200134063701175251e-03
7.6358059599144880281e+01,-2.2134473227746805785e-03
7.6461806826861106856e+01,-2.2068384069870096605e-03
7.6565554054577333432e+01,-2.2001869929120848254e-03
7.6669301282293560007e+01,-2.1934934126475544997e-03
7.6773048510009800793e+01,-2.1867579964959470672e-03
7.6876795737726027369e+01,-2.1799810729767844439e-03
7.6980542965442253944e+01,-2.1731629688587447181e-03
7.7084290193158480520e+01,-2.1663040136702476322e-03
7.7188037420874707095e+01,-2.1594045453637070696e-03
7.7291784648590947882e+01,-2.1524649014745649012e-03
7.7395531876307174457e+01,-2.1454854177284307659e-03
7.7499279104023401032e+01,-2.1384664280531839355e-03
7.7603026331739627608e+01,-2.1314082645909984172e-03
7.7706773559455854183e+01,-2.1243112577103975477e-03
7.7810520787172094970e+01,-2.1171757388202369805e-03
7.7914268014888321545e+01,-2.1100020475470653882e-03
7.8018015242604548121e+01,-2.1027905239329536605e-03
7.8121762470320774696e+01,-2.0955415062136428621e-03
7.8225509698037001272e+01,-2.0882553308305237989e-03
7.8329256925753242058e+01,-2.0809323324425168383e-03
7.8433004153469468633e+01,-2.0735728439378662939e-03
7.8536751381185695209e+01,-2.0661771976834032716e-03
7.8640498608901921784e+01,-2.0587457330857677172e-03
7.8744245836618148360e+01,-2.0512787915697655930e-03
7.8847993064334389146e+01,-2.0437767127785672581e-03
7.8951740292050615722e+01,-2.0362398345701022799e-03
7.9055487519766842297e+01,-2.0286684930287666485e-03
7.9159234747483068872e+01,-2.0210630224770484605e-03
7.9262981975199295448e+01,-2.0134237557775666941e-03
7.9366729202915536234e+01,-2.0057510302550186042e-03
7.9470476430631762810e+01,-1.9980451874167877609e-03
7.9574223658347989385e+01,-1.9903065672286068127e-03
7.9677970886064215961e+01,-1.9825355078855583756e-03
7.9781718113780442536e+01,-1.9747323458235840551e-03
7.9885465341496683322e+01,-1.9668974157309093362e-03
7.9989212569212909898e+01,-1.9590310505657650836e-03
8.0092959796929136473e+01,-1.9511335844443955176e-03
8.0196707024645363049e+01,-1.9432053571706313280e-03
8.0300454252361589624e+01,-1.9352467079684883625e-03
8.0404201480077830411e+01,-1.9272579743111483992e-03
8.0507948707794056986e+01,-1.9192394919322482930e-03
8.0611695935510283562e+01,-1.9111915948370626541e-03
8.0715443163226510137e+01,-1.9031146153136203891e-03
8.0819190390942736713e+01,-1.8950088845624182138e-03
8.0922937618658977499e+01,-1.8868747382082805015e-03
8.1026684846375204074e+01,-1.8787125136514135505e-03
8.1130432074091430650e+01,-1.8705225466071090813e-03
8.1234179301807657225e+01,-1.8623051710756381109e-03
8.1337926529523883801e+01,-1.8540607193531933716e-03
8.1441673757240124587e+01,-1.8457895220427363199e-03
8.1545420984956351163e+01,-1.8374919080773523695e-03
8.1649168212672577738e+01,-1.8291682072978207758e-03
8.1752915440388804313e+01,-1.8208187535787173118e-03
8.1856662668105030889e+01,-1.8124438798672020540e-03
8.1960409895821271675e+01,-1.8040439174246305880e-03
8.2064157123537498251e+01,-1.7956191958372104151e-03
8.2167904351253724826e+01,-1.7871700430265723570e-03
8.2271651578969951402e+01,-1.7786967852602651990e-03
8.2375398806686192188e+01,-1.7701997474757983492e-03
8.2479146034402418763e+01,-1.7616792572984292433e-03
8.2582893262118645339e+01,-1.7531356438537516306e-03
8.2686640489834871914e+01,-1.7445692346868134533e-03
8.2790387717551098490e+01,-1.7359803557008362217e-03
8.2894134945267339276e+01,-1.7273693311674854448e-03
8.2997882172983565852e+01,-1.7187364837370742738e-03
8.3101629400699792427e+01,-1.7100821344486760722e-03
8.3205376628416019003e+01,-1.7014066037397820516e-03
8.3309123856132245578e+01,-1.6927102148767121746e-03
8.3412871083848486364e+01,-1.6839932907415399495e-03
8.3516618311564712940e+01,-1.6752561526120065497e-03
8.3620365539280939515e+01,-1.6664991201714195786e-03
8.3724112766997166091e+01,-1.6577225115185381752e-03
8.3827859994713392666e+01,-1.6489266431773785381e-03
8.3931607222429633453e+01,-1.6401118301190766458e-03
8.4035354450145860028e+01,-1.6312783874333895186e-03
8.4139101677862086603e+01,-1.6224266320210827680e-03
8.4242848905578313179e+01,-1.6135568796249487658e-03
8.4346596133294539754e+01,-1.6046694444343102912e-03
8.4450343361010780541e+01,-1.5957646390945632447e-03
8.4554090588727007116e+01,-1.5868427747166534425e-03
8.4657837816443233692e+01,-1.5779041608864705776e-03
8.4761585044159460267e+01,-1.5689491057324460570e-03
8.4865332271875686843e+01,-1.5599779177454503164e-03
8.4969079499591927629e+01,-1.5509909061294996965e-03
8.5072826727308154204e+01,-1.5419883787095103617e-03
8.5176573955024380780e+01,-1.5329706418106437294e-03
8.5280321182740607355e+01,-1.5239380002674269947e-03
8.5384068410456833931e+01,-1.5148907574328155431e-03
8.5487815638173074717e+01,-1.5058292151871746981e-03
8.5591562865889301293e+01,-1.4967536740363095952e-03
8.5695310093605527868e+01,-1.4876644346314923419e-03
8.5799057321321754443e+01,-1.4785617975544204910e-03
8.5902804549037981019e+01,-1.4694460619804176633e-03
8.6006551776754221805e+01,-1.4603175256412616757e-03
8.6110299004470448381e+01,-1.4511764848338830954e-03
8.6214046232186674956e+01,-1.4420232344289915863e-03
8.6317793459902901532e+01,-1.4328580678796530318e-03
8.6421540687619128107e+01,-1.4236812773017206400e-03
8.6525287915335368893e+01,-1.4144931544830543439e-03
8.6629035143051595469e+01,-1.4052939906378163031e-03
8.6732782370767822044e+01,-1.3960840756079150211e-03
8.6836529598484048620e+01,-1.3868636978501148321e-03
8.6940276826200275195e+01,-1.3776331444443001232e-03
8.7044024053916515982e+01,-1.3683927011016792756e-03
8.7147771281632742557e+01,-1.3591426521729363473e-03
8.7251518509348969133e+01,-1.3498832806837291528e-03
8.7355265737065195708e+01,-1.3406148687797195609e-03
8.7459012964781422284e+01,-1.3313376976552078381e-03
8.7562760192497663070e+01,-1.3220520471836892402e-03
8.7666507420213889645e+01,-1.3127581959138175279e-03
8.7770254647930116221e+01,-1.3034564210772303042e-03
8.7874001875646342796e+01,-1.2941469985963262139e-03
8.7977749103362569372e+01,-1.2848302030919859801e-03
8.8081496331078810158e+01,-1.2755063078884302814e-03
8.8185243558795036733e+01,-1.2661755849453532486e-03
8.8288990786511263309e+01,-1.2568383048573671373e-03
8.8392738014227489884e+01,-1.2474947369441773733e-03
8.8496485241943716460e+01,-1.2381451492625612527e-03
8.8600232469659957246e+01,-1.2287898086137608988e-03
8.8703979697376183822e+01,-1.2194289805508306841e-03
8.8807726925092410397e+01,-1.2100629293859202495e-03
8.8911474152808636973e+01,-1.2006919181934518678e-03
8.9015221380524863548e+01,-1.1913162084258017807e-03
8.9118968608241104334e+01,-1.1819360595973467734e-03
8.9222715835957330910e+01,-1.1725517299389161437e-03
8.9326463063673557485e+01,-1.1631634764816597277e-03
8.9430210291389784061e+01,-1.1537715550640093454e-03
8.9533957519106010636e+01,-1.1443762203385879871e-03
8.9637704746822251423e+01,-1.1349777257790719456e-03
8.9741451974538477998e+01,-1.1255763236870104486e-03
8.9845199202254704574e+01,-1.1161722648275439196e-03
8.9948946429970931149e+01,-1.1067657973569714706e-03
9.0052693657687157724e+01,-1.0973571679329273063e-03
9.0156440885403398511e+01,-1.0879466220776806088e-03
9.0260188113119625086e+01,-1.0785344041846687234e-03
9.0363935340835851662e+01,-1.0691207575249691945e-03
9.0467682568552078237e+01,-1.0597059242537377587e-03
9.0571429796268304813e+01,-1.0502901454166018846e-03
9.0675177023984545599e+01,-1.0408736608058801690e-03
9.0778924251700772174e+01,-1.0314567073386336684e-03
9.0882671479416998750e+01,-1.0220395196863885177e-03
9.0986418707133225325e+01,-1.0126223314301740185e-03
9.1090165934849451901e+01,-1.0032053750868698359e-03
9.1193913162565692687e+01,-9.9378888211525823193e-04
9.1297660390281919263e+01,-9.8437308292204138763e-04
9.1401407617998145838e+01,-9.7495820686780418959e-04
9.1505154845714372414e+01,-9.6554448226431738560e-04
9.1608902073430598989e+01,-9.5613213516802244511e-04
9.1712649301146839775e+01,-9.4672138814157029418e-04
9.1816396528863066351e+01,-9.3731246244334299154e-04
9.1920143756579292926e+01,-9.2790557833281157255e-04
9.2023890984295519502e+01,-9.1850095507617151528e-04
9.2127638212011760288e+01,-9.0909881095193126061e-04
9.2231385439727986864e+01,-8.9969936325647481990e-04
9.2335132667444213439e+01,-8.9030282830956908834e-04
9.2438879895160440014e+01,-8.8090942114991835701e-04
9.2542627122876666590e+01,-8.7151935294013552040e-04
9.2646374350592907376e+01,-8.6213283230215226587e-04
9.2750121578309133952e+01,-8.5275006690811424107e-04
9.2853868806025360527e+01,-8.4337126350202162080e-04
9.2957616033741587103e+01,-8.3399662790491256928e-04
9.3061363261457813678e+01,-8.2462636502000626147e-04
9.3165110489174054464e+01,-8.1526067883781229428e-04
9.3268857716890281040e+01,-8.0589977243879001769e-04
9.3372604944606507615e+01,-7.9654384663324162910e-04
9.3476352172322734191e+01,-7.8719309769678289749e-04
9.3580099400038960766e+01,-7.7784772043453540100e-04
9.3683846627755201553e+01,-7.6850790878869553509e-04
9.3787593855471428128e+01,-7.5917385584331378411e-04
9.3891341083187654704e+01,-7.4984575382902693853e-04
9.3995088310903881279e+01,-7.4052379412777459122e-04
9.4098835538620107855e+01,-7.3120816727747400040e-04
9.4202582766336348641e+01,-7.2189906287059243430e-04
9.4306329994052575216e+01,-7.1259666676924075107e-04
9.4410077221768801792e+01,-7.0330116084540495510e-04
9.4513824449485028367e+01,-6.9401272601064486773e-04
9.4617571677201254943e+01,-6.8473154238304976930e-04
9.4721318904917495729e+01,-6.7545778929158171305e-04
9.4825066132633722304e+01,-6.6619164528039834759e-04
9.4928813360349948880e+01,-6.5693328811313356393e-04
9.5032560588066175455e+01,-6.4768289477716220470e-04
9.5136307815782402031e+01,-6.3844064107244501323e-04
9.5240055043498642817e+01,-6.2920669787045184918e-04
9.5343802271214869393e+01,-6.1998123289994794272e-04
9.5447549498931095968e+01,-6.1076441313149404388e-04
9.5551296726647322544e+01,-6.0155640481048206283e-04
9.5655043954363549119e+01,-5.9235737346106671214e-04
9.5758791182079789905e+01,-5.8316748389007112829e-04
9.5862538409796016481e+01,-5.7398690019087330282e-04
9.5966285637512243056e+01,-5.6481578574725510838e-04
9.6070032865228469632e+01,-5.5565430240815888788e-04
9.6173780092944696207e+01,-5.4650260637342253610e-04
9.6277527320660936994e+01,-5.3736085133994067418e-04
9.6381274548377163569e+01,-5.2822919033988779969e-04
9.6485021776093390145e+01,-5.1910777574723347434e-04
9.6588769003809616720e+01,-5.0999675928128029249e-04
9.6692516231525843295e+01,-5.0089629201017561201e-04
9.6796263459242084082e+01,-4.9180652435440116738e-04
9.6900010686958310657e+01,-4.8272760609024262506e-04
9.7003757914674537233e+01,-4.7365968521628288353e-04
9.7107505142390763808e+01,-4.6460290367921879820e-04
9.7211252370106990384e+01,-4.5555740120683488759e-04
9.7314999597823231170e+01,-4.4652331693078607926e-04
9.7418746825539457745e+01,-4.3750078939005219471e-04
9.7522494053255684321e+01,-4.2848995653408170200e-04
9.7626241280971910896e+01,-4.1949095572593015583e-04
9.7729988508688137472e+01,-4.1050392374537077352e-04
9.7833735736404378258e+01,-4.0152899679198685067e-04
9.7937482964120604834e+01,-3.9256630933106326838e-04
9.8041230191836831409e+01,-3.8361598953502062037e-04
9.8144977419553057985e+01,-3.7467816326788053139e-04
9.8248724647269284560e+01,-3.6575295586151928065e-04
9.8352471874985525346e+01,-3.5684049211898573144e-04
9.8456219102701751922e+01,-3.4794089631729298914e-04
9.8559966330417978497e+01,-3.3905429221017959309e-04
9.8663713558134205073e+01,-3.3018080303086507063e-04
9.8767460785850431648e+01,-3.2132055149478293971e-04
9.8871208013566672435e+01,-3.1247365893310161990e-04
9.8974955241282899010e+01,-3.0364024033297166332e-04
9.9078702468999125585e+01,-2.9482040779854867254e-04
9.9182449696715352161e+01,-2.8601427295747234225e-04
9.9286196924431578736e+01,-2.7722194697080962313e-04
9.9389944152147819523e+01,-2.6844354053548843053e-04
9.9493691379864046098e+01,-2.5967916388672278782e-04
9.9597438607580272674e+01,-2.5092892680041016008e-04
9.9701185835296499249e+01,-2.4219293859552607721e-04
9.9804933063012725825e+01,-2.3347130771877674417e-04
9.9908680290728966611e+01,-2.2476413687204399063e-04
1.0001242751844519319e+02,-2.1607152469605618735e-04
1.0011617474616141976e+02,-2.0739356935130917928e-04
1.0021992197387764634e+02,-1.9873036859183876236e-04
1.0032366920159387291e+02,-1.9008201976732099999e-04
1.0042741642931011370e+02,-1.8144861982515988140e-04
1.0053116365702634027e+02,-1.7283026531256766170e-04
1.0063491088474256685e+02,-1.6422705237862050918e-04
1.0073865811245879343e+02,-1.5563934288492260868e-04
1.0084240534017502000e+02,-1.4708014810246215981e-04
1.0094615256789126079e+02,-1.3858032332308075642e-04
1.0104989979560748736e+02,-1.3017195330252562127e-04
1.0115364702332371394e+02,-1.2188699116690342660e-04
1.0125739425103994051e+02,-1.1375725908701641003e-04
1.0136114147875616709e+02,-1.0581444894855159336e-04
1.0146488870647240788e+02,-9.8090123018158300152e-05
1.0156863593418863445e+02,-9.0615714605448896947e-05
1.0167238316190486103e+02,-8.3422528720853436970e-05
1.0177613038962108760e+02,-7.6533674979413447367e-05
1.0187987761733732839e+02,-6.9940140284883804949e-05
1.0198362484505355496e+02,-6.3625001214741931633e-05
1.0208737207276978154e+02,-5.7571403140795534897e-05
1.0219111930048600811e+02,-5.1762559879977025797e-05
1.0229486652820223469e+02,-4.6181753347257918142e-05
1.0239861375591847548e+02,-4.0812333210673640759e-05
1.0250236098363470205e+02,-3.5637716548446972138e-05
1.0260610821135092863e+02,-3.0641387508184130808e-05
1.0270985543906715520e+02,-2.5809379923532558285e-05
1.0281360266678338178e+02,-2.1174031460493421503e-05
1.0291734989449962256e+02,-1.6808447770828782925e-05
1.0302109712221584914e+02,-1.2786851114428359635e-05
1.0312484434993207572e+02,-9.1831650703433923894e-06
1.0322859157764830229e+02,-6.0710160376963157432e-06
1.0333233880536452887e+02,-3.5237347275458361937e-06
1.0343608603308076965e+02,-1.6143576457742581445e-06
1.0353983326079699623e+02,-4.1562856706085244825e-07
1.0364358048851322280e+02,0.0000000000000000000e+00
