1.0000000000000000479e-04,3.2929797015277666823e-33
1.0384722771622945103e-01,2.1021845050978547942e-15
2.0759445543245888532e-01,1.3211184875290639221e-13
3.1134168314868831962e-01,1.4808339427543256821e-12
4.1508891086491778166e-01,8.1918533634464541584e-12
5.1883613858114718820e-01,3.0773150720352650124e-11
6.2258336629737665024e-01,9.0495875262871253040e-11
7.2633059401360611229e-01,2.2474935963141704795e-10
8.3007782172983557434e-01,4.9322905366486430695e-10
9.3382504944606503638e-01,9.8484134436199060722e-10
1.0375722771622943874e+00,1.8252162179445049244e-09
1.1413195048785238495e+00,3.1847254726947268640e-09
1.2450667325947533115e+00,5.2869105825359657671e-09
1.3488139603109827735e+00,8.4172305837708330994e-09
1.4525611880272122356e+00,1.2932045561900961856e-08
1.5563084157434416976e+00,1.9267759844562347517e-08
1.6600556434596711597e+00,2.7950047657953965226e-08
1.7638028711759006217e+00,3.9603100876106419556e-08
1.8675500988921300838e+00,5.4958826413259308410e-08
1.9712973266083595458e+00,7.4865947197913810674e-08
2.0750445543245890079e+00,1.0029894515903283402e-07
2.1787917820408186920e+00,1.3236679589527084580e-07
2.2825390097570479320e+00,1.7232145906164959476e-07
2.3862862374732776161e+00,2.2156608113880335813e-07
2.4900334651895068561e+00,2.8166286015936442558e-07
2.5937806929057365402e+00,3.5434056280751071652e-07
2.6975279206219657802e+00,4.4150163438248161927e-07
2.8012751483381954642e+00,5.4522891600957301196e-07
2.9050223760544247043e+00,6.6779189093469323381e-07
3.0087696037706543883e+00,8.1165249805384805581e-07
3.1125168314868836283e+00,9.7947045643637960363e-07
3.2162640592031133124e+00,1.1741080282989283196e-06
3.3200112869193425524e+00,1.3986344449488287828e-06
3.4237585146355717924e+00,1.6563296074800695412e-06
3.5275057423518014765e+00,1.9506873760685395403e-06
3.6312529700680307165e+00,2.2854183323943829580e-06
3.7350001977842604006e+00,2.6644519598610733376e-06
3.8387474255004896406e+00,3.0919382908612929343e-06
3.9424946532167193247e+00,3.5722490436291273671e-06
4.0462418809329481206e+00,4.1099782205322185565e-06
4.1499891086491773606e+00,4.7099420612474102830e-06
4.2537363363654074888e+00,5.3771785455943278090e-06
4.3574835640816367288e+00,6.1169466455830893785e-06
4.4612307917978659688e+00,6.9347242223149258478e-06
4.5649780195140952088e+00,7.8362066893433706950e-06
4.6687252472303253370e+00,8.8273037445042211251e-06
4.7724724749465545770e+00,9.9141367542631534423e-06
4.8762197026627838170e+00,1.1103035222055783379e-05
4.9799669303790130570e+00,1.2400532485644256755e-05
5.0837141580952422970e+00,1.3813361380719484022e-05
5.1874613858114724252e+00,1.5348449401070653805e-05
5.2912086135277016652e+00,1.7012913318401290771e-05
5.3949558412439309052e+00,1.8814053350158265111e-05
5.4987030689601601452e+00,2.0759346997003361596e-05
5.6024502966763902734e+00,2.2856442483217349795e-05
5.7061975243926195134e+00,2.5113151810488579469e-05
5.8099447521088487534e+00,2.7537443435689908431e-05
5.9136919798250779934e+00,3.0137434665168793689e-05
6.0174392075413081216e+00,3.2921383788381241556e-05
6.1211864352575373616e+00,3.5897681773818917441e-05
6.2249336629737666016e+00,3.9074843587258891039e-05
6.3286808906899958416e+00,4.2461499117500434717e-05
6.4324281184062259697e+00,4.6066384680900166750e-05
6.5361753461224552098e+00,4.9898333824806592556e-05
6.6399225738386844498e+00,5.3966266600592620111e-05
6.7436698015549136898e+00,5.8279180829737823244e-05
6.8474170292711429298e+00,6.2846142665756908282e-05
6.9511642569873730579e+00,6.7676274269962949479e-05
7.0549114847036022979e+00,7.2778746749786721705e-05
7.1586587124198315379e+00,7.8162766530897757672e-05
7.2624059401360607779e+00,8.3837567605052074949e-05
7.3661531678522909061e+00,8.9812398622262070639e-05
7.4699003955685201461e+00,9.6096514378533632456e-05
7.5736476232847493861e+00,1.0269916254430927092e-04
7.6773948510009786261e+00,1.0962957601276415547e-04
7.7811420787172087543e+00,1.1689695819729296813e-04
7.8848893064334379943e+00,1.2451047617916769644e-04
7.9886365341496672343e+00,1.3247924675115229677e-04
8.0923837618658964743e+00,1.4081232643664437780e-04
8.1961309895821266025e+00,1.4951870216635534732e-04
8.2998782172983549543e+00,1.5860727793284617928e-04
8.4036254450145850825e+00,1.6808686532422141948e-04
8.5073726727308152107e+00,1.7796617373841972496e-04
8.6111199004470435625e+00,1.8825379811855617721e-04
8.7148671281632736907e+00,1.9895820869234511776e-04
8.8186143558795020425e+00,2.1008774154841088869e-04
8.9223615835957321707e+00,2.2165058787001364862e-04
9.0261088113119622989e+00,2.3365478328807851895e-04
9.1298560390281906507e+00,2.4610819802273881367e-04
9.2336032667444207789e+00,2.5901852719708060675e-04
9.3373504944606509071e+00,2.7239328127972201347e-04
9.4410977221768792589e+00,2.8623977620065928391e-04
9.5448449498931093871e+00,3.0056512395916805055e-04
9.6485921776093377389e+00,3.1537622348543970559e-04
9.7523394053255678671e+00,3.3067975167585351515e-04
9.8560866330417979952e+00,3.4648215461729911470e-04
9.9598338607580263471e+00,3.6278963901352728576e-04
1.0063581088474256475e+01,3.7960816381806097896e-04
1.0167328316190484827e+01,3.9694343209410010804e-04
1.0271075543906714955e+01,4.1480088313666286549e-04
1.0374822771622945083e+01,4.3318568483903280731e-04
1.0478569999339173435e+01,4.5210272630618946951e-04
1.0582317227055403563e+01,4.7155661072182232605e-04
1.0686064454771633692e+01,4.9155164847561945863e-04
1.0789811682487862043e+01,5.1209185055651660311e-04
1.0893558910204092172e+01,5.3318092221678737956e-04
1.0997306137920320523e+01,5.5482225691134208923e-04
1.1101053365636550652e+01,5.7701893051663325288e-04
1.1204800593352780780e+01,5.9977369583278500580e-04
1.1308547821069009132e+01,6.2308897737310578284e-04
1.1412295048785239260e+01,6.4696686644488308419e-04
1.1516042276501469388e+01,6.7140911652607284353e-04
1.1619789504217697740e+01,6.9641713894283505809e-04
1.1723536731933927868e+01,7.2199199885407926158e-04
1.1827283959650156220e+01,7.4813441154382963067e-04
1.1931031187366386348e+01,7.7484473886179456529e-04
1.2034778415082616476e+01,8.0212298595187065883e-04
1.2138525642798844828e+01,8.2996879847960268808e-04
1.2242272870515074956e+01,8.5838146010370206581e-04
1.2346020098231303308e+01,8.8735989027324574819e-04
1.2449767325947533436e+01,9.1690264236986588828e-04
1.2553514553663763564e+01,9.4700790221040798047e-04
1.2657261781379991916e+01,9.7767348692819511409e-04
1.2761009009096222044e+01,1.0088968439266560000e-03
1.2864756236812452173e+01,1.0406750483913133291e-03
1.2968503464528680524e+01,1.0730048034177570339e-03
1.3072250692244910653e+01,1.1058824407315542056e-03
1.3175997919961139004e+01,1.1393039212602572470e-03
1.3279745147677369133e+01,1.1732648361773994911e-03
1.3383492375393599261e+01,1.2077604074386023847e-03
1.3487239603109827613e+01,1.2427854841096611527e-03
1.3590986830826057741e+01,1.2783345460862108670e-03
1.3694734058542286093e+01,1.3144017081601845533e-03
1.3798481286258516221e+01,1.3509807230859985187e-03
1.3902228513974746349e+01,1.3880649828749576889e-03
1.4005975741690974701e+01,1.4256475123921449281e-03
1.4109722969407204829e+01,1.4637209781389608383e-03
1.4213470197123434957e+01,1.5022776957224447114e-03
1.4317217424839663309e+01,1.5413096343947579013e-03
1.4420964652555893437e+01,1.5808084084324447189e-03
1.4524711880272121789e+01,1.6207652816671905792e-03
1.4628459107988351917e+01,1.6611711832247707740e-03
1.4732206335704582045e+01,1.7020167135869885330e-03
1.4835953563420810397e+01,1.7432921305032802930e-03
1.4939700791137040525e+01,1.7849873576248952243e-03
1.5043448018853268877e+01,1.8270920061635019960e-03
1.5147195246569499005e+01,1.8695953764877541042e-03
1.5250942474285729133e+01,1.9124864360680296927e-03
1.5354689702001957485e+01,1.9557538488999136501e-03
1.5458436929718187614e+01,1.9993859937903310682e-03
1.5562184157434417742e+01,2.0433709411335214574e-03
1.5665931385150646094e+01,2.0876964584254607826e-03
1.5769678612866876222e+01,2.1323500500104023737e-03
1.5873425840583104574e+01,2.1773189427615933199e-03
1.5977173068299334702e+01,2.2225900661315810963e-03
1.6080920296015563054e+01,2.2681501069976304011e-03
1.6184667523731793182e+01,2.3139855033512389017e-03
1.6288414751448023310e+01,2.3600824082832551863e-03
1.6392161979164253438e+01,2.4064267550780293198e-03
1.6495909206880483566e+01,2.4530042519443286293e-03
1.6599656434596710142e+01,2.4998003393404701587e-03
1.6703403662312940270e+01,2.5468002665604292170e-03
1.6807150890029170398e+01,2.5939890736955523685e-03
1.6910898117745400526e+01,2.6413515567181890253e-03
1.7014645345461630654e+01,2.6888723546243100890e-03
1.7118392573177857230e+01,2.7365359011117824234e-03
1.7222139800894087358e+01,2.7843264237703896011e-03
1.7325887028610317486e+01,2.8322280242670107124e-03
1.7429634256326547614e+01,2.8802245940865857203e-03
1.7533381484042777743e+01,2.9282998781767709782e-03
1.7637128711759004318e+01,2.9764375027471891115e-03
1.7740875939475234446e+01,3.0246208963683814293e-03
1.7844623167191464574e+01,3.0728334078137095262e-03
1.7948370394907694703e+01,3.1210582377143181870e-03
1.8052117622623924831e+01,3.1692784565695232731e-03
1.8155864850340154959e+01,3.2174770779046912156e-03
1.8259612078056381534e+01,3.2656369516985920415e-03
1.8363359305772611663e+01,3.3137408944002061557e-03
1.8467106533488841791e+01,3.3617716149663156612e-03
1.8570853761205071919e+01,3.4097117414669132068e-03
1.8674600988921302047e+01,3.4575438825074520863e-03
1.8778348216637528623e+01,3.5052505271147170116e-03
1.8882095444353758751e+01,3.5528141886444391043e-03
1.8985842672069988879e+01,3.6002172863295505215e-03
1.9089589899786219007e+01,3.6474422452041172990e-03
1.9193337127502449135e+01,3.6944714680059334393e-03
1.9297084355218675711e+01,3.7412873214255262105e-03
1.9400831582934905839e+01,3.7878722211473767403e-03
1.9504578810651135967e+01,3.8342085235965905378e-03
1.9608326038367366095e+01,3.8802786737240587724e-03
1.9712073266083596224e+01,3.9260650720469199293e-03
1.9815820493799822799e+01,3.9715502101223777373e-03
1.9919567721516052927e+01,4.0167165798226664788e-03
2.0023314949232283055e+01,4.0615467465836812416e-03
2.0127062176948513184e+01,4.1060233298518163114e-03
2.0230809404664743312e+01,4.1501290039412256153e-03
2.0334556632380969887e+01,4.1938465458143921530e-03
2.0438303860097200015e+01,4.2371587769904107967e-03
2.0542051087813430144e+01,4.2800486592335894309e-03
2.0645798315529660272e+01,4.3224991998612530275e-03
2.0749545543245890400e+01,4.3644935723297396957e-03
2.0853292770962120528e+01,4.4060150067954523267e-03
2.0957039998678347104e+01,4.4470469160596288322e-03
2.1060787226394577232e+01,4.4875727877356106840e-03
2.1164534454110807360e+01,4.5275763027986387632e-03
2.1268281681827037488e+01,4.5670412383445168486e-03
2.1372028909543267616e+01,4.6059515731596998786e-03
2.1475776137259494192e+01,4.6442914037983888675e-03
2.1579523364975724320e+01,4.6820450364774505309e-03
2.1683270592691954448e+01,4.7191969158622958797e-03
2.1787017820408184576e+01,4.7557317045172258288e-03
2.1890765048124414704e+01,4.7916342230018638473e-03
2.1994512275840641280e+01,4.8268895180055143568e-03
2.2098259503556871408e+01,4.8614828131391075658e-03
2.2202006731273101536e+01,4.8953995656048077123e-03
2.2305753958989331664e+01,4.9286254286725877244e-03
2.2409501186705561793e+01,4.9611462949877924850e-03
2.2513248414421788368e+01,4.9929482734133306954e-03
2.2616995642138018496e+01,5.0240177156871141523e-03
2.2720742869854248625e+01,5.0543412111069526207e-03
2.2824490097570478753e+01,5.0839055934205294035e-03
2.2928237325286708881e+01,5.1126979553389297409e-03
2.3031984553002939009e+01,5.1407056356114252255e-03
2.3135731780719165585e+01,5.1679162506090723858e-03
2.3239479008435395713e+01,5.1943176678323843901e-03
2.3343226236151625841e+01,5.2198980442817741535e-03
2.3446973463867855969e+01,5.2446458009159238958e-03
2.3550720691584086097e+01,5.2685496492031261284e-03
2.3654467919300312673e+01,5.2915985884809894207e-03
2.3758215147016542801e+01,5.3137818967601791950e-03
2.3861962374732772929e+01,5.3350891746226265788e-03
2.3965709602449003057e+01,5.3555102801656154915e-03
2.4069456830165233185e+01,5.3750354315881846909e-03
2.4173204057881459761e+01,5.3936550877436706397e-03
2.4276951285597689889e+01,5.4113600893932189972e-03
2.4380698513313920017e+01,5.4281415259882000862e-03
2.4484445741030150145e+01,5.4439908561466484813e-03
2.4588192968746380274e+01,5.4588998321569168551e-03
2.4691940196462606849e+01,5.4728605256528263523e-03
2.4795687424178836977e+01,5.4858653761568777069e-03
2.4899434651895067105e+01,5.4979070752197546981e-03
2.5003181879611297234e+01,5.5089787521391464162e-03
2.5106929107327527362e+01,5.5190737527470315818e-03
2.5210676335043753937e+01,5.5281858688101034177e-03
2.5314423562759984065e+01,5.5363091527756763330e-03
2.5418170790476214194e+01,5.5434380247647652498e-03
2.5521918018192444322e+01,5.5495672812381864267e-03
2.5625665245908674450e+01,5.5546919659070752989e-03
2.5729412473624904578e+01,5.5588076103075525700e-03
2.5833159701341131154e+01,5.5619099352657913257e-03
2.5936906929057361282e+01,5.5639951431235654816e-03
2.6040654156773591410e+01,5.5650597112805013159e-03
2.6144401384489821538e+01,5.5651004533233171603e-03
2.6248148612206051666e+01,5.5641146342119513976e-03
2.6351895839922278242e+01,5.5620996991450214267e-03
2.6455643067638508370e+01,5.5590536371272272764e-03
2.6559390295354738498e+01,5.5549746347990725318e-03
2.6663137523070968626e+01,5.5498612911436253844e-03
2.6766884750787198755e+01,5.5437126098244800948e-03
2.6870631978503425330e+01,5.5365277819576161344e-03
2.6974379206219655458e+01,5.5283065698810583341e-03
2.7078126433935885586e+01,5.5190488889254353533e-03
2.7181873661652115715e+01,5.5087551011264775797e-03
2.7285620889368345843e+01,5.4974259572147382569e-03
2.7389368117084572418e+01,5.4850623780529550108e-03
2.7493115344800802546e+01,5.4716658778084887801e-03
2.7596862572517032675e+01,5.4572381043572152498e-03
2.7700609800233262803e+01,5.4417811316807025018e-03
2.7804357027949492931e+01,5.4252974578581480286e-03
2.7908104255665723059e+01,5.4077896966697345735e-03
2.8011851483381949635e+01,5.3892610695794240447e-03
2.8115598711098179763e+01,5.3697149540838286924e-03
2.8219345938814409891e+01,5.3491550595668388435e-03
2.8323093166530640019e+01,5.3275856096675509518e-03
2.8426840394246870147e+01,5.3050108812218747453e-03
2.8530587621963096723e+01,5.2814357126283167226e-03
2.8634334849679326851e+01,5.2568652055868612255e-03
2.8738082077395556979e+01,5.2313046235495565955e-03
2.8841829305111787107e+01,5.2047598448379537098e-03
2.8945576532828017235e+01,5.1772368061990372071e-03
2.9049323760544243811e+01,5.1487418297622346980e-03
2.9153070988260473939e+01,5.1192817007957918882e-03
2.9256818215976704067e+01,5.0888632163645338216e-03
2.9360565443692934195e+01,5.0574937420611578917e-03
2.9464312671409164324e+01,5.0251808820079074333e-03
2.9568059899125390899e+01,4.9919323401042868874e-03
2.9671807126841621027e+01,4.9577564435854207942e-03
2.9775554354557851156e+01,4.9226615724008906255e-03
2.9879301582274081284e+01,4.8866563731828783351e-03
2.9983048809990311412e+01,4.8497500287184988274e-03
3.0086796037706537987e+01,4.8119516871273646311e-03
3.0190543265422768116e+01,4.7732709251790492871e-03
3.0294290493138998244e+01,4.7337177011022571124e-03
3.0398037720855228372e+01,4.6933019309033548183e-03
3.0501784948571458500e+01,4.6520340727602259995e-03
3.0605532176287688628e+01,4.6099248044044801448e-03
3.0709279404003915204e+01,4.5669848058791122011e-03
3.0813026631720145332e+01,4.5232253492625681610e-03
3.0916773859436375460e+01,4.4786577911061411367e-03
3.1020521087152605588e+01,4.4332935622538177656e-03
3.1124268314868835716e+01,4.3871446758130851207e-03
3.1228015542585062292e+01,4.3402231355628845266e-03
3.1331762770301292420e+01,4.2925410939905961002e-03
3.1435509998017522548e+01,4.2441112393215392126e-03
3.1539257225733752676e+01,4.1949461931020974245e-03
3.1643004453449982805e+01,4.1450587849504632112e-03
3.1746751681166209380e+01,4.0944623227203505444e-03
3.1850498908882439508e+01,4.0431700135757382003e-03
3.1954246136598669636e+01,3.9911953107958520609e-03
3.2057993364314903317e+01,3.9385520928432726784e-03
3.2161740592031129893e+01,3.8852541169718327052e-03
3.2265487819747363574e+01,3.8313154020110703341e-03
3.2369235047463590149e+01,3.7767503513139772005e-03
3.2472982275179823830e+01,3.7215732337149975972e-03
3.2576729502896050406e+01,3.6657985733525078921e-03
3.2680476730612276981e+01,3.6094412537591501026e-03
3.2784223958328510662e+01,3.5525160148062529322e-03
3.2887971186044737237e+01,3.4950378249814463213e-03
3.2991718413760970918e+01,3.4370220025871861882e-03
3.3095465641477197494e+01,3.3784837170090288062e-03
3.3199212869193424069e+01,3.3194383204570064930e-03
3.3302960096909657750e+01,3.2599015184750957004e-03
3.3406707324625884326e+01,3.1998888682051454882e-03
3.3510454552342118006e+01,3.1394160466629633319e-03
3.3614201780058344582e+01,3.0784990955848448926e-03
3.3717949007774571157e+01,3.0171539179518103331e-03
3.3821696235490804838e+01,2.9553964606410599095e-03
3.3925443463207031414e+01,2.8932430454176268943e-03
3.4029190690923265095e+01,2.8307098781821535619e-03
3.4132937918639491670e+01,2.7678131281885492293e-03
3.4236685146355718246e+01,2.7045693340734238558e-03
3.4340432374071951926e+01,2.6409949591311228552e-03
3.4444179601788178502e+01,2.5771063589615935373e-03
3.4547926829504412183e+01,2.5129202175647570930e-03
3.4651674057220638758e+01,2.4484532075430939964e-03
3.4755421284936865334e+01,2.3837218427203987758e-03
3.4859168512653099015e+01,2.3187428797032095217e-03
3.4962915740369325590e+01,2.2535331475230470019e-03
3.5066662968085559271e+01,2.1881092912420011497e-03
3.5170410195801785846e+01,2.1224880769671293501e-03
3.5274157423518012422e+01,2.0566864284047399122e-03
3.5377904651234246103e+01,1.9907210903412505230e-03
3.5481651878950472678e+01,1.9246087946588985411e-03
3.5585399106666706359e+01,1.8583664858310780261e-03
3.5689146334382932935e+01,1.7920109664235745438e-03
3.5792893562099159510e+01,1.7255589185716825595e-03
3.5896640789815393191e+01,1.6590272193882638335e-03
3.6000388017531619766e+01,1.5924326774237967073e-03
3.6104135245247853447e+01,1.5257919263187865160e-03
3.6207882472964080023e+01,1.4591216907928674252e-03
3.6311629700680313704e+01,1.3924387258066992130e-03
3.6415376928396540279e+01,1.3257596024253705778e-03
3.6519124156112766855e+01,1.2591008465878360516e-03
3.6622871383829000536e+01,1.1924790827431150722e-03
3.6726618611545227111e+01,1.1259107814466044056e-03
3.6830365839261460792e+01,1.0594122692692106887e-03
3.6934113066977687367e+01,9.9299994730030704225e-04
3.7037860294693913943e+01,9.2669013159245620329e-04
3.7141607522410147624e+01,8.6049896074594863123e-04
3.7245354750126374199e+01,7.9444253925791395200e-04
3.7349101977842607880e+01,7.2853696368966930266e-04
3.7452849205558834456e+01,6.6279816202303770602e-04
3.7556596433275061031e+01,5.9724192845704560367e-04
3.7660343660991294712e+01,5.3188405790154829385e-04
3.7764090888707521287e+01,4.6674021690661516692e-04
3.7867838116423754968e+01,4.0182590445537579721e-04
3.7971585344139981544e+01,3.3715654274536359424e-04
3.8075332571856208119e+01,2.7274747718490546366e-04
3.8179079799572441800e+01,2.0861389026264023547e-04
3.8282827027288668376e+01,1.4477081929728242678e-04
3.8386574255004902056e+01,8.1233219430846824211e-05
3.8490321482721128632e+01,1.8015905373454751308e-05
3.8594068710437355207e+01,-4.4866466784794262375e-05
3.8697815938153588888e+01,-1.0739937676313070995e-04
3.8801563165869815464e+01,-1.6956843444298908409e-04
3.8905310393586049145e+01,-2.3135940175713352093e-04
3.9009057621302275720e+01,-2.9275819455861873224e-04
3.9112804849018502296e+01,-3.5375089348808452360e-04
3.9216552076734735977e+01,-4.1432373241020455752e-04
3.9320299304450962552e+01,-4.7446309069199850807e-04
3.9424046532167196233e+01,-5.3415552029332906154e-04
3.9527793759883422808e+01,-5.9338777384896170593e-04
3.9631540987599649384e+01,-6.5214674994667142741e-04
3.9735288215315883065e+01,-7.1041948941853760077e-04
3.9839035443032109640e+01,-7.6819325663360100293e-04
3.9942782670748343321e+01,-8.2545552043617549578e-04
4.0046529898464569897e+01,-8.8219388163528905406e-04
4.0150277126180796472e+01,-9.3839609719414973383e-04
4.0254024353897030153e+01,-9.9405020723418858856e-04
4.0357771581613256728e+01,-1.0491444295018287521e-03
4.0461518809329490409e+01,-1.1036671028642501199e-03
4.0565266037045716985e+01,-1.1576067658503530131e-03
4.0669013264761943560e+01,-1.2109522730638696414e-03
4.0772760492478177241e+01,-1.2636926228628670398e-03
4.0876507720194403817e+01,-1.3158169293749116986e-03
4.0980254947910637497e+01,-1.3673145745209613032e-03
4.1084002175626864073e+01,-1.4181752512999385753e-03
4.1187749403343097754e+01,-1.4683887701139629930e-03
4.1291496631059324329e+01,-1.5179450601308897787e-03
4.1395243858775550905e+01,-1.5668343928250023662e-03
4.1498991086491784586e+01,-1.6150473208592964775e-03
4.1602738314208011161e+01,-1.6625744957720367014e-03
4.1706485541924244842e+01,-1.7094067009339936926e-03
4.1810232769640471417e+01,-1.7555351280631634973e-03
4.1913979997356697993e+01,-1.8009512107074257536e-03
4.2017727225072931674e+01,-1.8456464680729038359e-03
4.2121474452789158249e+01,-1.8896125722102680329e-03
4.2225221680505391930e+01,-1.9328416540106611952e-03
4.2328968908221618506e+01,-1.9753260490956978980e-03
4.2432716135937845081e+01,-2.0170581681473302195e-03
4.2536463363654078762e+01,-2.0580305981873054343e-03
4.2640210591370305337e+01,-2.0982364208059684808e-03
4.2743957819086539018e+01,-2.1376688937829349361e-03
4.2847705046802765594e+01,-2.1763213402064508425e-03
4.2951452274518992169e+01,-2.2141872781794333207e-03
4.3055199502235225850e+01,-2.2512607472412776884e-03
4.3158946729951452426e+01,-2.2875359450867586812e-03
4.3262693957667686107e+01,-2.3230071250920675437e-03
4.3366441185383912682e+01,-2.3576687424664371194e-03
4.3470188413100139257e+01,-2.3915157984469082898e-03
4.3573935640816372938e+01,-2.4245434452701605105e-03
4.3677682868532599514e+01,-2.4567468812378636007e-03
4.3781430096248833195e+01,-2.4881214968422000165e-03
4.3885177323965059770e+01,-2.5186632535230835811e-03
4.3988924551681286346e+01,-2.5483682692987435353e-03
4.4092671779397520027e+01,-2.5772326987236232783e-03
4.4196419007113746602e+01,-2.6052528613811892083e-03
4.4300166234829980283e+01,-2.6324256691040298639e-03
4.4403913462546206858e+01,-2.6587482133947856235e-03
4.4507660690262433434e+01,-2.6842176128776076317e-03
4.4611407917978667115e+01,-2.7088311103170737044e-03
4.4715155145694893690e+01,-2.7325865461434980033e-03
4.4818902373411127371e+01,-2.7554819890744466394e-03
4.4922649601127353947e+01,-2.7775155259727782840e-03
4.5026396828843580522e+01,-2.7986853211624091418e-03
4.5130144056559814203e+01,-2.8189901083954128219e-03
4.5233891284276040778e+01,-2.8384289314872931595e-03
4.5337638511992274459e+01,-2.8570008459361047500e-03
4.5441385739708501035e+01,-2.8747049423210272595e-03
4.5545132967424727610e+01,-2.8915408021320163599e-03
4.5648880195140961291e+01,-2.9075084318906010278e-03
4.5752627422857187867e+01,-2.9226078522343991797e-03
4.5856374650573421548e+01,-2.9368390894713735685e-03
4.5960121878289648123e+01,-2.9502025276129796409e-03
4.6063869106005881804e+01,-2.9626991050041929024e-03
4.6167616333722108379e+01,-2.9743297999269891797e-03
4.6271363561438334955e+01,-2.9850955819439549399e-03
4.6375110789154568636e+01,-2.9949976137031270561e-03
4.6478858016870795211e+01,-3.0040377028134153045e-03
4.6582605244587028892e+01,-3.0122177736127135790e-03
4.6686352472303255468e+01,-3.0195397333337278475e-03
4.6790099700019482043e+01,-3.0260055478512162298e-03
4.6893846927735715724e+01,-3.0316177871424956208e-03
4.6997594155451942299e+01,-3.0363793036965406463e-03
4.7101341383168175980e+01,-3.0402929269962748748e-03
4.7205088610884402556e+01,-3.0433614744064334777e-03
4.7308835838600629131e+01,-3.0455881740217263971e-03
4.7412583066316862812e+01,-3.0469767580374924366e-03
4.7516330294033089388e+01,-3.0475309585094585534e-03
4.7620077521749323068e+01,-3.0472544749781411283e-03
4.7723824749465549644e+01,-3.0461511635447697209e-03
4.7827571977181776219e+01,-3.0442255226539789194e-03
4.7931319204898009900e+01,-3.0414821630106178910e-03
4.8035066432614236476e+01,-3.0379256554863101093e-03
4.8138813660330470157e+01,-3.0335605695688823251e-03
4.8242560888046696732e+01,-3.0283919857583690982e-03
4.8346308115762923308e+01,-3.0224253549894120226e-03
4.8450055343479156988e+01,-3.0156660916469605997e-03
4.8553802571195383564e+01,-3.0081195642691106740e-03
4.8657549798911617245e+01,-2.9997913400041848787e-03
4.8761297026627843820e+01,-2.9906875898003332584e-03
4.8865044254344070396e+01,-2.9808145394869408305e-03
4.8968791482060304077e+01,-2.9701783621322351905e-03
4.9072538709776530652e+01,-2.9587852184579008750e-03
4.9176285937492764333e+01,-2.9466417621586897362e-03
4.9280033165208990908e+01,-2.9337549853208828333e-03
4.9383780392925217484e+01,-2.9201318300962945083e-03
4.9487527620641451165e+01,-2.9057791804658135611e-03
4.9591274848357677740e+01,-2.8907040575643664845e-03
4.9695022076073911421e+01,-2.8749140644556640117e-03
4.9798769303790137997e+01,-2.8584168723478874108e-03
4.9902516531506364572e+01,-2.8412200886555132560e-03
5.0006263759222598253e+01,-2.8233312732642507417e-03
5.0110010986938824828e+01,-2.8047583522566345293e-03
5.0213758214655058509e+01,-2.7855096574175069665e-03
5.0317505442371285085e+01,-2.7655934759877728521e-03
5.0421252670087511660e+01,-2.7450180270007233825e-03
5.0524999897803745341e+01,-2.7237915445927777039e-03
5.0628747125519971917e+01,-2.7019227726362659951e-03
5.0732494353236205598e+01,-2.6794206296557221587e-03
5.0836241580952432173e+01,-2.6562939622955289605e-03
5.0939988808668665854e+01,-2.6325515454201503518e-03
5.1043736036384892429e+01,-2.6082022883853720092e-03
5.1147483264101119005e+01,-2.5832555941977032067e-03
5.1251230491817352686e+01,-2.5577208861577529521e-03
5.1354977719533579261e+01,-2.5316075114184049752e-03
5.1458724947249812942e+01,-2.5049247499144586086e-03
5.1562472174966039518e+01,-2.4776821436583227991e-03
5.1666219402682266093e+01,-2.4498896065863911588e-03
5.1769966630398499774e+01,-2.4215570043163506253e-03
5.1873713858114726349e+01,-2.3926941235411021587e-03
5.1977461085830960030e+01,-2.3633107019230903748e-03
5.2081208313547186606e+01,-2.3334168210461646992e-03
5.2184955541263413181e+01,-2.3030227995787309718e-03
5.2288702768979646862e+01,-2.2721388820694621118e-03
5.2392449996695873438e+01,-2.2407752319222517742e-03
5.2496197224412107118e+01,-2.2089419893639604051e-03
5.2599944452128333694e+01,-2.1766496648454045429e-03
5.2703691679844560269e+01,-2.1439088991770265981e-03
5.2807438907560793950e+01,-2.1107302508293060081e-03
5.2911186135277020526e+01,-2.0771241954613546381e-03
5.3014933362993254207e+01,-2.0431012088824038533e-03
5.3118680590709480782e+01,-2.0086721217142116010e-03
5.3222427818425707358e+01,-1.9738478246310205144e-03
5.3326175046141941039e+01,-1.9386391236491146324e-03
5.3429922273858167614e+01,-1.9030567408547158746e-03
5.3533669501574401295e+01,-1.8671114106404793770e-03
5.3637416729290627870e+01,-1.8308141847612944240e-03
5.3741163957006854446e+01,-1.7941761346413605347e-03
5.3844911184723088127e+01,-1.7572082463765948106e-03
5.3948658412439314702e+01,-1.7199214215549065571e-03
5.4052405640155548383e+01,-1.6823265711883906865e-03
5.4156152867871774959e+01,-1.6444348789206207021e-03
5.4259900095588001534e+01,-1.6062575280357373544e-03
5.4363647323304235215e+01,-1.5678056164494589934e-03
5.4467394551020461790e+01,-1.5290901575221178387e-03
5.4571141778736695471e+01,-1.4901221578255496956e-03
5.4674889006452922047e+01,-1.4509128503291219506e-03
5.4778636234169148622e+01,-1.4114734609141086404e-03
5.4882383461885382303e+01,-1.3718151305781489582e-03
5.4986130689601608879e+01,-1.3319489162360435321e-03
5.5089877917317842559e+01,-1.2918858445005124841e-03
5.5193625145034069135e+01,-1.2516371189690096623e-03
5.5297372372750295710e+01,-1.2112139387060001303e-03
5.5401119600466529391e+01,-1.1706274189088373451e-03
5.5504866828182755967e+01,-1.1298885916707507044e-03
5.5608614055898989648e+01,-1.0890084357125420344e-03
5.5712361283615216223e+01,-1.0479980501691510235e-03
5.5816108511331449904e+01,-1.0068685378348924634e-03
5.5919855739047676479e+01,-9.6563091943102294379e-04
5.6023602966763903055e+01,-9.2429613404396333571e-04
5.6127350194480136736e+01,-8.8287505111841839672e-04
5.6231097422196363311e+01,-8.4137859674222284945e-04
5.6334844649912596992e+01,-7.9981770780862429613e-04
5.6438591877628823568e+01,-7.5820324245953209762e-04
5.6542339105345050143e+01,-7.1654597914420318106e-04
5.6646086333061283824e+01,-6.7485661967147747911e-04
5.6749833560777510399e+01,-6.3314585961720358780e-04
5.6853580788493744080e+01,-5.9142440059749290266e-04
5.6957328016209970656e+01,-5.4970287102432862161e-04
5.7061075243926197231e+01,-5.0799182201227959660e-04
5.7164822471642430912e+01,-4.6630172815723309760e-04
5.7268569699358657488e+01,-4.2464301084796385061e-04
5.7372316927074891169e+01,-3.8302607016836272627e-04
5.7476064154791117744e+01,-3.4146123899455850742e-04
5.7579811382507344319e+01,-2.9995877573162126268e-04
5.7683558610223578000e+01,-2.5852886498327402832e-04
5.7787305837939804576e+01,-2.1718161887326285081e-04
5.7891053065656038257e+01,-1.7592708104278973239e-04
5.7994800293372264832e+01,-1.3477522476987321520e-04
5.8098547521088491408e+01,-9.3735952097676451767e-05
5.8202294748804725089e+01,-5.2819094466680677094e-05
5.8306041976520951664e+01,-1.2034411882535448528e-05
5.8409789204237185345e+01,2.8608439244423956112e-05
5.8513536431953411920e+01,6.9099905587978761585e-05
5.8617283659669638496e+01,1.0943050298981569276e-04
5.8721030887385872177e+01,1.4959081431736100153e-04
5.8824778115102098752e+01,1.8957148888441117604e-04
5.8928525342818332433e+01,2.2936327288651490466e-04
5.9032272570534559009e+01,2.6895707583476864732e-04
5.9136019798250785584e+01,3.0834389043739464766e-04
5.9239767025967019265e+01,3.4751477250087489364e-04
5.9343514253683245840e+01,3.8646084037838589502e-04
5.9447261481399479521e+01,4.2517328281928604659e-04
5.9551008709115706097e+01,4.6364347158623514262e-04
5.9654755936831932672e+01,5.0186293002086365244e-04
5.9758503164548166353e+01,5.3982324257462275391e-04
5.9862250392264392929e+01,5.7751605203888267508e-04
5.9965997619980626610e+01,6.1493305907077541392e-04
6.0069744847696853185e+01,6.5206608477248425345e-04
6.0173492075413079760e+01,6.8890720225302367816e-04
6.0277239303129313441e+01,7.2544857697900825590e-04
6.0380986530845540017e+01,7.6168242826254474714e-04
6.0484733758561773698e+01,7.9760102879945554612e-04
6.0588480986278000273e+01,8.3319671228296624758e-04
6.0692228213994233954e+01,8.6846204252808323516e-04
6.0795975441710460530e+01,9.0338980738876900785e-04
6.0899722669426687105e+01,9.3797285107162097113e-04
6.1003469897142920786e+01,9.7220406646202355179e-04
6.1107217124859147361e+01,1.0060763947109089850e-03
6.1210964352575381042e+01,1.0395828738949523286e-03
6.1314711580291607618e+01,1.0727168716217663335e-03
6.1418458808007834193e+01,1.1054719011335764102e-03
6.1522206035724067874e+01,1.1378415195548027220e-03
6.1625953263440294450e+01,1.1698193273961550020e-03
6.1729700491156528130e+01,1.2013989688031640000e-03
6.1833447718872754706e+01,1.2325742689590643911e-03
6.1937194946588981281e+01,1.2633394069862401068e-03
6.2040942174305214962e+01,1.2936886438436705216e-03
6.2144689402021441538e+01,1.3236162788144150305e-03
6.2248436629737675219e+01,1.3531166491862606487e-03
6.2352183857453901794e+01,1.3821841386798632261e-03
6.2455931085170128370e+01,1.4108134175624344100e-03
6.2559678312886362050e+01,1.4389994705346425500e-03
6.2663425540602588626e+01,1.4667373302794371216e-03
6.2767172768318822307e+01,1.4940220623214902143e-03
6.2870919996035048882e+01,1.5208487647562080047e-03
6.2974667223751275458e+01,1.5472125972054936744e-03
6.3078414451467509139e+01,1.5731090965459817652e-03
6.3182161679183735714e+01,1.5985340544420923066e-03
6.3285908906899969395e+01,1.6234832940421933725e-03
6.3389656134616195970e+01,1.6479526658389651809e-03
6.3493403362332422546e+01,1.6719380474460141146e-03
6.3597150590048656227e+01,1.6954354014036504637e-03
6.3700897817764882802e+01,1.7184411293994614374e-03
6.3804645045481116483e+01,1.7409518354449201889e-03
6.3908392273197343059e+01,1.7629641463286934138e-03
6.4012139500913576740e+01,1.7844747107078888938e-03
6.4115886728629803315e+01,1.8054801989311143520e-03
6.4219633956346029890e+01,1.8259773882781345829e-03
6.4323381184062256466e+01,1.8459635315475585171e-03
6.4427128411778497252e+01,1.8654360499487940631e-03
6.4530875639494723828e+01,1.8843923813745477522e-03
6.4634622867210950403e+01,1.9028299801676388722e-03
6.4738370094927176979e+01,1.9207463169891711083e-03
6.4842117322643403554e+01,1.9381389795190989180e-03
6.4945864550359644340e+01,1.9550060517345151274e-03
6.5049611778075870916e+01,1.9713457730327829664e-03
6.5153359005792097491e+01,1.9871563940500685218e-03
6.5257106233508324067e+01,2.0024361765472540459e-03
6.5360853461224550642e+01,2.0171833933216427003e-03
6.5464600688940791429e+01,2.0313964258062409442e-03
6.5568347916657018004e+01,2.0450741625054245053e-03
6.5672095144373244580e+01,2.0582156564963251417e-03
6.5775842372089471155e+01,2.0708199668950252013e-03
6.5879589599805697731e+01,2.0828861587444263970e-03
6.5983336827521938517e+01,2.0944133029676555678e-03
6.6087084055238165092e+01,2.1054005528482124150e-03
6.6190831282954391668e+01,2.1158475638368076654e-03
6.6294578510670618243e+01,2.1257541918992899597e-03
6.6398325738386844819e+01,2.1351202944237973082e-03
6.6502072966103085605e+01,2.1439457296884038492e-03
6.6605820193819312180e+01,2.1522303568541800885e-03
6.6709567421535538756e+01,2.1599740813906657434e-03
6.6813314649251765331e+01,2.1671772737956820389e-03
6.6917061876967991907e+01,2.1738405740978376454e-03
6.7020809104684232693e+01,2.1799646218037976343e-03
6.7124556332400459269e+01,2.1855500524665572200e-03
6.7228303560116685844e+01,2.1905974977159542449e-03
6.7332050787832912420e+01,2.1951076023131025662e-03
6.7435798015549138995e+01,2.1990813887183581488e-03
6.7539545243265379781e+01,2.2025202491087088330e-03
6.7643292470981606357e+01,2.2054255830512318678e-03
6.7747039698697832932e+01,2.2077987815398679439e-03
6.7850786926414059508e+01,2.2096412270609616484e-03
6.7954534154130286083e+01,2.2109542956716106768e-03
6.8058281381846526870e+01,2.2117396028561863049e-03
6.8162028609562753445e+01,2.2119992373026003962e-03
6.8265775837278980021e+01,2.2117353307614545134e-03
6.8369523064995206596e+01,2.2109500020440638578e-03
6.8473270292711433171e+01,2.2096453571204812891e-03
6.8577017520427673958e+01,2.2078234892166318654e-03
6.8680764748143900533e+01,2.2054865837873379071e-03
6.8784511975860127109e+01,2.2026373289960052629e-03
6.8888259203576353684e+01,2.1992785551702264540e-03
6.8992006431292580260e+01,2.1954130756560987989e-03
6.9095753659008821046e+01,2.1910436869027683296e-03
6.9199500886725047621e+01,2.1861731685890984332e-03
6.9303248114441274197e+01,2.1808043052134753158e-03
6.9406995342157500772e+01,2.1749402545582770079e-03
6.9510742569873727348e+01,2.1685844951113367879e-03
6.9614489797589968134e+01,2.1617404959905616585e-03
6.9718237025306194710e+01,2.1544117056643804012e-03
6.9821984253022421285e+01,2.1466015521051503775e-03
6.9925731480738647861e+01,2.1383134431170523586e-03
7.0029478708454874436e+01,2.1295509352569534992e-03
7.0133225936171115222e+01,2.1203180472861076974e-03
7.0236973163887341798e+01,2.1106188600787693585e-03
7.0340720391603568373e+01,2.1004574304332723766e-03
7.0444467619319794949e+01,2.0898377912493201758e-03
7.0548214847036021524e+01,2.0787639517037105955e-03
7.0651962074752262311e+01,2.0672399242989136781e-03
7.0755709302468488886e+01,2.0552700832629721382e-03
7.0859456530184715461e+01,2.0428590652493026567e-03
7.0963203757900942037e+01,2.0300114867428131239e-03
7.1066950985617168612e+01,2.0167319372708706303e-03
7.1170698213333409399e+01,2.0030249795997901244e-03
7.1274445441049635974e+01,1.9888951499403340929e-03
7.1378192668765862550e+01,1.9743470858471123992e-03
7.1481939896482089125e+01,1.9593858427531573099e-03
7.1585687124198315701e+01,1.9440165435584792764e-03
7.1689434351914556487e+01,1.9282442815081355606e-03
7.1793181579630783062e+01,1.9120741204065089171e-03
7.1896928807347009638e+01,1.8955110948297058341e-03
7.2000676035063236213e+01,1.8785602179464612645e-03
7.2104423262779462789e+01,1.8612267408033291664e-03
7.2208170490495703575e+01,1.8435162145431058418e-03
7.2311917718211930151e+01,1.8254341789814712647e-03
7.2415664945928156726e+01,1.8069861421873476253e-03
7.2519412173644383302e+01,1.7881775807099934989e-03
7.2623159401360624088e+01,1.7690139398041416791e-03
7.2726906629076850663e+01,1.7495006703462686985e-03
7.2830653856793077239e+01,1.7296435383414810946e-03
7.2934401084509303814e+01,1.7094484672289199639e-03
7.3038148312225530390e+01,1.6889213487659984151e-03
7.3141895539941771176e+01,1.6680680412817596760e-03
7.3245642767657997751e+01,1.6468943699136358392e-03
7.3349389995374224327e+01,1.6254061268421654898e-03
7.3453137223090450902e+01,1.6036091504580865085e-03
7.3556884450806677478e+01,1.5815095921871869140e-03
7.3660631678522918264e+01,1.5591136635615969377e-03
7.3764378906239144840e+01,1.5364275411707301218e-03
7.3868126133955371415e+01,1.5134573669040995037e-03
7.3971873361671597991e+01,1.4902092481946631070e-03
7.4075620589387824566e+01,1.4666892585053470897e-03
7.4179367817104065352e+01,1.4429035521151636380e-03
7.4283115044820291928e+01,1.4188585459319023874e-03
7.4386862272536518503e+01,1.3945606684700475285e-03
7.4490609500252745079e+01,1.3700163124306856486e-03
7.4594356727968971654e+01,1.3452318349505476211e-03
7.4698103955685212441e+01,1.3202135578489840057e-03
7.4801851183401439016e+01,1.2949677690284942637e-03
7.4905598411117665592e+01,1.2695008486870507699e-03
7.5009345638833892167e+01,1.2438193818457038854e-03
7.5113092866550118742e+01,1.2179299438170342659e-03
7.5216840094266359529e+01,1.1918390736360786643e-03
7.5320587321982586104e+01,1.1655532743101923443e-03
7.5424334549698812680e+01,1.1390790130668083588e-03
7.5528081777415039255e+01,1.1124227231594249841e-03
7.5631829005131265831e+01,1.0855909178081690845e-03
7.5735576232847506617e+01,1.0585902667378241978e-03
7.5839323460563733192e+01,1.0314274214066557894e-03
7.5943070688279959768e+01,1.0041089969262003128e-03
7.6046817915996186343e+01,9.7664157230920880214e-04
7.6150565143712412919e+01,9.4903169071554988826e-04
7.6254312371428653705e+01,9.2128586068295837460e-04
7.6358059599144880281e+01,8.9341064218265804284e-04
7.6461806826861106856e+01,8.6541271284165308380e-04
7.6565554054577333432e+01,8.3729872974187564277e-04
7.6669301282293560007e+01,8.0907531393238608323e-04
7.6773048510009800793e+01,7.8074905067283199411e-04
7.6876795737726027369e+01,7.5232648967495975318e-04
7.6980542965442253944e+01,7.2381414557223138547e-04
7.7084290193158480520e+01,6.9521854952838779782e-04
7.7188037420874707095e+01,6.6654631401906472288e-04
7.7291784648590947882e+01,6.3780403197543874324e-04
7.7395531876307174457e+01,6.0899826097790760518e-04
7.7499279104023401032e+01,5.8013552349268243148e-04
7.7603026331739627608e+01,5.5122230710652594856e-04
7.7706773559455854183e+01,5.2226506476061944871e-04
7.7810520787172094970e+01,4.9327023563520999185e-04
7.7914268014888321545e+01,4.6424429819404817131e-04
7.8018015242604548121e+01,4.3519371281892558177e-04
7.8121762470320774696e+01,4.0612490557358395119e-04
7.8225509698037001272e+01,3.7704426843128559894e-04
7.8329256925753242058e+01,3.4795815950057240899e-04
7.8433004153469468633e+01,3.1887290324925543928e-04
7.8536751381185695209e+01,2.8979479400768865622e-04
7.8640498608901921784e+01,2.6073011620496181016e-04
7.8744245836618148360e+01,2.3168513124357918449e-04
7.8847993064334389146e+01,2.0266606761198550967e-04
7.8951740292050615722e+01,1.7367912106023794018e-04
7.9055487519766842297e+01,1.4473045481480019295e-04
7.9159234747483068872e+01,1.1582619979168831898e-04
7.9262981975199295448e+01,8.6972453969475299542e-05
7.9366729202915536234e+01,5.8175265540501497818e-05
7.9470476430631762810e+01,2.9440633958187455556e-05
7.9574223658347989385e+01,7.7452669727409236783e-07
7.9677970886064215961e+01,-2.7817119848052355134e-05
7.9781718113780442536e+01,-5.6328400162080331402e-05
7.9885465341496683322e+01,-8.4753439407067406226e-05
7.9989212569212909898e+01,-1.1308639328463215010e-04
8.0092959796929136473e+01,-1.4132147501584065149e-04
8.0196707024645363049e+01,-1.6945299783194424500e-04
8.0300454252361589624e+01,-1.9747531546568389206e-04
8.0404201480077830411e+01,-2.2538281079179279956e-04
8.0507948707794056986e+01,-2.5316989563921061136e-04
8.0611695935510283562e+01,-2.8083101060478603316e-04
8.0715443163226510137e+01,-3.0836062486837848484e-04
8.0819190390942736713e+01,-3.3575324673128324054e-04
8.0922937618658977499e+01,-3.6300351876411514123e-04
8.1026684846375204074e+01,-3.9010617153235183476e-04
8.1130432074091430650e+01,-4.1705596326412053797e-04
8.1234179301807657225e+01,-4.4384767896540064727e-04
8.1337926529523883801e+01,-4.7047613024925181340e-04
8.1441673757240124587e+01,-4.9693615516634463084e-04
8.1545420984956351163e+01,-5.2322261837598957324e-04
8.1649168212672577738e+01,-5.4933048024006397077e-04
8.1752915440388804313e+01,-5.7525488072028335609e-04
8.1856662668105030889e+01,-6.0099100506505063937e-04
8.1960409895821271675e+01,-6.2653406290123141251e-04
8.2064157123537498251e+01,-6.5187928808004144080e-04
8.2167904351253724826e+01,-6.7702193852413631789e-04
8.2271651578969951402e+01,-7.0195729607582272799e-04
8.2375398806686192188e+01,-7.2668067861348555666e-04
8.2479146034402418763e+01,-7.5118759665052429152e-04
8.2582893262118645339e+01,-7.7547370634118188096e-04
8.2686640489834871914e+01,-7.9953468842847543255e-04
8.2790387717551098490e+01,-8.2336624530580742286e-04
8.2894134945267339276e+01,-8.4696410088148314354e-04
8.2997882172983565852e+01,-8.7032400044423146798e-04
8.3101629400699792427e+01,-8.9344171052976287424e-04
8.3205376628416019003e+01,-9.1631307368673627165e-04
8.3309123856132245578e+01,-9.3893419619656614747e-04
8.3412871083848486364e+01,-9.6130127093690368074e-04
8.3516618311564712940e+01,-9.8341050970517118225e-04
8.3620365539280939515e+01,-1.0052581430987912563e-03
8.3724112766997166091e+01,-1.0268404203986924213e-03
8.3827859994713392666e+01,-1.0481536094536975968e-03
8.3931607222429633453e+01,-1.0691939974950934351e-03
8.4035354450145860028e+01,-1.0899580182874867886e-03
8.4139101677862086603e+01,-1.1104423808871869209e-03
8.4242848905578313179e+01,-1.1306438414325290908e-03
8.4346596133294539754e+01,-1.1505591720217889576e-03
8.4450343361010780541e+01,-1.1701851606151501047e-03
8.4554090588727007116e+01,-1.1895186109373830172e-03
8.4657837816443233692e+01,-1.2085563423812626174e-03
8.4761585044159460267e+01,-1.2272951962358068928e-03
8.4865332271875686843e+01,-1.2457322321382403169e-03
8.4969079499591927629e+01,-1.2638647650512820509e-03
8.5072826727308154204e+01,-1.2816901370610812774e-03
8.5176573955024380780e+01,-1.2992057032034207316e-03
8.5280321182740607355e+01,-1.3164088313849368374e-03
8.5384068410456833931e+01,-1.3332969023049292146e-03
8.5487815638173074717e+01,-1.3498673093777359237e-03
8.5591562865889301293e+01,-1.3661174730507097408e-03
8.5695310093605527868e+01,-1.3820450848874637432e-03
8.5799057321321754443e+01,-1.3976480713255412091e-03
8.5902804549037981019e+01,-1.4129243762054423134e-03
8.6006551776754221805e+01,-1.4278719532888146850e-03
8.6110299004470448381e+01,-1.4424887661986767872e-03
8.6214046232186674956e+01,-1.4567727883600975307e-03
8.6317793459902901532e+01,-1.4707220029412822453e-03
8.6421540687619128107e+01,-1.4843344221983430405e-03
8.6525287915335368893e+01,-1.4976083573966249805e-03
8.6629035143051595469e+01,-1.5105423502049216203e-03
8.6732782370767822044e+01,-1.5231349549666387422e-03
8.6836529598484048620e+01,-1.5353847329339267557e-03
8.6940276826200275195e+01,-1.5472902522264582459e-03
8.7044024053916515982e+01,-1.5588500877905047629e-03
8.7147771281632742557e+01,-1.5700628213582957203e-03
8.7251518509348969133e+01,-1.5809270587008436484e-03
8.7355265737065195708e+01,-1.5914417052130620713e-03
8.7459012964781422284e+01,-1.6016059158356734434e-03
8.7562760192497663070e+01,-1.6114188569988443806e-03
8.7666507420213889645e+01,-1.6208796990786276514e-03
8.7770254647930116221e+01,-1.6299876163736457587e-03
8.7874001875646342796e+01,-1.6387417870819306464e-03
8.7977749103362569372e+01,-1.6471413932779370957e-03
8.8081496331078810158e+01,-1.6551856303184207114e-03
8.8185243558795036733e+01,-1.6628739605605436912e-03
8.8288990786511263309e+01,-1.6702061405948151213e-03
8.8392738014227489884e+01,-1.6771819433230941449e-03
8.8496485241943716460e+01,-1.6838011427121768893e-03
8.8600232469659957246e+01,-1.6900635137875629540e-03
8.8703979697376183822e+01,-1.6959688326272596287e-03
8.8807726925092410397e+01,-1.7015168763556416231e-03
8.8911474152808636973e+01,-1.7067074251392393668e-03
8.9015221380524863548e+01,-1.7115404548214716105e-03
8.9118968608241104334e+01,-1.7160162958953966220e-03
8.9222715835957330910e+01,-1.7201353149625055357e-03
8.9326463063673557485e+01,-1.7238978769211503374e-03
8.9430210291389784061e+01,-1.7273043449764196450e-03
8.9533957519106010636e+01,-1.7303550806499507376e-03
8.9637704746822251423e+01,-1.7330504437896728474e-03
8.9741451974538477998e+01,-1.7353907925795109858e-03
8.9845199202254704574e+01,-1.7373765840551771630e-03
8.9948946429970931149e+01,-1.7390086664329242570e-03
9.0052693657687157724e+01,-1.7402879802059408043e-03
9.0156440885403398511e+01,-1.7412154615383361456e-03
9.0260188113119625086e+01,-1.7417920422900206971e-03
9.0363935340835851662e+01,-1.7420186500414177374e-03
9.0467682568552078237e+01,-1.7418962081179973841e-03
9.0571429796268304813e+01,-1.7414256356146477246e-03
9.0675177023984545599e+01,-1.7406078755322869963e-03
9.0778924251700772174e+01,-1.7394441997103215602e-03
9.0882671479416998750e+01,-1.7379360920993401282e-03
9.0986418707133225325e+01,-1.7360850336571678233e-03
9.1090165934849451901e+01,-1.7338924985946752109e-03
9.1193913162565692687e+01,-1.7313599544141590556e-03
9.1297660390281919263e+01,-1.7284888619474587500e-03
9.1401407617998145838e+01,-1.7252806753938136185e-03
9.1505154845714372414e+01,-1.7217368435832774206e-03
9.1608902073430598989e+01,-1.7178589821843438974e-03
9.1712649301146839775e+01,-1.7136490504419442729e-03
9.1816396528863066351e+01,-1.7091090411120932191e-03
9.1920143756579292926e+01,-1.7042409379541731927e-03
9.2023890984295519502e+01,-1.6990467157816497266e-03
9.2127638212011760288e+01,-1.6935283405124395596e-03
9.2231385439727986864e+01,-1.6876877692189489518e-03
9.2335132667444213439e+01,-1.6815269501777581167e-03
9.2438879895160440014e+01,-1.6750478578692921342e-03
9.2542627122876666590e+01,-1.6682527862729638977e-03
9.2646374350592907376e+01,-1.6611441989360365128e-03
9.2750121578309133952e+01,-1.6537245502278548944e-03
9.2853868806025360527e+01,-1.6459962835485269367e-03
9.2957616033741587103e+01,-1.6379618313901349660e-03
9.3061363261457813678e+01,-1.6296236153975412683e-03
9.3165110489174054464e+01,-1.6209840464287798845e-03
9.3268857716890281040e+01,-1.6120455248371285024e-03
9.3372604944606507615e+01,-1.6028105656896891873e-03
9.3476352172322734191e+01,-1.5932820069029054490e-03
9.3580099400038960766e+01,-1.5834627288260631935e-03
9.3683846627755201553e+01,-1.5733555990494381156e-03
9.3787593855471428128e+01,-1.5629634724748705382e-03
9.3891341083187654704e+01,-1.5522891913858616851e-03
9.3995088310903881279e+01,-1.5413355855172115524e-03
9.4098835538620107855e+01,-1.5301054721241988139e-03
9.4202582766336348641e+01,-1.5186016640403991219e-03
9.4306329994052575216e+01,-1.5068271798369136695e-03
9.4410077221768801792e+01,-1.4947852637994308612e-03
9.4513824449485028367e+01,-1.4824791581596705615e-03
9.4617571677201254943e+01,-1.4699120909290540847e-03
9.4721318904917495729e+01,-1.4570872759765791851e-03
9.4825066132633722304e+01,-1.4440079131061900244e-03
9.4928813360349948880e+01,-1.4306771881336280243e-03
9.5032560588066175455e+01,-1.4170982729627900568e-03
9.5136307815782402031e+01,-1.4032743513638866982e-03
9.5240055043498642817e+01,-1.3892088507896469159e-03
9.5343802271214869393e+01,-1.3749053322126797254e-03
9.5447549498931095968e+01,-1.3603673429141566187e-03
9.5551296726647322544e+01,-1.3455984147690521532e-03
9.5655043954363549119e+01,-1.3306020643296882344e-03
9.5758791182079789905e+01,-1.3153817929087386826e-03
9.5862538409796016481e+01,-1.2999410866616999388e-03
9.5966285637512243056e+01,-1.2842834166688120792e-03
9.6070032865228469632e+01,-1.2684122808304515700e-03
9.6173780092944696207e+01,-1.2523314116393460642e-03
9.6277527320660936994e+01,-1.2360446177776777000e-03
9.6381274548377163569e+01,-1.2195556916773954686e-03
9.6485021776093390145e+01,-1.2028684094589235307e-03
9.6588769003809616720e+01,-1.1859865310187714740e-03
9.6692516231525843295e+01,-1.1689138001165708114e-03
9.6796263459242084082e+01,-1.1516539444615518130e-03
9.6900010686958310657e+01,-1.1342106757984732508e-03
9.7003757914674537233e+01,-1.1165877358311165728e-03
9.7107505142390763808e+01,-1.0987890687670688345e-03
9.7211252370106990384e+01,-1.0808186670054698367e-03
9.7314999597823231170e+01,-1.0626805059313925751e-03
9.7418746825539457745e+01,-1.0443785439953879018e-03
9.7522494053255684321e+01,-1.0259167228035446454e-03
9.7626241280971910896e+01,-1.0072989672070052462e-03
9.7729988508688137472e+01,-9.8852918539089353576e-04
9.7833735736404378258e+01,-9.6961126896268111722e-04
9.7937482964120604834e+01,-9.5054912925545071226e-04
9.8041230191836831409e+01,-9.3134684017613211370e-04
9.8144977419553057985e+01,-9.1200851368881540211e-04
9.8248724647269284560e+01,-8.9253824440528768680e-04
9.8352471874985525346e+01,-8.7294010966050637063e-04
9.8456219102701751922e+01,-8.5321816960364014852e-04
9.8559966330417978497e+01,-8.3337646728850122649e-04
9.8663713558134205073e+01,-8.1341902876343739111e-04
9.8767460785850431648e+01,-7.9334986316064424767e-04
9.8871208013566672435e+01,-7.7317298269174127012e-04
9.8974955241282899010e+01,-7.5289251638926166059e-04
9.9078702468999125585e+01,-7.3251263098904025647e-04
9.9182449696715352161e+01,-7.1203747596380710400e-04
9.9286196924431578736e+01,-6.9147118344264175364e-04
9.9389944152147819523e+01,-6.7081786830148842048e-04
9.9493691379864046098e+01,-6.5008162825312351425e-04
9.9597438607580272674e+01,-6.2926654393652815909e-04
9.9701185835296499249e+01,-6.0837667900573379112e-04
9.9804933063012725825e+01,-5.8741608662425583848e-04
9.9908680290728966611e+01,-5.6638888431435809468e-04
1.0001242751844519319e+02,-5.4529922825956192532e-04
1.0011617474616141976e+02,-5.2415125851000673920e-04
1.0021992197387764634e+02,-5.0294909797278638999e-04
1.0032366920159387291e+02,-4.8169685250058758268e-04
1.0042741642931011370e+02,-4.6039861097977745124e-04
1.0053116365702634027e+02,-4.3905844541796106972e-04
1.0063491088474256685e+02,-4.1768041103096715519e-04
1.0073865811245879343e+02,-3.9626923133898652460e-04
1.0084240534017502000e+02,-3.7486217602830662621e-04
1.0094615256789126079e+02,-3.5354243286133221107e-04
1.0104989979560748736e+02,-3.3239633900840966259e-04
1.0115364702332371394e+02,-3.1150987743645114879e-04
1.0125739425103994051e+02,-2.9096867872351078093e-04
1.0136114147875616709e+02,-2.7085802286220341016e-04
1.0146488870647240788e+02,-2.5126284105205941213e-04
1.0156863593418863445e+02,-2.3226771748090731837e-04
1.0167238316190486103e+02,-2.1395689109511236738e-04
1.0177613038962108760e+02,-1.9639352203077551523e-04
1.0187987761733732839e+02,-1.7955819489991678016e-04
1.0198362484505355496e+02,-1.6341114833117313426e-04
1.0208737207276978154e+02,-1.4791278258460699717e-04
1.0219111930048600811e+02,-1.3302365873125272192e-04
1.0229486652820223469e+02,-1.1870449783764305178e-04
1.0239861375591847548e+02,-1.0491618015529422989e-04
1.0250236098363470205e+02,-9.1619744315122101080e-05
1.0260610821135092863e+02,-7.8776386526726837061e-05
1.0270985543906715520e+02,-6.6353744474278590669e-05
1.0281360266678338178e+02,-5.4436644966093125056e-05
1.0291734989449962256e+02,-4.3213092028287206818e-05
1.0302109712221584914e+02,-3.2873904032301074320e-05
1.0312484434993207572e+02,-2.3609131469544537526e-05
1.0322859157764830229e+02,-1.5608060810093126657e-05
1.0333233880536452887e+02,-9.0592183381312111669e-06
1.0343608603308076965e+02,-4.1503739643143433498e-06
1.0353983326079699623e+02,-1.0685450152146023007e-06
1.0364358048851322280e+02,0.0000000000000000000e+00
