1.0000000000000000479e-04,-3.2194970500705063837e-58
1.0384722771622945103e-01,-1.6485435162639191399e-28
2.0759445543245888532e-01,-1.6631988075841756283e-25
3.1134168314868831962e-01,-9.4829963401906078243e-24
4.1508891086491778166e-01,-1.6665084334460518120e-22
5.1883613858114718820e-01,-1.5365120643181005165e-21
6.2258336629737665024e-01,-9.4200502116758961771e-21
7.2633059401360611229e-01,-4.3578191269921276342e-20
8.3007782172983557434e-01,-1.6404518471001761488e-19
9.3382504944606503638e-01,-5.2757116799631304196e-19
1.0375722771622943874e+00,-1.4985121680489144118e-18
1.1413195048785238495e+00,-3.8494608961073993273e-18
1.2450667325947533115e+00,-9.1013213436848841067e-18
1.3488139603109827735e+00,-2.0070075140588868332e-17
1.4525611880272122356e+00,-4.1708305576189182872e-17
1.5563084157434416976e+00,-8.2353882261273015305e-17
1.6600556434596711597e+00,-1.5552577821477102087e-16
1.7638028711759006217e+00,-2.8243876105605784284e-16
1.8675500988921300838e+00,-4.9544287254984150974e-16
1.9712973266083595458e+00,-8.4263336430848959215e-16
2.0750445543245890079e+00,-1.3939179486806576992e-15
2.1787917820408186920e+00,-2.2488736038620779443e-15
2.2825390097570479320e+00,-3.5467762503965188666e-15
2.3862862374732776161e+00,-5.4792386309872354784e-15
2.4900334651895068561e+00,-8.3059438383651673489e-15
2.5937806929057365402e+00,-1.2374029877078280535e-14
2.6975279206219657802e+00,-1.8141729173214871676e-14
2.8012751483381954642e+00,-2.6206955845115711027e-14
2.9050223760544247043e+00,-3.7341563148126297098e-14
3.0087696037706543883e+00,-5.2532116235102318062e-14
3.1125168314868836283e+00,-7.3028057194930415537e-14
3.2162640592031133124e+00,-1.0039815064596102283e-13
3.3200112869193425524e+00,-1.3659650143054196656e-13
3.4237585146355717924e+00,-1.8403888213505950305e-13
3.5275057423518014765e+00,-2.4569088640446041207e-13
3.6312529700680307165e+00,-3.2516912024038873669e-13
3.7350001977842604006e+00,-4.2685670670835673908e-13
3.8387474255004896406e+00,-5.5603461425581660497e-13
3.9424946532167193247e+00,-7.1903042763769132271e-13
4.0462418809329481206e+00,-9.2338617152907944722e-13
4.1499891086491773606e+00,-1.1780464831035685734e-12
4.2537363363654074888e+00,-1.4935693948602315992e-12
4.3574835640816367288e+00,-1.8823629667095937908e-12
4.4612307917978659688e+00,-2.3589443822274148156e-12
4.5649780195140952088e+00,-2.9402337324913899074e-12
4.6687252472303253370e+00,-3.6458708840683028953e-12
4.7724724749465545770e+00,-4.4985715047887989245e-12
4.8762197026627838170e+00,-5.5245161897518059444e-12
4.9799669303790130570e+00,-6.7537744083993433245e-12
5.0837141580952422970e+00,-8.2207715288793385260e-12
5.1874613858114724252e+00,-9.9647984673016324291e-12
5.2912086135277016652e+00,-1.2030565671347188619e-11
5.3949558412439309052e+00,-1.4468804405332430339e-11
5.4987030689601601452e+00,-1.7336919528219254195e-11
5.6024502966763902734e+00,-2.0699695816038210489e-11
5.7061975243926195134e+00,-2.4630060566701956834e-11
5.8099447521088487534e+00,-2.9209905141389450803e-11
5.9136919798250779934e+00,-3.4530970146028003419e-11
6.0174392075413081216e+00,-4.0695798657272037545e-11
6.1211864352575373616e+00,-4.7818755916490083161e-11
6.2249336629737666016e+00,-5.6027117622621996614e-11
6.3286808906899958416e+00,-6.5462225730263011572e-11
6.4324281184062259697e+00,-7.6280753500343143515e-11
6.5361753461224552098e+00,-8.8656046699014107113e-11
6.6399225738386844498e+00,-1.0277948247450408463e-10
6.7436698015549136898e+00,-1.1886201024612017323e-10
6.8474170292711429298e+00,-1.3713579060534709984e-10
6.9511642569873730579e+00,-1.5785574249236470234e-10
7.0549114847036022979e+00,-1.8130154310810744186e-10
7.1586587124198315379e+00,-2.0777929869645324770e-10
7.2624059401360607779e+00,-2.3762374807342481105e-10
7.3661531678522909061e+00,-2.7120018832406489415e-10
7.4699003955685201461e+00,-3.0890689816562030149e-10
7.5736476232847493861e+00,-3.5117721796655331947e-10
7.6773948510009786261e+00,-3.9848239116615224824e-10
7.7811420787172087543e+00,-4.5133363622110774206e-10
7.8848893064334379943e+00,-5.1028546093022637172e-10
7.9886365341496672343e+00,-5.7593802001685199353e-10
8.0923837618658964743e+00,-6.4894022636302563262e-10
8.1961309895821266025e+00,-7.2999322633326405593e-10
8.2998782172983549543e+00,-8.1985308597436862202e-10
8.4036254450145850825e+00,-9.1933447753929656853e-10
8.5073726727308152107e+00,-1.0293145711061312726e-09
8.6111199004470435625e+00,-1.1507362360740673261e-09
8.7148671281632736907e+00,-1.2846119106503420137e-09
8.8186143558795020425e+00,-1.4320280811640660413e-09
8.9223615835957321707e+00,-1.5941493497568927766e-09
9.0261088113119622989e+00,-1.7722225208513816054e-09
9.1298560390281906507e+00,-1.9675811574731271556e-09
9.2336032667444207789e+00,-2.1816504048811621188e-09
9.3373504944606509071e+00,-2.4159521286245722386e-09
9.4410977221768792589e+00,-2.6721097129223438419e-09
9.5448449498931093871e+00,-2.9518532397131207928e-09
9.6485921776093377389e+00,-3.2570249347328220578e-09
9.7523394053255678671e+00,-3.5895847988063277169e-09
9.8560866330417979952e+00,-3.9516164266941793696e-09
9.9598338607580263471e+00,-4.3453330228026592841e-09
1.0063581088474256475e+01,-4.7730836554168775943e-09
1.0167328316190484827e+01,-5.2373595868758767898e-09
1.0271075543906714955e+01,-5.7408008167300241371e-09
1.0374822771622945083e+01,-6.2862028749259083488e-09
1.0478569999339173435e+01,-6.8765238168130693564e-09
1.0582317227055403563e+01,-7.5148914228440880762e-09
1.0686064454771633692e+01,-8.2046106040810407703e-09
1.0789811682487862043e+01,-8.9491710163919531641e-09
1.0893558910204092172e+01,-9.7522548846224382182e-09
1.0997306137920320523e+01,-1.0617745038597197939e-08
1.1101053365636550652e+01,-1.1549733162146724768e-08
1.1204800593352780780e+01,-1.2552528256350953091e-08
1.1308547821069009132e+01,-1.3630665317043398695e-08
1.1412295048785239260e+01,-1.4788914225243206469e-08
1.1516042276501469388e+01,-1.6032288850058360393e-08
1.1619789504217697740e+01,-1.7366056358649975290e-08
1.1723536731933927868e+01,-1.8795746730654322884e-08
1.1827283959650156220e+01,-2.0327162475251667120e-08
1.1931031187366386348e+01,-2.1966388784290564143e-08
1.2034778415082616476e+01,-2.3719803912806081360e-08
1.2138525642798844828e+01,-2.5594089492786182191e-08
1.2242272870515074956e+01,-2.7596241153754643298e-08
1.2346020098231303308e+01,-2.9733579329271652090e-08
1.2449767325947533436e+01,-3.2013760216473451775e-08
1.2553514553663763564e+01,-3.4444786859616547804e-08
1.2657261781379991916e+01,-3.7035020319689643443e-08
1.2761009009096222044e+01,-3.9793191363921084089e-08
1.2864756236812452173e+01,-4.2728414945998460461e-08
1.2968503464528680524e+01,-4.5850201564249745296e-08
1.3072250692244910653e+01,-4.9168468352207890826e-08
1.3175997919961139004e+01,-5.2693550968849609999e-08
1.3279745147677369133e+01,-5.6436215338075997815e-08
1.3383492375393599261e+01,-6.0407670725092907621e-08
1.3487239603109827613e+01,-6.4619590225020351385e-08
1.3590986830826057741e+01,-6.9084120617951851320e-08
1.3694734058542286093e+01,-7.3813891962034508009e-08
1.3798481286258516221e+01,-7.8822029079115129163e-08
1.3902228513974746349e+01,-8.4122166396951280840e-08
1.4005975741690974701e+01,-8.9728476999092196768e-08
1.4109722969407204829e+01,-9.5655677279424455751e-08
1.4213470197123434957e+01,-1.0191903333488179613e-07
1.4317217424839663309e+01,-1.0853437226036651662e-07
1.4420964652555893437e+01,-1.1551811834637912242e-07
1.4524711880272121789e+01,-1.2288730796179964730e-07
1.4628459107988351917e+01,-1.3065958283533775072e-07
1.4732206335704582045e+01,-1.3885319996929965171e-07
1.4835953563420810397e+01,-1.4748708262641973083e-07
1.4939700791137040525e+01,-1.5658083046454691807e-07
1.5043448018853268877e+01,-1.6615470094433799274e-07
1.5147195246569499005e+01,-1.7622962939400416621e-07
1.5250942474285729133e+01,-1.8682730406879477217e-07
1.5354689702001957485e+01,-1.9797013386448846785e-07
1.5458436929718187614e+01,-2.0968123331134303503e-07
1.5562184157434417742e+01,-2.2198450275768220008e-07
1.5665931385150646094e+01,-2.3490465139857768227e-07
1.5769678612866876222e+01,-2.4846713339753239140e-07
1.5873425840583104574e+01,-2.6269820941352773635e-07
1.5977173068299334702e+01,-2.7762503511648404441e-07
1.6080920296015563054e+01,-2.9327555735412141299e-07
1.6184667523731793182e+01,-3.0967855718832291063e-07
1.6288414751448023310e+01,-3.2686378857445290726e-07
1.6392161979164253438e+01,-3.4486184015161422225e-07
1.6495909206880483566e+01,-3.6370417686595493742e-07
1.6599656434596710142e+01,-3.8342331073144256088e-07
1.6703403662312940270e+01,-4.0405261643888518012e-07
1.6807150890029170398e+01,-4.2562641410258277921e-07
1.6910898117745400526e+01,-4.4818013382422524821e-07
1.7014645345461630654e+01,-4.7175007612440164788e-07
1.7118392573177857230e+01,-4.9637360425700767771e-07
1.7222139800894087358e+01,-5.2208921107897161643e-07
1.7325887028610317486e+01,-5.4893627094840618076e-07
1.7429634256326547614e+01,-5.7695538995709990443e-07
1.7533381484042777743e+01,-6.0618823605711597161e-07
1.7637128711759004318e+01,-6.3667745692817302969e-07
1.7740875939475234446e+01,-6.6846706224701173432e-07
1.7844623167191464574e+01,-7.0160199462568430187e-07
1.7948370394907694703e+01,-7.3612845263940188929e-07
1.8052117622623924831e+01,-7.7209389944914852032e-07
1.8155864850340154959e+01,-8.0954675831666584668e-07
1.8259612078056381534e+01,-8.4853698550073413635e-07
1.8363359305772611663e+01,-8.8911550824075092481e-07
1.8467106533488841791e+01,-9.3133462784337611232e-07
1.8570853761205071919e+01,-9.7524798739648945687e-07
1.8674600988921302047e+01,-1.0209102614822629680e-06
1.8778348216637528623e+01,-1.0683778147401062608e-06
1.8882095444353758751e+01,-1.1177079254595019913e-06
1.8985842672069988879e+01,-1.1689595535376110437e-06
1.9089589899786219007e+01,-1.2221928275095109099e-06
1.9193337127502449135e+01,-1.2774692437457785993e-06
1.9297084355218675711e+01,-1.3348519015081696137e-06
1.9400831582934905839e+01,-1.3944049183318486540e-06
1.9504578810651135967e+01,-1.4561943572964741255e-06
1.9608326038367366095e+01,-1.5202871473359147815e-06
1.9712073266083596224e+01,-1.5867522366892797864e-06
1.9815820493799822799e+01,-1.6556595727733766295e-06
1.9919567721516052927e+01,-1.7270809348985571449e-06
2.0023314949232283055e+01,-1.8010894326590975062e-06
2.0127062176948513184e+01,-1.8777596952723300454e-06
2.0230809404664743312e+01,-1.9571680731192366092e-06
2.0334556632380969887e+01,-2.0393921147140575543e-06
2.0438303860097200015e+01,-2.1245114475774649944e-06
2.0542051087813430144e+01,-2.2126066369608594957e-06
2.0645798315529660272e+01,-2.3037606020543226486e-06
2.0749545543245890400e+01,-2.3980570315979604186e-06
2.0853292770962120528e+01,-2.4955821456260473542e-06
2.0957039998678347104e+01,-2.5964228578685967577e-06
2.1060787226394577232e+01,-2.7006687058251597141e-06
2.1164534454110807360e+01,-2.8084099123163575261e-06
2.1268281681827037488e+01,-2.9197393654958074970e-06
2.1372028909543267616e+01,-3.0347506593764074608e-06
2.1475776137259494192e+01,-3.1535400824208401539e-06
2.1579523364975724320e+01,-3.2762046439631430351e-06
2.1683270592691954448e+01,-3.4028440927516995115e-06
2.1787017820408184576e+01,-3.5335588851259095118e-06
2.1890765048124414704e+01,-3.6684522950020574070e-06
2.1994512275840641280e+01,-3.8076282499359951871e-06
2.2098259503556871408e+01,-3.9511936133837050611e-06
2.2202006731273101536e+01,-4.0992558065557212313e-06
2.2305753958989331664e+01,-4.2519253393779270602e-06
2.2409501186705561793e+01,-4.4093131555768843267e-06
2.2513248414421788368e+01,-4.5715334505362838579e-06
2.2616995642138018496e+01,-4.7387007386178291919e-06
2.2720742869854248625e+01,-4.9109329071975771114e-06
2.2824490097570478753e+01,-5.0883481230423052984e-06
2.2928237325286708881e+01,-5.2710679289341502243e-06
2.3031984553002939009e+01,-5.4592142616931788664e-06
2.3135731780719165585e+01,-5.6529122432103802833e-06
2.3239479008435395713e+01,-5.8522877263830676980e-06
2.3343226236151625841e+01,-6.0574693084652278389e-06
2.3446973463867855969e+01,-6.2685869137537405962e-06
2.3550720691584086097e+01,-6.4857725102819105981e-06
2.3654467919300312673e+01,-6.7091602220400417718e-06
2.3758215147016542801e+01,-6.9388853290074049753e-06
2.3861962374732772929e+01,-7.1750861971081287695e-06
2.3965709602449003057e+01,-7.4179014772956432068e-06
2.4069456830165233185e+01,-7.6674736480179062564e-06
2.4173204057881459761e+01,-7.9239450058895524644e-06
2.4276951285597689889e+01,-8.1874617856590209988e-06
2.4380698513313920017e+01,-8.4581703757265454469e-06
2.4484445741030150145e+01,-8.7362203207990183707e-06
2.4588192968746380274e+01,-9.0217624943712116216e-06
2.4691940196462606849e+01,-9.3149494592847016541e-06
2.4795687424178836977e+01,-9.6159367145841051353e-06
2.4899434651895067105e+01,-9.9248798926928644300e-06
2.5003181879611297234e+01,-1.0241938805851391129e-05
2.5106929107327527362e+01,-1.0567272751824341326e-05
2.5210676335043753937e+01,-1.0901045061520229200e-05
2.5314423562759984065e+01,-1.1243419518329531890e-05
2.5418170790476214194e+01,-1.1594562232651493830e-05
2.5521918018192444322e+01,-1.1954641891755671431e-05
2.5625665245908674450e+01,-1.2323827300805400425e-05
2.5729412473624904578e+01,-1.2702291636588798081e-05
2.5833159701341131154e+01,-1.3090207293276319650e-05
2.5936906929057361282e+01,-1.3487750711723167391e-05
2.6040654156773591410e+01,-1.3895099051114256493e-05
2.6144401384489821538e+01,-1.4312431057919005201e-05
2.6248148612206051666e+01,-1.4739928945003994153e-05
2.6351895839922278242e+01,-1.5177774136765251030e-05
2.6455643067638508370e+01,-1.5626152776879843827e-05
2.6559390295354738498e+01,-1.6085250587006151552e-05
2.6663137523070968626e+01,-1.6555255942667186013e-05
2.6766884750787198755e+01,-1.7036359826551381833e-05
2.6870631978503425330e+01,-1.7528752676256250824e-05
2.6974379206219655458e+01,-1.8032629780464682246e-05
2.7078126433935885586e+01,-1.8548185503972777701e-05
2.7181873661652115715e+01,-1.9075617247596214995e-05
2.7285620889368345843e+01,-1.9615124723032629865e-05
2.7389368117084572418e+01,-2.0166906996481463222e-05
2.7493115344800802546e+01,-2.0731168074780406869e-05
2.7596862572517032675e+01,-2.1308110937881128073e-05
2.7700609800233262803e+01,-2.1897941267017617331e-05
2.7804357027949492931e+01,-2.2500867469993520147e-05
2.7908104255665723059e+01,-2.3117096761757029480e-05
2.8011851483381949635e+01,-2.3746841322400221352e-05
2.8115598711098179763e+01,-2.4390312728871331438e-05
2.8219345938814409891e+01,-2.5047724085304223671e-05
2.8323093166530640019e+01,-2.5719292285982599976e-05
2.8426840394246870147e+01,-2.6405232438530783218e-05
2.8530587621963096723e+01,-2.7105763953355483374e-05
2.8634334849679326851e+01,-2.7821107033379809473e-05
2.8738082077395556979e+01,-2.8551481456273264479e-05
2.8841829305111787107e+01,-2.9297111915830292573e-05
2.8945576532828017235e+01,-3.0058221550835920806e-05
2.9049323760544243811e+01,-3.0835035721825005696e-05
2.9153070988260473939e+01,-3.1627782945006252893e-05
2.9256818215976704067e+01,-3.2436689725100342611e-05
2.9360565443692934195e+01,-3.3261986897100410238e-05
2.9464312671409164324e+01,-3.4103905923674843973e-05
2.9568059899125390899e+01,-3.4962677327911404358e-05
2.9671807126841621027e+01,-3.5838536581894481648e-05
2.9775554354557851156e+01,-3.6731717762014162428e-05
2.9879301582274081284e+01,-3.7642455923756887781e-05
2.9983048809990311412e+01,-3.8570990111428417313e-05
3.0086796037706537987e+01,-3.9517557084657383782e-05
3.0190543265422768116e+01,-4.0482396403161180520e-05
3.0294290493138998244e+01,-4.1465749943591239692e-05
3.0398037720855228372e+01,-4.2467857296027399503e-05
3.0501784948571458500e+01,-4.3488962111629637865e-05
3.0605532176287688628e+01,-4.4529308644934527525e-05
3.0709279404003915204e+01,-4.5589139421008775300e-05
3.0813026631720145332e+01,-4.6668701583776217188e-05
3.0916773859436375460e+01,-4.7768241486223921878e-05
3.1020521087152605588e+01,-4.8888004590122739398e-05
3.1124268314868835716e+01,-5.0028240893187819250e-05
3.1228015542585062292e+01,-5.1189198668475158465e-05
3.1331762770301292420e+01,-5.2371126147302609287e-05
3.1435509998017522548e+01,-5.3574275629517262786e-05
3.1539257225733752676e+01,-5.4798897152920482162e-05
3.1643004453449982805e+01,-5.6045241392036875818e-05
3.1746751681166209380e+01,-5.7313562515074991310e-05
3.1850498908882439508e+01,-5.8604112140107004591e-05
3.1954246136598669636e+01,-5.9917142968398705359e-05
3.2057993364314903317e+01,-6.1252910673909697508e-05
3.2161740592031129893e+01,-6.2611668233785485859e-05
3.2265487819747363574e+01,-6.3993669914255439028e-05
3.2369235047463590149e+01,-6.5399172567070620377e-05
3.2472982275179823830e+01,-6.6828430274165571945e-05
3.2576729502896050406e+01,-6.8281698384460985554e-05
3.2680476730612276981e+01,-6.9759234608081694307e-05
3.2784223958328510662e+01,-7.1261293853421380624e-05
3.2887971186044737237e+01,-7.2788132062366991308e-05
3.2991718413760970918e+01,-7.4340007473258539936e-05
3.3095465641477197494e+01,-7.5917175528391936368e-05
3.3199212869193424069e+01,-7.7519892274694940696e-05
3.3302960096909657750e+01,-7.9148416121970413127e-05
3.3406707324625884326e+01,-8.0803002745931878188e-05
3.3510454552342118006e+01,-8.2483907825064650362e-05
3.3614201780058344582e+01,-8.4191389542048405774e-05
3.3717949007774571157e+01,-8.5925703496905072947e-05
3.3821696235490804838e+01,-8.7687104562185762442e-05
3.3925443463207031414e+01,-8.9475850236356762940e-05
3.4029190690923265095e+01,-9.1292195715906784836e-05
3.4132937918639491670e+01,-9.3136394699324572270e-05
3.4236685146355718246e+01,-9.5008703466650256428e-05
3.4340432374071951926e+01,-9.6909376446740048798e-05
3.4444179601788178502e+01,-9.8838665902261898036e-05
3.4547926829504412183e+01,-1.0079682627168208553e-04
3.4651674057220638758e+01,-1.0278411081509789904e-04
3.4755421284936865334e+01,-1.0480077016400536443e-04
3.4859168512653099015e+01,-1.0684705627706516339e-04
3.4962915740369325590e+01,-1.0892322078431341246e-04
3.5066662968085559271e+01,-1.1102951248542983621e-04
3.5170410195801785846e+01,-1.1316618031544254319e-04
3.5274157423518012422e+01,-1.1533347371359213129e-04
3.5377904651234246103e+01,-1.1753163938259504281e-04
3.5481651878950472678e+01,-1.1976092287671289435e-04
3.5585399106666706359e+01,-1.2202157075769688580e-04
3.5689146334382932935e+01,-1.2431382724365671439e-04
3.5792893562099159510e+01,-1.2663793440953591252e-04
3.5896640789815393191e+01,-1.2899413512082620863e-04
3.6000388017531619766e+01,-1.3138267060932348057e-04
3.6104135245247853447e+01,-1.3380377949732204278e-04
3.6207882472964080023e+01,-1.3625770018652692936e-04
3.6311629700680313704e+01,-1.3874467032984772602e-04
3.6415376928396540279e+01,-1.4126492493427662486e-04
3.6519124156112766855e+01,-1.4381869754780332994e-04
3.6622871383829000536e+01,-1.4640622149004710859e-04
3.6726618611545227111e+01,-1.4902772773154462980e-04
3.6830365839261460792e+01,-1.5168344496428536571e-04
3.6934113066977687367e+01,-1.5437360131944990213e-04
3.7037860294693913943e+01,-1.5709842314093385102e-04
3.7141607522410147624e+01,-1.5985813427663977449e-04
3.7245354750126374199e+01,-1.6265295706509498184e-04
3.7349101977842607880e+01,-1.6548311253005714588e-04
3.7452849205558834456e+01,-1.6834881931233503937e-04
3.7556596433275061031e+01,-1.7125029385106450906e-04
3.7660343660991294712e+01,-1.7418775108721010442e-04
3.7764090888707521287e+01,-1.7716140382918618918e-04
3.7867838116423754968e+01,-1.8017146256145752771e-04
3.7971585344139981544e+01,-1.8321813565216234763e-04
3.8075332571856208119e+01,-1.8630162937986079999e-04
3.8179079799572441800e+01,-1.8942214778866757843e-04
3.8282827027288668376e+01,-1.9257989261286070134e-04
3.8386574255004902056e+01,-1.9577506300000178290e-04
3.8490321482721128632e+01,-1.9900785584546658628e-04
3.8594068710437355207e+01,-2.0227846590463522867e-04
3.8697815938153588888e+01,-2.0558708512404306351e-04
3.8801563165869815464e+01,-2.0893390254972366536e-04
3.8905310393586049145e+01,-2.1231910516256749478e-04
3.9009057621302275720e+01,-2.1574287767458068601e-04
3.9112804849018502296e+01,-2.1920540108626572116e-04
3.9216552076734735977e+01,-2.2270685380628842489e-04
3.9320299304450962552e+01,-2.2624741235093522094e-04
3.9424046532167196233e+01,-2.2982725021830017467e-04
3.9527793759883422808e+01,-2.3344653672293397425e-04
3.9631540987599649384e+01,-2.3710543911909448067e-04
3.9735288215315883065e+01,-2.4080412275452104634e-04
3.9839035443032109640e+01,-2.4454274864261772411e-04
3.9942782670748343321e+01,-2.4832147399539975701e-04
4.0046529898464569897e+01,-2.5214045433354738196e-04
4.0150277126180796472e+01,-2.5599984285266301574e-04
4.0254024353897030153e+01,-2.5989978714627585358e-04
4.0357771581613256728e+01,-2.6384043188959282284e-04
4.0461518809329490409e+01,-2.6782192026728773079e-04
4.0565266037045716985e+01,-2.7184439209240745952e-04
4.0669013264761943560e+01,-2.7590798102686910119e-04
4.0772760492478177241e+01,-2.8001281865288392848e-04
4.0876507720194403817e+01,-2.8415903512427065358e-04
4.0980254947910637497e+01,-2.8834675570166756406e-04
4.1084002175626864073e+01,-2.9257609975540425310e-04
4.1187749403343097754e+01,-2.9684718514552015708e-04
4.1291496631059324329e+01,-3.0116012818559502896e-04
4.1395243858775550905e+01,-3.0551503868310973941e-04
4.1498991086491784586e+01,-3.0991202127839627802e-04
4.1602738314208011161e+01,-3.1435117946537998856e-04
4.1706485541924244842e+01,-3.1883261486011146022e-04
4.1810232769640471417e+01,-3.2335642114634421040e-04
4.1913979997356697993e+01,-3.2792268770176420970e-04
4.2017727225072931674e+01,-3.3253150299834106311e-04
4.2121474452789158249e+01,-3.3718295312784102779e-04
4.2225221680505391930e+01,-3.4187711512815579466e-04
4.2328968908221618506e+01,-3.4661406250422355669e-04
4.2432716135937845081e+01,-3.5139386803986207789e-04
4.2536463363654078762e+01,-3.5621660157484627204e-04
4.2640210591370305337e+01,-3.6108232304446225697e-04
4.2743957819086539018e+01,-3.6599108942133847053e-04
4.2847705046802765594e+01,-3.7094295712611591266e-04
4.2951452274518992169e+01,-3.7593797916082931062e-04
4.3055199502235225850e+01,-3.8097619791107190925e-04
4.3158946729951452426e+01,-3.8605765313447194201e-04
4.3262693957667686107e+01,-3.9118238420675783542e-04
4.3366441185383912682e+01,-3.9635042685301795015e-04
4.3470188413100139257e+01,-4.0156180546373356583e-04
4.3573935640816372938e+01,-4.0681654189195638575e-04
4.3677682868532599514e+01,-4.1211465778298074503e-04
4.3781430096248833195e+01,-4.1745617125373365606e-04
4.3885177323965059770e+01,-4.2284108830165279989e-04
4.3988924551681286346e+01,-4.2826941218327021057e-04
4.4092671779397520027e+01,-4.3374114612446796040e-04
4.4196419007113746602e+01,-4.3925629034315073675e-04
4.4300166234829980283e+01,-4.4481483217238652894e-04
4.4403913462546206858e+01,-4.5041675558041424036e-04
4.4507660690262433434e+01,-4.5606204468489079575e-04
4.4611407917978667115e+01,-4.6175068145279851619e-04
4.4715155145694893690e+01,-4.6748263451004045061e-04
4.4818902373411127371e+01,-4.7325786785464235649e-04
4.4922649601127353947e+01,-4.7907634581002166889e-04
4.5026396828843580522e+01,-4.8493803158028176304e-04
4.5130144056559814203e+01,-4.9084287533360596023e-04
4.5233891284276040778e+01,-4.9679082047153738221e-04
4.5337638511992274459e+01,-5.0278181084275643236e-04
4.5441385739708501035e+01,-5.0881579015068525117e-04
4.5545132967424727610e+01,-5.1489269060694747241e-04
4.5648880195140961291e+01,-5.2101243456186897059e-04
4.5752627422857187867e+01,-5.2717494471748408292e-04
4.5856374650573421548e+01,-5.3338014432527272677e-04
4.5960121878289648123e+01,-5.3962794815768722664e-04
4.6063869106005881804e+01,-5.4591825746190384729e-04
4.6167616333722108379e+01,-5.5225097313327047802e-04
4.6271363561438334955e+01,-5.5862599695452510445e-04
4.6375110789154568636e+01,-5.6504322624833798038e-04
4.6478858016870795211e+01,-5.7150254191264322247e-04
4.6582605244587028892e+01,-5.7800382239143891297e-04
4.6686352472303255468e+01,-5.8454694720921668467e-04
4.6790099700019482043e+01,-5.9113179488918187691e-04
4.6893846927735715724e+01,-5.9775822800436342799e-04
4.6997594155451942299e+01,-6.0442610198057971846e-04
4.7101341383168175980e+01,-6.1113527345919187780e-04
4.7205088610884402556e+01,-6.1788559997918936131e-04
4.7308835838600629131e+01,-6.2467692794955064894e-04
4.7412583066316862812e+01,-6.3150908998872820783e-04
4.7516330294033089388e+01,-6.3838191925429555330e-04
4.7620077521749323068e+01,-6.4529525035755027750e-04
4.7723824749465549644e+01,-6.5224891376474010939e-04
4.7827571977181776219e+01,-6.5924272142090043630e-04
4.7931319204898009900e+01,-6.6627648242607439167e-04
4.8035066432614236476e+01,-6.7335000752954390565e-04
4.8138813660330470157e+01,-6.8046310793845935210e-04
4.8242560888046696732e+01,-6.8761557949680301039e-04
4.8346308115762923308e+01,-6.9480720702031633935e-04
4.8450055343479156988e+01,-7.0203777685488204588e-04
4.8553802571195383564e+01,-7.0930707715859695264e-04
4.8657549798911617245e+01,-7.1661489000133865232e-04
4.8761297026627843820e+01,-7.2396097827209879988e-04
4.8865044254344070396e+01,-7.3134510340772194547e-04
4.8968791482060304077e+01,-7.3876702886677071865e-04
4.9072538709776530652e+01,-7.4622651875641717034e-04
4.9176285937492764333e+01,-7.5372332069225690936e-04
4.9280033165208990908e+01,-7.6125717103849835279e-04
4.9383780392925217484e+01,-7.6882780807556179003e-04
4.9487527620641451165e+01,-7.7643497227700304913e-04
4.9591274848357677740e+01,-7.8407839932926194203e-04
4.9695022076073911421e+01,-7.9175780423847792657e-04
4.9798769303790137997e+01,-7.9947289968706450498e-04
4.9902516531506364572e+01,-8.0722340074676664223e-04
5.0006263759222598253e+01,-8.1500902426424317801e-04
5.0110010986938824828e+01,-8.2282947322693102219e-04
5.0213758214655058509e+01,-8.3068443527038770321e-04
5.0317505442371285085e+01,-8.3857359969293540202e-04
5.0421252670087511660e+01,-8.4649665835010931298e-04
5.0524999897803745341e+01,-8.5445330231242273486e-04
5.0628747125519971917e+01,-8.6244320201267704942e-04
5.0732494353236205598e+01,-8.7046602069800686329e-04
5.0836241580952432173e+01,-8.7852142432745365403e-04
5.0939988808668665854e+01,-8.8660908156892664304e-04
5.1043736036384892429e+01,-8.9472865496486361087e-04
5.1147483264101119005e+01,-9.0287978554709122890e-04
5.1251230491817352686e+01,-9.1106211312226787272e-04
5.1354977719533579261e+01,-9.1927528040769879332e-04
5.1458724947249812942e+01,-9.2751893262658317157e-04
5.1562472174966039518e+01,-9.3579270236792072915e-04
5.1666219402682266093e+01,-9.4409620453994353047e-04
5.1769966630398499774e+01,-9.5242905570496621832e-04
5.1873713858114726349e+01,-9.6079087549279696030e-04
5.1977461085830960030e+01,-9.6918128512349962893e-04
5.2081208313547186606e+01,-9.7759988788573694111e-04
5.2184955541263413181e+01,-9.8604627445499927994e-04
5.2288702768979646862e+01,-9.9452003836898858133e-04
5.2392449996695873438e+01,-1.0030207763849013306e-03
5.2496197224412107118e+01,-1.0115480853534310549e-03
5.2599944452128333694e+01,-1.0201015409368105729e-03
5.2703691679844560269e+01,-1.0286807106031367956e-03
5.2807438907560793950e+01,-1.0372851651502252961e-03
5.2911186135277020526e+01,-1.0459144787421763290e-03
5.3014933362993254207e+01,-1.0545682239880376212e-03
5.3118680590709480782e+01,-1.0632459508527394160e-03
5.3222427818425707358e+01,-1.0719472042116946070e-03
5.3326175046141941039e+01,-1.0806715324765292941e-03
5.3429922273858167614e+01,-1.0894184875663436192e-03
5.3533669501574401295e+01,-1.0981876185581522162e-03
5.3637416729290627870e+01,-1.1069784515163989206e-03
5.3741163957006854446e+01,-1.1157905092151222930e-03
5.3844911184723088127e+01,-1.1246233181063654098e-03
5.3948658412439314702e+01,-1.1334764082848200299e-03
5.4052405640155548383e+01,-1.1423493064956439375e-03
5.4156152867871774959e+01,-1.1512415164951720487e-03
5.4259900095588001534e+01,-1.1601525394715423226e-03
5.4363647323304235215e+01,-1.1690818804206090133e-03
5.4467394551020461790e+01,-1.1780290481096787093e-03
5.4571141778736695471e+01,-1.1869935484237475066e-03
5.4674889006452922047e+01,-1.1959748643471594231e-03
5.4778636234169148622e+01,-1.2049724760731048839e-03
5.4882383461885382303e+01,-1.2139858677252526528e-03
5.4986130689601608879e+01,-1.2230145273206703346e-03
5.5089877917317842559e+01,-1.2320579413479691364e-03
5.5193625145034069135e+01,-1.2411155737443613657e-03
5.5297372372750295710e+01,-1.2501868843858598198e-03
5.5401119600466529391e+01,-1.2592713371922220188e-03
5.5504866828182755967e+01,-1.2683684000912721478e-03
5.5608614055898989648e+01,-1.2774775413669390775e-03
5.5712361283615216223e+01,-1.2865982080245393429e-03
5.5816108511331449904e+01,-1.2957298404231056953e-03
5.5919855739047676479e+01,-1.3048718830346113431e-03
5.6023602966763903055e+01,-1.3140237844460459816e-03
5.6127350194480136736e+01,-1.3231849954902542843e-03
5.6231097422196363311e+01,-1.3323549487540982915e-03
5.6334844649912596992e+01,-1.3415330661299008225e-03
5.6438591877628823568e+01,-1.3507187734891866471e-03
5.6542339105345050143e+01,-1.3599115009172604678e-03
5.6646086333061283824e+01,-1.3691106821232385243e-03
5.6749833560777510399e+01,-1.3783157378575322007e-03
5.6853580788493744080e+01,-1.3875260731297407984e-03
5.6957328016209970656e+01,-1.3967410961526836432e-03
5.7061075243926197231e+01,-1.4059602194430810464e-03
5.7164822471642430912e+01,-1.4151828597477643726e-03
5.7268569699358657488e+01,-1.4244084278412897943e-03
5.7372316927074891169e+01,-1.4336363144602053393e-03
5.7476064154791117744e+01,-1.4428659111976969293e-03
5.7579811382507344319e+01,-1.4520966140318593719e-03
5.7683558610223578000e+01,-1.4613278232862615420e-03
5.7787305837939804576e+01,-1.4705589396153885984e-03
5.7891053065656038257e+01,-1.4797893438004093829e-03
5.7994800293372264832e+01,-1.4890184119705552647e-03
5.8098547521088491408e+01,-1.4982455246947976382e-03
5.8202294748804725089e+01,-1.5074700669587171205e-03
5.8306041976520951664e+01,-1.5166914273883115062e-03
5.8409789204237185345e+01,-1.5259089816684870324e-03
5.8513536431953411920e+01,-1.5351220924522900567e-03
5.8617283659669638496e+01,-1.5443301261309303613e-03
5.8721030887385872177e+01,-1.5535324535734123825e-03
5.8824778115102098752e+01,-1.5627284500842829849e-03
5.8928525342818332433e+01,-1.5719174880416298280e-03
5.9032272570534559009e+01,-1.5810989210387658369e-03
5.9136019798250785584e+01,-1.5902721026244035461e-03
5.9239767025967019265e+01,-1.5994363908758025151e-03
5.9343514253683245840e+01,-1.6085911483591842398e-03
5.9447261481399479521e+01,-1.6177357408228472142e-03
5.9551008709115706097e+01,-1.6268695200712111112e-03
5.9654755936831932672e+01,-1.6359918285924746322e-03
5.9758503164548166353e+01,-1.6451020131019939482e-03
5.9862250392264392929e+01,-1.6541994248439515457e-03
5.9965997619980626610e+01,-1.6632834195488609228e-03
6.0069744847696853185e+01,-1.6723533505186808246e-03
6.0173492075413079760e+01,-1.6814085541932402481e-03
6.0277239303129313441e+01,-1.6904483674620369212e-03
6.0380986530845540017e+01,-1.6994721317720199935e-03
6.0484733758561773698e+01,-1.7084791930885069328e-03
6.0588480986278000273e+01,-1.7174689011802244006e-03
6.0692228213994233954e+01,-1.7264405953716956132e-03
6.0795975441710460530e+01,-1.7353936049775227270e-03
6.0899722669426687105e+01,-1.7443272632786702928e-03
6.1003469897142920786e+01,-1.7532409080916011405e-03
6.1107217124859147361e+01,-1.7621338817297698548e-03
6.1210964352575381042e+01,-1.7710055276865743160e-03
6.1314711580291607618e+01,-1.7798551750272352187e-03
6.1418458808007834193e+01,-1.7886821506131484610e-03
6.1522206035724067874e+01,-1.7974857858378003560e-03
6.1625953263440294450e+01,-1.8062654165970676474e-03
6.1729700491156528130e+01,-1.8150203832179789224e-03
6.1833447718872754706e+01,-1.8237500229143330417e-03
6.1937194946588981281e+01,-1.8324536603085395635e-03
6.2040942174305214962e+01,-1.8411306222028437848e-03
6.2144689402021441538e+01,-1.8497802398949620556e-03
6.2248436629737675219e+01,-1.8584018491406212922e-03
6.2352183857453901794e+01,-1.8669947897228989127e-03
6.2455931085170128370e+01,-1.8755583945944329094e-03
6.2559678312886362050e+01,-1.8840919885719780314e-03
6.2663425540602588626e+01,-1.8925949002790017853e-03
6.2767172768318822307e+01,-1.9010664627778176700e-03
6.2870919996035048882e+01,-1.9095060135329599595e-03
6.2974667223751275458e+01,-1.9179128932825383492e-03
6.3078414451467509139e+01,-1.9262864341905905265e-03
6.3182161679183735714e+01,-1.9346259643794679224e-03
6.3285908906899969395e+01,-1.9429308162319293158e-03
6.3389656134616195970e+01,-1.9512003265013762223e-03
6.3493403362332422546e+01,-1.9594338362761494661e-03
6.3597150590048656227e+01,-1.9676306891448455162e-03
6.3700897817764882802e+01,-1.9757902201706840396e-03
6.3804645045481116483e+01,-1.9839117631936381558e-03
6.3908392273197343059e+01,-1.9919946563568928510e-03
6.4012139500913576740e+01,-2.0000382420944343327e-03
6.4115886728629803315e+01,-2.0080418670963325750e-03
6.4219633956346029890e+01,-2.0160048800955689650e-03
6.4323381184062256466e+01,-2.0239266224274963732e-03
6.4427128411778497252e+01,-2.0318064358255628551e-03
6.4530875639494723828e+01,-2.0396436662538930396e-03
6.4634622867210950403e+01,-2.0474376638758783574e-03
6.4738370094927176979e+01,-2.0551877830205203708e-03
6.4842117322643403554e+01,-2.0628933800703936653e-03
6.4945864550359644340e+01,-2.0705538056068517778e-03
6.5049611778075870916e+01,-2.0781684114021454525e-03
6.5153359005792097491e+01,-2.0857365533568459487e-03
6.5257106233508324067e+01,-2.0932575914675405869e-03
6.5360853461224550642e+01,-2.1007308897943248981e-03
6.5464600688940791429e+01,-2.1081558148519433105e-03
6.5568347916657018004e+01,-2.1155317291457632206e-03
6.5672095144373244580e+01,-2.1228579966667176018e-03
6.5775842372089471155e+01,-2.1301339854173624924e-03
6.5879589599805697731e+01,-2.1373590673813324184e-03
6.5983336827521938517e+01,-2.1445326184920472830e-03
6.6087084055238165092e+01,-2.1516540176883852849e-03
6.6190831282954391668e+01,-2.1587226418731553929e-03
6.6294578510670618243e+01,-2.1657378694822640094e-03
6.6398325738386844819e+01,-2.1726990828301552192e-03
6.6502072966103085605e+01,-2.1796056680857805316e-03
6.6605820193819312180e+01,-2.1864570152425777567e-03
6.6709567421535538756e+01,-2.1932525177306874502e-03
6.6813314649251765331e+01,-2.1999915690875892181e-03
6.6917061876967991907e+01,-2.2066735644695385267e-03
6.7020809104684232693e+01,-2.2132979027508275713e-03
6.7124556332400459269e+01,-2.2198639865221312176e-03
6.7228303560116685844e+01,-2.2263712220618302878e-03
6.7332050787832912420e+01,-2.2328190192416525785e-03
6.7435798015549138995e+01,-2.2392067900863232843e-03
6.7539545243265379781e+01,-2.2455339487767174249e-03
6.7643292470981606357e+01,-2.2517999130259708750e-03
6.7747039698697832932e+01,-2.2580041041140560057e-03
6.7850786926414059508e+01,-2.2641459468605135662e-03
6.7954534154130286083e+01,-2.2702248695978003920e-03
6.8058281381846526870e+01,-2.2762403041898197215e-03
6.8162028609562753445e+01,-2.2821916860484626512e-03
6.8265775837278980021e+01,-2.2880784540280389369e-03
6.8369523064995206596e+01,-2.2939000503888981077e-03
6.8473270292711433171e+01,-2.2996559207716250200e-03
6.8577017520427673958e+01,-2.3053455141714687335e-03
6.8680764748143900533e+01,-2.3109682833738491754e-03
6.8784511975860127109e+01,-2.3165236867325219965e-03
6.8888259203576353684e+01,-2.3220111865600114899e-03
6.8992006431292580260e+01,-2.3274302484032338700e-03
6.9095753659008821046e+01,-2.3327803410190320332e-03
6.9199500886725047621e+01,-2.3380609363501084381e-03
6.9303248114441274197e+01,-2.3432715096914735579e-03
6.9406995342157500772e+01,-2.3484115429323487202e-03
6.9510742569873727348e+01,-2.3534805240655173528e-03
6.9614489797589968134e+01,-2.3584779442367299201e-03
6.9718237025306194710e+01,-2.3634032976206239239e-03
6.9821984253022421285e+01,-2.3682560813982271412e-03
6.9925731480738647861e+01,-2.3730357957370638161e-03
7.0029478708454874436e+01,-2.3777419460858754963e-03
7.0133225936171115222e+01,-2.3823740474536274359e-03
7.0236973163887341798e+01,-2.3869316188934270803e-03
7.0340720391603568373e+01,-2.3914141822958309008e-03
7.0444467619319794949e+01,-2.3958212623679379406e-03
7.0548214847036021524e+01,-2.4001523866126850230e-03
7.0651962074752262311e+01,-2.4044070858227290302e-03
7.0755709302468488886e+01,-2.4085849009170315869e-03
7.0859456530184715461e+01,-2.4126853810166864339e-03
7.0963203757900942037e+01,-2.4167080780124641608e-03
7.1066950985617168612e+01,-2.4206525464118260754e-03
7.1170698213333409399e+01,-2.4245183433198582920e-03
7.1274445441049635974e+01,-2.4283050284206277904e-03
7.1378192668765862550e+01,-2.4320121671916241496e-03
7.1481939896482089125e+01,-2.4356393388941187904e-03
7.1585687124198315701e+01,-2.4391861276784891806e-03
7.1689434351914556487e+01,-2.4426521201023434528e-03
7.1793181579630783062e+01,-2.4460369051131267658e-03
7.1896928807347009638e+01,-2.4493400740308772859e-03
7.2000676035063236213e+01,-2.4525612207788212438e-03
7.2104423262779462789e+01,-2.4556999502982272514e-03
7.2208170490495703575e+01,-2.4587558805498192262e-03
7.2311917718211930151e+01,-2.4617286323549616295e-03
7.2415664945928156726e+01,-2.4646178287079613042e-03
7.2519412173644383302e+01,-2.4674230947605208832e-03
7.2623159401360624088e+01,-2.4701440578063314085e-03
7.2726906629076850663e+01,-2.4727803487791847302e-03
7.2830653856793077239e+01,-2.4753316149942260031e-03
7.2934401084509303814e+01,-2.4777975136198102102e-03
7.3038148312225530390e+01,-2.4801777038536199950e-03
7.3141895539941771176e+01,-2.4824718468269679067e-03
7.3245642767657997751e+01,-2.4846796055910955539e-03
7.3349389995374224327e+01,-2.4868006451036041640e-03
7.3453137223090450902e+01,-2.4888346363233816716e-03
7.3556884450806677478e+01,-2.4907812700730221772e-03
7.3660631678522918264e+01,-2.4926402438491756207e-03
7.3764378906239144840e+01,-2.4944112568504673080e-03
7.3868126133955371415e+01,-2.4960940099654159961e-03
7.3971873361671597991e+01,-2.4976882057605839967e-03
7.4075620589387824566e+01,-2.4991935484850050578e-03
7.4179367817104065352e+01,-2.5006097516155809633e-03
7.4283115044820291928e+01,-2.5019365498246920292e-03
7.4386862272536518503e+01,-2.5031736823924173423e-03
7.4490609500252745079e+01,-2.5043208900513156193e-03
7.4594356727968971654e+01,-2.5053779149763174064e-03
7.4698103955685212441e+01,-2.5063445007747157250e-03
7.4801851183401439016e+01,-2.5072203925741915788e-03
7.4905598411117665592e+01,-2.5080053476914860623e-03
7.5009345638833892167e+01,-2.5086991451412636762e-03
7.5113092866550118742e+01,-2.5093015674201774902e-03
7.5216840094266359529e+01,-2.5098123982248933192e-03
7.5320587321982586104e+01,-2.5102314224438320063e-03
7.5424334549698812680e+01,-2.5105584261489702520e-03
7.5528081777415039255e+01,-2.5107931967620514095e-03
7.5631829005131265831e+01,-2.5109355357510890552e-03
7.5735576232847506617e+01,-2.5109852671477642799e-03
7.5839323460563733192e+01,-2.5109422179836675230e-03
7.5943070688279959768e+01,-2.5108062162355697898e-03
7.6046817915996186343e+01,-2.5105770908189764187e-03
7.6150565143712412919e+01,-2.5102546715817315899e-03
7.6254312371428653705e+01,-2.5098387894496041253e-03
7.6358059599144880281e+01,-2.5093292896310338130e-03
7.6461806826861106856e+01,-2.5087260417688901810e-03
7.6565554054577333432e+01,-2.5080289186216009160e-03
7.6669301282293560007e+01,-2.5072377936363101497e-03
7.6773048510009800793e+01,-2.5063525409442315682e-03
7.6876795737726027369e+01,-2.5053730353560357824e-03
7.6980542965442253944e+01,-2.5042991524101315855e-03
7.7084290193158480520e+01,-2.5031307801716569904e-03
7.7188037420874707095e+01,-2.5018678340587080164e-03
7.7291784648590947882e+01,-2.5005102336103555115e-03
7.7395531876307174457e+01,-2.4990578987970956185e-03
7.7499279104023401032e+01,-2.4975107500179605929e-03
7.7603026331739627608e+01,-2.4958687080976582444e-03
7.7706773559455854183e+01,-2.4941316942841446243e-03
7.7810520787172094970e+01,-2.4922996386431014136e-03
7.7914268014888321545e+01,-2.4903725015285797621e-03
7.8018015242604548121e+01,-2.4883502501643821152e-03
7.8121762470320774696e+01,-2.4862328519484220776e-03
7.8225509698037001272e+01,-2.4840202744515699554e-03
7.8329256925753242058e+01,-2.4817124854165043685e-03
7.8433004153469468633e+01,-2.4793094527565781755e-03
7.8536751381185695209e+01,-2.4768111487922725433e-03
7.8640498608901921784e+01,-2.4742175761006657796e-03
7.8744245836618148360e+01,-2.4715287502803553847e-03
7.8847993064334389146e+01,-2.4687446869003453441e-03
7.8951740292050615722e+01,-2.4658654014478062315e-03
7.9055487519766842297e+01,-2.4628909093286095039e-03
7.9159234747483068872e+01,-2.4598212258678630975e-03
7.9262981975199295448e+01,-2.4566563674493428586e-03
7.9366729202915536234e+01,-2.4533963746875483980e-03
7.9470476430631762810e+01,-2.4500413112883735745e-03
7.9574223658347989385e+01,-2.4465912415638432775e-03
7.9677970886064215961e+01,-2.4430462294910281103e-03
7.9781718113780442536e+01,-2.4394063387142179977e-03
7.9885465341496683322e+01,-2.4356716325470797492e-03
7.9989212569212909898e+01,-2.4318421740035971526e-03
8.0092959796929136473e+01,-2.4279180387627094517e-03
8.0196707024645363049e+01,-2.4238993355301624404e-03
8.0300454252361589624e+01,-2.4197861777501333477e-03
8.0404201480077830411e+01,-2.4155786782812833924e-03
8.0507948707794056986e+01,-2.4112769494005286373e-03
8.0611695935510283562e+01,-2.4068811028067817886e-03
8.0715443163226510137e+01,-2.4023912496246723099e-03
8.0819190390942736713e+01,-2.3978075036317288322e-03
8.0922937618658977499e+01,-2.3931300099227317303e-03
8.1026684846375204074e+01,-2.3883589310553640303e-03
8.1130432074091430650e+01,-2.3834944289689821879e-03
8.1234179301807657225e+01,-2.3785366647756673447e-03
8.1337926529523883801e+01,-2.3734857987655036578e-03
8.1441673757240124587e+01,-2.3683419904118084912e-03
8.1545420984956351163e+01,-2.3631053984527394460e-03
8.1649168212672577738e+01,-2.3577761964964599577e-03
8.1752915440388804313e+01,-2.3523545919602486913e-03
8.1856662668105030889e+01,-2.3468407958604511031e-03
8.1960409895821271675e+01,-2.3412350181449760773e-03
8.2064157123537498251e+01,-2.3355374677000518072e-03
8.2167904351253724826e+01,-2.3297483523569270311e-03
8.2271651578969951402e+01,-2.3238678788985202284e-03
8.2375398806686192188e+01,-2.3178962553171162525e-03
8.2479146034402418763e+01,-2.3118337195853827168e-03
8.2582893262118645339e+01,-2.3056805310663220504e-03
8.2686640489834871914e+01,-2.2994369483328286861e-03
8.2790387717551098490e+01,-2.2931032286616949423e-03
8.2894134945267339276e+01,-2.2866796280417178190e-03
8.2997882172983565852e+01,-2.2801664011817546207e-03
8.3101629400699792427e+01,-2.2735638015187087553e-03
8.3205376628416019003e+01,-2.2668720898513577619e-03
8.3309123856132245578e+01,-2.2600915638642787159e-03
8.3412871083848486364e+01,-2.2532225303236574215e-03
8.3516618311564712940e+01,-2.2462652944717654419e-03
8.3620365539280939515e+01,-2.2392201600360196918e-03
8.3724112766997166091e+01,-2.2320874292383777009e-03
8.3827859994713392666e+01,-2.2248674028046487409e-03
8.3931607222429633453e+01,-2.2175603801029529494e-03
8.4035354450145860028e+01,-2.2101666768473515572e-03
8.4139101677862086603e+01,-2.2026866430247828664e-03
8.4242848905578313179e+01,-2.1951206311902442259e-03
8.4346596133294539754e+01,-2.1874689921641448168e-03
8.4450343361010780541e+01,-2.1797320750429616254e-03
8.4554090588727007116e+01,-2.1719102272098225574e-03
8.4657837816443233692e+01,-2.1640037943449924075e-03
8.4761585044159460267e+01,-2.1560131212328553785e-03
8.4865332271875686843e+01,-2.1479385765282000241e-03
8.4969079499591927629e+01,-2.1397805574358344516e-03
8.5072826727308154204e+01,-2.1315394609895863508e-03
8.5176573955024380780e+01,-2.1232156822888884930e-03
8.5280321182740607355e+01,-2.1148096145105540339e-03
8.5384068410456833931e+01,-2.1063216489204542384e-03
8.5487815638173074717e+01,-2.0977521748851103364e-03
8.5591562865889301293e+01,-2.0891015815550470665e-03
8.5695310093605527868e+01,-2.0803702862327963681e-03
8.5799057321321754443e+01,-2.0715587301839088162e-03
8.5902804549037981019e+01,-2.0626673533999926625e-03
8.6006551776754221805e+01,-2.0536965937496621040e-03
8.6110299004470448381e+01,-2.0446468869913265315e-03
8.6214046232186674956e+01,-2.0355186667858778636e-03
8.6317793459902901532e+01,-2.0263123647093089254e-03
8.6421540687619128107e+01,-2.0170284123722007595e-03
8.6525287915335368893e+01,-2.0076672707490176954e-03
8.6629035143051595469e+01,-1.9982294227468512179e-03
8.6732782370767822044e+01,-1.9887153495808588925e-03
8.6836529598484048620e+01,-1.9791255301664905514e-03
8.6940276826200275195e+01,-1.9694604411332030172e-03
8.7044024053916515982e+01,-1.9597205568380867899e-03
8.7147771281632742557e+01,-1.9499063493793971063e-03
8.7251518509348969133e+01,-1.9400182903857457820e-03
8.7355265737065195708e+01,-1.9300568793324630532e-03
8.7459012964781422284e+01,-1.9200226384165626319e-03
8.7562760192497663070e+01,-1.9099160881287451878e-03
8.7666507420213889645e+01,-1.8997377464958539305e-03
8.7770254647930116221e+01,-1.8894881290954356617e-03
8.7874001875646342796e+01,-1.8791677490701942741e-03
8.7977749103362569372e+01,-1.8687771171423585986e-03
8.8081496331078810158e+01,-1.8583167425522597455e-03
8.8185243558795036733e+01,-1.8477871579477133258e-03
8.8288990786511263309e+01,-1.8371889220700273349e-03
8.8392738014227489884e+01,-1.8265225925243513266e-03
8.8496485241943716460e+01,-1.8157887243010432249e-03
8.8600232469659957246e+01,-1.8049878697909754396e-03
8.8703979697376183822e+01,-1.7941205788007423202e-03
8.8807726925092410397e+01,-1.7831873985677479128e-03
8.8911474152808636973e+01,-1.7721888739641125134e-03
8.9015221380524863548e+01,-1.7611255656904886962e-03
8.9118968608241104334e+01,-1.7499980652931860104e-03
8.9222715835957330910e+01,-1.7388069651196431335e-03
8.9326463063673557485e+01,-1.7275528547653965211e-03
8.9430210291389784061e+01,-1.7162363210900433326e-03
8.9533957519106010636e+01,-1.7048579482330915996e-03
8.9637704746822251423e+01,-1.6934183176297039255e-03
8.9741451974538477998e+01,-1.6819180080263351502e-03
8.9845199202254704574e+01,-1.6703576046932654305e-03
8.9948946429970931149e+01,-1.6587377261892779536e-03
9.0052693657687157724e+01,-1.6470589970243290547e-03
9.0156440885403398511e+01,-1.6353220388337613277e-03
9.0260188113119625086e+01,-1.6235274703948318533e-03
9.0363935340835851662e+01,-1.6116759076431105401e-03
9.0467682568552078237e+01,-1.5997679636887780687e-03
9.0571429796268304813e+01,-1.5878042488328086932e-03
9.0675177023984545599e+01,-1.5757853730944367584e-03
9.0778924251700772174e+01,-1.5637119734658762316e-03
9.0882671479416998750e+01,-1.5515847034982849662e-03
9.0986418707133225325e+01,-1.5394042140992618330e-03
9.1090165934849451901e+01,-1.5271711532109984860e-03
9.1193913162565692687e+01,-1.5148861658271454284e-03
9.1297660390281919263e+01,-1.5025498940095726938e-03
9.1401407617998145838e+01,-1.4901629769049973880e-03
9.1505154845714372414e+01,-1.4777260508691096585e-03
9.1608902073430598989e+01,-1.4652397645948116341e-03
9.1712649301146839775e+01,-1.4527047946380033765e-03
9.1816396528863066351e+01,-1.4401218182153226882e-03
9.1920143756579292926e+01,-1.4274915094859938914e-03
9.2023890984295519502e+01,-1.4148145395690711959e-03
9.2127638212011760288e+01,-1.4020915765605497950e-03
9.2231385439727986864e+01,-1.3893232855503772141e-03
9.2335132667444213439e+01,-1.3765103286393310864e-03
9.2438879895160440014e+01,-1.3636533679888438678e-03
9.2542627122876666590e+01,-1.3507530912860278918e-03
9.2646374350592907376e+01,-1.3378101987447331683e-03
9.2750121578309133952e+01,-1.3248253876059529373e-03
9.2853868806025360527e+01,-1.3117993519945179461e-03
9.2957616033741587103e+01,-1.2987327829364918221e-03
9.3061363261457813678e+01,-1.2856263683764437150e-03
9.3165110489174054464e+01,-1.2724807931946025431e-03
9.3268857716890281040e+01,-1.2592967392430847416e-03
9.3372604944606507615e+01,-1.2460748961710503557e-03
9.3476352172322734191e+01,-1.2328159794101744423e-03
9.3580099400038960766e+01,-1.2195207059706113760e-03
9.3683846627755201553e+01,-1.2061897896863927552e-03
9.3787593855471428128e+01,-1.1928239412330005845e-03
9.3891341083187654704e+01,-1.1794238681448088353e-03
9.3995088310903881279e+01,-1.1659902748324233075e-03
9.4098835538620107855e+01,-1.1525238625999020131e-03
9.4202582766336348641e+01,-1.1390253303531344947e-03
9.4306329994052575216e+01,-1.1254953927954346442e-03
9.4410077221768801792e+01,-1.1119347821671064433e-03
9.4513824449485028367e+01,-1.0983442285482031622e-03
9.4617571677201254943e+01,-1.0847244588166758596e-03
9.4721318904917495729e+01,-1.0710761966659081840e-03
9.4825066132633722304e+01,-1.0574001626221438393e-03
9.4928813360349948880e+01,-1.0436970740617830793e-03
9.5032560588066175455e+01,-1.0299676452285835750e-03
9.5136307815782402031e+01,-1.0162125894967349079e-03
9.5240055043498642817e+01,-1.0024326396385063731e-03
9.5343802271214869393e+01,-9.8862853820800428162e-04
9.5447549498931095968e+01,-9.7480102468734696787e-04
9.5551296726647322544e+01,-9.6095083534701022585e-04
9.5655043954363549119e+01,-9.4707870326323981280e-04
9.5758791182079789905e+01,-9.3318535833535520754e-04
9.5862538409796016481e+01,-9.1927152730294733364e-04
9.5966285637512243056e+01,-9.0533793376294704591e-04
9.6070032865228469632e+01,-8.9138530191183165327e-04
9.6173780092944696207e+01,-8.7741437506581138831e-04
9.6277527320660936994e+01,-8.6342590155822273798e-04
9.6381274548377163569e+01,-8.4942062651356653978e-04
9.6485021776093390145e+01,-8.3539929185150467623e-04
9.6588769003809616720e+01,-8.2136263630407850642e-04
9.6692516231525843295e+01,-8.0731139543280977001e-04
9.6796263459242084082e+01,-7.9324630164568884268e-04
9.6900010686958310657e+01,-7.7916808421406357019e-04
9.7003757914674537233e+01,-7.6507747350632938129e-04
9.7107505142390763808e+01,-7.5097521687023712639e-04
9.7211252370106990384e+01,-7.3686206444557921045e-04
9.7314999597823231170e+01,-7.2273876317427703398e-04
9.7418746825539457745e+01,-7.0860605681640170643e-04
9.7522494053255684321e+01,-6.9446468596708348011e-04
9.7626241280971910896e+01,-6.8031538807333900160e-04
9.7729988508688137472e+01,-6.6615889745077778300e-04
9.7833735736404378258e+01,-6.5199594530020524037e-04
9.7937482964120604834e+01,-6.3782726322613033602e-04
9.8041230191836831409e+01,-6.2365359705802308511e-04
9.8144977419553057985e+01,-6.0947569481756280751e-04
9.8248724647269284560e+01,-5.9529430136844258079e-04
9.8352471874985525346e+01,-5.8111015843147152595e-04
9.8456219102701751922e+01,-5.6692400460114228400e-04
9.8559966330417978497e+01,-5.5273657536207391767e-04
9.8663713558134205073e+01,-5.3854860310536840223e-04
9.8767460785850431648e+01,-5.2436081714485772032e-04
9.8871208013566672435e+01,-5.1017394582122867902e-04
9.8974955241282899010e+01,-4.9598872843890559874e-04
9.9078702468999125585e+01,-4.8180590697432753612e-04
9.9182449696715352161e+01,-4.6762622031736137155e-04
9.9286196924431578736e+01,-4.5345040426951824242e-04
9.9389944152147819523e+01,-4.3927919156006993732e-04
9.9493691379864046098e+01,-4.2511331186207568103e-04
9.9597438607580272674e+01,-4.1095349180828689246e-04
9.9701185835296499249e+01,-3.9680045500697425954e-04
9.9804933063012725825e+01,-3.8265492282827436726e-04
9.9908680290728966611e+01,-3.6851762341325424235e-04
1.0001242751844519319e+02,-3.5438928858767278609e-04
1.0011617474616141976e+02,-3.4027064727545225115e-04
1.0021992197387764634e+02,-3.2616242538220110124e-04
1.0032366920159387291e+02,-3.1206534581081882447e-04
1.0042741642931011370e+02,-2.9798012847700387339e-04
1.0053116365702634027e+02,-2.8390749032467546510e-04
1.0063491088474256685e+02,-2.6984814534127985960e-04
1.0073865811245879343e+02,-2.5580324320133562008e-04
1.0084240534017502000e+02,-2.4179478139520224167e-04
1.0094615256789126079e+02,-2.2787416754800534366e-04
1.0104989979560748736e+02,-2.1409483356384150041e-04
1.0115364702332371394e+02,-2.0050999213920702672e-04
1.0125739425103994051e+02,-1.8717263788599350035e-04
1.0136114147875616709e+02,-1.7413554844757824489e-04
1.0146488870647240788e+02,-1.6145128560806766929e-04
1.0156863593418863445e+02,-1.4917219639475065573e-04
1.0167238316190486103e+02,-1.3735041417364921186e-04
1.0177613038962108760e+02,-1.2602457323405811965e-04
1.0187987761733732839e+02,-1.1518040371432765247e-04
1.0198362484505355496e+02,-1.0479060617068040059e-04
1.0208737207276978154e+02,-9.4827992132574288951e-05
1.0219111930048600811e+02,-8.5265483539393547717e-05
1.0229486652820223469e+02,-7.6076112180559378527e-05
1.0239861375591847548e+02,-6.7233019139045015504e-05
1.0250236098363470205e+02,-5.8709454238275990737e-05
1.0260610821135092863e+02,-5.0478775492373855643e-05
1.0270985543906715520e+02,-4.2518523730521734917e-05
1.0281360266678338178e+02,-3.4882234455847120711e-05
1.0291734989449962256e+02,-2.7690352101479605968e-05
1.0302109712221584914e+02,-2.1065151893052835597e-05
1.0312484434993207572e+02,-1.5128417003452757558e-05
1.0322859157764830229e+02,-1.0001441025446093847e-05
1.0333233880536452887e+02,-5.8050304294084567136e-06
1.0343608603308076965e+02,-2.6595070062624187627e-06
1.0353983326079699623e+02,-6.8471029573051780113e-07
1.0364358048851322280e+02,0.0000000000000000000e+00
