1.0000000000000000479e-04,-1.6059467914535627275e-01
1.0384722771622945103e-01,-1.3135589275528669617e-01
2.0759445543245888532e-01,-1.1758904207175863155e-01
3.1134168314868831962e-01,-1.0479206530915313733e-01
4.1508891086491778166e-01,-9.2910204374785101966e-02
5.1883613858114718820e-01,-8.1893696431390106127e-02
6.2258336629737665024e-01,-7.1695373211948465464e-02
7.2633059401360611229e-01,-6.2270250995840839559e-02
8.3007782172983557434e-01,-5.3575371825006802562e-02
9.3382504944606503638e-01,-4.5569702462067075699e-02
1.0375722771622943874e+00,-3.8214052319829036608e-02
1.1413195048785238495e+00,-3.1470999732759435963e-02
1.2450667325947533115e+00,-2.5304822988318036170e-02
1.3488139603109827735e+00,-1.9681434693606246478e-02
1.4525611880272122356e+00,-1.4568318858509789540e-02
1.5563084157434416976e+00,-9.9344702759599744224e-03
1.6600556434596711597e+00,-5.7503361730567026378e-03
1.7638028711759006217e+00,-1.9877597725775301291e-03
1.8675500988921300838e+00,1.3800740724156182210e-03
1.9712973266083595458e+00,4.3786915106089714309e-03
2.0750445543245890079e+00,7.0323804646609229876e-03
2.1787917820408186920e+00,9.3642396517113462434e-03
2.2825390097570479320e+00,1.1396225987382263903e-02
2.3862862374732776161e+00,1.3149200367118666841e-02
2.4900334651895068561e+00,1.4642971807109807225e-02
2.5937806929057365402e+00,1.5896340153556502706e-02
2.6975279206219657802e+00,1.6927137231733360018e-02
2.8012751483381954642e+00,1.7752266672209332521e-02
2.9050223760544247043e+00,1.8387742239791237536e-02
3.0087696037706543883e+00,1.8848724916782022554e-02
3.1125168314868836283e+00,1.9149558637996052374e-02
3.2162640592031133124e+00,1.9303804674274966519e-02
3.3200112869193425524e+00,1.9324275078318225302e-02
3.4237585146355717924e+00,1.9223064598614881399e-02
3.5275057423518014765e+00,1.9011581656567532600e-02
3.6312529700680307165e+00,1.8700578194300813972e-02
3.7350001977842604006e+00,1.8300178394787612601e-02
3.8387474255004896406e+00,1.7819906377895600169e-02
3.9424946532167193247e+00,1.7268712906122141160e-02
4.0462418809329481206e+00,1.6655001101172923345e-02
4.1499891086491773606e+00,1.5986651172357521644e-02
4.2537363363654074888e+00,1.5271044288607650910e-02
4.3574835640816367288e+00,1.4515085608000265205e-02
4.4612307917978659688e+00,1.3725226238069458337e-02
4.5649780195140952088e+00,1.2907484675904922627e-02
4.6687252472303253370e+00,1.2067467137519796022e-02
4.7724724749465545770e+00,1.1210387330161495842e-02
4.8762197026627838170e+00,1.0341085374947503461e-02
4.9799669303790130570e+00,9.4640459943482382194e-03
5.0837141580952422970e+00,8.5834160356556884336e-03
5.1874613858114724252e+00,7.7030212938811780735e-03
5.2912086135277016652e+00,6.8263826713051735384e-03
5.3949558412439309052e+00,5.9567317054922980929e-03
5.4987030689601601452e+00,5.0970254817772698078e-03
5.6024502966763902734e+00,4.2499609494859973136e-03
5.7061975243926195134e+00,3.4179886634362580296e-03
5.8099447521088487534e+00,2.6033259717677084862e-03
5.9136919798250779934e+00,1.8079696615611871077e-03
6.0174392075413081216e+00,1.0337080761262111735e-03
6.1211864352575373616e+00,2.8213274337300777795e-04
6.2249336629737666016e+00,-4.4535046601743331169e-04
6.3286808906899958416e+00,-1.1475106267576432040e-03
6.4324281184062259697e+00,-1.8232816081167496115e-03
6.5361753461224552098e+00,-2.4717523118893713376e-03
6.6399225738386844498e+00,-3.0921571366540508141e-03
6.7436698015549136898e+00,-3.6838671498653557598e-03
6.8474170292711429298e+00,-4.2463816001899615596e-03
6.9511642569873730579e+00,-4.7793193838936154361e-03
7.0549114847036022979e+00,-5.2824117010545441550e-03
7.1586587124198315379e+00,-5.7554940771048709869e-03
7.2624059401360607779e+00,-6.1984996509864085518e-03
7.3661531678522909061e+00,-6.6114519954476799746e-03
7.4699003955685201461e+00,-6.9944589681992389366e-03
7.5736476232847493861e+00,-7.3477060994039675515e-03
7.6773948510009786261e+00,-7.6714512167922683031e-03
7.7811420787172087543e+00,-7.9660181609584011786e-03
7.8848893064334379943e+00,-8.2317921274596486669e-03
7.9886365341496672343e+00,-8.4692140315817728696e-03
8.0923837618658964743e+00,-8.6787758172462998313e-03
8.1961309895821266025e+00,-8.8610161360982535317e-03
8.2998782172983549543e+00,-9.0165155049673571114e-03
8.4036254450145850825e+00,-9.1458923933771321679e-03
8.5073726727308152107e+00,-9.2497994728716129154e-03
8.6111199004470435625e+00,-9.3289195639822755646e-03
8.7148671281632736907e+00,-9.3839621462136028895e-03
8.8186143558795020425e+00,-9.4156602302678683164e-03
8.9223615835957321707e+00,-9.4247671110786260251e-03
9.0261088113119622989e+00,-9.4120532763814143684e-03
9.1298560390281906507e+00,-9.3783036236570593153e-03
9.2336032667444207789e+00,-9.3243148538767039318e-03
9.3373504944606509071e+00,-9.2508930323644614213e-03
9.4410977221768792589e+00,-9.1588511551221364615e-03
9.5448449498931093871e+00,-9.0490069315863775473e-03
9.6485921776093377389e+00,-8.9221807241837355895e-03
9.7523394053255678671e+00,-8.7791936144110856166e-03
9.8560866330417979952e+00,-8.6208655908494007808e-03
9.9598338607580263471e+00,-8.4480138554303037257e-03
1.0063581088474256475e+01,-8.2614512469418623086e-03
1.0167328316190484827e+01,-8.0619847586476094808e-03
1.0271075543906714955e+01,-7.8504141662680271274e-03
1.0374822771622945083e+01,-7.6275307620752999874e-03
1.0478569999339173435e+01,-7.3941161838808056039e-03
1.0582317227055403563e+01,-7.1509413347605361999e-03
1.0686064454771633692e+01,-6.8987653895311775581e-03
1.0789811682487862043e+01,-6.6383348840762653950e-03
1.0893558910204092172e+01,-6.3703828837194552068e-03
1.0997306137920320523e+01,-6.0956282269459859460e-03
1.1101053365636550652e+01,-5.8147748408890727670e-03
1.1204800593352780780e+01,-5.5285111251105736527e-03
1.1308547821069009132e+01,-5.2375094003356235939e-03
1.1412295048785239260e+01,-4.9424254189261510040e-03
1.1516042276501469388e+01,-4.6438979340183662511e-03
1.1619789504217697740e+01,-4.3425483243843899031e-03
1.1723536731933927868e+01,-4.0389802722253049724e-03
1.1827283959650156220e+01,-3.7337794912607729508e-03
1.1931031187366386348e+01,-3.4275135025446639564e-03
1.2034778415082616476e+01,-3.1207314528286819559e-03
1.2138525642798844828e+01,-2.8139639747122350243e-03
1.2242272870515074956e+01,-2.5077230879605445606e-03
1.2346020098231303308e+01,-2.2025021390877841040e-03
1.2449767325947533436e+01,-1.8987757773187110329e-03
1.2553514553663763564e+01,-1.5969999652091851350e-03
1.2657261781379991916e+01,-1.2976120223257433216e-03
1.2761009009096222044e+01,-1.0010306965350704821e-03
1.2864756236812452173e+01,-7.0765623918422014809e-04
1.2968503464528680524e+01,-4.1787052884100466107e-04
1.3072250692244910653e+01,-1.3203722859038958767e-04
1.3175997919961139004e+01,1.4949803662909607531e-04
1.3279745147677369133e+01,4.2640747799706029374e-04
1.3383492375393599261e+01,6.9838093307846959689e-04
1.3487239603109827613e+01,9.6512571303705328371e-04
1.3590986830826057741e+01,1.2263663265666613009e-03
1.3694734058542286093e+01,1.4818441790273068244e-03
1.3798481286258516221e+01,1.7313172749620438142e-03
1.3902228513974746349e+01,1.9745599426866577639e-03
1.4005975741690974701e+01,2.2113626878572717124e-03
1.4109722969407204829e+01,2.4415317845657420574e-03
1.4213470197123434957e+01,2.6648888762550414222e-03
1.4317217424839663309e+01,2.8812706224210782313e-03
1.4420964652555893437e+01,3.0905285747232754193e-03
1.4524711880272121789e+01,3.2925288231472902081e-03
1.4628459107988351917e+01,3.4871514409423971445e-03
1.4732206335704582045e+01,3.6742900988514003505e-03
1.4835953563420810397e+01,3.8538520332678715893e-03
1.4939700791137040525e+01,4.0257576142177118814e-03
1.5043448018853268877e+01,4.1899396888212337223e-03
1.5147195246569499005e+01,4.3463432809776108776e-03
1.5250942474285729133e+01,4.4949256960986868140e-03
1.5354689702001957485e+01,4.6356557350499816295e-03
1.5458436929718187614e+01,4.7685131168679131819e-03
1.5562184157434417742e+01,4.8934886108239856670e-03
1.5665931385150646094e+01,5.0105836672629635101e-03
1.5769678612866876222e+01,5.1198094919458966845e-03
1.5873425840583104574e+01,5.2211870398741356408e-03
1.5977173068299334702e+01,5.3147470780277499339e-03
1.6080920296015563054e+01,5.4005290344541455327e-03
1.6184667523731793182e+01,5.4785808755310723764e-03
1.6288414751448023310e+01,5.5489594294790807807e-03
1.6392161979164253438e+01,5.6117291074012573548e-03
1.6495909206880483566e+01,5.6669617805383673201e-03
1.6599656434596710142e+01,5.7147371997878304919e-03
1.6703403662312940270e+01,5.7551415888002508195e-03
1.6807150890029170398e+01,5.7882677307960865576e-03
1.6910898117745400526e+01,5.8142152554715945817e-03
1.7014645345461630654e+01,5.8330891422326402312e-03
1.7118392573177857230e+01,5.8450002523702465976e-03
1.7222139800894087358e+01,5.8500651093844795517e-03
1.7325887028610317486e+01,5.8484045869362259393e-03
1.7429634256326547614e+01,5.8401449156524716175e-03
1.7533381484042777743e+01,5.8254165864880455561e-03
1.7637128711759004318e+01,5.8043538376573297274e-03
1.7740875939475234446e+01,5.7770955212481552021e-03
1.7844623167191464574e+01,5.7437833710552669425e-03
1.7948370394907694703e+01,5.7045627675804269976e-03
1.8052117622623924831e+01,5.6595823060111450503e-03
1.8155864850340154959e+01,5.6089927621667265770e-03
1.8259612078056381534e+01,5.5529482540355298500e-03
1.8363359305772611663e+01,5.4916045008954715578e-03
1.8467106533488841791e+01,5.4251196130226542885e-03
1.8570853761205071919e+01,5.3536535976142721888e-03
1.8674600988921302047e+01,5.2773675695749720782e-03
1.8778348216637528623e+01,5.1964247345526910771e-03
1.8882095444353758751e+01,5.1109886768796542258e-03
1.8985842672069988879e+01,5.0212245570382804324e-03
1.9089589899786219007e+01,4.9272978961483462554e-03
1.9193337127502449135e+01,4.8293748165889639756e-03
1.9297084355218675711e+01,4.7276220283543534881e-03
1.9400831582934905839e+01,4.6222059296025580152e-03
1.9504578810651135967e+01,4.5132935365394073399e-03
1.9608326038367366095e+01,4.4010510025392565736e-03
1.9712073266083596224e+01,4.2856447701159639668e-03
1.9815820493799822799e+01,4.1672402427707202002e-03
1.9919567721516052927e+01,4.0460025399742961111e-03
2.0023314949232283055e+01,3.9220957491183684740e-03
2.0127062176948513184e+01,3.7956830690776544035e-03
2.0230809404664743312e+01,3.6669266760366568160e-03
2.0334556632380969887e+01,3.5359873453750588317e-03
2.0438303860097200015e+01,3.4030247641501916271e-03
2.0542051087813430144e+01,3.2681968370974301234e-03
2.0645798315529660272e+01,3.1316602287421130106e-03
2.0749545543245890400e+01,2.9935695601963695049e-03
2.0853292770962120528e+01,2.8540779968186705783e-03
2.0957039998678347104e+01,2.7133364882103144095e-03
2.1060787226394577232e+01,2.5714942826328196154e-03
2.1164534454110807360e+01,2.4286982940932783440e-03
2.1268281681827037488e+01,2.2850934900350431192e-03
2.1372028909543267616e+01,2.1408224129183498104e-03
2.1475776137259494192e+01,1.9960254312735665680e-03
2.1579523364975724320e+01,1.8508404138662826882e-03
2.1683270592691954448e+01,1.7054028499877661122e-03
2.1787017820408184576e+01,1.5598456695263345721e-03
2.1890765048124414704e+01,1.4142992351898562436e-03
2.1994512275840641280e+01,1.2688913102677384405e-03
2.2098259503556871408e+01,1.1237469140182249419e-03
2.2202006731273101536e+01,9.7898845127222279550e-04
2.2305753958989331664e+01,8.3473541097225554489e-04
2.2409501186705561793e+01,6.9110467974826776671e-04
2.2513248414421788368e+01,5.4821006129846905179e-04
2.2616995642138018496e+01,4.0616278986095458777e-04
2.2720742869854248625e+01,2.6507086572617787404e-04
2.2824490097570478753e+01,1.2503975300046376055e-04
2.2928237325286708881e+01,-1.3828427031849257187e-05
2.3031984553002939009e+01,-1.5143408883652400730e-04
2.3135731780719165585e+01,-2.8768102095438527997e-04
2.3239479008435395713e+01,-4.2247561857662667114e-04
2.3343226236151625841e+01,-5.5572756894482701513e-04
2.3446973463867855969e+01,-6.8734934029403098581e-04
2.3550720691584086097e+01,-8.1725647638649376661e-04
2.3654467919300312673e+01,-9.4536758764690110093e-04
2.3758215147016542801e+01,-1.0716040233535542060e-03
2.3861962374732772929e+01,-1.1958905557627834675e-03
2.3965709602449003057e+01,-1.3181543165231839488e-03
2.4069456830165233185e+01,-1.4383261683578473823e-03
2.4173204057881459761e+01,-1.5563390815059091263e-03
2.4276951285597689889e+01,-1.6721298147455484345e-03
2.4380698513313920017e+01,-1.7856373059952337836e-03
2.4484445741030150145e+01,-1.8968039443874344305e-03
2.4588192968746380274e+01,-2.0055747438450489094e-03
2.4691940196462606849e+01,-2.1118974987138303817e-03
2.4795687424178836977e+01,-2.2157232899241187385e-03
2.4899434651895067105e+01,-2.3170052308437690328e-03
2.5003181879611297234e+01,-2.4157002413914144615e-03
2.5106929107327527362e+01,-2.5117669113120053709e-03
2.5210676335043753937e+01,-2.6051675306406072222e-03
2.5314423562759984065e+01,-2.6958664279674270092e-03
2.5418170790476214194e+01,-2.7838307999608867538e-03
2.5521918018192444322e+01,-2.8690307889415529903e-03
2.5625665245908674450e+01,-2.9514383267419462380e-03
2.5729412473624904578e+01,-3.0310290500469034419e-03
2.5833159701341131154e+01,-3.1077799029687216796e-03
2.5936906929057361282e+01,-3.1816713139712154111e-03
2.6040654156773591410e+01,-3.2526856393663970170e-03
2.6144401384489821538e+01,-3.3208075191219215035e-03
2.6248148612206051666e+01,-3.3860247017338963166e-03
2.6351895839922278242e+01,-3.4483260699022717267e-03
2.6455643067638508370e+01,-3.5077040953017447379e-03
2.6559390295354738498e+01,-3.5641524881740360362e-03
2.6663137523070968626e+01,-3.6176675282549026862e-03
2.6766884750787198755e+01,-3.6682480170847006629e-03
2.6870631978503425330e+01,-3.7158938314707061490e-03
2.6974379206219655458e+01,-3.7606082644301135759e-03
2.7078126433935885586e+01,-3.8023954637742981254e-03
2.7181873661652115715e+01,-3.8412620988917487580e-03
2.7285620889368345843e+01,-3.8772170254368094194e-03
2.7389368117084572418e+01,-3.9102699692166167575e-03
2.7493115344800802546e+01,-3.9404338557216291028e-03
2.7596862572517032675e+01,-3.9677222731091628047e-03
2.7700609800233262803e+01,-3.9921509645925445930e-03
2.7804357027949492931e+01,-4.0137378193226633943e-03
2.7908104255665723059e+01,-4.0325012246385516512e-03
2.8011851483381949635e+01,-4.0484625044918468029e-03
2.8115598711098179763e+01,-4.0616436769442161581e-03
2.8219345938814409891e+01,-4.0720682321279070420e-03
2.8323093166530640019e+01,-4.0797619922241686041e-03
2.8426840394246870147e+01,-4.0847509260020621949e-03
2.8530587621963096723e+01,-4.0870634051416634275e-03
2.8634334849679326851e+01,-4.0867288764282619709e-03
2.8738082077395556979e+01,-4.0837773549145372359e-03
2.8841829305111787107e+01,-4.0782413359096297834e-03
2.8945576532828017235e+01,-4.0701534470983539646e-03
2.9049323760544243811e+01,-4.0595477227300504411e-03
2.9153070988260473939e+01,-4.0464599155882246748e-03
2.9256818215976704067e+01,-4.0309256842492912146e-03
2.9360565443692934195e+01,-4.0129826788061007461e-03
2.9464312671409164324e+01,-3.9926693042679883144e-03
2.9568059899125390899e+01,-3.9700241567311922095e-03
2.9671807126841621027e+01,-3.9450878750395936348e-03
2.9775554354557851156e+01,-3.9179011267971713961e-03
2.9879301582274081284e+01,-3.8885052845832649392e-03
2.9983048809990311412e+01,-3.8569433222964207182e-03
3.0086796037706537987e+01,-3.8232579201341776627e-03
3.0190543265422768116e+01,-3.7874928908840804244e-03
3.0294290493138998244e+01,-3.7496930369470267246e-03
3.0398037720855228372e+01,-3.7099028241007869083e-03
3.0501784948571458500e+01,-3.6681680704817552774e-03
3.0605532176287688628e+01,-3.6245350175942822775e-03
3.0709279404003915204e+01,-3.5790496761424670479e-03
3.0813026631720145332e+01,-3.5317594116781847978e-03
3.0916773859436375460e+01,-3.4827115866033781649e-03
3.1020521087152605588e+01,-3.4319534902199841375e-03
3.1124268314868835716e+01,-3.3795336015530323161e-03
3.1228015542585062292e+01,-3.3255001275354859752e-03
3.1331762770301292420e+01,-3.2699013360823299054e-03
3.1435509998017522548e+01,-3.2127864404863483785e-03
3.1539257225733752676e+01,-3.1542042335213241015e-03
3.1643004453449982805e+01,-3.0942036411790879193e-03
3.1746751681166209380e+01,-3.0328342866007755411e-03
3.1850498908882439508e+01,-2.9701452950950395400e-03
3.1954246136598669636e+01,-2.9061859329027914071e-03
3.2057993364314903317e+01,-2.8410059463189764849e-03
3.2161740592031129893e+01,-2.7746545453187412139e-03
3.2265487819747363574e+01,-2.7071810346010723516e-03
3.2369235047463590149e+01,-2.6386350230382001059e-03
3.2472982275179823830e+01,-2.5690655651785247911e-03
3.2576729502896050406e+01,-2.4985217248772412062e-03
3.2680476730612276981e+01,-2.4270527320667850853e-03
3.2784223958328510662e+01,-2.3547072561734749482e-03
3.2887971186044737237e+01,-2.2815338661128932961e-03
3.2991718413760970918e+01,-2.2075811864628869241e-03
3.3095465641477197494e+01,-2.1328972839924644454e-03
3.3199212869193424069e+01,-2.0575300049013789047e-03
3.3302960096909657750e+01,-1.9815271552539735940e-03
3.3406707324625884326e+01,-1.9049359941618122967e-03
3.3510454552342118006e+01,-1.8278034441595726427e-03
3.3614201780058344582e+01,-1.7501762926893514767e-03
3.3717949007774571157e+01,-1.6721007978506205720e-03
3.3821696235490804838e+01,-1.5936227840935475192e-03
3.3925443463207031414e+01,-1.5147878346912328762e-03
3.4029190690923265095e+01,-1.4356410236313393771e-03
3.4132937918639491670e+01,-1.3562269269032998630e-03
3.4236685146355718246e+01,-1.2765897564809977009e-03
3.4340432374071951926e+01,-1.1967732288846941180e-03
3.4444179601788178502e+01,-1.1168205381069955164e-03
3.4547926829504412183e+01,-1.0367743834713324513e-03
3.4651674057220638758e+01,-9.5667696161199711549e-04
3.4755421284936865334e+01,-8.7656995562810724812e-04
3.4859168512653099015e+01,-7.9649444588661562870e-04
3.4962915740369325590e+01,-7.1649095938710780865e-04
3.5066662968085559271e+01,-6.3659953628262080406e-04
3.5170410195801785846e+01,-5.5685956618894050154e-04
3.5274157423518012422e+01,-4.7730977624553831348e-04
3.5377904651234246103e+01,-3.9798842801297575457e-04
3.5481651878950472678e+01,-3.1893316720933527616e-04
3.5585399106666706359e+01,-2.4018082536207872543e-04
3.5689146334382932935e+01,-1.6176775500493302843e-04
3.5792893562099159510e+01,-8.3729787881748352356e-05
3.5896640789815393191e+01,-6.1018236698355818651e-06
3.6000388017531619766e+01,7.1081808467844760017e-05
3.6104135245247853447e+01,1.4778720737727840803e-04
3.6207882472964080023e+01,2.2398137574201201706e-04
3.6311629700680313704e+01,2.9963209827457866746e-04
3.6415376928396540279e+01,3.7470754034270363454e-04
3.6519124156112766855e+01,4.4917657824570844704e-04
3.6622871383829000536e+01,5.2300913787156253464e-04
3.6726618611545227111e+01,5.9617556772832182299e-04
3.6830365839261460792e+01,6.6864668465884660644e-04
3.6934113066977687367e+01,7.4039446582129246795e-04
3.7037860294693913943e+01,8.1139152093964749587e-04
3.7141607522410147624e+01,8.8161078645574027755e-04
3.7245354750126374199e+01,9.5102612839018292341e-04
3.7349101977842607880e+01,1.0196124401733472429e-03
3.7452849205558834456e+01,1.0873449355560422126e-03
3.7556596433275061031e+01,1.1541993525750447475e-03
3.7660343660991294712e+01,1.2201527331440361040e-03
3.7764090888707521287e+01,1.2851826396247411407e-03
3.7867838116423754968e+01,1.3492669161136942434e-03
3.7971585344139981544e+01,1.4123844543118438226e-03
3.8075332571856208119e+01,1.4745151701216143054e-03
3.8179079799572441800e+01,1.5356392314798904784e-03
3.8282827027288668376e+01,1.5957373060297920693e-03
3.8386574255004902056e+01,1.6547914496635690411e-03
3.8490321482721128632e+01,1.7127842169973707745e-03
3.8594068710437355207e+01,1.7696983760851440343e-03
3.8697815938153588888e+01,1.8255176948638557159e-03
3.8801563165869815464e+01,1.8802270739934098635e-03
3.8905310393586049145e+01,1.9338116302528320350e-03
3.9009057621302275720e+01,1.9862568376818865758e-03
3.9112804849018502296e+01,2.0375495701566476332e-03
3.9216552076734735977e+01,2.0876773215385150198e-03
3.9320299304450962552e+01,2.1366277228685656708e-03
3.9424046532167196233e+01,2.1843891383804612920e-03
3.9527793759883422808e+01,2.2309512821712990278e-03
3.9631540987599649384e+01,2.2763041254083658110e-03
3.9735288215315883065e+01,2.3204378092648069234e-03
3.9839035443032109640e+01,2.3633436447889548220e-03
3.9942782670748343321e+01,2.4050139029629627636e-03
4.0046529898464569897e+01,2.4454409602746350963e-03
4.0150277126180796472e+01,2.4846175123160204982e-03
4.0254024353897030153e+01,2.5225376770466713741e-03
4.0357771581613256728e+01,2.5591961019357876289e-03
4.0461518809329490409e+01,2.5945874913122553979e-03
4.0565266037045716985e+01,2.6287071409447065190e-03
4.0669013264761943560e+01,2.6615517257643044047e-03
4.0772760492478177241e+01,2.6931181572091601739e-03
4.0876507720194403817e+01,2.7234034003978933348e-03
4.0980254947910637497e+01,2.7524053137155421282e-03
4.1084002175626864073e+01,2.7801228930034180623e-03
4.1187749403343097754e+01,2.8065552184236711511e-03
4.1291496631059324329e+01,2.8317014550520392888e-03
4.1395243858775550905e+01,2.8555618927564303637e-03
4.1498991086491784586e+01,2.8781376692108250059e-03
4.1602738314208011161e+01,2.8994299321941276876e-03
4.1706485541924244842e+01,2.9194399729925062451e-03
4.1810232769640471417e+01,2.9381703348921751201e-03
4.1913979997356697993e+01,2.9556241531816171419e-03
4.2017727225072931674e+01,2.9718045363808192998e-03
4.2121474452789158249e+01,2.9867148045560022382e-03
4.2225221680505391930e+01,3.0003595627521501867e-03
4.2328968908221618506e+01,3.0127438167732762016e-03
4.2432716135937845081e+01,3.0238725238278811765e-03
4.2536463363654078762e+01,3.0337509090797259818e-03
4.2640210591370305337e+01,3.0423854530260223926e-03
4.2743957819086539018e+01,3.0497829103518269214e-03
4.2847705046802765594e+01,3.0559499703460787402e-03
4.2951452274518992169e+01,3.0608936173257086412e-03
4.3055199502235225850e+01,3.0646220331517655400e-03
4.3158946729951452426e+01,3.0671435989310046576e-03
4.3262693957667686107e+01,3.0684666154351478845e-03
4.3366441185383912682e+01,3.0685996665482284836e-03
4.3470188413100139257e+01,3.0675524716363730508e-03
4.3573935640816372938e+01,3.0653349127720123414e-03
4.3677682868532599514e+01,3.0619567781487830489e-03
4.3781430096248833195e+01,3.0574280887088758039e-03
4.3885177323965059770e+01,3.0517599410288106729e-03
4.3988924551681286346e+01,3.0449635899465993076e-03
4.4092671779397520027e+01,3.0370501843726064976e-03
4.4196419007113746602e+01,3.0280310262169639682e-03
4.4300166234829980283e+01,3.0179184263732987230e-03
4.4403913462546206858e+01,3.0067248821117470436e-03
4.4507660690262433434e+01,2.9944627741834576110e-03
4.4611407917978667115e+01,2.9811445434870399024e-03
4.4715155145694893690e+01,2.9667835458472989647e-03
4.4818902373411127371e+01,2.9513933885847993925e-03
4.4922649601127353947e+01,2.9349875538659054089e-03
4.5026396828843580522e+01,2.9175794966346878072e-03
4.5130144056559814203e+01,2.8991834443012022213e-03
4.5233891284276040778e+01,2.8798139778054730395e-03
4.5337638511992274459e+01,2.8594855493765409388e-03
4.5441385739708501035e+01,2.8382125178226407826e-03
4.5545132967424727610e+01,2.8160098146137436080e-03
4.5648880195140961291e+01,2.7928928494772953077e-03
4.5752627422857187867e+01,2.7688769130327054065e-03
4.5856374650573421548e+01,2.7439771651698195362e-03
4.5960121878289648123e+01,2.7182090962075675968e-03
4.6063869106005881804e+01,2.6915887851437607370e-03
4.6167616333722108379e+01,2.6641322295980532885e-03
4.6271363561438334955e+01,2.6358552837773101263e-03
4.6375110789154568636e+01,2.6067738947575446948e-03
4.6478858016870795211e+01,2.5769046296922441808e-03
4.6582605244587028892e+01,2.5462640626883782657e-03
4.6686352472303255468e+01,2.5148686205278456517e-03
4.6790099700019482043e+01,2.4827346620878063509e-03
4.6893846927735715724e+01,2.4498790413147236364e-03
4.6997594155451942299e+01,2.4163187775446985303e-03
4.7101341383168175980e+01,2.3820707423527322580e-03
4.7205088610884402556e+01,2.3471516705006485043e-03
4.7308835838600629131e+01,2.3115785427868756723e-03
4.7412583066316862812e+01,2.2753686716422897966e-03
4.7516330294033089388e+01,2.2385392475776956511e-03
4.7620077521749323068e+01,2.2011073113021376035e-03
4.7723824749465549644e+01,2.1630899025531580629e-03
4.7827571977181776219e+01,2.1245044403382247998e-03
4.7931319204898009900e+01,2.0853683107919462024e-03
4.8035066432614236476e+01,2.0456987498450596163e-03
4.8138813660330470157e+01,2.0055128700046573852e-03
4.8242560888046696732e+01,1.9648280007738836220e-03
4.8346308115762923308e+01,1.9236615969183432171e-03
4.8450055343479156988e+01,1.8820309704085276536e-03
4.8553802571195383564e+01,1.8399532854845390781e-03
4.8657549798911617245e+01,1.7974456935279199341e-03
4.8761297026627843820e+01,1.7545255557362248854e-03
4.8865044254344070396e+01,1.7112101444852314061e-03
4.8968791482060304077e+01,1.6675165857749508613e-03
4.9072538709776530652e+01,1.6234618780161464216e-03
4.9176285937492764333e+01,1.5790631118845011374e-03
4.9280033165208990908e+01,1.5343374047331230850e-03
4.9383780392925217484e+01,1.4893017338880490223e-03
4.9487527620641451165e+01,1.4439729343221497770e-03
4.9591274848357677740e+01,1.3983677622673813465e-03
4.9695022076073911421e+01,1.3525030383963383175e-03
4.9798769303790137997e+01,1.3063954851649931584e-03
4.9902516531506364572e+01,1.2600616859655073068e-03
5.0006263759222598253e+01,1.2135180897609786164e-03
5.0110010986938824828e+01,1.1667810970183976373e-03
5.0213758214655058509e+01,1.1198670690657926662e-03
5.0317505442371285085e+01,1.0727922372378423648e-03
5.0421252670087511660e+01,1.0255726992782500905e-03
5.0524999897803745341e+01,9.7822442795010501777e-04
5.0628747125519971917e+01,9.3076331567245099412e-04
5.0732494353236205598e+01,8.8320514643659307416e-04
5.0836241580952432173e+01,8.3556557546615782637e-04
5.0939988808668665854e+01,7.8786013043777650133e-04
5.1043736036384892429e+01,7.4010420586050648488e-04
5.1147483264101119005e+01,6.9231305229420700680e-04
5.1251230491817352686e+01,6.4450179356758448973e-04
5.1354977719533579261e+01,5.9668543129683571276e-04
5.1458724947249812942e+01,5.4887884479934998059e-04
5.1562472174966039518e+01,5.0109673924869852554e-04
5.1666219402682266093e+01,4.5335362925674353501e-04
5.1769966630398499774e+01,4.0566390805468001456e-04
5.1873713858114726349e+01,3.5804185372808445230e-04
5.1977461085830960030e+01,3.1050162166644100937e-04
5.2081208313547186606e+01,2.6305712848294555452e-04
5.2184955541263413181e+01,2.1572208529835275098e-04
5.2288702768979646862e+01,1.6851009209156709006e-04
5.2392449996695873438e+01,1.2143464111910324404e-04
5.2496197224412107118e+01,7.4509092269199904196e-05
5.2599944452128333694e+01,2.7746497538430670070e-05
5.2703691679844560269e+01,-1.8840289698057839180e-05
5.2807438907560793950e+01,-6.5238517649979102866e-05
5.2911186135277020526e+01,-1.1143553454088949057e-04
5.3014933362993254207e+01,-1.5741883853704163160e-04
5.3118680590709480782e+01,-2.0317629606104401505e-04
5.3222427818425707358e+01,-2.4869595768884137331e-04
5.3326175046141941039e+01,-2.9396596704621083150e-04
5.3429922273858167614e+01,-3.3897455984709156177e-04
5.3533669501574401295e+01,-3.8371014095272838176e-04
5.3637416729290627870e+01,-4.2816153203376880248e-04
5.3741163957006854446e+01,-4.7231772686348306957e-04
5.3844911184723088127e+01,-5.1616780404176762064e-04
5.3948658412439314702e+01,-5.5970092617939532810e-04
5.4052405640155548383e+01,-6.0290643725632517280e-04
5.4156152867871774959e+01,-6.4577413844186225007e-04
5.4259900095588001534e+01,-6.8829399869566358031e-04
5.4363647323304235215e+01,-7.3045606355007230981e-04
5.4467394551020461790e+01,-7.7225045438084690026e-04
5.4571141778736695471e+01,-8.1366747177478461733e-04
5.4674889006452922047e+01,-8.5469790911392061125e-04
5.4778636234169148622e+01,-8.9533273503164859629e-04
5.4882383461885382303e+01,-9.3556298645134706483e-04
5.4986130689601608879e+01,-9.7537976794212564828e-04
5.5089877917317842559e+01,-1.0147743437682343361e-03
5.5193625145034069135e+01,-1.0537384984679540063e-03
5.5297372372750295710e+01,-1.0922642173734049918e-03
5.5401119600466529391e+01,-1.1303435458880520086e-03
5.5504866828182755967e+01,-1.1679685888888622844e-03
5.5608614055898989648e+01,-1.2051315772989221187e-03
5.5712361283615216223e+01,-1.2418252686364696265e-03
5.5816108511331449904e+01,-1.2780426740525332573e-03
5.5919855739047676479e+01,-1.3137768573104695834e-03
5.6023602966763903055e+01,-1.3490209335530799293e-03
5.6127350194480136736e+01,-1.3837681051214478518e-03
5.6231097422196363311e+01,-1.4180120664962897730e-03
5.6334844649912596992e+01,-1.4517468534237757283e-03
5.6438591877628823568e+01,-1.4849665508876409500e-03
5.6542339105345050143e+01,-1.5176652872845152603e-03
5.6646086333061283824e+01,-1.5498372455892987700e-03
5.6749833560777510399e+01,-1.5814770099117621358e-03
5.6853580788493744080e+01,-1.6125796226594240734e-03
5.6957328016209970656e+01,-1.6431401860966142123e-03
5.7061075243926197231e+01,-1.6731538381075010749e-03
5.7164822471642430912e+01,-1.7026157526382494547e-03
5.7268569699358657488e+01,-1.7315213633363754978e-03
5.7372316927074891169e+01,-1.7598666723323667677e-03
5.7476064154791117744e+01,-1.7876477886784648309e-03
5.7579811382507344319e+01,-1.8148608494697351760e-03
5.7683558610223578000e+01,-1.8415020195918781025e-03
5.7787305837939804576e+01,-1.8675675830117333901e-03
5.7891053065656038257e+01,-1.8930544068599391028e-03
5.7994800293372264832e+01,-1.9179595898238342017e-03
5.8098547521088491408e+01,-1.9422802516937621910e-03
5.8202294748804725089e+01,-1.9660135327962849176e-03
5.8306041976520951664e+01,-1.9891566114650350260e-03
5.8409789204237185345e+01,-2.0117071001617510204e-03
5.8513536431953411920e+01,-2.0336630465505353520e-03
5.8617283659669638496e+01,-2.0550225306600242679e-03
5.8721030887385872177e+01,-2.0757836460875366512e-03
5.8824778115102098752e+01,-2.0959444999479864141e-03
5.8928525342818332433e+01,-2.1155033946697807123e-03
5.9032272570534559009e+01,-2.1344592208646043924e-03
5.9136019798250785584e+01,-2.1528109907237415535e-03
5.9239767025967019265e+01,-2.1705577233583164300e-03
5.9343514253683245840e+01,-2.1876984447388009812e-03
5.9447261481399479521e+01,-2.2042322202131202878e-03
5.9551008709115706097e+01,-2.2201585935564538410e-03
5.9654755936831932672e+01,-2.2354774670048710092e-03
5.9758503164548166353e+01,-2.2501887521821617964e-03
5.9862250392264392929e+01,-2.2642923613247697978e-03
5.9965997619980626610e+01,-2.2777882073647436403e-03
6.0069744847696853185e+01,-2.2906763864502205190e-03
6.0173492075413079760e+01,-2.3029575600598400920e-03
6.0277239303129313441e+01,-2.3146324944493573868e-03
6.0380986530845540017e+01,-2.3257019506081689011e-03
6.0484733758561773698e+01,-2.3361666843044874044e-03
6.0588480986278000273e+01,-2.3460274646633968304e-03
6.0692228213994233954e+01,-2.3552854636200884313e-03
6.0795975441710460530e+01,-2.3639422430234971126e-03
6.0899722669426687105e+01,-2.3719993706293059609e-03
6.1003469897142920786e+01,-2.3794584035282070368e-03
6.1107217124859147361e+01,-2.3863208882364422316e-03
6.1210964352575381042e+01,-2.3925884536060118730e-03
6.1314711580291607618e+01,-2.3982632516813687587e-03
6.1418458808007834193e+01,-2.4033476106822067482e-03
6.1522206035724067874e+01,-2.4078438433632865477e-03
6.1625953263440294450e+01,-2.4117542469052882098e-03
6.1729700491156528130e+01,-2.4150811040242977680e-03
6.1833447718872754706e+01,-2.4178269029943503902e-03
6.1937194946588981281e+01,-2.4199946143241782975e-03
6.2040942174305214962e+01,-2.4215872571297816611e-03
6.2144689402021441538e+01,-2.4226078303661541073e-03
6.2248436629737675219e+01,-2.4230593129952885181e-03
6.2352183857453901794e+01,-2.4229446761207390493e-03
6.2455931085170128370e+01,-2.4222672122204236093e-03
6.2559678312886362050e+01,-2.4210305739021872884e-03
6.2663425540602588626e+01,-2.4192384097977796820e-03
6.2767172768318822307e+01,-2.4168943444158041967e-03
6.2870919996035048882e+01,-2.4140019783407519818e-03
6.2974667223751275458e+01,-2.4105649231007733602e-03
6.3078414451467509139e+01,-2.4065871762503450101e-03
6.3182161679183735714e+01,-2.4020729765836944421e-03
6.3285908906899969395e+01,-2.3970265397127493365e-03
6.3389656134616195970e+01,-2.3914520536513703131e-03
6.3493403362332422546e+01,-2.3853536790408198798e-03
6.3597150590048656227e+01,-2.3787356094632991499e-03
6.3700897817764882802e+01,-2.3716024387055063827e-03
6.3804645045481116483e+01,-2.3639589159580383544e-03
6.3908392273197343059e+01,-2.3558097603237930159e-03
6.4012139500913576740e+01,-2.3471596603118543775e-03
6.4115886728629803315e+01,-2.3380132740850202017e-03
6.4219633956346029890e+01,-2.3283753072188711521e-03
6.4323381184062256466e+01,-2.3182508475951767689e-03
6.4427128411778497252e+01,-2.3076450870978125647e-03
6.4530875639494723828e+01,-2.2965631843126599158e-03
6.4634622867210950403e+01,-2.2850102647047117882e-03
6.4738370094927176979e+01,-2.2729914208834667809e-03
6.4842117322643403554e+01,-2.2605117931617387493e-03
6.4945864550359644340e+01,-2.2475768719538761174e-03
6.5049611778075870916e+01,-2.2341922266812851497e-03
6.5153359005792097491e+01,-2.2203633913111375103e-03
6.5257106233508324067e+01,-2.2060958646185008583e-03
6.5360853461224550642e+01,-2.1913951104656401690e-03
6.5464600688940791429e+01,-2.1762666262605573526e-03
6.5568347916657018004e+01,-2.1607162213855431697e-03
6.5672095144373244580e+01,-2.1447497784764959876e-03
6.5775842372089471155e+01,-2.1283731431000988549e-03
6.5879589599805697731e+01,-2.1115921240006238144e-03
6.5983336827521938517e+01,-2.0944124933894134495e-03
6.6087084055238165092e+01,-2.0768400338634961447e-03
6.6190831282954391668e+01,-2.0588807945297704464e-03
6.6294578510670618243e+01,-2.0405409075001769773e-03
6.6398325738386844819e+01,-2.0218264668791451587e-03
6.6502072966103085605e+01,-2.0027435287424265493e-03
6.6605820193819312180e+01,-1.9832981114332789291e-03
6.6709567421535538756e+01,-1.9634962198541729660e-03
6.6813314649251765331e+01,-1.9433440669376995848e-03
6.6917061876967991907e+01,-1.9228479706722091582e-03
6.7020809104684232693e+01,-1.9020142117430799324e-03
6.7124556332400459269e+01,-1.8808490320061763308e-03
6.7228303560116685844e+01,-1.8593586347874343969e-03
6.7332050787832912420e+01,-1.8375491928870424461e-03
6.7435798015549138995e+01,-1.8154270139098152397e-03
6.7539545243265379781e+01,-1.7929985369292073330e-03
6.7643292470981606357e+01,-1.7702701687276364666e-03
6.7747039698697832932e+01,-1.7472482768423494657e-03
6.7850786926414059508e+01,-1.7239391898654717224e-03
6.7954534154130286083e+01,-1.7003491985090964014e-03
6.8058281381846526870e+01,-1.6764846496314528019e-03
6.8162028609562753445e+01,-1.6523520356538830018e-03
6.8265775837278980021e+01,-1.6279578307939106350e-03
6.8369523064995206596e+01,-1.6033084699718976734e-03
6.8473270292711433171e+01,-1.5784103491087453103e-03
6.8577017520427673958e+01,-1.5532698254208936618e-03
6.8680764748143900533e+01,-1.5278932505095172128e-03
6.8784511975860127109e+01,-1.5022870989847398292e-03
6.8888259203576353684e+01,-1.4764578559744395789e-03
6.8992006431292580260e+01,-1.4504119676117112163e-03
6.9095753659008821046e+01,-1.4241558413141881031e-03
6.9199500886725047621e+01,-1.3976958460742774926e-03
6.9303248114441274197e+01,-1.3710383180175612743e-03
6.9406995342157500772e+01,-1.3441896511381448958e-03
6.9510742569873727348e+01,-1.3171562846395732955e-03
6.9614489797589968134e+01,-1.2899446221308306926e-03
6.9718237025306194710e+01,-1.2625610291042473760e-03
6.9821984253022421285e+01,-1.2350118332186610023e-03
6.9925731480738647861e+01,-1.2073033246114955180e-03
7.0029478708454874436e+01,-1.1794417863136548528e-03
7.0133225936171115222e+01,-1.1514335504705834959e-03
7.0236973163887341798e+01,-1.1232849271461062008e-03
7.0340720391603568373e+01,-1.0950021891765744468e-03
7.0444467619319794949e+01,-1.0665915724450154151e-03
7.0548214847036021524e+01,-1.0380592761528441119e-03
7.0651962074752262311e+01,-1.0094114660530873872e-03
7.0755709302468488886e+01,-9.8065431422531728137e-04
7.0859456530184715461e+01,-9.5179398836979620287e-04
7.0963203757900942037e+01,-9.2283662088451753110e-04
7.1066950985617168612e+01,-8.9378830835790134841e-04
7.1170698213333409399e+01,-8.6465511182979410375e-04
7.1274445441049635974e+01,-8.3544305705062361488e-04
7.1378192668765862550e+01,-8.0615813971868504218e-04
7.1481939896482089125e+01,-7.7680633807249523971e-04
7.1585687124198315701e+01,-7.4739359946856599205e-04
7.1689434351914556487e+01,-7.1792583683591730190e-04
7.1793181579630783062e+01,-6.8840892892484985537e-04
7.1896928807347009638e+01,-6.5884872055351753270e-04
7.2000676035063236213e+01,-6.2925102256704821581e-04
7.2104423262779462789e+01,-5.9962160236526459902e-04
7.2208170490495703575e+01,-5.6996618181769413084e-04
7.2311917718211930151e+01,-5.4029044918697073305e-04
7.2415664945928156726e+01,-5.1060006013826811453e-04
7.2519412173644383302e+01,-4.8090063797248661353e-04
7.2623159401360624088e+01,-4.5119777385741881596e-04
7.2726906629076850663e+01,-4.2149702257139208192e-04
7.2830653856793077239e+01,-3.9180386492163775869e-04
7.2934401084509303814e+01,-3.6212372727391692719e-04
7.3038148312225530390e+01,-3.3246200492108074400e-04
7.3141895539941771176e+01,-3.0282406254442735972e-04
7.3245642767657997751e+01,-2.7321523443051373052e-04
7.3349389995374224327e+01,-2.4364082468608707082e-04
7.3453137223090450902e+01,-2.1410609010923315788e-04
7.3556884450806677478e+01,-1.8461618182955629006e-04
7.3660631678522918264e+01,-1.5517620113683597998e-04
7.3764378906239144840e+01,-1.2579122062110172564e-04
7.3868126133955371415e+01,-9.6466284374712398171e-05
7.3971873361671597991e+01,-6.7206408192216064604e-05
7.4075620589387824566e+01,-3.8016579685895331034e-05
7.4179367817104065352e+01,-8.9017198934359872286e-06
7.4283115044820291928e+01,2.0133377696775631242e-05
7.4386862272536518503e+01,4.9083962308261665133e-05
7.4490609500252745079e+01,7.7945309631226067674e-05
7.4594356727968971654e+01,1.0671272163850680837e-04
7.4698103955685212441e+01,1.3538152640306169434e-04
7.4801851183401439016e+01,1.6394707847826328357e-04
7.4905598411117665592e+01,1.9240481990558688818e-04
7.5009345638833892167e+01,2.2075033457763285050e-04
7.5113092866550118742e+01,2.4897924374114079873e-04
7.5216840094266359529e+01,2.7708719280146009833e-04
7.5320587321982586104e+01,3.0506985115615433595e-04
7.5424334549698812680e+01,3.3292291203001545593e-04
7.5528081777415039255e+01,3.6064209338580423747e-04
7.5631829005131265831e+01,3.8822321605574944920e-04
7.5735576232847506617e+01,4.1566225611966873274e-04
7.5839323460563733192e+01,4.4295522422948272259e-04
7.5943070688279959768e+01,4.7009815283681130604e-04
7.6046817915996186343e+01,4.9708709604425599642e-04
7.6150565143712412919e+01,5.2391812945791829681e-04
7.6254312371428653705e+01,5.5058735102136492114e-04
7.6358059599144880281e+01,5.7709096610918824734e-04
7.6461806826861106856e+01,6.0342535292334667854e-04
7.6565554054577333432e+01,6.2958692483923287854e-04
7.6669301282293560007e+01,6.5557211464560864386e-04
7.6773048510009800793e+01,6.8137737441343649864e-04
7.6876795737726027369e+01,7.0699917536575808668e-04
7.6980542965442253944e+01,7.3243400809926292004e-04
7.7084290193158480520e+01,7.5767846073040013948e-04
7.7188037420874707095e+01,7.8272931711732894426e-04
7.7291784648590947882e+01,8.0758340270244751563e-04
7.7395531876307174457e+01,8.3223755994987899318e-04
7.7499279104023401032e+01,8.5668864823155684626e-04
7.7603026331739627608e+01,8.8093354371419354491e-04
7.7706773559455854183e+01,9.0496913924999113771e-04
7.7810520787172094970e+01,9.2879240073416894589e-04
7.7914268014888321545e+01,9.5240051139571521924e-04
7.8018015242604548121e+01,9.7579071422494007525e-04
7.8121762470320774696e+01,9.9896026685760146331e-04
7.8225509698037001272e+01,1.0219064414777904656e-03
7.8329256925753242058e+01,1.0446265247215863817e-03
7.8433004153469468633e+01,1.0671178175814656584e-03
7.8536751381185695209e+01,1.0893776639128471048e-03
7.8640498608901921784e+01,1.1114036248172070448e-03
7.8744245836618148360e+01,1.1331933622289801049e-03
7.8847993064334389146e+01,1.1547445507425670858e-03
7.8951740292050615722e+01,1.1760548771752392903e-03
7.9055487519766842297e+01,1.1971220404869524490e-03
7.9159234747483068872e+01,1.2179437517007632441e-03
7.9262981975199295448e+01,1.2385177414765008181e-03
7.9366729202915536234e+01,1.2588419157283502626e-03
7.9470476430631762810e+01,1.2789143478881585207e-03
7.9574223658347989385e+01,1.2987331277402142885e-03
7.9677970886064215961e+01,1.3182963550178311563e-03
7.9781718113780442536e+01,1.3376021393386623715e-03
7.9885465341496683322e+01,1.3566486001405197569e-03
7.9989212569212909898e+01,1.3754338668089548161e-03
8.0092959796929136473e+01,1.3939561647430397540e-03
8.0196707024645363049e+01,1.4122139505721603182e-03
8.0300454252361589624e+01,1.4302057241188680971e-03
8.0404201480077830411e+01,1.4479299929485566368e-03
8.0507948707794056986e+01,1.4653852723195655901e-03
8.0611695935510283562e+01,1.4825700851336897062e-03
8.0715443163226510137e+01,1.4994829618870475583e-03
8.0819190390942736713e+01,1.5161224616808187480e-03
8.0922937618658977499e+01,1.5324873594160066340e-03
8.1026684846375204074e+01,1.5485765552098987481e-03
8.1130432074091430650e+01,1.5643889561984523386e-03
8.1234179301807657225e+01,1.5799234751005726031e-03
8.1337926529523883801e+01,1.5951790301825124769e-03
8.1441673757240124587e+01,1.6101545452225365321e-03
8.1545420984956351163e+01,1.6248489499642020540e-03
8.1649168212672577738e+01,1.6392612797906658262e-03
8.1752915440388804313e+01,1.6533907967086296491e-03
8.1856662668105030889e+01,1.6672367961910561189e-03
8.1960409895821271675e+01,1.6807985772781344237e-03
8.2064157123537498251e+01,1.6940754425547174464e-03
8.2167904351253724826e+01,1.7070666981279605280e-03
8.2271651578969951402e+01,1.7197716536051003110e-03
8.2375398806686192188e+01,1.7321896360846520454e-03
8.2479146034402418763e+01,1.7443201691957005775e-03
8.2582893262118645339e+01,1.7561629195619904865e-03
8.2686640489834871914e+01,1.7677175586650797218e-03
8.2790387717551098490e+01,1.7789837596332343933e-03
8.2894134945267339276e+01,1.7899611972311221288e-03
8.2997882172983565852e+01,1.8006495478495811082e-03
8.3101629400699792427e+01,1.8110484894954788707e-03
8.3205376628416019003e+01,1.8211577538617749854e-03
8.3309123856132245578e+01,1.8309773045251582536e-03
8.3412871083848486364e+01,1.8405071690169758861e-03
8.3516618311564712940e+01,1.8497473747340724415e-03
8.3620365539280939515e+01,1.8586979489373300564e-03
8.3724112766997166091e+01,1.8673589187525071846e-03
8.3827859994713392666e+01,1.8757303111710792870e-03
8.3931607222429633453e+01,1.8838121538046945745e-03
8.4035354450145860028e+01,1.8916045780905624708e-03
8.4139101677862086603e+01,1.8991079237997492927e-03
8.4242848905578313179e+01,1.9063225540638117656e-03
8.4346596133294539754e+01,1.9132488302276834651e-03
8.4450343361010780541e+01,1.9198871118606504124e-03
8.4554090588727007116e+01,1.9262377567672410179e-03
8.4657837816443233692e+01,1.9323011209980433828e-03
8.4761585044159460267e+01,1.9380775633311144671e-03
8.4865332271875686843e+01,1.9435675842263203106e-03
8.4969079499591927629e+01,1.9487718520427991294e-03
8.5072826727308154204e+01,1.9536910417944997401e-03
8.5176573955024380780e+01,1.9583258252066351388e-03
8.5280321182740607355e+01,1.9626768707356858149e-03
8.5384068410456833931e+01,1.9667448435892608168e-03
8.5487815638173074717e+01,1.9705304057458078969e-03
8.5591562865889301293e+01,1.9740342249678580894e-03
8.5695310093605527868e+01,1.9772571273665344796e-03
8.5799057321321754443e+01,1.9802000748249557957e-03
8.5902804549037981019e+01,1.9828640291939133265e-03
8.6006551776754221805e+01,1.9852499476831868275e-03
8.6110299004470448381e+01,1.9873587828895008904e-03
8.6214046232186674956e+01,1.9891914828242822540e-03
8.6317793459902901532e+01,1.9907489909412180544e-03
8.6421540687619128107e+01,1.9920322569832093693e-03
8.6525287915335368893e+01,1.9930423875548670953e-03
8.6629035143051595469e+01,1.9937806079258126729e-03
8.6732782370767822044e+01,1.9942481406798624050e-03
8.6836529598484048620e+01,1.9944462025581468842e-03
8.6940276826200275195e+01,1.9943760044939680930e-03
8.7044024053916515982e+01,1.9940387516474136417e-03
8.7147771281632742557e+01,1.9934356434397203402e-03
8.7251518509348969133e+01,1.9925678822538248937e-03
8.7355265737065195708e+01,1.9914368115972703663e-03
8.7459012964781422284e+01,1.9900438910592241695e-03
8.7562760192497663070e+01,1.9883905770621888680e-03
8.7666507420213889645e+01,1.9864783191343633219e-03
8.7770254647930116221e+01,1.9843085599503952447e-03
8.7874001875646342796e+01,1.9818827353718340874e-03
8.7977749103362569372e+01,1.9792022744873089685e-03
8.8081496331078810158e+01,1.9762686039190590671e-03
8.8185243558795036733e+01,1.9730832626844866176e-03
8.8288990786511263309e+01,1.9696479145690261314e-03
8.8392738014227489884e+01,1.9659642224109609085e-03
8.8496485241943716460e+01,1.9620338412509818159e-03
8.8600232469659957246e+01,1.9578584183778413065e-03
8.8703979697376183822e+01,1.9534395933736878152e-03
8.8807726925092410397e+01,1.9487789981590772793e-03
8.8911474152808636973e+01,1.9438782578579255622e-03
8.9015221380524863548e+01,1.9387390697735372956e-03
8.9118968608241104334e+01,1.9333632685718262455e-03
8.9222715835957330910e+01,1.9277526958101048708e-03
8.9326463063673557485e+01,1.9219091844902590812e-03
8.9430210291389784061e+01,1.9158345591083760732e-03
8.9533957519106010636e+01,1.9095306357040213192e-03
8.9637704746822251423e+01,1.9029992219091827060e-03
8.9741451974538477998e+01,1.8962421169968770533e-03
8.9845199202254704574e+01,1.8892611492513542663e-03
8.9948946429970931149e+01,1.8820582845657850366e-03
9.0052693657687157724e+01,1.8746355154915374068e-03
9.0156440885403398511e+01,1.8669948254082865003e-03
9.0260188113119625086e+01,1.8591381885767362375e-03
9.0363935340835851662e+01,1.8510675701909585448e-03
9.0467682568552078237e+01,1.8427849264303830176e-03
9.0571429796268304813e+01,1.8342922045114279286e-03
9.0675177023984545599e+01,1.8255913521899845304e-03
9.0778924251700772174e+01,1.8166844203205802580e-03
9.0882671479416998750e+01,1.8075735236559558727e-03
9.0986418707133225325e+01,1.7982607685727797307e-03
9.1090165934849451901e+01,1.7887482518514810203e-03
9.1193913162565692687e+01,1.7790380607308356551e-03
9.1297660390281919263e+01,1.7691322729621852729e-03
9.1401407617998145838e+01,1.7590329568632730780e-03
9.1505154845714372414e+01,1.7487421717435724499e-03
9.1608902073430598989e+01,1.7382620201843877652e-03
9.1712649301146839775e+01,1.7275947016929318889e-03
9.1816396528863066351e+01,1.7167424186867977394e-03
9.1920143756579292926e+01,1.7057073636403876499e-03
9.2023890984295519502e+01,1.6944917191409742101e-03
9.2127638212011760288e+01,1.6830976579443623388e-03
9.2231385439727986864e+01,1.6715273430301944360e-03
9.2335132667444213439e+01,1.6597829276568615373e-03
9.2438879895160440014e+01,1.6478665649201664194e-03
9.2542627122876666590e+01,1.6357804875504811971e-03
9.2646374350592907376e+01,1.6235269671822667031e-03
9.2750121578309133952e+01,1.6111082657877058479e-03
9.2853868806025360527e+01,1.5985266352296163741e-03
9.2957616033741587103e+01,1.5857843173178679669e-03
9.3061363261457813678e+01,1.5728835438654198940e-03
9.3165110489174054464e+01,1.5598265367439776569e-03
9.3268857716890281040e+01,1.5466155079928299750e-03
9.3372604944606507615e+01,1.5332526900461019952e-03
9.3476352172322734191e+01,1.5197403859487166721e-03
9.3580099400038960766e+01,1.5060809017958126394e-03
9.3683846627755201553e+01,1.4922765334672758418e-03
9.3787593855471428128e+01,1.4783295666842488029e-03
9.3891341083187654704e+01,1.4642422770652445928e-03
9.3995088310903881279e+01,1.4500169301819064785e-03
9.4098835538620107855e+01,1.4356557816143948256e-03
9.4202582766336348641e+01,1.4211610786823241064e-03
9.4306329994052575216e+01,1.4065351045715410866e-03
9.4410077221768801792e+01,1.3917801825648963739e-03
9.4513824449485028367e+01,1.3768986283016046348e-03
9.4617571677201254943e+01,1.3618927472645796055e-03
9.4721318904917495729e+01,1.3467648348360519283e-03
9.4825066132633722304e+01,1.3315171763528320208e-03
9.4928813360349948880e+01,1.3161520471611930401e-03
9.5032560588066175455e+01,1.3006717126714075535e-03
9.5136307815782402031e+01,1.2850784329536571286e-03
9.5240055043498642817e+01,1.2693745037416521038e-03
9.5343802271214869393e+01,1.2535622370065742544e-03
9.5447549498931095968e+01,1.2376439349840475095e-03
9.5551296726647322544e+01,1.2216218899108576695e-03
9.5655043954363549119e+01,1.2054983840791705374e-03
9.5758791182079789905e+01,1.1892756898904057079e-03
9.5862538409796016481e+01,1.1729560699087625449e-03
9.5966285637512243056e+01,1.1565417769143827333e-03
9.6070032865228469632e+01,1.1400350598111208631e-03
9.6173780092944696207e+01,1.1234381927606553516e-03
9.6277527320660936994e+01,1.1067534530432886816e-03
9.6381274548377163569e+01,1.0899831081548792475e-03
9.6485021776093390145e+01,1.0731294158386186707e-03
9.6588769003809616720e+01,1.0561946241374176297e-03
9.6692516231525843295e+01,1.0391809714459438775e-03
9.6796263459242084082e+01,1.0220906865623258925e-03
9.6900010686958310657e+01,1.0049259887395336523e-03
9.7003757914674537233e+01,9.8768909215183448534e-04
9.7107505142390763808e+01,9.7038222255796131172e-04
9.7211252370106990384e+01,9.5300760247904361521e-04
9.7314999597823231170e+01,9.3556744495958154596e-04
9.7418746825539457745e+01,9.1806395361685333868e-04
9.7522494053255684321e+01,9.0049932269104470111e-04
9.7626241280971910896e+01,8.8287573709508286590e-04
9.7729988508688137472e+01,8.6519537246414364700e-04
9.7833735736404378258e+01,8.4746039520484017435e-04
9.7937482964120604834e+01,8.2967296399857079579e-04
9.8041230191836831409e+01,8.1183523558353543580e-04
9.8144977419553057985e+01,7.9394935979877775088e-04
9.8248724647269284560e+01,7.7601747740336634446e-04
9.8352471874985525346e+01,7.5804172012363681653e-04
9.8456219102701751922e+01,7.4002421070079452744e-04
9.8559966330417978497e+01,7.2196706293818906520e-04
9.8663713558134205073e+01,7.0387238174831451808e-04
9.8767460785850431648e+01,6.8574226319950432745e-04
9.8871208013566672435e+01,6.6757879369916091686e-04
9.8974955241282899010e+01,6.4938404511181437809e-04
9.9078702468999125585e+01,6.3116007823930465100e-04
9.9182449696715352161e+01,6.1290894525347033948e-04
9.9286196924431578736e+01,5.9463268974863786598e-04
9.9389944152147819523e+01,5.7633334678638655293e-04
9.9493691379864046098e+01,5.5801294294004666514e-04
9.9597438607580272674e+01,5.3967349633889409241e-04
9.9701185835296499249e+01,5.2131701671209382254e-04
9.9804933063012725825e+01,5.0294550423537109831e-04
9.9908680290728966611e+01,4.8456093560526175817e-04
1.0001242751844519319e+02,4.6616526890008719427e-04
1.0011617474616141976e+02,4.4776045387731209981e-04
1.0021992197387764634e+02,4.2934843222088128799e-04
1.0032366920159387291e+02,4.1093113758296299356e-04
1.0042741642931011370e+02,3.9251049562543256213e-04
1.0053116365702634027e+02,3.7408842406111251925e-04
1.0063491088474256685e+02,3.5566683269473145165e-04
1.0073865811245879343e+02,3.3724820263584902574e-04
1.0084240534017502000e+02,3.1886253883711104980e-04
1.0094615256789126079e+02,3.0057867594437547194e-04
1.0104989979560748736e+02,2.8246811757286276147e-04
1.0115364702332371394e+02,2.6460207398991121520e-04
1.0125739425103994051e+02,2.4705146361779170300e-04
1.0136114147875616709e+02,2.2988691452728154127e-04
1.0146488870647240788e+02,2.1317876592207563838e-04
1.0156863593418863445e+02,1.9699706961411056223e-04
1.0167238316190486103e+02,1.8141159148965489158e-04
1.0177613038962108760e+02,1.6647424133893218854e-04
1.0187987761733732839e+02,1.5216695899353390939e-04
1.0198362484505355496e+02,1.3845444913747199153e-04
1.0208737207276978154e+02,1.2530155993150586362e-04
1.0219111930048600811e+02,1.1267328228484332431e-04
1.0229486652820223469e+02,1.0053474913126229592e-04
1.0239861375591847548e+02,8.8851234709634018829e-05
1.0250236098363470205e+02,7.7588153848823413991e-05
1.0260610821135092863e+02,6.6711061256911739379e-05
1.0270985543906715520e+02,5.6191015688503086439e-05
1.0281360266678338178e+02,4.6099118709009798969e-05
1.0291734989449962256e+02,3.6594553522950689468e-05
1.0302109712221584914e+02,2.7838911032981682989e-05
1.0312484434993207572e+02,1.9993131877183506690e-05
1.0322859157764830229e+02,1.3217509696724959932e-05
1.0333233880536452887e+02,7.6716943838349095961e-06
1.0343608603308076965e+02,3.5146953102286808171e-06
1.0353983326079699623e+02,9.0488453612766081254e-07
1.0364358048851322280e+02,0.0000000000000000000e+00
