1.0000000000000000479e-04,5.1210872938156007660e-06
1.0384722771622945103e-01,4.1778454721477153652e-03
2.0759445543245888532e-01,7.9185789795022734627e-03
3.1134168314868831962e-01,1.1254716276944390710e-02
4.1508891086491778166e-01,1.4212365272897551152e-02
5.1883613858114718820e-01,1.6816359101576004026e-02
6.2258336629737665024e-01,1.9090307721939803881e-02
7.2633059401360611229e-01,2.1056647701175955356e-02
8.3007782172983557434e-01,2.2736690236005080434e-02
9.3382504944606503638e-01,2.4150667467070612016e-02
1.0375722771622943874e+00,2.5317777140544509701e-02
1.1413195048785238495e+00,2.6256225671322849097e-02
1.2450667325947533115e+00,2.6983269656925216312e-02
1.3488139603109827735e+00,2.7515255894381463603e-02
1.4525611880272122356e+00,2.7867659936909660451e-02
1.5563084157434416976e+00,2.8055123277032498891e-02
1.6600556434596711597e+00,2.8091489124022522156e-02
1.7638028711759006217e+00,2.7989836924562801895e-02
1.8675500988921300838e+00,2.7762515552566036092e-02
1.9712973266083595458e+00,2.7421175326120143800e-02
2.0750445543245890079e+00,2.6976798805205069037e-02
2.1787917820408186920e+00,2.6439730431762894364e-02
2.2825390097570479320e+00,2.5819705082523035367e-02
2.3862862374732776161e+00,2.5125875545226973584e-02
2.4900334651895068561e+00,2.4366838927382547531e-02
2.5937806929057365402e+00,2.3550662096702364851e-02
2.6975279206219657802e+00,2.2684906116762205280e-02
2.8012751483381954642e+00,2.1776649784608814037e-02
2.9050223760544247043e+00,2.0832512219435512374e-02
3.0087696037706543883e+00,1.9858674610246665471e-02
3.1125168314868836283e+00,1.8860901098727123060e-02
3.2162640592031133124e+00,1.7844558818353100510e-02
3.3200112869193425524e+00,1.6814637231194896894e-02
3.4237585146355717924e+00,1.5775766593742242966e-02
3.5275057423518014765e+00,1.4732235752636520590e-02
3.6312529700680307165e+00,1.3688009220798496787e-02
3.7350001977842604006e+00,1.2646743553177944644e-02
3.8387474255004896406e+00,1.1611803065870323487e-02
3.9424946532167193247e+00,1.0586274918915065252e-02
4.0462418809329481206e+00,9.5729835775559910666e-03
4.1499891086491773606e+00,8.5745046758524869762e-03
4.2537363363654074888e+00,7.5931783171218954903e-03
4.3574835640816367288e+00,6.6311218047412027327e-03
4.4612307917978659688e+00,5.6902418584296532780e-03
4.5649780195140952088e+00,4.7722462809295911751e-03
4.6687252472303253370e+00,3.8786551786166786893e-03
4.7724724749465545770e+00,3.0108116539799608530e-03
4.8762197026627838170e+00,2.1698920509303555072e-03
4.9799669303790130570e+00,1.3569157829842874198e-03
5.0837141580952422970e+00,5.7275470161507991643e-04
5.1874613858114724252e+00,-1.8185794822522829387e-04
5.2912086135277016652e+00,-9.0631896109665324984e-04
5.3949558412439309052e+00,-1.6001469827320099083e-03
5.4987030689601601452e+00,-2.2629746979157456567e-03
5.6024502966763902734e+00,-2.8945413731201138398e-03
5.7061975243926195134e+00,-3.4946857397396484217e-03
5.8099447521088487534e+00,-4.0633392042582249307e-03
5.9136919798250779934e+00,-4.6005193817535506087e-03
6.0174392075413081216e+00,-5.1063239417586591892e-03
6.1211864352575373616e+00,-5.5809247319505966151e-03
6.2249336629737666016e+00,-6.0245621730417742851e-03
6.3286808906899958416e+00,-6.4375399106268525046e-03
6.4324281184062259697e+00,-6.8202198257817344199e-03
6.5361753461224552098e+00,-7.1730172410399061986e-03
6.6399225738386844498e+00,-7.4963962139317141462e-03
6.7436698015549136898e+00,-7.7908653191873615540e-03
6.8474170292711429298e+00,-8.0569735898204670327e-03
6.9511642569873730579e+00,-8.2953063587282056812e-03
7.0549114847036022979e+00,-8.5064819292009798135e-03
7.1586587124198315379e+00,-8.6911477010081523292e-03
7.2624059401360607779e+00,-8.8499771731509746520e-03
7.3661531678522909061e+00,-8.9836665488713888378e-03
7.4699003955685201461e+00,-9.0929320237914269126e-03
7.5736476232847493861e+00,-9.1785067094864898618e-03
7.6773948510009786261e+00,-9.2411383538886782141e-03
7.7811420787172087543e+00,-9.2815864291776132428e-03
7.8848893064334379943e+00,-9.3006202434907283422e-03
7.9886365341496672343e+00,-9.2990164025614843735e-03
8.0923837618658964743e+00,-9.2775568459936581106e-03
8.1961309895821266025e+00,-9.2370270818603449764e-03
8.2998782172983549543e+00,-9.1782140928344177477e-03
8.4036254450145850825e+00,-9.1019047840286849277e-03
8.5073726727308152107e+00,-9.0088845025414442114e-03
8.6111199004470435625e+00,-8.8999353756216668943e-03
8.7148671281632736907e+00,-8.7758349633386863176e-03
8.8186143558795020425e+00,-8.6373550973219814092e-03
8.9223615835957321707e+00,-8.4852606458001352679e-03
9.0261088113119622989e+00,-8.3203083613294752385e-03
9.1298560390281906507e+00,-8.1432458884858859027e-03
9.2336032667444207789e+00,-7.9548108578348843828e-03
9.3373504944606509071e+00,-7.7557300596768977141e-03
9.4410977221768792589e+00,-7.5467186211699115173e-03
9.5448449498931093871e+00,-7.3284792910965181403e-03
9.6485921776093377389e+00,-7.1017018002717839306e-03
9.7523394053255678671e+00,-6.8670622822874470559e-03
9.8560866330417979952e+00,-6.6252227520882884040e-03
9.9598338607580263471e+00,-6.3768306402056731952e-03
1.0063581088474256475e+01,-6.1225183813452049505e-03
1.0167328316190484827e+01,-5.8629030477679866529e-03
1.0271075543906714955e+01,-5.5985860336130307754e-03
1.0374822771622945083e+01,-5.3301527871679648188e-03
1.0478569999339173435e+01,-5.0581725858865628914e-03
1.0582317227055403563e+01,-4.7831983518807959926e-03
1.0686064454771633692e+01,-4.5057665057063088845e-03
1.0789811682487862043e+01,-4.2263968563166463832e-03
1.0893558910204092172e+01,-3.9455925251247244562e-03
1.0997306137920320523e+01,-3.6638399021799118380e-03
1.1101053365636550652e+01,-3.3816086325446519968e-03
1.1204800593352780780e+01,-3.0993516310292091101e-03
1.1308547821069009132e+01,-2.8175051235274431449e-03
1.1412295048785239260e+01,-2.5364887132768142858e-03
1.1516042276501469388e+01,-2.2567054704550463563e-03
1.1619789504217697740e+01,-1.9785420436094496195e-03
1.1723536731933927868e+01,-1.7023687915048932046e-03
1.1827283959650156220e+01,-1.4285399339889993595e-03
1.1931031187366386348e+01,-1.1573937184456693263e-03
1.2034778415082616476e+01,-8.8925260166867136323e-04
1.2138525642798844828e+01,-6.2442344916160464653e-04
1.2242272870515074956e+01,-3.6319774782115607286e-04
1.2346020098231303308e+01,-1.0585183172685724081e-04
1.2449767325947533436e+01,1.4735287976273890413e-04
1.2553514553663763564e+01,3.9616963240128382721e-04
1.2657261781379991916e+01,6.4036607666901495563e-04
1.2761009009096222044e+01,8.7972400226921055807e-04
1.2864756236812452173e+01,1.1140390917211281333e-03
1.2968503464528680524e+01,1.3431206319957024638e-03
1.3072250692244910653e+01,1.5667912147221134574e-03
1.3175997919961139004e+01,1.7848864376909293582e-03
1.3279745147677369133e+01,1.9972545993450349297e-03
1.3383492375393599261e+01,2.2037564020143188270e-03
1.3487239603109827613e+01,2.4042647194362776197e-03
1.3590986830826057741e+01,2.5986642525199850524e-03
1.3694734058542286093e+01,2.7868511830856789076e-03
1.3798481286258516221e+01,2.9687328468965597933e-03
1.3902228513974746349e+01,3.1442274370490704179e-03
1.4005975741690974701e+01,3.3132638202240387477e-03
1.4109722969407204829e+01,3.4757811320247989154e-03
1.4213470197123434957e+01,3.6317284010779996711e-03
1.4317217424839663309e+01,3.7810642236281123349e-03
1.4420964652555893437e+01,3.9237566244486026673e-03
1.4524711880272121789e+01,4.0597827297147821499e-03
1.4628459107988351917e+01,4.1891282978499897599e-03
1.4732206335704582045e+01,4.3117873978643908237e-03
1.4835953563420810397e+01,4.4277623559367497094e-03
1.4939700791137040525e+01,4.5370633924180529470e-03
1.5043448018853268877e+01,4.6397081089016049479e-03
1.5147195246569499005e+01,4.7357212521540025668e-03
1.5250942474285729133e+01,4.8251347642867528295e-03
1.5354689702001957485e+01,4.9079871864737703926e-03
1.5458436929718187614e+01,4.9843232358741662580e-03
1.5562184157434417742e+01,5.0541938855790313409e-03
1.5665931385150646094e+01,5.1176560789628405476e-03
1.5769678612866876222e+01,5.1747720731537012046e-03
1.5873425840583104574e+01,5.2256094301181962511e-03
1.5977173068299334702e+01,5.2702410384473912658e-03
1.6080920296015563054e+01,5.3087443180913559959e-03
1.6184667523731793182e+01,5.3412011382328039577e-03
1.6288414751448023310e+01,5.3676980169544063690e-03
1.6392161979164253438e+01,5.3883252595381550890e-03
1.6495909206880483566e+01,5.4031768812976511615e-03
1.6599656434596710142e+01,5.4123508676596826170e-03
1.6703403662312940270e+01,5.4159482505663752300e-03
1.6807150890029170398e+01,5.4140731699598579688e-03
1.6910898117745400526e+01,5.4068330434055957359e-03
1.7014645345461630654e+01,5.3943376094647181931e-03
1.7118392573177857230e+01,5.3766992689550704293e-03
1.7222139800894087358e+01,5.3540329324396401453e-03
1.7325887028610317486e+01,5.3264552053262090650e-03
1.7429634256326547614e+01,5.2940850118816046646e-03
1.7533381484042777743e+01,5.2570429081734921031e-03
1.7637128711759004318e+01,5.2154507782150817327e-03
1.7740875939475234446e+01,5.1694323524689488394e-03
1.7844623167191464574e+01,5.1191121598763711376e-03
1.7948370394907694703e+01,5.0646159943163191267e-03
1.8052117622623924831e+01,5.0060706452278854947e-03
1.8155864850340154959e+01,4.9436032957394003898e-03
1.8259612078056381534e+01,4.8773422004221344064e-03
1.8363359305772611663e+01,4.8074156670597474952e-03
1.8467106533488841791e+01,4.7339525229782488530e-03
1.8570853761205071919e+01,4.6570818195783092799e-03
1.8674600988921302047e+01,4.5769323938310334590e-03
1.8778348216637528623e+01,4.4936334173603688369e-03
1.8882095444353758751e+01,4.4073134377039212273e-03
1.8985842672069988879e+01,4.3181010492948342441e-03
1.9089589899786219007e+01,4.2261242141260948330e-03
1.9193337127502449135e+01,4.1315104057163386936e-03
1.9297084355218675711e+01,4.0343865890302152769e-03
1.9400831582934905839e+01,3.9348787501814787293e-03
1.9504578810651135967e+01,3.8331123807209700055e-03
1.9608326038367366095e+01,3.7292117056451521903e-03
1.9712073266083596224e+01,3.6233002796989444323e-03
1.9815820493799822799e+01,3.5155003030693954963e-03
1.9919567721516052927e+01,3.4059330099099564132e-03
2.0023314949232283055e+01,3.2947182836257568606e-03
2.0127062176948513184e+01,3.1819747403552013643e-03
2.0230809404664743312e+01,3.0678196459346953294e-03
2.0334556632380969887e+01,2.9523687544189122431e-03
2.0438303860097200015e+01,2.8357364294018549446e-03
2.0542051087813430144e+01,2.7180353505542611224e-03
2.0645798315529660272e+01,2.5993767244030072279e-03
2.0749545543245890400e+01,2.4798699642967943213e-03
2.0853292770962120528e+01,2.3596228998336802457e-03
2.0957039998678347104e+01,2.2387415021232087188e-03
2.1060787226394577232e+01,2.1173300383834380879e-03
2.1164534454110807360e+01,1.9954908775521493745e-03
2.1268281681827037488e+01,1.8733245695866029227e-03
2.1372028909543267616e+01,1.7509297398257445307e-03
2.1475776137259494192e+01,1.6284030913468407371e-03
2.1579523364975724320e+01,1.5058393855121145546e-03
2.1683270592691954448e+01,1.3833313698586497970e-03
2.1787017820408184576e+01,1.2609698434262568093e-03
2.1890765048124414704e+01,1.1388435079532285843e-03
2.1994512275840641280e+01,1.0170391233780061262e-03
2.2098259503556871408e+01,8.9564127253725749067e-04
2.2202006731273101536e+01,7.7473261941068244894e-04
2.2305753958989331664e+01,6.5439357198002873726e-04
2.2409501186705561793e+01,5.3470265839137859788e-04
2.2513248414421788368e+01,4.1573607450816433282e-04
2.2616995642138018496e+01,2.9756818504480056237e-04
2.2720742869854248625e+01,1.8027095849238407494e-04
2.2824490097570478753e+01,6.3914574781684092928e-05
2.2928237325286708881e+01,-5.1433214760259686037e-05
2.3031984553002939009e+01,-1.6570643404634333011e-04
2.3135731780719165585e+01,-2.7884151280888102090e-04
2.3239479008435395713e+01,-3.9077669653851622358e-04
2.3343226236151625841e+01,-5.0145253689963596548e-04
2.3446973463867855969e+01,-6.1081151405265922145e-04
2.3550720691584086097e+01,-7.1879822746297183673e-04
2.3654467919300312673e+01,-8.2535939089282972514e-04
2.3758215147016542801e+01,-9.3044357754803021579e-04
2.3861962374732772929e+01,-1.0340017020396266231e-03
2.3965709602449003057e+01,-1.1359862611725996765e-03
2.4069456830165233185e+01,-1.2363522793581837450e-03
2.4173204057881459761e+01,-1.3350561832563469927e-03
2.4276951285597689889e+01,-1.4320569388715704597e-03
2.4380698513313920017e+01,-1.5273149575125962232e-03
2.4484445741030150145e+01,-1.6207929389752851346e-03
2.4588192968746380274e+01,-1.7124553184031106150e-03
2.4691940196462606849e+01,-1.8022683562586240460e-03
2.4795687424178836977e+01,-1.8902004730159754301e-03
2.4899434651895067105e+01,-1.9762214127352580907e-03
2.5003181879611297234e+01,-2.0603034024074323369e-03
2.5106929107327527362e+01,-2.1424197519491622321e-03
2.5210676335043753937e+01,-2.2225461663325511881e-03
2.5314423562759984065e+01,-2.3006596685462396730e-03
2.5418170790476214194e+01,-2.3767391252095815268e-03
2.5521918018192444322e+01,-2.4507652963502574162e-03
2.5625665245908674450e+01,-2.5227200869625140099e-03
2.5729412473624904578e+01,-2.5925877678075887056e-03
2.5833159701341131154e+01,-2.6603534449716630984e-03
2.5936906929057361282e+01,-2.7260044365959514197e-03
2.6040654156773591410e+01,-2.7895292865392218307e-03
2.6144401384489821538e+01,-2.8509179825802880882e-03
2.6248148612206051666e+01,-2.9101624758379718814e-03
2.6351895839922278242e+01,-2.9672554347874948756e-03
2.6455643067638508370e+01,-3.0221917828361704803e-03
2.6559390295354738498e+01,-3.0749672249109818306e-03
2.6663137523070968626e+01,-3.1255790749626080269e-03
2.6766884750787198755e+01,-3.1740262260969032831e-03
2.6870631978503425330e+01,-3.2203082456721274576e-03
2.6974379206219655458e+01,-3.2644268301295895941e-03
2.7078126433935885586e+01,-3.3063842123780828874e-03
2.7181873661652115715e+01,-3.3461841930758190987e-03
2.7285620889368345843e+01,-3.3838319327432176374e-03
2.7389368117084572418e+01,-3.4193331346532495826e-03
2.7493115344800802546e+01,-3.4526954846014054276e-03
2.7596862572517032675e+01,-3.4839270824614364946e-03
2.7700609800233262803e+01,-3.5130373619945277734e-03
2.7804357027949492931e+01,-3.5400370851440313667e-03
2.7908104255665723059e+01,-3.5649373248189016039e-03
2.8011851483381949635e+01,-3.5877509673450133469e-03
2.8115598711098179763e+01,-3.6084913305086153967e-03
2.8219345938814409891e+01,-3.6271726422555873766e-03
2.8323093166530640019e+01,-3.6438105702560172512e-03
2.8426840394246870147e+01,-3.6584208759162092570e-03
2.8530587621963096723e+01,-3.6710208040928210722e-03
2.8634334849679326851e+01,-3.6816282651826130051e-03
2.8738082077395556979e+01,-3.6902615234084314155e-03
2.8841829305111787107e+01,-3.6969403754665047974e-03
2.8945576532828017235e+01,-3.7016847031056958513e-03
2.9049323760544243811e+01,-3.7045152604749964111e-03
2.9153070988260473939e+01,-3.7054538667051131057e-03
2.9256818215976704067e+01,-3.7045222868882553627e-03
2.9360565443692934195e+01,-3.7017435235509590571e-03
2.9464312671409164324e+01,-3.6971410509533354435e-03
2.9568059899125390899e+01,-3.6907384675422846669e-03
2.9671807126841621027e+01,-3.6825606464698282770e-03
2.9775554354557851156e+01,-3.6726324840899438051e-03
2.9879301582274081284e+01,-3.6609793237918995118e-03
2.9983048809990311412e+01,-3.6476275155251569257e-03
3.0086796037706537987e+01,-3.6326032328309267212e-03
3.0190543265422768116e+01,-3.6159333695200508371e-03
3.0294290493138998244e+01,-3.5976454497044507708e-03
3.0398037720855228372e+01,-3.5777667955509398143e-03
3.0501784948571458500e+01,-3.5563255966229779560e-03
3.0605532176287688628e+01,-3.5333503215752674886e-03
3.0709279404003915204e+01,-3.5088693061827752780e-03
3.0813026631720145332e+01,-3.4829117666730553295e-03
3.0916773859436375460e+01,-3.4555069314762720985e-03
3.1020521087152605588e+01,-3.4266840005710034675e-03
3.1124268314868835716e+01,-3.3964729620301705761e-03
3.1228015542585062292e+01,-3.3649036461672388910e-03
3.1331762770301292420e+01,-3.3320059474018217868e-03
3.1435509998017522548e+01,-3.2978104044659836865e-03
3.1539257225733752676e+01,-3.2623473034215553189e-03
3.1643004453449982805e+01,-3.2256470501521371068e-03
3.1746751681166209380e+01,-3.1877405469825869332e-03
3.1850498908882439508e+01,-3.1486583933064216448e-03
3.1954246136598669636e+01,-3.1084313242825509400e-03
3.2057993364314903317e+01,-3.0670904423226764968e-03
3.2161740592031129893e+01,-3.0246665211702710753e-03
3.2265487819747363574e+01,-2.9811904518765659951e-03
3.2369235047463590149e+01,-2.9366933896870779479e-03
3.2472982275179823830e+01,-2.8912061483668391113e-03
3.2576729502896050406e+01,-2.8447596141017703932e-03
3.2680476730612276981e+01,-2.7973848593900868531e-03
3.2784223958328510662e+01,-2.7491126098628543978e-03
3.2887971186044737237e+01,-2.6999736002370129141e-03
3.2991718413760970918e+01,-2.6499986936025818167e-03
3.3095465641477197494e+01,-2.5992184065830076407e-03
3.3199212869193424069e+01,-2.5476631905722714293e-03
3.3302960096909657750e+01,-2.4953635799426217116e-03
3.3406707324625884326e+01,-2.4423497690322115185e-03
3.3510454552342118006e+01,-2.3886518092232460198e-03
3.3614201780058344582e+01,-2.3342997934613783813e-03
3.3717949007774571157e+01,-2.2793234875936019788e-03
3.3821696235490804838e+01,-2.2237524418217162123e-03
3.3925443463207031414e+01,-2.1676162015507914951e-03
3.4029190690923265095e+01,-2.1109440039297185446e-03
3.4132937918639491670e+01,-2.0537648121183790795e-03
3.4236685146355718246e+01,-1.9961075254230258372e-03
3.4340432374071951926e+01,-1.9380007571716513851e-03
3.4444179601788178502e+01,-1.8794728107590912437e-03
3.4547926829504412183e+01,-1.8205518511019223426e-03
3.4651674057220638758e+01,-1.7612657781464081258e-03
3.4755421284936865334e+01,-1.7016421688608666506e-03
3.4859168512653099015e+01,-1.6417083822800107844e-03
3.4962915740369325590e+01,-1.5814915208525396739e-03
3.5066662968085559271e+01,-1.5210183684913412393e-03
3.5170410195801785846e+01,-1.4603154269353473254e-03
3.5274157423518012422e+01,-1.3994089239879375832e-03
3.5377904651234246103e+01,-1.3383247817482697446e-03
3.5481651878950472678e+01,-1.2770886092451361193e-03
3.5585399106666706359e+01,-1.2157256948217376544e-03
3.5689146334382932935e+01,-1.1542610297920934473e-03
3.5792893562099159510e+01,-1.0927192980607917851e-03
3.5896640789815393191e+01,-1.0311248061101664815e-03
3.6000388017531619766e+01,-9.6950155032812822872e-04
3.6104135245247853447e+01,-9.0787324301213180675e-04
3.6207882472964080023e+01,-8.4626319707382837831e-04
3.6311629700680313704e+01,-7.8469435871313607776e-04
3.6415376928396540279e+01,-7.2318940916540506644e-04
3.6519124156112766855e+01,-6.6177066936309544322e-04
3.6622871383829000536e+01,-6.0046000260867535454e-04
3.6726618611545227111e+01,-5.3927900084156622177e-04
3.6830365839261460792e+01,-4.7824896888081592844e-04
3.6934113066977687367e+01,-4.1739070035743194723e-04
3.7037860294693913943e+01,-3.5672465189351485870e-04
3.7141607522410147624e+01,-2.9627104429834745731e-04
3.7245354750126374199e+01,-2.3604965250087009692e-04
3.7349101977842607880e+01,-1.7607977284757938283e-04
3.7452849205558834456e+01,-1.1638047307795440824e-04
3.7556596433275061031e+01,-5.6970517430853262226e-05
3.7660343660991294712e+01,2.1319207917724474666e-06
3.7764090888707521287e+01,6.0908967383093010875e-05
3.7867838116423754968e+01,1.1934295786902099563e-04
3.7971585344139981544e+01,1.7741673209654368966e-04
3.8075332571856208119e+01,2.3511362383448868854e-04
3.8179079799572441800e+01,2.9241716104052737843e-04
3.8282827027288668376e+01,3.4931116404517288925e-04
3.8386574255004902056e+01,4.0578009948186551581e-04
3.8490321482721128632e+01,4.6180872348114225794e-04
3.8594068710437355207e+01,5.1738196671716446106e-04
3.8697815938153588888e+01,5.7248525664633500773e-04
3.8801563165869815464e+01,6.2710457098916346733e-04
3.8905310393586049145e+01,6.8122605967848757439e-04
3.9009057621302275720e+01,7.3483610381700219163e-04
3.9112804849018502296e+01,7.8792175395160743857e-04
3.9216552076734735977e+01,8.4047040039029856113e-04
3.9320299304450962552e+01,8.9246956874957435613e-04
3.9424046532167196233e+01,9.4390717563409755764e-04
3.9527793759883422808e+01,9.9477179321869882087e-04
3.9631540987599649384e+01,1.0450521776649262639e-03
3.9735288215315883065e+01,1.0947372312310080060e-03
3.9839035443032109640e+01,1.1438164405284593876e-03
3.9942782670748343321e+01,1.1922797833911263563e-03
4.0046529898464569897e+01,1.2401173526714757891e-03
4.0150277126180796472e+01,1.2873194511365416287e-03
4.0254024353897030153e+01,1.3338770842088530210e-03
4.0357771581613256728e+01,1.3797815596448559112e-03
4.0461518809329490409e+01,1.4250242752415194589e-03
4.0565266037045716985e+01,1.4695969614242261354e-03
4.0669013264761943560e+01,1.5134920391040322576e-03
4.0772760492478177241e+01,1.5567020986094544550e-03
4.0876507720194403817e+01,1.5992198158334056373e-03
4.0980254947910637497e+01,1.6410383403131722189e-03
4.1084002175626864073e+01,1.6821514075684809199e-03
4.1187749403343097754e+01,1.7225528506038868294e-03
4.1291496631059324329e+01,1.7622366000454600752e-03
4.1395243858775550905e+01,1.8011971732250788535e-03
4.1498991086491784586e+01,1.8394295430024011368e-03
4.1602738314208011161e+01,1.8769287424879714261e-03
4.1706485541924244842e+01,1.9136899284393970797e-03
4.1810232769640471417e+01,1.9497089116550197878e-03
4.1913979997356697993e+01,1.9849818401005232468e-03
4.2017727225072931674e+01,2.0195049017971669798e-03
4.2121474452789158249e+01,2.0532744403820302193e-03
4.2225221680505391930e+01,2.0862874777644153067e-03
4.2328968908221618506e+01,2.1185412824310692441e-03
4.2432716135937845081e+01,2.1500331497586828641e-03
4.2536463363654078762e+01,2.1807605585269919206e-03
4.2640210591370305337e+01,2.2107216604284034983e-03
4.2743957819086539018e+01,2.2399147924349730766e-03
4.2847705046802765594e+01,2.2683383076378634859e-03
4.2951452274518992169e+01,2.2959907569963552802e-03
4.3055199502235225850e+01,2.3228713453468229772e-03
4.3158946729951452426e+01,2.3489794257733750613e-03
4.3262693957667686107e+01,2.3743143575960471564e-03
4.3366441185383912682e+01,2.3988756934338216140e-03
4.3470188413100139257e+01,2.4226636186874643542e-03
4.3573935640816372938e+01,2.4456784487787573863e-03
4.3677682868532599514e+01,2.4679204961391542489e-03
4.3781430096248833195e+01,2.4893902420029157159e-03
4.3885177323965059770e+01,2.5100887806113027570e-03
4.3988924551681286346e+01,2.5300173346257401677e-03
4.4092671779397520027e+01,2.5491771152002782631e-03
4.4196419007113746602e+01,2.5675694613539186244e-03
4.4300166234829980283e+01,2.5851963019644270958e-03
4.4403913462546206858e+01,2.6020597107583747810e-03
4.4507660690262433434e+01,2.6181617421298635645e-03
4.4611407917978667115e+01,2.6335045286049966334e-03
4.4715155145694893690e+01,2.6480907544403596565e-03
4.4818902373411127371e+01,2.6619232871276641596e-03
4.4922649601127353947e+01,2.6750049679732440175e-03
4.5026396828843580522e+01,2.6873386675097120542e-03
4.5130144056559814203e+01,2.6989277416464515537e-03
4.5233891284276040778e+01,2.7097757919270311008e-03
4.5337638511992274459e+01,2.7198863896430764027e-03
4.5441385739708501035e+01,2.7292630962261676605e-03
4.5545132967424727610e+01,2.7379098557627451309e-03
4.5648880195140961291e+01,2.7458309387811664047e-03
4.5752627422857187867e+01,2.7530305892670488450e-03
4.5856374650573421548e+01,2.7595130174823132366e-03
4.5960121878289648123e+01,2.7652826818821319051e-03
4.6063869106005881804e+01,2.7703444467659429223e-03
4.6167616333722108379e+01,2.7747031713870459399e-03
4.6271363561438334955e+01,2.7783636714585691410e-03
4.6375110789154568636e+01,2.7813308696719501664e-03
4.6478858016870795211e+01,2.7836101322143182168e-03
4.6582605244587028892e+01,2.7852068762689737545e-03
4.6686352472303255468e+01,2.7861264708665851864e-03
4.6790099700019482043e+01,2.7863742897050632064e-03
4.6893846927735715724e+01,2.7859560890067980483e-03
4.6997594155451942299e+01,2.7848777853690001409e-03
4.7101341383168175980e+01,2.7831452447315465498e-03
4.7205088610884402556e+01,2.7807642896754388231e-03
4.7308835838600629131e+01,2.7777409719491495330e-03
4.7412583066316862812e+01,2.7740816329448582736e-03
4.7516330294033089388e+01,2.7697925795594829576e-03
4.7620077521749323068e+01,2.7648800637328305868e-03
4.7723824749465549644e+01,2.7593503959061262826e-03
4.7827571977181776219e+01,2.7532102359142376566e-03
4.7931319204898009900e+01,2.7464662763575556879e-03
4.8035066432614236476e+01,2.7391251520171499764e-03
4.8138813660330470157e+01,2.7311934615751724299e-03
4.8242560888046696732e+01,2.7226780523226527982e-03
4.8346308115762923308e+01,2.7135859425281823668e-03
4.8450055343479156988e+01,2.7039240959730284804e-03
4.8553802571195383564e+01,2.6936994171399401311e-03
4.8657549798911617245e+01,2.6829188771946860942e-03
4.8761297026627843820e+01,2.6715897225460952594e-03
4.8865044254344070396e+01,2.6597191931865570881e-03
4.8968791482060304077e+01,2.6473144677527180729e-03
4.9072538709776530652e+01,2.6343826830797921652e-03
4.9176285937492764333e+01,2.6209311742741579938e-03
4.9280033165208990908e+01,2.6069674017635043745e-03
4.9383780392925217484e+01,2.5924987674678045234e-03
4.9487527620641451165e+01,2.5775326112557777648e-03
4.9591274848357677740e+01,2.5620762965253927185e-03
4.9695022076073911421e+01,2.5461374045845815151e-03
4.9798769303790137997e+01,2.5297235109229135666e-03
4.9902516531506364572e+01,2.5128421280322505403e-03
5.0006263759222598253e+01,2.4955007122851552252e-03
5.0110010986938824828e+01,2.4777068293760202110e-03
5.0213758214655058509e+01,2.4594681704617239737e-03
5.0317505442371285085e+01,2.4407923729103759777e-03
5.0421252670087511660e+01,2.4216870112312126329e-03
5.0524999897803745341e+01,2.4021596276474635814e-03
5.0628747125519971917e+01,2.3822179116750850925e-03
5.0732494353236205598e+01,2.3618695791132447194e-03
5.0836241580952432173e+01,2.3411222831098538709e-03
5.0939988808668665854e+01,2.3199836145600862686e-03
5.1043736036384892429e+01,2.2984611696874992018e-03
5.1147483264101119005e+01,2.2765626674186426916e-03
5.1251230491817352686e+01,2.2542957955882002644e-03
5.1354977719533579261e+01,2.2316681799070662608e-03
5.1458724947249812942e+01,2.2086873869456573501e-03
5.1562472174966039518e+01,2.1853610196293977476e-03
5.1666219402682266093e+01,2.1616967493556086578e-03
5.1769966630398499774e+01,2.1377021950236855738e-03
5.1873713858114726349e+01,2.1133849145819473374e-03
5.1977461085830960030e+01,2.0887524129375866118e-03
5.2081208313547186606e+01,2.0638122409378832980e-03
5.2184955541263413181e+01,2.0385719689701852116e-03
5.2288702768979646862e+01,2.0130391092897698298e-03
5.2392449996695873438e+01,1.9872211146490198312e-03
5.2496197224412107118e+01,1.9611253909549018933e-03
5.2599944452128333694e+01,1.9347593807419569308e-03
5.2703691679844560269e+01,1.9081305129382689686e-03
5.2807438907560793950e+01,1.8812461583619529380e-03
5.2911186135277020526e+01,1.8541136300209038346e-03
5.3014933362993254207e+01,1.8267401975207045277e-03
5.3118680590709480782e+01,1.7991331472484415905e-03
5.3222427818425707358e+01,1.7712997331255186766e-03
5.3326175046141941039e+01,1.7432471526385726404e-03
5.3429922273858167614e+01,1.7149825473715385980e-03
5.3533669501574401295e+01,1.6865130151277421024e-03
5.3637416729290627870e+01,1.6578456473888428593e-03
5.3741163957006854446e+01,1.6289874936200713935e-03
5.3844911184723088127e+01,1.5999455489556773258e-03
5.3948658412439314702e+01,1.5707267547213066543e-03
5.4052405640155548383e+01,1.5413380052142341622e-03
5.4156152867871774959e+01,1.5117861658646937137e-03
5.4259900095588001534e+01,1.4820780553242783161e-03
5.4363647323304235215e+01,1.4522204401939012384e-03
5.4467394551020461790e+01,1.4222200355195240354e-03
5.4571141778736695471e+01,1.3920835054525943983e-03
5.4674889006452922047e+01,1.3618174642490482509e-03
5.4778636234169148622e+01,1.3314284762296164574e-03
5.4882383461885382303e+01,1.3009230560794232765e-03
5.4986130689601608879e+01,1.2703076693162563150e-03
5.5089877917317842559e+01,1.2395887284668031733e-03
5.5193625145034069135e+01,1.2087725768186398292e-03
5.5297372372750295710e+01,1.1778655036198603864e-03
5.5401119600466529391e+01,1.1468737510064851582e-03
5.5504866828182755967e+01,1.1158035144444473918e-03
5.5608614055898989648e+01,1.0846609374873534670e-03
5.5712361283615216223e+01,1.0534520782824641390e-03
5.5816108511331449904e+01,1.0221829330374272195e-03
5.5919855739047676479e+01,9.9085945339803110921e-04
5.6023602966763903055e+01,9.5948754692387042044e-04
5.6127350194480136736e+01,9.2807307327647946445e-04
5.6231097422196363311e+01,8.9662179749123039479e-04
5.6334844649912596992e+01,8.6513940786169343279e-04
5.6438591877628823568e+01,8.3363155023005047501e-04
5.6542339105345050143e+01,8.0210382900117703237e-04
5.6646086333061283824e+01,7.7056180586667862888e-04
5.6749833560777510399e+01,7.3901095050845114990e-04
5.6853580788493744080e+01,7.0745663273034671125e-04
5.6957328016209970656e+01,6.7590417981383110052e-04
5.7061075243926197231e+01,6.4435888029656593345e-04
5.7164822471642430912e+01,6.1282598419647301910e-04
5.7268569699358657488e+01,5.8131066604615749295e-04
5.7372316927074891169e+01,5.4981797373875366218e-04
5.7476064154791117744e+01,5.1835290571579015467e-04
5.7579811382507344319e+01,4.8692042439404796018e-04
5.7683558610223578000e+01,4.5552545648953006842e-04
5.7787305837939804576e+01,4.2417287617403643101e-04
5.7891053065656038257e+01,3.9286741832960726025e-04
5.7994800293372264832e+01,3.6161374474332315864e-04
5.8098547521088491408e+01,3.3041648383270376226e-04
5.8202294748804725089e+01,2.9928023101413075199e-04
5.8306041976520951664e+01,2.6820954535033205172e-04
5.8409789204237185345e+01,2.3720886798957313015e-04
5.8513536431953411920e+01,2.0628252219424600259e-04
5.8617283659669638496e+01,1.7543479678985214360e-04
5.8721030887385872177e+01,1.4466995029222400070e-04
5.8824778115102098752e+01,1.1399221115943327059e-04
5.8928525342818332433e+01,8.3405737261577056864e-05
5.9032272570534559009e+01,5.2914528014321097322e-05
5.9136019798250785584e+01,2.2522529248658914702e-05
5.9239767025967019265e+01,-7.7663408459174098584e-06
5.9343514253683245840e+01,-3.7948191479789939969e-05
5.9447261481399479521e+01,-6.8019166878090814190e-05
5.9551008709115706097e+01,-9.7975551905304806080e-05
5.9654755936831932672e+01,-1.2781374292357780423e-04
5.9758503164548166353e+01,-1.5753016341981141975e-04
5.9862250392264392929e+01,-1.8712126167471143981e-04
5.9965997619980626610e+01,-2.1658351057103576373e-04
6.0069744847696853185e+01,-2.4591345436372470624e-04
6.0173492075413079760e+01,-2.7510780682801782866e-04
6.0277239303129313441e+01,-3.0416333250573955723e-04
6.0380986530845540017e+01,-3.3307681817549710012e-04
6.0484733758561773698e+01,-3.6184507266198522295e-04
6.0588480986278000273e+01,-3.9046493171703380073e-04
6.0692228213994233954e+01,-4.1893336435593281700e-04
6.0795975441710460530e+01,-4.4724746913272703241e-04
6.0899722669426687105e+01,-4.7540436889995541393e-04
6.1003469897142920786e+01,-5.0340120608255694429e-04
6.1107217124859147361e+01,-5.3123514251171533810e-04
6.1210964352575381042e+01,-5.5890338616507509450e-04
6.1314711580291607618e+01,-5.8640331876344477420e-04
6.1418458808007834193e+01,-6.1373239499899062688e-04
6.1522206035724067874e+01,-6.4088808680236363045e-04
6.1625953263440294450e+01,-6.6786788312821600364e-04
6.1729700491156528130e+01,-6.9466929011225385382e-04
6.1833447718872754706e+01,-7.2128989836071997349e-04
6.1937194946588981281e+01,-7.4772746761498113874e-04
6.2040942174305214962e+01,-7.7397979360010798946e-04
6.2144689402021441538e+01,-8.0004468676084055084e-04
6.2248436629737675219e+01,-8.2591997213893862152e-04
6.2352183857453901794e+01,-8.5160349313313115673e-04
6.2455931085170128370e+01,-8.7709321809861025710e-04
6.2559678312886362050e+01,-9.0238725274389291770e-04
6.2663425540602588626e+01,-9.2748372187780796054e-04
6.2767172768318822307e+01,-9.5238076270712842403e-04
6.2870919996035048882e+01,-9.7707652473426657123e-04
6.2974667223751275458e+01,-1.0015691815564269074e-03
6.3078414451467509139e+01,-1.0258570594422894429e-03
6.3182161679183735714e+01,-1.0499385874696291927e-03
6.3285908906899969395e+01,-1.0738122066007267045e-03
6.3389656134616195970e+01,-1.0974763680043043371e-03
6.3493403362332422546e+01,-1.1209295329721545836e-03
6.3597150590048656227e+01,-1.1441701947072235607e-03
6.3700897817764882802e+01,-1.1671970118318677600e-03
6.3804645045481116483e+01,-1.1900087191287641274e-03
6.3908392273197343059e+01,-1.2126040598696582150e-03
6.4012139500913576740e+01,-1.2349817854736362330e-03
6.4115886728629803315e+01,-1.2571406554411955828e-03
6.4219633956346029890e+01,-1.2790794672965450154e-03
6.4323381184062256466e+01,-1.3007971860744965437e-03
6.4427128411778497252e+01,-1.3222928364249892513e-03
6.4530875639494723828e+01,-1.3435654493052350683e-03
6.4634622867210950403e+01,-1.3646140618942318151e-03
6.4738370094927176979e+01,-1.3854377175428920707e-03
6.4842117322643403554e+01,-1.4060354989341892432e-03
6.4945864550359644340e+01,-1.4264066529951228892e-03
6.5049611778075870916e+01,-1.4465504786199813274e-03
6.5153359005792097491e+01,-1.4664662791768572330e-03
6.5257106233508324067e+01,-1.4861533624639280526e-03
6.5360853461224550642e+01,-1.5056110406742968452e-03
6.5464600688940791429e+01,-1.5248386606715061495e-03
6.5568347916657018004e+01,-1.5438357276089387238e-03
6.5672095144373244580e+01,-1.5626017986514638067e-03
6.5775842372089471155e+01,-1.5811364337779282036e-03
6.5879589599805697731e+01,-1.5994391957389597885e-03
6.5983336827521938517e+01,-1.6175096500351819791e-03
6.6087084055238165092e+01,-1.6353473873600267528e-03
6.6190831282954391668e+01,-1.6529521468266971350e-03
6.6294578510670618243e+01,-1.6703237274098678335e-03
6.6398325738386844819e+01,-1.6874619294938752231e-03
6.6502072966103085605e+01,-1.7043665547087076973e-03
6.6605820193819312180e+01,-1.7210374059202981564e-03
6.6709567421535538756e+01,-1.7374742998866241333e-03
6.6813314649251765331e+01,-1.7536771839815144119e-03
6.6917061876967991907e+01,-1.7696460816859669544e-03
6.7020809104684232693e+01,-1.7853810172948963650e-03
6.7124556332400459269e+01,-1.8008820149530125297e-03
6.7228303560116685844e+01,-1.8161490986559883018e-03
6.7332050787832912420e+01,-1.8311822967747089664e-03
6.7435798015549138995e+01,-1.8459817389092625633e-03
6.7539545243265379781e+01,-1.8605476537613186740e-03
6.7643292470981606357e+01,-1.8748802728621276337e-03
6.7747039698697832932e+01,-1.8889798263246871095e-03
6.7850786926414059508e+01,-1.9028465428545760993e-03
6.7954534154130286083e+01,-1.9164806502722153345e-03
6.8058281381846526870e+01,-1.9298824379683162961e-03
6.8162028609562753445e+01,-1.9430523162903153532e-03
6.8265775837278980021e+01,-1.9559907072572309782e-03
6.8369523064995206596e+01,-1.9686980303265134984e-03
6.8473270292711433171e+01,-1.9811747024134499298e-03
6.8577017520427673958e+01,-1.9934211379103940372e-03
6.8680764748143900533e+01,-2.0054377742678699756e-03
6.8784511975860127109e+01,-2.0172251720381333996e-03
6.8888259203576353684e+01,-2.0287839269938576919e-03
6.8992006431292580260e+01,-2.0401146313346052441e-03
6.9095753659008821046e+01,-2.0512178737031937052e-03
6.9199500886725047621e+01,-2.0620942392123500081e-03
6.9303248114441274197e+01,-2.0727443145070003662e-03
6.9406995342157500772e+01,-2.0831687742088877968e-03
6.9510742569873727348e+01,-2.0933683685778353180e-03
6.9614489797589968134e+01,-2.1033438460678756214e-03
6.9718237025306194710e+01,-2.1130959506779579613e-03
6.9821984253022421285e+01,-2.1226254219850588210e-03
6.9925731480738647861e+01,-2.1319329952168303982e-03
7.0029478708454874436e+01,-2.1410194395331590828e-03
7.0133225936171115222e+01,-2.1498856290633324914e-03
7.0236973163887341798e+01,-2.1585324522301351825e-03
7.0340720391603568373e+01,-2.1669607922149367735e-03
7.0444467619319794949e+01,-2.1751715269962717571e-03
7.0548214847036021524e+01,-2.1831655293881048994e-03
7.0651962074752262311e+01,-2.1909436729837107431e-03
7.0755709302468488886e+01,-2.1985069109178409681e-03
7.0859456530184715461e+01,-2.2058562540440127854e-03
7.0963203757900942037e+01,-2.2129927088308768042e-03
7.1066950985617168612e+01,-2.2199172758698977430e-03
7.1170698213333409399e+01,-2.2266309499182047014e-03
7.1274445441049635974e+01,-2.2331347199433305463e-03
7.1378192668765862550e+01,-2.2394295964965169228e-03
7.1481939896482089125e+01,-2.2455166794569086236e-03
7.1585687124198315701e+01,-2.2513970830386853365e-03
7.1689434351914556487e+01,-2.2570719150061700417e-03
7.1793181579630783062e+01,-2.2625422767204314903e-03
7.1896928807347009638e+01,-2.2678092631854855285e-03
7.2000676035063236213e+01,-2.2728739646882181041e-03
7.2104423262779462789e+01,-2.2777375211121687719e-03
7.2208170490495703575e+01,-2.2824011349720026327e-03
7.2311917718211930151e+01,-2.2868660061817337563e-03
7.2415664945928156726e+01,-2.2911333277790893459e-03
7.2519412173644383302e+01,-2.2952042859746926186e-03
7.2623159401360624088e+01,-2.2990800602008310861e-03
7.2726906629076850663e+01,-2.3027618307283801401e-03
7.2830653856793077239e+01,-2.3062508425102782629e-03
7.2934401084509303814e+01,-2.3095483726565339128e-03
7.3038148312225530390e+01,-2.3126556914280583035e-03
7.3141895539941771176e+01,-2.3155740618786176122e-03
7.3245642767657997751e+01,-2.3183047399058741810e-03
7.3349389995374224327e+01,-2.3208489743020001110e-03
7.3453137223090450902e+01,-2.3232080229599800549e-03
7.3556884450806677478e+01,-2.3253832074893354860e-03
7.3660631678522918264e+01,-2.3273758614496590190e-03
7.3764378906239144840e+01,-2.3291873108986305488e-03
7.3868126133955371415e+01,-2.3308188744441786511e-03
7.3971873361671597991e+01,-2.3322718632967222134e-03
7.4075620589387824566e+01,-2.3335475813712897031e-03
7.4179367817104065352e+01,-2.3346473488401091670e-03
7.4283115044820291928e+01,-2.3355725394368360807e-03
7.4386862272536518503e+01,-2.3363245289573500094e-03
7.4490609500252745079e+01,-2.3369046855329419360e-03
7.4594356727968971654e+01,-2.3373143696836110386e-03
7.4698103955685212441e+01,-2.3375549343709221481e-03
7.4801851183401439016e+01,-2.3376277252914528723e-03
7.4905598411117665592e+01,-2.3375341072029475267e-03
7.5009345638833892167e+01,-2.3372754873961509858e-03
7.5113092866550118742e+01,-2.3368532709500352586e-03
7.5216840094266359529e+01,-2.3362688551914227372e-03
7.5320587321982586104e+01,-2.3355236297483744808e-03
7.5424334549698812680e+01,-2.3346189766031400468e-03
7.5528081777415039255e+01,-2.3335562704825093053e-03
7.5631829005131265831e+01,-2.3323369035287921068e-03
7.5735576232847506617e+01,-2.3309623018719911706e-03
7.5839323460563733192e+01,-2.3294338877857326264e-03
7.5943070688279959768e+01,-2.3277530757716646641e-03
7.6046817915996186343e+01,-2.3259212726124732853e-03
7.6150565143712412919e+01,-2.3239398774244643744e-03
7.6254312371428653705e+01,-2.3218102819392164374e-03
7.6358059599144880281e+01,-2.3195338905120052066e-03
7.6461806826861106856e+01,-2.3171121355178600325e-03
7.6565554054577333432e+01,-2.3145464452073391017e-03
7.6669301282293560007e+01,-2.3118382401002908651e-03
7.6773048510009800793e+01,-2.3089889330380882967e-03
7.6876795737726027369e+01,-2.3059999292354398798e-03
7.6980542965442253944e+01,-2.3028726263929592821e-03
7.7084290193158480520e+01,-2.2996084284062226835e-03
7.7188037420874707095e+01,-2.2962087625772674947e-03
7.7291784648590947882e+01,-2.2926750527877464911e-03
7.7395531876307174457e+01,-2.2890087152845710848e-03
7.7499279104023401032e+01,-2.2852111587310080382e-03
7.7603026331739627608e+01,-2.2812837842573776247e-03
7.7706773559455854183e+01,-2.2772279855116967125e-03
7.7810520787172094970e+01,-2.2730451559451938376e-03
7.7914268014888321545e+01,-2.2687367073646372805e-03
7.8018015242604548121e+01,-2.2643040498048902162e-03
7.8121762470320774696e+01,-2.2597485858106007746e-03
7.8225509698037001272e+01,-2.2550717104858719435e-03
7.8329256925753242058e+01,-2.2502748115435346546e-03
7.8433004153469468633e+01,-2.2453592693540353267e-03
7.8536751381185695209e+01,-2.2403264595900469584e-03
7.8640498608901921784e+01,-2.2351777691117214429e-03
7.8744245836618148360e+01,-2.2299145854561791373e-03
7.8847993064334389146e+01,-2.2245382888898888700e-03
7.8951740292050615722e+01,-2.2190502524243168811e-03
7.9055487519766842297e+01,-2.2134518418635263336e-03
7.9159234747483068872e+01,-2.2077444158514116651e-03
7.9262981975199295448e+01,-2.2019293263755707057e-03
7.9366729202915536234e+01,-2.1960079281119300118e-03
7.9470476430631762810e+01,-2.1899815780134857315e-03
7.9574223658347989385e+01,-2.1838516263331039791e-03
7.9677970886064215961e+01,-2.1776194162910944736e-03
7.9781718113780442536e+01,-2.1712862841209348147e-03
7.9885465341496683322e+01,-2.1648535591146348019e-03
7.9989212569212909898e+01,-2.1583225636741163421e-03
8.0092959796929136473e+01,-2.1516946162175695952e-03
8.0196707024645363049e+01,-2.1449710357185312881e-03
8.0300454252361589624e+01,-2.1381531355042595645e-03
8.0404201480077830411e+01,-2.1312422221235584677e-03
8.0507948707794056986e+01,-2.1242395953904535076e-03
8.0611695935510283562e+01,-2.1171465484275267879e-03
8.0715443163226510137e+01,-2.1099643677089264387e-03
8.0819190390942736713e+01,-2.1026943333150335640e-03
8.0922937618658977499e+01,-2.0953377208597374209e-03
8.1026684846375204074e+01,-2.0878958006210561991e-03
8.1130432074091430650e+01,-2.0803698363934496063e-03
8.1234179301807657225e+01,-2.0727610855152175245e-03
8.1337926529523883801e+01,-2.0650707989096797439e-03
8.1441673757240124587e+01,-2.0573002211260282661e-03
8.1545420984956351163e+01,-2.0494505903746887757e-03
8.1649168212672577738e+01,-2.0415231375064744716e-03
8.1752915440388804313e+01,-2.0335190847646953879e-03
8.1856662668105030889e+01,-2.0254396478799250279e-03
8.1960409895821271675e+01,-2.0172860364271491367e-03
8.2064157123537498251e+01,-2.0090594538646733801e-03
8.2167904351253724826e+01,-2.0007610975727391570e-03
8.2271651578969951402e+01,-1.9923921588918440742e-03
8.2375398806686192188e+01,-1.9839538227463936887e-03
8.2479146034402418763e+01,-1.9754472623874684903e-03
8.2582893262118645339e+01,-1.9668736410127334036e-03
8.2686640489834871914e+01,-1.9582341158878094345e-03
8.2790387717551098490e+01,-1.9495298384774953099e-03
8.2894134945267339276e+01,-1.9407619544820624465e-03
8.2997882172983565852e+01,-1.9319316038732953483e-03
8.3101629400699792427e+01,-1.9230399209302362351e-03
8.3205376628416019003e+01,-1.9140880318135791022e-03
8.3309123856132245578e+01,-1.9050770461794884307e-03
8.3412871083848486364e+01,-1.8960080651497714533e-03
8.3516618311564712940e+01,-1.8868821843747241376e-03
8.3620365539280939515e+01,-1.8777004940671747010e-03
8.3724112766997166091e+01,-1.8684640790361782287e-03
8.3827859994713392666e+01,-1.8591740187204547699e-03
8.3931607222429633453e+01,-1.8498313871732332755e-03
8.4035354450145860028e+01,-1.8404372464747612795e-03
8.4139101677862086603e+01,-1.8309926400609762617e-03
8.4242848905578313179e+01,-1.8214986046218302040e-03
8.4346596133294539754e+01,-1.8119561717467144897e-03
8.4450343361010780541e+01,-1.8023663679557911776e-03
8.4554090588727007116e+01,-1.7927302147310961600e-03
8.4657837816443233692e+01,-1.7830487285474007613e-03
8.4761585044159460267e+01,-1.7733229205422883657e-03
8.4865332271875686843e+01,-1.7635537853402554528e-03
8.4969079499591927629e+01,-1.7537422989692267369e-03
8.5072826727308154204e+01,-1.7438894318963340038e-03
8.5176573955024380780e+01,-1.7339961498604933906e-03
8.5280321182740607355e+01,-1.7240634139011662331e-03
8.5384068410456833931e+01,-1.7140921803869128316e-03
8.5487815638173074717e+01,-1.7040834010437293754e-03
8.5591562865889301293e+01,-1.6940380221093622251e-03
8.5695310093605527868e+01,-1.6839569695398278869e-03
8.5799057321321754443e+01,-1.6738411512325862638e-03
8.5902804549037981019e+01,-1.6636914702507805009e-03
8.6006551776754221805e+01,-1.6535088253001957361e-03
8.6110299004470448381e+01,-1.6432941107555137060e-03
8.6214046232186674956e+01,-1.6330482166863650399e-03
8.6317793459902901532e+01,-1.6227720288832061298e-03
8.6421540687619128107e+01,-1.6124664276487600534e-03
8.6525287915335368893e+01,-1.6021322706501314650e-03
8.6629035143051595469e+01,-1.5917703973044716043e-03
8.6732782370767822044e+01,-1.5813816426501984408e-03
8.6836529598484048620e+01,-1.5709668377351128626e-03
8.6940276826200275195e+01,-1.5605268096402016842e-03
8.7044024053916515982e+01,-1.5500623815032827952e-03
8.7147771281632742557e+01,-1.5395743725424774866e-03
8.7251518509348969133e+01,-1.5290635969368692858e-03
8.7355265737065195708e+01,-1.5185308456378673794e-03
8.7459012964781422284e+01,-1.5079768896984252404e-03
8.7562760192497663070e+01,-1.4974024960226932964e-03
8.7666507420213889645e+01,-1.4868084278845130307e-03
8.7770254647930116221e+01,-1.4761954449488664046e-03
8.7874001875646342796e+01,-1.4655643032931849837e-03
8.7977749103362569372e+01,-1.4549157554285022890e-03
8.8081496331078810158e+01,-1.4442505496761231989e-03
8.8185243558795036733e+01,-1.4335694128485803982e-03
8.8288990786511263309e+01,-1.4228730484077782830e-03
8.8392738014227489884e+01,-1.4121621554764099676e-03
8.8496485241943716460e+01,-1.4014374298987554348e-03
8.8600232469659957246e+01,-1.3906995642598723485e-03
8.8703979697376183822e+01,-1.3799492479046617487e-03
8.8807726925092410397e+01,-1.3691871669567869454e-03
8.8911474152808636973e+01,-1.3584140041961682149e-03
8.9015221380524863548e+01,-1.3476304254800969534e-03
8.9118968608241104334e+01,-1.3368370685402546430e-03
8.9222715835957330910e+01,-1.3260345654849214989e-03
8.9326463063673557485e+01,-1.3152235454857537020e-03
8.9430210291389784061e+01,-1.3044046347948207686e-03
8.9533957519106010636e+01,-1.2935784567615214898e-03
8.9637704746822251423e+01,-1.2827456318493799577e-03
8.9741451974538477998e+01,-1.2719067776527294856e-03
8.9845199202254704574e+01,-1.2610625015781759886e-03
8.9948946429970931149e+01,-1.2502133795271551647e-03
9.0052693657687157724e+01,-1.2393599777273992500e-03
9.0156440885403398511e+01,-1.2285028598002989061e-03
9.0260188113119625086e+01,-1.2176425867758907968e-03
9.0363935340835851662e+01,-1.2067797171077224334e-03
9.0467682568552078237e+01,-1.1959148066876322362e-03
9.0571429796268304813e+01,-1.1850484088604192230e-03
9.0675177023984545599e+01,-1.1741810723106700914e-03
9.0778924251700772174e+01,-1.1633133179996264350e-03
9.0882671479416998750e+01,-1.1524456480160984520e-03
9.0986418707133225325e+01,-1.1415785618731121367e-03
9.1090165934849451901e+01,-1.1307125568080095019e-03
9.1193913162565692687e+01,-1.1198481277953935189e-03
9.1297660390281919263e+01,-1.1089857675599891409e-03
9.1401407617998145838e+01,-1.0981259665894041455e-03
9.1505154845714372414e+01,-1.0872692130501236327e-03
9.1608902073430598989e+01,-1.0764159792194139421e-03
9.1712649301146839775e+01,-1.0655667075597616451e-03
9.1816396528863066351e+01,-1.0547218351919921721e-03
9.1920143756579292926e+01,-1.0438817972634698451e-03
9.2023890984295519502e+01,-1.0330470269592304661e-03
9.2127638212011760288e+01,-1.0222179555130256508e-03
9.2231385439727986864e+01,-1.0113950122183047124e-03
9.2335132667444213439e+01,-1.0005786244391063396e-03
9.2438879895160440014e+01,-9.8976921472791225265e-04
9.2542627122876666590e+01,-9.7896717656323524459e-04
9.2646374350592907376e+01,-9.6817288677473610677e-04
9.2750121578309133952e+01,-9.5738672035335331371e-04
9.2853868806025360527e+01,-9.4660905061408643843e-04
9.2957616033741587103e+01,-9.3584024920535281711e-04
9.3061363261457813678e+01,-9.2508068611827742704e-04
9.3165110489174054464e+01,-9.1433072969591706186e-04
9.3268857716890281040e+01,-9.0359074662296648243e-04
9.3372604944606507615e+01,-8.9286109096312256134e-04
9.3476352172322734191e+01,-8.8214208592767419468e-04
9.3580099400038960766e+01,-8.7143404847161032994e-04
9.3683846627755201553e+01,-8.6073729414591106102e-04
9.3787593855471428128e+01,-8.5005213710531908090e-04
9.3891341083187654704e+01,-8.3937889011604521500e-04
9.3995088310903881279e+01,-8.2871786456343654939e-04
9.4098835538620107855e+01,-8.1806937045958785532e-04
9.4202582766336348641e+01,-8.0743371570034965824e-04
9.4306329994052575216e+01,-7.9681118633541749875e-04
9.4410077221768801792e+01,-7.8620204470537336048e-04
9.4513824449485028367e+01,-7.7560655085361616696e-04
9.4617571677201254943e+01,-7.6502496368300535595e-04
9.4721318904917495729e+01,-7.5445754096210523344e-04
9.4825066132633722304e+01,-7.4390453933139430789e-04
9.4928813360349948880e+01,-7.3336621430942453437e-04
9.5032560588066175455e+01,-7.2284282029894673157e-04
9.5136307815782402031e+01,-7.1233460796433741621e-04
9.5240055043498642817e+01,-7.0184180053673805941e-04
9.5343802271214869393e+01,-6.9136460509442040044e-04
9.5447549498931095968e+01,-6.8090322763213629448e-04
9.5551296726647322544e+01,-6.7045787324998399638e-04
9.5655043954363549119e+01,-6.6002874615825682120e-04
9.5758791182079789905e+01,-6.4961604968226242286e-04
9.5862538409796016481e+01,-6.3921998626711800350e-04
9.5966285637512243056e+01,-6.2884075748249836004e-04
9.6070032865228469632e+01,-6.1847855927689074623e-04
9.6173780092944696207e+01,-6.0813355838651309351e-04
9.6277527320660936994e+01,-5.9780591034523091962e-04
9.6381274548377163569e+01,-5.8749577000032613978e-04
9.6485021776093390145e+01,-5.7720329153306774300e-04
9.6588769003809616720e+01,-5.6692862846229334552e-04
9.6692516231525843295e+01,-5.5667193364796244658e-04
9.6796263459242084082e+01,-5.4643335929468572331e-04
9.6900010686958310657e+01,-5.3621305695523838793e-04
9.7003757914674537233e+01,-5.2601117158084171373e-04
9.7107505142390763808e+01,-5.1582781912651374905e-04
9.7211252370106990384e+01,-5.0566310660665270485e-04
9.7314999597823231170e+01,-4.9551714057786597732e-04
9.7418746825539457745e+01,-4.8539002714285137477e-04
9.7522494053255684321e+01,-4.7528187195280090227e-04
9.7626241280971910896e+01,-4.6519278020980736523e-04
9.7729988508688137472e+01,-4.5512285666924571104e-04
9.7833735736404378258e+01,-4.4507220564214098084e-04
9.7937482964120604834e+01,-4.3504092541199815281e-04
9.8041230191836831409e+01,-4.2502908621903001587e-04
9.8144977419553057985e+01,-4.1503674948013119777e-04
9.8248724647269284560e+01,-4.0506397635030322573e-04
9.8352471874985525346e+01,-3.9511082772650821466e-04
9.8456219102701751922e+01,-3.8517736424903441976e-04
9.8559966330417978497e+01,-3.7526364630283907519e-04
9.8663713558134205073e+01,-3.6536973401889535256e-04
9.8767460785850431648e+01,-3.5549568727552587543e-04
9.8871208013566672435e+01,-3.4564156180915122252e-04
9.8974955241282899010e+01,-3.3580738700329874338e-04
9.9078702468999125585e+01,-3.2599318136971634514e-04
9.9182449696715352161e+01,-3.1619896330929437699e-04
9.9286196924431578736e+01,-3.0642475114601265074e-04
9.9389944152147819523e+01,-2.9667056312734029454e-04
9.9493691379864046098e+01,-2.8693641742464037715e-04
9.9597438607580272674e+01,-2.7722233213355783549e-04
9.9701185835296499249e+01,-2.6752832527441894892e-04
9.9804933063012725825e+01,-2.5785441304443292715e-04
9.9908680290728966611e+01,-2.4820058941625995587e-04
1.0001242751844519319e+02,-2.3856683317483495712e-04
1.0011617474616141976e+02,-2.2895312289439813717e-04
1.0021992197387764634e+02,-2.1935943723791067076e-04
1.0032366920159387291e+02,-2.0978575495659386105e-04
1.0042741642931011370e+02,-2.0023205488947296146e-04
1.0053116365702634027e+02,-1.9069831596292866841e-04
1.0063491088474256685e+02,-1.8118451719023926272e-04
1.0073865811245879343e+02,-1.7169093069003963422e-04
1.0084240534017502000e+02,-1.6223175768459606656e-04
1.0094615256789126079e+02,-1.5284084841484665775e-04
1.0104989979560748736e+02,-1.4355340743002221451e-04
1.0115364702332371394e+02,-1.3440449485057246143e-04
1.0125739425103994051e+02,-1.2542902710807198020e-04
1.0136114147875616709e+02,-1.1666177768057590144e-04
1.0146488870647240788e+02,-1.0813737782346439392e-04
1.0156863593418863445e+02,-9.9890317295813342525e-05
1.0167238316190486103e+02,-9.1954945082215957955e-05
1.0177613038962108760e+02,-8.4356574894398013474e-05
1.0187987761733732839e+02,-7.7085103755683554013e-05
1.0198362484505355496e+02,-7.0121707716741332002e-05
1.0208737207276978154e+02,-6.3447639348281325558e-05
1.0219111930048600811e+02,-5.7044227352632628802e-05
1.0229486652820223469e+02,-5.0892876177679752941e-05
1.0239861375591847548e+02,-4.4975065633146157299e-05
1.0250236098363470205e+02,-3.9272350509212006632e-05
1.0260610821135092863e+02,-3.3766360197437599565e-05
1.0270985543906715520e+02,-2.8441539059546607990e-05
1.0281360266678338178e+02,-2.3333443297939926111e-05
1.0291734989449962256e+02,-1.8522630352963318184e-05
1.0302109712221584914e+02,-1.4090890760932283843e-05
1.0312484434993207572e+02,-1.0119685921512428602e-05
1.0322859157764830229e+02,-6.6901497516735600296e-06
1.0333233880536452887e+02,-3.8830903296768260182e-06
1.0343608603308076965e+02,-1.7789915291687536443e-06
1.0353983326079699623e+02,-4.5801464345234128687e-07
1.0364358048851322280e+02,0.0000000000000000000e+00
