1.0000000000000000479e-04,2.2404778579737367750e+00
1.0384722771622945103e-01,1.8360109648806868243e+00
2.0759445543245888532e-01,1.6533431431844438642e+00
3.1134168314868831962e-01,1.4888965422440361142e+00
4.1508891086491778166e-01,1.3408169619511338677e+00
5.1883613858114718820e-01,1.2074686124382172370e+00
6.2258336629737665024e-01,1.0873838933802741913e+00
7.2633059401360611229e-01,9.7924268498855016052e-01
8.3007782172983557434e-01,8.8185670820663530911e-01
9.3382504944606503638e-01,7.9415609656866958943e-01
1.0375722771622943874e+00,7.1517749657915330452e-01
1.1413195048785238495e+00,6.4405342028027978696e-01
1.2450667325947533115e+00,5.8000268484041628270e-01
1.3488139603109827735e+00,5.2232181556736723138e-01
1.4525611880272122356e+00,4.7037731041430858037e-01
1.5563084157434416976e+00,4.2359867610646284586e-01
1.6600556434596711597e+00,3.8147216003544209828e-01
1.7638028711759006217e+00,3.4353510493115047009e-01
1.8675500988921300838e+00,3.0937086715847611496e-01
1.9712973266083595458e+00,2.7860423935320993705e-01
2.0750445543245890079e+00,2.5089732928876284923e-01
2.1787917820408186920e+00,2.2594584884234636402e-01
2.2825390097570479320e+00,2.0347577163951607870e-01
2.3862862374732776161e+00,1.8324032324616371104e-01
2.4900334651895068561e+00,1.6501727120325657139e-01
2.5937806929057365402e+00,1.4860648399257816998e-01
2.6975279206219657802e+00,1.3382773331314415377e-01
2.8012751483381954642e+00,1.2051871437011338339e-01
2.9050223760544247043e+00,1.0853326361913077924e-01
3.0087696037706543883e+00,9.7739753329096831780e-02
3.1125168314868836283e+00,8.8019646045730856598e-02
3.2162640592031133124e+00,7.9266193016640826285e-02
3.3200112869193425524e+00,7.1383261290297914115e-02
3.4237585146355717924e+00,6.4284278415809845142e-02
3.5275057423518014765e+00,5.7891281509081939094e-02
3.6312529700680307165e+00,5.2134060986502500645e-02
3.7350001977842604006e+00,4.6949389550552146633e-02
3.8387474255004896406e+00,4.2280327804987291596e-02
3.9424946532167193247e+00,3.8075598915362024455e-02
4.0462418809329481206e+00,3.4289025487366862899e-02
4.1499891086491773606e+00,3.0879022429259526256e-02
4.2537363363654074888e+00,2.7808140212638384620e-02
4.3574835640816367288e+00,2.5042653691361691642e-02
4.4612307917978659688e+00,2.2552191544947933211e-02
4.5649780195140952088e+00,2.0309402980453070131e-02
4.6687252472303253370e+00,1.8289657093140843092e-02
4.7724724749465545770e+00,1.6470772536753837401e-02
4.8762197026627838170e+00,1.4832773932666578134e-02
4.9799669303790130570e+00,1.3357672366486895640e-02
5.0837141580952422970e+00,1.2029267890810142402e-02
5.1874613858114724252e+00,1.0832971649583838375e-02
5.2912086135277016652e+00,9.7556456464484228586e-03
5.3949558412439309052e+00,8.7854584347610651524e-03
5.4987030689601601452e+00,7.9117551885297694031e-03
5.6024502966763902734e+00,7.1249406913892919177e-03
5.7061975243926195134e+00,6.4163739574995973594e-03
5.8099447521088487534e+00,5.7782733270451474769e-03
5.9136919798250779934e+00,5.2036310183038057484e-03
6.0174392075413081216e+00,4.6861361921260377694e-03
6.1211864352575373616e+00,4.2201056272381893761e-03
6.2249336629737666016e+00,3.8004212712198673189e-03
6.3286808906899958416e+00,3.4224739839707600010e-03
6.4324281184062259697e+00,3.0821130695244712897e-03
6.5361753461224552098e+00,2.7756006937238015229e-03
6.6399225738386844498e+00,2.4995705848628751479e-03
6.7436698015549136898e+00,2.2509913001781795515e-03
6.8474170292711429298e+00,2.0271329941598773168e-03
6.9511642569873730579e+00,1.8255370505324750290e-03
7.0549114847036022979e+00,1.6439896393470290921e-03
7.1586587124198315379e+00,1.4804968536150410474e-03
7.2624059401360607779e+00,1.3332632632643234318e-03
7.3661531678522909061e+00,1.2006718391734711067e-03
7.4699003955685201461e+00,1.0812665141168250650e-03
7.5736476232847493861e+00,9.7373585019883612465e-04
7.6773948510009786261e+00,8.7689904041273261659e-04
7.7811420787172087543e+00,7.8969247643251305746e-04
7.8848893064334379943e+00,7.1115853101744186133e-04
7.9886365341496672343e+00,6.4043469900279287755e-04
8.0923837618658964743e+00,5.7674422718625767328e-04
8.1961309895821266025e+00,5.1938773092031706186e-04
8.2998782172983549543e+00,4.6773526819277511015e-04
8.4036254450145850825e+00,4.2121954863361344085e-04
8.5073726727308152107e+00,3.7932978017300240025e-04
8.6111199004470435625e+00,3.4160591446568983748e-04
8.7148671281632736907e+00,3.0763362144343726467e-04
8.8186143558795020425e+00,2.7703982158255890424e-04
8.9223615835957321707e+00,2.4948854995731641580e-04
9.0261088113119622989e+00,2.2467722919986856094e-04
9.1298560390281906507e+00,2.0233336129094186824e-04
9.2336032667444207789e+00,1.8221155122899709345e-04
9.3373504944606509071e+00,1.6409082833617185337e-04
9.4410977221768792589e+00,1.4777219337549859124e-04
9.5448449498931093871e+00,1.3307643148211282733e-04
9.6485921776093377389e+00,1.1984214793994528306e-04
9.7523394053255678671e+00,1.0792399795814476809e-04
9.8560866330417979952e+00,9.7191091565279174452e-05
9.9598338607580263471e+00,8.7525556715323214198e-05
1.0063581088474256475e+01,7.8821245862566711483e-05
1.0167328316190484827e+01,7.0982567795321304684e-05
1.0271075543906714955e+01,6.3923436935319527161e-05
1.0374822771622945083e+01,5.7566328404064193939e-05
1.0478569999339173435e+01,5.1841426902479546953e-05
1.0582317227055403563e+01,4.6685860124413998667e-05
1.0686064454771633692e+01,4.2043008342150426737e-05
1.0789811682487862043e+01,3.7861882617659442171e-05
1.0893558910204092172e+01,3.4096564831805107156e-05
1.0997306137920320523e+01,3.0705703393820529834e-05
1.1101053365636550652e+01,2.7652059097460810573e-05
1.1204800593352780780e+01,2.4902096138909295960e-05
1.1308547821069009132e+01,2.2425613803908307575e-05
1.1412295048785239260e+01,2.0195414778759447031e-05
1.1516042276501469388e+01,1.8187006442522704000e-05
1.1619789504217697740e+01,1.6378331859176652120e-05
1.1723536731933927868e+01,1.4749527517156069801e-05
1.1827283959650156220e+01,1.3282705174501637719e-05
1.1931031187366386348e+01,1.1961755831069298254e-05
1.2034778415082616476e+01,1.0772172941768459587e-05
1.2138525642798844828e+01,9.7008926668716316549e-06
1.2242272870515074956e+01,8.7361503008977016335e-06
1.2346020098231303308e+01,7.8673509920137477092e-06
1.2449767325947533436e+01,7.0849533190177170703e-06
1.2553514553663763564e+01,6.3803644523356369597e-06
1.2657261781379991916e+01,5.7458457515173581447e-06
1.2761009009096222044e+01,5.1744280569338454420e-06
1.2864756236812452173e+01,4.6598366444249024224e-06
1.2968503464528680524e+01,4.1964210699680894656e-06
1.3072250692244910653e+01,3.7790923459005252251e-06
1.3175997919961139004e+01,3.4032670327740478643e-06
1.3279745147677369133e+01,3.0648169216281856189e-06
1.3383492375393599261e+01,2.7600241829784684169e-06
1.3487239603109827613e+01,2.4855424494021465709e-06
1.3590986830826057741e+01,2.2383581871299810983e-06
1.3694734058542286093e+01,2.0157567560231126478e-06
1.3798481286258516221e+01,1.8152927008526083282e-06
1.3902228513974746349e+01,1.6347636026735659982e-06
1.4005975741690974701e+01,1.4721878786371675458e-06
1.4109722969407204829e+01,1.3257807601984432574e-06
1.4213470197123434957e+01,1.1939340107851817931e-06
1.4317217424839663309e+01,1.0751986173273217529e-06
1.4420964652555893437e+01,9.6827098401555586282e-07
1.4524711880272121789e+01,8.7197770157900692244e-07
1.4628459107988351917e+01,7.8526102598234242830e-07
1.4732206335704582045e+01,7.0716766460375946849e-07
1.4835953563420810397e+01,6.3684040394331370973e-07
1.4939700791137040525e+01,5.7350759256905675012e-07
1.5043448018853268877e+01,5.1647327564889339900e-07
1.5147195246569499005e+01,4.6511039384231916589e-07
1.5250942474285729133e+01,4.1885565315786802927e-07
1.5354689702001957485e+01,3.7720125758266975217e-07
1.5458436929718187614e+01,3.3968903865011864265e-07
1.5562184157434417742e+01,3.0590718756951750881e-07
1.5665931385150646094e+01,2.7548524905930624080e-07
1.5769678612866876222e+01,2.4808867443107391421e-07
1.5873425840583104574e+01,2.2341635704971828453e-07
1.5977173068299334702e+01,2.0119793897811355852e-07
1.6080920296015563054e+01,1.8118915514607205118e-07
1.6184667523731793182e+01,1.6316993408120988942e-07
1.6288414751448023310e+01,1.4694291289324684588e-07
1.6392161979164253438e+01,1.3232969636565184479e-07
1.6495909206880483566e+01,1.1916951622459118858e-07
1.6599656434596710142e+01,1.0731828899480227298e-07
1.6703403662312940270e+01,9.6645654866198714969e-08
1.6807150890029170398e+01,8.7034248132778962428e-08
1.6910898117745400526e+01,7.8378861973535215522e-08
1.7014645345461630654e+01,7.0584177158736024518e-08
1.7118392573177857230e+01,6.3564610026955819527e-08
1.7222139800894087358e+01,5.7243272936995389291e-08
1.7325887028610317486e+01,5.1550462061995013151e-08
1.7429634256326547614e+01,4.6423841409179883409e-08
1.7533381484042777743e+01,4.1807116123707655482e-08
1.7637128711759004318e+01,3.7649409454424259045e-08
1.7740875939475234446e+01,3.3905280818677865653e-08
1.7844623167191464574e+01,3.0533452450799349930e-08
1.7948370394907694703e+01,2.7496934971867720158e-08
1.8052117622623924831e+01,2.4762453847488534305e-08
1.8155864850340154959e+01,2.2299827644438600032e-08
1.8259612078056381534e+01,2.0082168335677186368e-08
1.8363359305772611663e+01,1.8085014667295090966e-08
1.8467106533488841791e+01,1.6286469009452052239e-08
1.8570853761205071919e+01,1.4666815109130178594e-08
1.8674600988921302047e+01,1.3208179475355507772e-08
1.8778348216637528623e+01,1.1894650907738479303e-08
1.8882095444353758751e+01,1.0711708048879063375e-08
1.8985842672069988879e+01,9.6464304687024939800e-09
1.9089589899786219007e+01,8.6870884414092921285e-09
1.9193337127502449135e+01,7.8231428734569959185e-09
1.9297084355218675711e+01,7.0451399402287399181e-09
1.9400831582934905839e+01,6.3444829113995932485e-09
1.9504578810651135967e+01,5.7135387431459153886e-09
1.9608326038367366095e+01,5.1453182868168739705e-09
1.9712073266083596224e+01,4.6336327004017532340e-09
1.9815820493799822799e+01,4.1728229371560715107e-09
1.9919567721516052927e+01,3.7578528054835712227e-09
2.0023314949232283055e+01,3.3841515544085445023e-09
2.0127062176948513184e+01,3.0476149841527500849e-09
2.0230809404664743312e+01,2.7445539040100355397e-09
2.0334556632380969887e+01,2.4716239683412521279e-09
2.0438303860097200015e+01,2.2258461420795799239e-09
2.0542051087813430144e+01,2.0044980027714620651e-09
2.0645798315529660272e+01,1.8051714265465267773e-09
2.0749545543245890400e+01,1.6256532933807395240e-09
2.0853292770962120528e+01,1.4639947152420099288e-09
2.0957039998678347104e+01,1.3183990154920572518e-09
2.1060787226394577232e+01,1.1872874136319387077e-09
2.1164534454110807360e+01,1.0692026512614487861e-09
2.1268281681827037488e+01,9.6286509784284913147e-10
2.1372028909543267616e+01,8.6709326311251272341e-10
2.1475776137259494192e+01,7.8084978821464112026e-10
2.1579523364975724320e+01,7.0317664190071646647e-10
2.1683270592691954448e+01,6.3323288997279097440e-10
2.1787017820408184576e+01,5.7024134514667223568e-10
2.1890765048124414704e+01,5.1352031731991163320e-10
2.1994512275840641280e+01,4.6243888205516154302e-10
2.2098259503556871408e+01,4.1644438214971443842e-10
2.2202006731273101536e+01,3.7502426278625275549e-10
2.2305753958989331664e+01,3.3773041629402560180e-10
2.2409501186705561793e+01,3.0414628934912222864e-10
2.2513248414421788368e+01,2.7390833694548223551e-10
2.2616995642138018496e+01,2.4667806571412046379e-10
2.2720742869854248625e+01,2.2216034559739017174e-10
2.2824490097570478753e+01,2.0008051275022356092e-10
2.2928237325286708881e+01,1.8019866504326579216e-10
2.3031984553002939009e+01,1.6229244553170011595e-10
2.3135731780719165585e+01,1.4616661292834548008e-10
2.3239479008435395713e+01,1.3164183237992663527e-10
2.3343226236151625841e+01,1.1855899276403394369e-10
2.3446973463867855969e+01,1.0677398827715289842e-10
2.3550720691584086097e+01,9.6157059556437388895e-11
2.3654467919300312673e+01,8.6592830673213801899e-11
2.3758215147016542801e+01,7.7975527623036658637e-11
2.3861962374732772929e+01,7.0212822200604801263e-11
2.3965709602449003057e+01,6.3218689540659363874e-11
2.4069456830165233185e+01,5.6918945774199126302e-11
2.4173204057881459761e+01,5.1244010879236029047e-11
2.4276951285597689889e+01,4.6133678544341385613e-11
2.4380698513313920017e+01,4.1532020637355412764e-11
2.4484445741030150145e+01,3.7389577181561331005e-11
2.4588192968746380274e+01,3.3661471144271581405e-11
2.4691940196462606849e+01,3.0306742400953470996e-11
2.4795687424178836977e+01,2.7289204395862927047e-11
2.4899434651895067105e+01,2.4574891423517072889e-11
2.5003181879611297234e+01,2.2134252618379663624e-11
2.5106929107327527362e+01,1.9939326839362921216e-11
2.5210676335043753937e+01,1.7965604922838747223e-11
2.5314423562759984065e+01,1.6190369710707586090e-11
2.5418170790476214194e+01,1.4593093352721875253e-11
2.5521918018192444322e+01,1.3155499467849398759e-11
2.5625665245908674450e+01,1.1860502611309716677e-11
2.5729412473624904578e+01,1.0693486729885179695e-11
2.5833159701341131154e+01,9.6406502391081274208e-12
2.5936906929057361282e+01,8.6901876763328775829e-12
2.6040654156773591410e+01,7.8313989754389107432e-12
2.6144401384489821538e+01,7.0547181316037356154e-12
2.6248148612206051666e+01,6.3521079001780010294e-12
2.6351895839922278242e+01,5.7160364010835535795e-12
2.6455643067638508370e+01,5.1403811753741342613e-12
2.6559390295354738498e+01,4.6195272251000535339e-12
2.6663137523070968626e+01,4.1486039320672616757e-12
2.6766884750787198755e+01,3.7234711690668248708e-12
2.6870631978503425330e+01,3.3402349718195820674e-12
2.6974379206219655458e+01,2.9956141563787426772e-12
2.7078126433935885586e+01,2.6865117812357182587e-12
2.7181873661652115715e+01,2.4100607665059375270e-12
2.7285620889368345843e+01,2.1635992243340506887e-12
2.7389368117084572418e+01,1.9445267391792539191e-12
2.7493115344800802546e+01,1.7503383709563108771e-12
2.7596862572517032675e+01,1.5785804975736680358e-12
2.7700609800233262803e+01,1.4268583043865392618e-12
2.7804357027949492931e+01,1.2928349776649007785e-12
2.7908104255665723059e+01,1.1742319335366231078e-12
2.8011851483381949635e+01,1.0689139487999739812e-12
2.8115598711098179763e+01,9.7481348635028756776e-13
2.8219345938814409891e+01,8.9004795371560691583e-13
2.8323093166530640019e+01,8.1299265822721497879e-13
2.8426840394246870147e+01,7.4210462568308637840e-13
2.8530587621963096723e+01,6.7622059412462947323e-13
2.8634334849679326851e+01,6.1438513673608122613e-13
2.8738082077395556979e+01,5.5579979288911581308e-13
2.8841829305111787107e+01,5.0009790504585753396e-13
2.8945576532828017235e+01,4.4700271497972492254e-13
2.9049323760544243811e+01,3.9645791977704395695e-13
2.9153070988260473939e+01,3.4866270977718178686e-13
2.9256818215976704067e+01,3.0384150338476490883e-13
2.9360565443692934195e+01,2.6233255729229100626e-13
2.9464312671409164324e+01,2.2452962213998639272e-13
2.9568059899125390899e+01,1.9079456364763981410e-13
2.9671807126841621027e+01,1.6138775384236130171e-13
2.9775554354557851156e+01,1.3654264012080325207e-13
2.9879301582274081284e+01,1.1635587862955517195e-13
2.9983048809990311412e+01,1.0069414685709324251e-13
3.0086796037706537987e+01,8.9393008766322807808e-14
3.0190543265422768116e+01,8.2079282516699846532e-14
3.0294290493138998244e+01,7.8189782330866837262e-14
3.0398037720855228372e+01,7.7145429385209628602e-14
3.0501784948571458500e+01,7.8227371510982037021e-14
3.0605532176287688628e+01,8.0647701809635872285e-14
3.0709279404003915204e+01,8.3637281340810176982e-14
3.0813026631720145332e+01,8.6482891712096918019e-14
3.0916773859436375460e+01,8.8495501814544282617e-14
3.1020521087152605588e+01,8.9069084213324113299e-14
3.1124268314868835716e+01,8.7845415345641372655e-14
3.1228015542585062292e+01,8.4520243005549708669e-14
3.1331762770301292420e+01,7.8931217478025474429e-14
3.1435509998017522548e+01,7.1230068605939854463e-14
3.1539257225733752676e+01,6.1611009338800994701e-14
3.1643004453449982805e+01,5.0395916935066380310e-14
3.1746751681166209380e+01,3.8127592527560709849e-14
3.1850498908882439508e+01,2.5364866093932075441e-14
3.1954246136598669636e+01,1.2694314633762035192e-14
3.2057993364314903317e+01,7.4515572200796738119e-16
3.2161740592031129893e+01,-9.8604492424303696704e-15
3.2265487819747363574e+01,-1.8616292300740736249e-14
3.2369235047463590149e+01,-2.5161559133506176243e-14
3.2472982275179823830e+01,-2.9154655645717659417e-14
3.2576729502896050406e+01,-3.0451513279699549189e-14
3.2680476730612276981e+01,-2.9150249903934412141e-14
3.2784223958328510662e+01,-2.5367279085830522288e-14
3.2887971186044737237e+01,-1.9391639428318227230e-14
3.2991718413760970918e+01,-1.1734681033818975647e-14
3.3095465641477197494e+01,-2.9175025858860707603e-15
3.3199212869193424069e+01,6.4905857177089274492e-15
3.3302960096909657750e+01,1.5847340614598750583e-14
3.3406707324625884326e+01,2.4512902293969223839e-14
3.3510454552342118006e+01,3.1925515361827805498e-14
3.3614201780058344582e+01,3.7655720414274963043e-14
3.3717949007774571157e+01,4.1292746889892345013e-14
3.3821696235490804838e+01,4.2551551292484970950e-14
3.3925443463207031414e+01,4.1438356367124465312e-14
3.4029190690923265095e+01,3.8001308287612476303e-14
3.4132937918639491670e+01,3.2368744937174269247e-14
3.4236685146355718246e+01,2.4952195998924131966e-14
3.4340432374071951926e+01,1.6220931807260387398e-14
3.4444179601788178502e+01,6.6570161254055527556e-15
3.4547926829504412183e+01,-3.1564775806556294068e-15
3.4651674057220638758e+01,-1.2605120607867545574e-14
3.4755421284936865334e+01,-2.1092793636513831439e-14
3.4859168512653099015e+01,-2.8151417987586130375e-14
3.4962915740369325590e+01,-3.3393154162933833985e-14
3.5066662968085559271e+01,-3.6443042121976735788e-14
3.5170410195801785846e+01,-3.7134766442621544517e-14
3.5274157423518012422e+01,-3.5532249400509888123e-14
3.5377904651234246103e+01,-3.1711268518234122372e-14
3.5481651878950472678e+01,-2.5863802461686388855e-14
3.5585399106666706359e+01,-1.8440540410414562577e-14
3.5689146334382932935e+01,-9.9222097776695313369e-15
3.5792893562099159510e+01,-7.9924170301499387487e-16
3.5896640789815393191e+01,8.3639442027089057667e-15
3.6000388017531619766e+01,1.6983558037847631448e-14
3.6104135245247853447e+01,2.4491418751368765302e-14
3.6207882472964080023e+01,3.0463647660616611491e-14
3.6311629700680313704e+01,3.4589487469787827953e-14
3.6415376928396540279e+01,3.6565712907982351941e-14
3.6519124156112766855e+01,3.6236156421125899919e-14
3.6622871383829000536e+01,3.3733052731209661057e-14
3.6726618611545227111e+01,2.9221197340436047299e-14
3.6830365839261460792e+01,2.2901695560518855692e-14
3.6934113066977687367e+01,1.5210072549696301367e-14
3.7037860294693913943e+01,6.6675565034219417951e-15
3.7141607522410147624e+01,-2.2099944851002037007e-15
3.7245354750126374199e+01,-1.0904077492245810415e-14
3.7349101977842607880e+01,-1.8892101639163106103e-14
3.7452849205558834456e+01,-2.5656703495074619076e-14
3.7556596433275061031e+01,-3.0741781054512931015e-14
3.7660343660991294712e+01,-3.3926179958539938571e-14
3.7764090888707521287e+01,-3.5050659576609025344e-14
3.7867838116423754968e+01,-3.3967697733633975069e-14
3.7971585344139981544e+01,-3.0755503247097780651e-14
3.8075332571856208119e+01,-2.5712400046084391335e-14
3.8179079799572441800e+01,-1.9142854616188985946e-14
3.8282827027288668376e+01,-1.1389662017953788098e-14
3.8386574255004902056e+01,-2.9643270962938106928e-15
3.8490321482721128632e+01,5.5825292343835041722e-15
3.8594068710437355207e+01,1.3708212914053011746e-14
3.8697815938153588888e+01,2.0939104184654794297e-14
3.8801563165869815464e+01,2.6881080457615537827e-14
3.8905310393586049145e+01,3.1148495993414202148e-14
3.9009057621302275720e+01,3.3404767800701841531e-14
3.9112804849018502296e+01,3.3598429352952526964e-14
3.9216552076734735977e+01,3.1787289215474773575e-14
3.9320299304450962552e+01,2.8029625200083921718e-14
3.9424046532167196233e+01,2.2505791007341455751e-14
3.9527793759883422808e+01,1.5644044198235817626e-14
3.9631540987599649384e+01,7.8985487752269615463e-15
3.9735288215315883065e+01,-2.7940047980452487911e-16
3.9839035443032109640e+01,-8.4125678113578226393e-15
3.9942782670748343321e+01,-1.6003705196726612160e-14
4.0046529898464569897e+01,-2.2559987762282985150e-14
4.0150277126180796472e+01,-2.7632170025936088677e-14
4.0254024353897030153e+01,-3.0991371449031985503e-14
4.0357771581613256728e+01,-3.2486179954363168047e-14
4.0461518809329490409e+01,-3.1967142528459660882e-14
4.0565266037045716985e+01,-2.9405830383309347963e-14
4.0669013264761943560e+01,-2.5070174028314484438e-14
4.0772760492478177241e+01,-1.9270452362979228023e-14
4.0876507720194403817e+01,-1.2316133483490023376e-14
4.0980254947910637497e+01,-4.6039299751189009158e-15
4.1084002175626864073e+01,3.3565340576228546264e-15
4.1187749403343097754e+01,1.1052994039833823126e-14
4.1291496631059324329e+01,1.7985866811519073459e-14
4.1395243858775550905e+01,2.3771720159003206827e-14
4.1498991086491784586e+01,2.8115645968160168857e-14
4.1602738314208011161e+01,3.0727813571160470795e-14
4.1706485541924244842e+01,3.1356051094911802373e-14
4.1810232769640471417e+01,3.0034588692082931841e-14
4.1913979997356697993e+01,2.6935849736948622227e-14
4.2017727225072931674e+01,2.2231496768689424987e-14
4.2121474452789158249e+01,1.6130043550368085507e-14
4.2225221680505391930e+01,9.0476563322325574652e-15
4.2328968908221618506e+01,1.4673888062859199775e-15
4.2432716135937845081e+01,-6.1323721293112537313e-15
4.2536463363654078762e+01,-1.3293401251977884906e-14
4.2640210591370305337e+01,-1.9625915051716655326e-14
4.2743957819086539018e+01,-2.4760427040720683251e-14
4.2847705046802765594e+01,-2.8331034693506312314e-14
4.2951452274518992169e+01,-3.0056340136757478346e-14
4.3055199502235225850e+01,-2.9942414245009390377e-14
4.3158946729951452426e+01,-2.8057836582173201945e-14
4.3262693957667686107e+01,-2.4470541007525148548e-14
4.3366441185383912682e+01,-1.9322240619410718212e-14
4.3470188413100139257e+01,-1.3003229518723235495e-14
4.3573935640816372938e+01,-5.9524910916062963412e-15
4.3677682868532599514e+01,1.3951622796109191665e-15
4.3781430096248833195e+01,8.6129672753387910152e-15
4.3885177323965059770e+01,1.5292317467982208612e-14
4.3988924551681286346e+01,2.1031633754145562520e-14
4.4092671779397520027e+01,2.5433116589893075444e-14
4.4196419007113746602e+01,2.8164129798019083107e-14
4.4300166234829980283e+01,2.9160918749368796865e-14
4.4403913462546206858e+01,2.8432181517350345773e-14
4.4507660690262433434e+01,2.5986536366263603203e-14
4.4611407917978667115e+01,2.1876918027709963686e-14
4.4715155145694893690e+01,1.6416701362784838404e-14
4.4818902373411127371e+01,1.0011363914127967443e-14
4.4922649601127353947e+01,3.0627763187760605279e-15
4.5026396828843580522e+01,-4.0298933596417347575e-15
4.5130144056559814203e+01,-1.0861900058596874447e-14
4.5233891284276040778e+01,-1.7027217136200458095e-14
4.5337638511992274459e+01,-2.2123485391626583989e-14
4.5441385739708501035e+01,-2.5762840220438176257e-14
4.5545132967424727610e+01,-2.7758340222524044579e-14
4.5648880195140961291e+01,-2.8097021546191871474e-14
4.5752627422857187867e+01,-2.6771835475372646069e-14
4.5856374650573421548e+01,-2.3778219980570045946e-14
4.5960121878289648123e+01,-1.9259723116919549377e-14
4.6063869106005881804e+01,-1.3589341070110871892e-14
4.6167616333722108379e+01,-7.1567270382242744739e-15
4.6271363561438334955e+01,-3.4804020894774469315e-16
4.6375110789154568636e+01,6.4516816091813489992e-15
4.6478858016870795211e+01,1.2853256801593305673e-14
4.6582605244587028892e+01,1.8469434107649887207e-14
4.6686352472303255468e+01,2.2916404492766059290e-14
4.6790099700019482043e+01,2.5843444497356541408e-14
4.6893846927735715724e+01,2.7147079879508270029e-14
4.6997594155451942299e+01,2.6844644457021601112e-14
4.7101341383168175980e+01,2.4954154471660058584e-14
4.7205088610884402556e+01,2.1498288866215339147e-14
4.7308835838600629131e+01,1.6664097665400184375e-14
4.7412583066316862812e+01,1.0838190137338322052e-14
4.7516330294033089388e+01,4.4160653273163891165e-15
4.7620077521749323068e+01,-2.2102246167738545294e-15
4.7723824749465549644e+01,-8.6588005204900696923e-15
4.7827571977181776219e+01,-1.4575316455270280509e-14
4.7931319204898009900e+01,-1.9613913482502550991e-14
4.8035066432614236476e+01,-2.3431720639544530979e-14
4.8138813660330470157e+01,-2.5704490906642738484e-14
4.8242560888046696732e+01,-2.6337553847257258308e-14
4.8346308115762923308e+01,-2.5407679674781224790e-14
4.8450055343479156988e+01,-2.2995159400590626891e-14
4.8553802571195383564e+01,-1.9179741994132669494e-14
4.8657549798911617245e+01,-1.4122485567532234491e-14
4.8761297026627843820e+01,-8.2015324190901634604e-15
4.8865044254344070396e+01,-1.8278060686271579210e-15
4.8968791482060304077e+01,4.5912523596350794311e-15
4.9072538709776530652e+01,1.0656624177824732653e-14
4.9176285937492764333e+01,1.6040706309567373848e-14
4.9280033165208990908e+01,2.0467905213252107673e-14
4.9383780392925217484e+01,2.3666044896313694592e-14
4.9487527620641451165e+01,2.5365251931908319006e-14
4.9591274848357677740e+01,2.5387066954568715467e-14
4.9695022076073911421e+01,2.3847750851529636081e-14
4.9798769303790137997e+01,2.0922794040592200436e-14
4.9902516531506364572e+01,1.6786227562707930190e-14
5.0006263759222598253e+01,1.1614711960719842866e-14
5.0110010986938824828e+01,5.6953987304711712805e-15
5.0213758214655058509e+01,-5.6390917664142901137e-16
5.0317505442371285085e+01,-6.7524612891057621093e-15
5.0421252670087511660e+01,-1.2462887791023037877e-14
5.0524999897803745341e+01,-1.7313164111696780577e-14
5.0628747125519971917e+01,-2.1078113963508173834e-14
5.0732494353236205598e+01,-2.3599960213975478105e-14
5.0836241580952432173e+01,-2.4722459762872371776e-14
5.0939988808668665854e+01,-2.4290788932416241337e-14
5.1043736036384892429e+01,-2.2255281389612584452e-14
5.1147483264101119005e+01,-1.8852344854074575926e-14
5.1251230491817352686e+01,-1.4365149108041233615e-14
5.1354977719533579261e+01,-9.0745756975437324920e-15
5.1458724947249812942e+01,-3.2602029738296955222e-15
5.1562472174966039518e+01,2.7609498820273666583e-15
5.1666219402682266093e+01,8.6215422093592355666e-15
5.1769966630398499774e+01,1.3953506448353325100e-14
5.1873713858114726349e+01,1.8391719573998097622e-14
5.1977461085830960030e+01,2.1587673689551715713e-14
5.2081208313547186606e+01,2.3394035994063223073e-14
5.2184955541263413181e+01,2.3813971987960704177e-14
5.2288702768979646862e+01,2.2854281272894721198e-14
5.2392449996695873438e+01,2.0521709592387995953e-14
5.2496197224412107118e+01,1.6851718358382269061e-14
5.2599944452128333694e+01,1.2106067099212591823e-14
5.2703691679844560269e+01,6.6517072334532763517e-15
5.2807438907560793950e+01,8.5335123983248048182e-16
5.2911186135277020526e+01,-4.9271488875434419850e-15
5.3014933362993254207e+01,-1.0343797437933390559e-14
5.3118680590709480782e+01,-1.5122526529976233846e-14
5.3222427818425707358e+01,-1.9014313726447879690e-14
5.3326175046141941039e+01,-2.1772089439803072754e-14
5.3429922273858167614e+01,-2.3150703065992118723e-14
5.3533669501574401295e+01,-2.2976253408212697912e-14
5.3637416729290627870e+01,-2.1367185994499452711e-14
5.3741163957006854446e+01,-1.8517348586716507384e-14
5.3844911184723088127e+01,-1.4619095271599408099e-14
5.3948658412439314702e+01,-9.8633005808383799224e-15
5.4052405640155548383e+01,-4.4715577409580077137e-15
5.4156152867871774959e+01,1.2131160761119844411e-15
5.4259900095588001534e+01,6.8208894303982047479e-15
5.4363647323304235215e+01,1.1984754017497315714e-14
5.4467394551020461790e+01,1.6340497781618958703e-14
5.4571141778736695471e+01,1.9578986305041186959e-14
5.4674889006452922047e+01,2.1604081242587114673e-14
5.4778636234169148622e+01,2.2373392037478265798e-14
5.4882383461885382303e+01,2.1844848667121185651e-14
5.4986130689601608879e+01,1.9976698617949654290e-14
5.5089877917317842559e+01,1.6779044055375751660e-14
5.5193625145034069135e+01,1.2514696405064201705e-14
5.5297372372750295710e+01,7.5218661356054554731e-15
5.5401119600466529391e+01,2.1362505972770078007e-15
5.5504866828182755967e+01,-3.3089627418516576365e-15
5.5608614055898989648e+01,-8.4911191184522193778e-15
5.5712361283615216223e+01,-1.3146150960697004233e-14
5.5816108511331449904e+01,-1.7035901335899689105e-14
5.5919855739047676479e+01,-1.9924070261517027932e-14
5.6023602966763903055e+01,-2.1576108122123299399e-14
5.6127350194480136736e+01,-2.1779268861406660875e-14
5.6231097422196363311e+01,-2.0566774561085281190e-14
5.6334844649912596992e+01,-1.8134627342307018082e-14
5.6438591877628823568e+01,-1.4680364695080067924e-14
5.6542339105345050143e+01,-1.0400074295535837137e-14
5.6646086333061283824e+01,-5.4905382700792779467e-15
5.6749833560777510399e+01,-2.1318731627346960700e-16
5.6853580788493744080e+01,5.0952798307281520111e-15
5.6957328016209970656e+01,1.0096243193978189620e-14
5.7061075243926197231e+01,1.4453545482955909116e-14
5.7164822471642430912e+01,1.7833789781133981897e-14
5.7268569699358657488e+01,1.9999962053569884817e-14
5.7372316927074891169e+01,2.0940653200014164197e-14
5.7476064154791117744e+01,2.0677174398779774855e-14
5.7579811382507344319e+01,1.9230683234368742203e-14
5.7683558610223578000e+01,1.6622185078708467971e-14
5.7787305837939804576e+01,1.2907255196589756571e-14
5.7891053065656038257e+01,8.3521583485091222289e-15
5.7994800293372264832e+01,3.3005796011475237680e-15
5.8098547521088491408e+01,-1.9061069734695048038e-15
5.8202294748804725089e+01,-6.9289613388636934346e-15
5.8306041976520951664e+01,-1.1435407857278508533e-14
5.8409789204237185345e+01,-1.5187932046912822318e-14
5.8513536431953411920e+01,-1.8044339911516210462e-14
5.8617283659669638496e+01,-1.9867595203744428187e-14
5.8721030887385872177e+01,-2.0521630128648557132e-14
5.8824778115102098752e+01,-1.9871369154667070966e-14
5.8928525342818332433e+01,-1.7868540348463507003e-14
5.9032272570534559009e+01,-1.4737062328813937441e-14
5.9136019798250785584e+01,-1.0752965959417201408e-14
5.9239767025967019265e+01,-6.1903484409404235523e-15
5.9343514253683245840e+01,-1.3213902136406178504e-15
5.9447261481399479521e+01,3.5842695044262033373e-15
5.9551008709115706097e+01,8.2681585510357137230e-15
5.9654755936831932672e+01,1.2480595460712365985e-14
5.9758503164548166353e+01,1.5973804067692728783e-14
5.9862250392264392929e+01,1.8501725889067812671e-14
5.9965997619980626610e+01,1.9820048150177629603e-14
6.0069744847696853185e+01,1.9774897583984548234e-14
6.0173492075413079760e+01,1.8488538078663066952e-14
6.0277239303129313441e+01,1.6135527323242671329e-14
6.0380986530845540017e+01,1.2889223299537319101e-14
6.0484733758561773698e+01,8.9217945712113276046e-15
6.0588480986278000273e+01,4.4073025496031721808e-15
6.0692228213994233954e+01,-4.1374013629597734685e-16
6.0795975441710460530e+01,-5.2365046192700099576e-15
6.0899722669426687105e+01,-9.7554959632337057191e-15
6.1003469897142920786e+01,-1.3667297425539184763e-14
6.1107217124859147361e+01,-1.6670552815294089482e-14
6.1210964352575381042e+01,-1.8507485406867504092e-14
6.1314711580291607618e+01,-1.9161120331222948165e-14
6.1418458808007834193e+01,-1.8699941120005307164e-14
6.1522206035724067874e+01,-1.7192076635375734164e-14
6.1625953263440294450e+01,-1.4705196960023622991e-14
6.1729700491156528130e+01,-1.1306835796007899679e-14
6.1833447718872754706e+01,-7.1359705257850986051e-15
6.1937194946588981281e+01,-2.4930438832096281788e-15
6.2040942174305214962e+01,2.3012214907980464778e-15
6.2144689402021441538e+01,6.9282446723436922327e-15
6.2248436629737675219e+01,1.1071568606948385086e-14
6.2352183857453901794e+01,1.4421402548713230544e-14
6.2455931085170128370e+01,1.6799985315301614977e-14
6.2559678312886362050e+01,1.8176272405353667823e-14
6.2663425540602588626e+01,1.8527126540782099577e-14
6.2767172768318822307e+01,1.7829563416995564403e-14
6.2870919996035048882e+01,1.6060750440742918072e-14
6.2974667223751275458e+01,1.3214107311325232834e-14
6.3078414451467509139e+01,9.4734107416753379333e-15
6.3182161679183735714e+01,5.1454614594399390579e-15
6.3285908906899969395e+01,5.3719078012438030618e-16
6.3389656134616195970e+01,-4.0464793479092247030e-15
6.3493403362332422546e+01,-8.3026199270717341381e-15
6.3597150590048656227e+01,-1.1948607076165806696e-14
6.3700897817764882802e+01,-1.4834059317293947970e-14
6.3804645045481116483e+01,-1.6866087056674366774e-14
6.3908392273197343059e+01,-1.7952632991306113307e-14
6.4012139500913576740e+01,-1.8002236623110472483e-14
6.4115886728629803315e+01,-1.6924029430419128814e-14
6.4219633956346029890e+01,-1.4674012159788287867e-14
6.4323381184062256466e+01,-1.1454863487300676829e-14
6.4427128411778497252e+01,-7.5496218328643889157e-15
6.4530875639494723828e+01,-3.2395593349160709677e-15
6.4634622867210950403e+01,1.1958577859471827988e-15
6.4738370094927176979e+01,5.4789547564926119509e-15
6.4842117322643403554e+01,9.3524980318574842087e-15
6.4945864550359644340e+01,1.2649910478837967262e-14
6.5049611778075870916e+01,1.5232183784842072264e-14
6.5153359005792097491e+01,1.6961199627879271749e-14
6.5257106233508324067e+01,1.7699718020523491212e-14
6.5360853461224550642e+01,1.7311370339015053760e-14
6.5464600688940791429e+01,1.5711688545726132048e-14
6.5568347916657018004e+01,1.3076305068437718343e-14
6.5672095144373244580e+01,9.6620535232629679717e-15
6.5775842372089471155e+01,5.7241809222373433295e-15
6.5879589599805697731e+01,1.5163264246429682419e-15
6.5983336827521938517e+01,-2.7094660226592455297e-15
6.6087084055238165092e+01,-6.7109240326929477449e-15
6.6190831282954391668e+01,-1.0300461637903294335e-14
6.6294578510670618243e+01,-1.3312892893824842920e-14
6.6398325738386844819e+01,-1.5584120133049401459e-14
6.6502072966103085605e+01,-1.6951069697034109800e-14
6.6605820193819312180e+01,-1.7251683960965902193e-14
6.6709567421535538756e+01,-1.6347934793532271926e-14
6.6813314649251765331e+01,-1.4337991876030916323e-14
6.6917061876967991907e+01,-1.1457156339728892225e-14
6.7020809104684232693e+01,-7.9410159996064236242e-15
6.7124556332400459269e+01,-4.0237021793685648552e-15
6.7228303560116685844e+01,6.2099050215912030244e-17
6.7332050787832912420e+01,4.0862929095806129977e-15
6.7435798015549138995e+01,7.8461433189372429645e-15
6.7539545243265379781e+01,1.1165717356226648739e-14
6.7643292470981606357e+01,1.3871244308416590671e-14
6.7747039698697832932e+01,1.5790017906314110263e-14
6.7850786926414059508e+01,1.6750388186625794939e-14
6.7954534154130286083e+01,1.6582765410958396087e-14
6.8058281381846526870e+01,1.5243152712876078297e-14
6.8162028609562753445e+01,1.2930607306152443925e-14
6.8265775837278980021e+01,9.8710024843462662431e-15
6.8369523064995206596e+01,6.2888405366875160144e-15
6.8473270292711433171e+01,2.4072631344585099203e-15
6.8577017520427673958e+01,-1.5519383769040085123e-15
6.8680764748143900533e+01,-5.3748473633579637821e-15
6.8784511975860127109e+01,-8.8809817181856900141e-15
6.8888259203576353684e+01,-1.1900813423337323767e-14
6.8992006431292580260e+01,-1.4265836856142151940e-14
6.9095753659008821046e+01,-1.5808558438246707862e-14
6.9199500886725047621e+01,-1.6362489049085912883e-14
6.9303248114441274197e+01,-1.5773166152303598270e-14
6.9406995342157500772e+01,-1.4087421705111331289e-14
6.9510742569873727348e+01,-1.1526293393519778208e-14
6.9614489797589968134e+01,-8.3153418780707085217e-15
6.9718237025306194710e+01,-4.6787851982536470653e-15
6.9821984253022421285e+01,-8.3950874738527175472e-16
6.9925731480738647861e+01,2.9809408904390323680e-15
7.0029478708454874436e+01,6.5777497383894845425e-15
7.0133225936171115222e+01,9.7914217143365574728e-15
7.0236973163887341798e+01,1.2471239289117192483e-14
7.0340720391603568373e+01,1.4467374121268207393e-14
7.0444467619319794949e+01,1.5630880509259798794e-14
7.0548214847036021524e+01,1.5813688901505729770e-14
7.0651962074752262311e+01,1.4883119825063649613e-14
7.0755709302468488886e+01,1.2915429309091279015e-14
7.0859456530184715461e+01,1.0142057762370995783e-14
7.0963203757900942037e+01,6.7968453056634778257e-15
7.1066950985617168612e+01,3.1122665718945518292e-15
7.1170698213333409399e+01,-6.8055934132406652420e-16
7.1274445441049635974e+01,-4.3518607510447337976e-15
7.1378192668765862550e+01,-7.6939647918234228110e-15
7.1481939896482089125e+01,-1.0572715541494048486e-14
7.1585687124198315701e+01,-1.2870467280513602846e-14
7.1689434351914556487e+01,-1.4470255305579110121e-14
7.1793181579630783062e+01,-1.5255791008996147636e-14
7.1896928807347009638e+01,-1.5111457000652234309e-14
7.2000676035063236213e+01,-1.3926710385227583392e-14
7.2104423262779462789e+01,-1.1746142515666535340e-14
7.2208170490495703575e+01,-8.8053930720317541831e-15
7.2311917718211930151e+01,-5.3506410993632538684e-15
7.2415664945928156726e+01,-1.6266548764816052476e-15
7.2519412173644383302e+01,2.1231979927067141315e-15
7.2623159401360624088e+01,5.6569405744030956467e-15
7.2726906629076850663e+01,8.7448136994124551380e-15
7.2830653856793077239e+01,1.1260611286468876696e-14
7.2934401084509303814e+01,1.3135031882629741614e-14
7.3038148312225530390e+01,1.4299750836248648031e-14
7.3141895539941771176e+01,1.4686831152747160232e-14
7.3245642767657997751e+01,1.4228720749171826668e-14
7.3349389995374224327e+01,1.2858249732050930563e-14
7.3453137223090450902e+01,1.0557705863659910002e-14
7.3556884450806677478e+01,7.5245892535973394389e-15
7.3660631678522918264e+01,4.0142066344879251604e-15
7.3764378906239144840e+01,2.8043000628791714373e-16
7.3868126133955371415e+01,-3.4242948763078230940e-15
7.3971873361671597991e+01,-6.8489385021575486690e-15
7.4075620589387824566e+01,-9.7440080036298636905e-15
7.4179367817104065352e+01,-1.1922408371195105239e-14
7.4283115044820291928e+01,-1.3355923221439472073e-14
7.4386862272536518503e+01,-1.4041685115753191463e-14
7.4490609500252745079e+01,-1.3976842590093058435e-14
7.4594356727968971654e+01,-1.3158560043894132750e-14
7.4698103955685212441e+01,-1.1584017629906602489e-14
7.4801851183401439016e+01,-9.2511516861676026403e-15
7.4905598411117665592e+01,-6.2393794415068380549e-15
7.5009345638833892167e+01,-2.7815554358281842549e-15
7.5113092866550118742e+01,8.7365958157337504639e-16
7.5216840094266359529e+01,4.4789767809548236793e-15
7.5320587321982586104e+01,7.7884698036538839631e-15
7.5424334549698812680e+01,1.0557565391601855566e-14
7.5528081777415039255e+01,1.2544544188494858274e-14
7.5631829005131265831e+01,1.3620574870003644813e-14
7.5735576232847506617e+01,1.3843549637294619631e-14
7.5839323460563733192e+01,1.3288687978862966417e-14
7.5943070688279959768e+01,1.2030798348288998635e-14
7.6046817915996186343e+01,1.0144280968019462797e-14
7.6150565143712412919e+01,7.7031306102300185171e-15
7.6254312371428653705e+01,4.7814938295196598535e-15
7.6358059599144880281e+01,1.5018869138781735271e-15
7.6461806826861106856e+01,-1.9277285987556828795e-15
7.6565554054577333432e+01,-5.2917263716799956213e-15
7.6669301282293560007e+01,-8.3756471916324049027e-15
7.6773048510009800793e+01,-1.0966191082831525321e-14
7.6876795737726027369e+01,-1.2851209484870498346e-14
7.6980542965442253944e+01,-1.3820153184057269969e-14
7.7084290193158480520e+01,-1.3765798912451874320e-14
7.7188037420874707095e+01,-1.2812067575515399500e-14
7.7291784648590947882e+01,-1.1113819169147637135e-14
7.7395531876307174457e+01,-8.8250833418185409377e-15
7.7499279104023401032e+01,-6.0990649524406528551e-15
7.7603026331739627608e+01,-3.0881495836620516480e-15
7.7706773559455854183e+01,5.6091019832951410360e-17
7.7810520787172094970e+01,3.1835095550760860442e-15
7.7914268014888321545e+01,6.1469530801813990207e-15
7.8018015242604548121e+01,8.8005398786559135858e-15
7.8121762470320774696e+01,1.0999163169091260299e-14
7.8225509698037001272e+01,1.2598485966343843554e-14
7.8329256925753242058e+01,1.3454935983552900155e-14
7.8433004153469468633e+01,1.3425700574618261841e-14
7.8536751381185695209e+01,1.2400664663963612470e-14
7.8640498608901921784e+01,1.0497267724814833732e-14
7.8744245836618148360e+01,7.9305890412086377821e-15
7.8847993064334389146e+01,4.9149716750814877193e-15
7.8951740292050615722e+01,1.6636320508391904305e-15
7.9055487519766842297e+01,-1.6113326520202481372e-15
7.9159234747483068872e+01,-4.6989371644129110839e-15
7.9262981975199295448e+01,-7.3931773008357551911e-15
7.9366729202915536234e+01,-9.5718908717842669543e-15
7.9470476430631762810e+01,-1.1192870851936587088e-14
7.9574223658347989385e+01,-1.2217324221443480881e-14
7.9677970886064215961e+01,-1.2606660007180183192e-14
7.9781718113780442536e+01,-1.2322487969050563259e-14
7.9885465341496683322e+01,-1.1326617296527343507e-14
7.9989212569212909898e+01,-9.5812041308721358358e-15
8.0092959796929136473e+01,-7.1157594519731024299e-15
8.0196707024645363049e+01,-4.1323965903799356064e-15
8.0300454252361589624e+01,-8.5958361216251800509e-16
8.0404201480077830411e+01,2.4753906051615804731e-15
8.0507948707794056986e+01,5.6464087747702990909e-15
8.0611695935510283562e+01,8.4285176613555647421e-15
8.0715443163226510137e+01,1.0597920600079838186e-14
8.0819190390942736713e+01,1.1950520923773064725e-14
8.0922937618658977499e+01,1.2466853110075523631e-14
8.1026684846375204074e+01,1.2232324637043211962e-14
8.1130432074091430650e+01,1.1333132890074695554e-14
8.1234179301807657225e+01,9.8550349108683207191e-15
8.1337926529523883801e+01,7.8833502057333414276e-15
8.1441673757240124587e+01,5.5029635324357294719e-15
8.1545420984956351163e+01,2.7984510181402132409e-15
8.1649168212672577738e+01,-1.2073141667074483874e-16
8.1752915440388804313e+01,-3.0896770849987156146e-15
8.1856662668105030889e+01,-5.9368070785092083526e-15
8.1960409895821271675e+01,-8.4914112417743440459e-15
8.2064157123537498251e+01,-1.0583642680793292383e-14
8.2167904351253724826e+01,-1.2044512313118318378e-14
8.2271651578969951402e+01,-1.2705883459211989347e-14
8.2375398806686192188e+01,-1.2414672042219172089e-14
8.2479146034402418763e+01,-1.1214360129499262099e-14
8.2582893262118645339e+01,-9.2907419310707773338e-15
8.2686640489834871914e+01,-6.8319075611290026023e-15
8.2790387717551098490e+01,-4.0250043274180666749e-15
8.2894134945267339276e+01,-1.0562426311386072207e-15
8.2997882172983565852e+01,1.8890981773917045861e-15
8.3101629400699792427e+01,4.6266639869443971764e-15
8.3205376628416019003e+01,6.9936841010510125293e-15
8.3309123856132245578e+01,8.9196733175493391453e-15
8.3412871083848486364e+01,1.0359800625698089760e-14
8.3516618311564712940e+01,1.1269458690137932478e-14
8.3620365539280939515e+01,1.1604261551599553009e-14
8.3724112766997166091e+01,1.1320043255305379339e-14
8.3827859994713392666e+01,1.0372856489557498866e-14
8.3931607222429633453e+01,8.7195437717114382651e-15
8.4035354450145860028e+01,6.3961412526073142789e-15
8.4139101677862086603e+01,3.5972723544486830074e-15
8.4242848905578313179e+01,5.3562043035990973755e-16
8.4346596133294539754e+01,-2.5771775778555284113e-15
8.4450343361010780541e+01,-5.5305247121350793783e-15
8.4554090588727007116e+01,-8.1148576178946966164e-15
8.4657837816443233692e+01,-1.0121640210684144442e-14
8.4761585044159460267e+01,-1.1347640078365596085e-14
8.4865332271875686843e+01,-1.1728023485382660032e-14
8.4969079499591927629e+01,-1.1361454093516055711e-14
8.5072826727308154204e+01,-1.0355612454558255064e-14
8.5176573955024380780e+01,-8.8176544897273381113e-15
8.5280321182740607355e+01,-6.8542146808468932099e-15
8.5384068410456833931e+01,-4.5714092382608725193e-15
8.5487815638173074717e+01,-2.0748392456807732989e-15
8.5591562865889301293e+01,5.2978093923028359574e-16
8.5695310093605527868e+01,3.1260150009744163473e-15
8.5799057321321754443e+01,5.5882725510460570920e-15
8.5902804549037981019e+01,7.7912491012702237357e-15
8.6006551776754221805e+01,9.6102447682609731643e-15
8.6110299004470448381e+01,1.0921160631227163104e-14
8.6214046232186674956e+01,1.1600495116078061212e-14
8.6317793459902901532e+01,1.1525340405602539420e-14
8.6421540687619128107e+01,1.0585103966173754864e-14
8.6525287915335368893e+01,8.8446494426558019625e-15
8.6629035143051595469e+01,6.5028705526787371424e-15
8.6732782370767822044e+01,3.7611519530019254050e-15
8.6836529598484048620e+01,8.1991588975244605036e-16
8.6940276826200275195e+01,-2.1213720592748372655e-15
8.7044024053916515982e+01,-4.8641972833826246485e-15
8.7147771281632742557e+01,-7.2109904784577642758e-15
8.7251518509348969133e+01,-8.9724375411491746622e-15
8.7355265737065195708e+01,-1.0084071522768630719e-14
8.7459012964781422284e+01,-1.0585099412044480629e-14
8.7562760192497663070e+01,-1.0517708515200484803e-14
8.7666507420213889645e+01,-9.9238864354635207354e-15
8.7770254647930116221e+01,-8.8454222533399870383e-15
8.7874001875646342796e+01,-7.3239076985312663674e-15
8.7977749103362569372e+01,-5.4007383135574966217e-15
8.8081496331078810158e+01,-3.1190551794899185179e-15
8.8185243558795036733e+01,-5.7596972820805661958e-16
8.8288990786511263309e+01,2.0718255388750886855e-15
8.8392738014227489884e+01,4.6652518425172199375e-15
8.8496485241943716460e+01,7.0459763758065700665e-15
8.8600232469659957246e+01,9.0564079366475647445e-15
8.8703979697376183822e+01,1.0539692590894404395e-14
8.8807726925092410397e+01,1.1339709365885909665e-14
8.8911474152808636973e+01,1.1302207441580896155e-14
8.9015221380524863548e+01,1.0384644116967242305e-14
8.9118968608241104334e+01,8.7468289997942117902e-15
8.9222715835957330910e+01,6.5692936184321784325e-15
8.9326463063673557485e+01,4.0317307959023515576e-15
8.9430210291389784061e+01,1.3129995147523831934e-15
8.9533957519106010636e+01,-1.4088702518920050885e-15
8.9637704746822251423e+01,-3.9566727428244635769e-15
8.9741451974538477998e+01,-6.1540216548871063690e-15
8.9845199202254704574e+01,-7.8569582882977352847e-15
8.9948946429970931149e+01,-9.0458919543586438513e-15
9.0052693657687157724e+01,-9.7315761902291437329e-15
9.0156440885403398511e+01,-9.9247150346785291054e-15
9.0260188113119625086e+01,-9.6359633125592050841e-15
9.0363935340835851662e+01,-8.8759269173204402790e-15
9.0467682568552078237e+01,-7.6551630915778249221e-15
9.0571429796268304813e+01,-5.9841807057546985100e-15
9.0675177023984545599e+01,-3.8808942912514961289e-15
9.0778924251700772174e+01,-1.4514680888245393145e-15
9.0882671479416998750e+01,1.1406392216260904962e-15
9.0986418707133225325e+01,3.7317134461099393426e-15
9.1090165934849451901e+01,6.1587862403598451359e-15
9.1193913162565692687e+01,8.2596308672331961114e-15
9.1297660390281919263e+01,9.8727579830385757356e-15
9.1401407617998145838e+01,1.0837411452562262875e-14
9.1505154845714372414e+01,1.0994276979554876356e-14
9.1608902073430598989e+01,1.0285591422445162433e-14
9.1712649301146839775e+01,8.8578866058449006701e-15
9.1816396528863066351e+01,6.8816672568325114197e-15
9.1920143756579292926e+01,4.5266683302890648229e-15
9.2023890984295519502e+01,1.9618593480836975229e-15
9.2127638212011760288e+01,-6.4455129106104380782e-16
9.2231385439727986864e+01,-3.1251120307897847022e-15
9.2335132667444213439e+01,-5.3131239051976853173e-15
9.2438879895160440014e+01,-7.0541187787013485365e-15
9.2542627122876666590e+01,-8.3021973066285224632e-15
9.2646374350592907376e+01,-9.0707508664586329692e-15
9.2750121578309133952e+01,-9.3737169549015400534e-15
9.2853868806025360527e+01,-9.2249707782464445964e-15
9.2957616033741587103e+01,-8.6383255999638260877e-15
9.3061363261457813678e+01,-7.6275330859829078209e-15
9.3165110489174054464e+01,-6.2062836476617788826e-15
9.3268857716890281040e+01,-4.3882658859259986176e-15
9.3372604944606507615e+01,-2.2204776554551184795e-15
9.3476352172322734191e+01,1.6139465585265327196e-16
9.3580099400038960766e+01,2.6076235288133403185e-15
9.3683846627755201553e+01,4.9691446883600481724e-15
9.3787593855471428128e+01,7.0975534351599972638e-15
9.3891341083187654704e+01,8.8451010015555294907e-15
9.3995088310903881279e+01,1.0064690931634659907e-14
9.4098835538620107855e+01,1.0609875485249869694e-14
9.4202582766336348641e+01,1.0340206310771836421e-14
9.4306329994052575216e+01,9.2620325358470968717e-15
9.4410077221768801792e+01,7.5418402939722856626e-15
9.4513824449485028367e+01,5.3535550212340903255e-15
9.4617571677201254943e+01,2.8703393236654190627e-15
9.4721318904917495729e+01,2.6459715484219717145e-16
9.4825066132633722304e+01,-2.2920220339419791092e-15
9.4928813360349948880e+01,-4.6286191707190774942e-15
9.5032560588066175455e+01,-6.5750414668924814308e-15
9.5136307815782402031e+01,-7.9747539129931975636e-15
9.5240055043498642817e+01,-8.8009257865084732143e-15
9.5343802271214869393e+01,-9.1012031653061323433e-15
9.5447549498931095968e+01,-8.9239221936178838071e-15
9.5551296726647322544e+01,-8.3172090869298135843e-15
9.5655043954363549119e+01,-7.3289812704235607123e-15
9.5758791182079789905e+01,-6.0069485100166842005e-15
9.5862538409796016481e+01,-4.3986140360595592754e-15
9.5966285637512243056e+01,-2.5512756597416104904e-15
9.6070032865228469632e+01,-5.1922930859401891236e-16
9.6173780092944696207e+01,1.6004552005133163803e-15
9.6277527320660936994e+01,3.6952316809673978658e-15
9.6381274548377163569e+01,5.6530129047842443715e-15
9.6485021776093390145e+01,7.3621937390853244019e-15
9.6588769003809616720e+01,8.7116485569739072137e-15
9.6692516231525843295e+01,9.5907286650810260626e-15
9.6796263459242084082e+01,9.8892597476542654313e-15
9.6900010686958310657e+01,9.4975393270655307414e-15
9.7003757914674537233e+01,8.3463658701564310487e-15
9.7107505142390763808e+01,6.5576500181136509233e-15
9.7211252370106990384e+01,4.3095736106647483101e-15
9.7314999597823231170e+01,1.7795683221541840369e-15
9.7418746825539457745e+01,-8.5569000477520393423e-16
9.7522494053255684321e+01,-3.4202773388070771631e-15
9.7626241280971910896e+01,-5.7390174652076049021e-15
9.7729988508688137472e+01,-7.6374780165274176996e-15
9.7833735736404378258e+01,-8.9419665285586456796e-15
9.7937482964120604834e+01,-9.5167958467165821400e-15
9.8041230191836831409e+01,-9.4111956015494967308e-15
9.8144977419553057985e+01,-8.7310789705744509348e-15
9.8248724647269284560e+01,-7.5819282958025918521e-15
9.8352471874985525346e+01,-6.0687808465242920877e-15
9.8456219102701751922e+01,-4.2962311642640777614e-15
9.8559966330417978497e+01,-2.3684333929231235833e-15
9.8663713558134205073e+01,-3.8910359422260168304e-16
9.8767460785850431648e+01,1.5384779514470220327e-15
9.8871208013566672435e+01,3.3174176802554353292e-15
9.8974955241282899010e+01,4.8911949736132412974e-15
9.9078702468999125585e+01,6.2199732363748601002e-15
9.9182449696715352161e+01,7.2641336667055505049e-15
9.9286196924431578736e+01,7.9842230584317268102e-15
9.9389944152147819523e+01,8.3409529367638585138e-15
9.9493691379864046098e+01,8.2951986994265926001e-15
9.9597438607580272674e+01,7.8079987631572194384e-15
9.9701185835296499249e+01,6.8405537155324255119e-15
9.9804933063012725825e+01,5.3625477780422294046e-15
9.9908680290728966611e+01,3.4492714670681509854e-15
1.0001242751844519319e+02,1.2481236066857726776e-15
1.0011617474616141976e+02,-1.0926863258199087776e-15
1.0021992197387764634e+02,-3.4255625563910050671e-15
1.0032366920159387291e+02,-5.6035198409672933697e-15
1.0042741642931011370e+02,-7.4801803119255676007e-15
1.0053116365702634027e+02,-8.9097703440444129060e-15
1.0063491088474256685e+02,-9.7471174398573244239e-15
1.0073865811245879343e+02,-9.8500051067571641821e-15
1.0084240534017502000e+02,-9.1889009616591800872e-15
1.0094615256789126079e+02,-7.8929827980515129800e-15
1.0104989979560748736e+02,-6.1029149317794125430e-15
1.0115364702332371394e+02,-3.9587845948854226561e-15
1.0125739425103994051e+02,-1.6001048919790473165e-15
1.0136114147875616709e+02,8.3418226155014951021e-16
1.0146488870647240788e+02,3.2057032193454361737e-15
1.0156863593418863445e+02,5.3766497017911831987e-15
1.0167238316190486103e+02,7.2097759118005175549e-15
1.0177613038962108760e+02,8.5984500903480855703e-15
1.0187987761733732839e+02,9.5557894292702546725e-15
1.0198362484505355496e+02,1.0124462349637256526e-14
1.0208737207276978154e+02,1.0346963823823494139e-14
1.0219111930048600811e+02,1.0265616255956357805e-14
1.0229486652820223469e+02,9.9225703570080396807e-15
1.0239861375591847548e+02,9.3598060145674250264e-15
1.0250236098363470205e+02,8.6191331573303971915e-15
1.0260610821135092863e+02,7.7421926143446956230e-15
1.0270985543906715520e+02,6.7703584574728700017e-15
1.0281360266678338178e+02,5.7430028855057709819e-15
1.0291734989449962256e+02,4.6977166900452458520e-15
1.0302109712221584914e+02,3.6718832544617730489e-15
1.0312484434993207572e+02,2.7027355261208962379e-15
1.0322859157764830229e+02,1.8273567723428888509e-15
1.0333233880536452887e+02,1.0826813318077274508e-15
1.0343608603308076965e+02,5.0549536143816302473e-16
1.0353983326079699623e+02,1.3243757879286796429e-16
1.0364358048851322280e+02,0.0000000000000000000e+00
