1.0000000000000000479e-04,-6.4375524748609542563e-22
3.0129929929929927940e-02,-3.3079514881116749266e-12
6.0159859859859859954e-02,-5.2213415504481900944e-11
9.0189789789789795438e-02,-2.6206404797553559858e-10
1.2021971971971971704e-01,-8.2217216392579739950e-10
1.5024964964964962477e-01,-1.9935141777884632358e-09
1.8027957957957957413e-01,-4.1064728014648870785e-09
2.1030950950950949574e-01,-7.5586199444084944815e-09
2.4033943943943941735e-01,-1.2812542108944934212e-08
2.7036936936936933895e-01,-2.0393705875407309329e-08
3.0039929929929926056e-01,-3.0888361094133647676e-08
3.3042922922922918216e-01,-4.4941490744102333242e-08
3.6045915915915915928e-01,-6.3254789887214345858e-08
3.9048908908908908089e-01,-8.6584685863422279995e-08
4.2051901901901900249e-01,-1.1574040293173424867e-07
4.5054894894894892410e-01,-1.5158205343528924631e-07
4.8057887887887884570e-01,-1.9501879017631910626e-07
5.1060880880880876731e-01,-2.4700693902933042157e-07
5.4063873873873868892e-01,-3.0854823312579232301e-07
5.7066866866866861052e-01,-3.8068804274150936507e-07
6.0069859859859853213e-01,-4.6451366015309555104e-07
6.3072852852852845373e-01,-5.6115262037575799682e-07
6.6075845845845837534e-01,-6.7177094378049058710e-07
6.9078838838838829695e-01,-7.9757169970215191545e-07
7.2081831831831832957e-01,-9.3979324616172786092e-07
7.5084824824824825118e-01,-1.0997077101994595796e-06
7.8087817817817817279e-01,-1.2786195098875893773e-06
8.1090810810810809439e-01,-1.4778638275841385230e-06
8.4093803803803801600e-01,-1.6988051222800228355e-06
8.7096796796796793760e-01,-1.9428357027685947035e-06
9.0099789789789785921e-01,-2.2113743695361047296e-06
9.3102782782782778082e-01,-2.5058650394197682818e-06
9.6105775775775770242e-01,-2.8277752098267444088e-06
9.9108768768768762403e-01,-3.1785948009897293365e-06
1.0211176176176175456e+00,-3.5598351415125664124e-06
1.0511475475475475783e+00,-3.9730268326380790687e-06
1.0811774774774773888e+00,-4.4197198235853156747e-06
1.1112074074074074215e+00,-4.9014806381986587256e-06
1.1412373373373372321e+00,-5.4198928398628660547e-06
1.1712672672672672647e+00,-5.9765544320688412941e-06
1.2012971971971970753e+00,-6.5730774594252642013e-06
1.2313271271271271079e+00,-7.2110872006366414258e-06
1.2613570570570569185e+00,-7.8922201997708606635e-06
1.2913869869869869511e+00,-8.6181235855140126485e-06
1.3214169169169167617e+00,-9.3904545391908912324e-06
1.3514468468468467943e+00,-1.0210878785206889866e-05
1.3814767767767766049e+00,-1.1081069559709320522e-05
1.4115067067067066375e+00,-1.2002706733822790066e-05
1.4415366366366366702e+00,-1.2977475917449410734e-05
1.4715665665665664807e+00,-1.4007067555660094731e-05
1.5015964964964965134e+00,-1.5093176032731927158e-05
1.5316264264264263240e+00,-1.6237498774390316984e-05
1.5616563563563563566e+00,-1.7441735366084971785e-05
1.5916862862862861672e+00,-1.8707586722168187019e-05
1.6217162162162161998e+00,-2.0036754272615933019e-05
1.6517461461461460104e+00,-2.1430939163781621625e-05
1.6817760760760760430e+00,-2.2891841473418483329e-05
1.7118060060060058536e+00,-2.4421159472589954646e-05
1.7418359359359358862e+00,-2.6020588919140245454e-05
1.7718658658658656968e+00,-2.7691822345829049368e-05
1.8018957957957957294e+00,-2.9436548360880169107e-05
1.8319257257257255400e+00,-3.1256450945726723680e-05
1.8619556556556555726e+00,-3.3153208738556102326e-05
1.8919855855855853832e+00,-3.5128494291299012544e-05
1.9220155155155154159e+00,-3.7183973320242917897e-05
1.9520454454454454485e+00,-3.9321304638489027719e-05
1.9820753753753752591e+00,-4.1542139761126367615e-05
2.0121053053053055137e+00,-4.3848121687796149076e-05
2.0421352352352353243e+00,-4.6240884017255676544e-05
2.0721651651651651349e+00,-4.8722050256994568892e-05
2.1021950950950953896e+00,-5.1293235093980292147e-05
2.1322250250250252002e+00,-5.3956043121261047725e-05
2.1622549549549550107e+00,-5.6712066866988849361e-05
2.1922848848848848213e+00,-5.9562886353412557736e-05
2.2223148148148150760e+00,-6.2510071851523113366e-05
2.2523447447447448866e+00,-6.5555181000251670559e-05
2.2823746746746746972e+00,-6.8699756374888287140e-05
2.3124046046046045078e+00,-7.1945328625033032181e-05
2.3424345345345347624e+00,-7.5293416343315440475e-05
2.3724644644644645730e+00,-7.8745520950302338396e-05
2.4024943943943943836e+00,-8.2303130373354854037e-05
2.4325243243243246383e+00,-8.5967720077144611519e-05
2.4625542542542544489e+00,-8.9740746281780233405e-05
2.4925841841841842594e+00,-9.3623651987435077505e-05
2.5226141141141140700e+00,-9.7617865495258006217e-05
2.5526440440440443247e+00,-1.0172479443780768377e-04
2.5826739739739741353e+00,-1.0594583498969392687e-04
2.6127039039039039459e+00,-1.1028236351811706900e-04
2.6427338338338337564e+00,-1.1473573846577238310e-04
2.6727637637637640111e+00,-1.1930730489442238705e-04
2.7027936936936938217e+00,-1.2399838421864531747e-04
2.7328236236236236323e+00,-1.2881028585357158891e-04
2.7628535535535534429e+00,-1.3374429667867651118e-04
2.7928834834834836975e+00,-1.3880168681787183695e-04
2.8229134134134135081e+00,-1.4398370874418200244e-04
2.8529433433433433187e+00,-1.4929159254560098267e-04
2.8829732732732735734e+00,-1.5472655452307328833e-04
2.9130032032032033840e+00,-1.6028978521159386195e-04
2.9430331331331331945e+00,-1.6598246257678754079e-04
2.9730630630630630051e+00,-1.7180573807385162832e-04
3.0030929929929932598e+00,-1.7776074969408839008e-04
3.0331229229229230704e+00,-1.8384860964991157342e-04
3.0631528528528528810e+00,-1.9007041512037492503e-04
3.0931827827827826916e+00,-1.9642723842710512112e-04
3.1232127127127129462e+00,-2.0292013554894930481e-04
3.1532426426426427568e+00,-2.0955013811412102204e-04
3.1832725725725725674e+00,-2.1631826068185455920e-04
3.2133025025025023780e+00,-2.2322549342792581554e-04
3.2433324324324326327e+00,-2.3027280929526576492e-04
3.2733623623623624432e+00,-2.3746115639950734046e-04
3.3033922922922922538e+00,-2.4479146579934414531e-04
3.3334222222222220644e+00,-2.5226464317592352683e-04
3.3634521521521523191e+00,-2.5988157728129248529e-04
3.3934820820820821297e+00,-2.6764313129341290795e-04
3.4235120120120119402e+00,-2.7555015103060274051e-04
3.4535419419419421949e+00,-2.8360345739921274553e-04
3.4835718718718720055e+00,-2.9180385257249067191e-04
3.5136018018018018161e+00,-3.0015211540736273874e-04
3.5436317317317316267e+00,-3.0864900403679773003e-04
3.5736616616616618813e+00,-3.1729525508737097548e-04
3.6036915915915916919e+00,-3.2609158288456508313e-04
3.6337215215215215025e+00,-3.3503868110498731059e-04
3.6637514514514513131e+00,-3.4413722103178299343e-04
3.6937813813813815678e+00,-3.5338785254710510658e-04
3.7238113113113113783e+00,-3.6279120438515442045e-04
3.7538412412412411889e+00,-3.7234788266470421683e-04
3.7838711711711709995e+00,-3.8205847285444939632e-04
3.8139011011011012542e+00,-3.9192353862837976718e-04
3.8439310310310310648e+00,-4.0194362094564845293e-04
3.8739609609609608754e+00,-4.1211924189328959451e-04
3.9039908908908911300e+00,-4.2245089846431954032e-04
3.9340208208208209406e+00,-4.3293906921843374261e-04
3.9640507507507507512e+00,-4.4358421035063509046e-04
3.9940806806806805618e+00,-4.5438675448342678072e-04
4.0241106106106103724e+00,-4.6534711805876639162e-04
4.0541405405405397389e+00,-4.7646568992572074699e-04
4.0841704704704699935e+00,-4.8774284191495956243e-04
4.1142004004004002482e+00,-4.9917892528436439738e-04
4.1442303303303296147e+00,-5.1077426442771244573e-04
4.1742602602602598694e+00,-5.2252917117497543666e-04
4.2042901901901901240e+00,-5.3444392963683149626e-04
4.2343201201201194905e+00,-5.4651880354356573936e-04
4.2643500500500497452e+00,-5.5875404315192643296e-04
4.2943799799799791117e+00,-5.7114986663284747839e-04
4.3244099099099093664e+00,-5.8370647925520921951e-04
4.3544398398398396210e+00,-5.9642406759839988045e-04
4.3844697697697689875e+00,-6.0930278702018138108e-04
4.4144996996996992422e+00,-6.2234278482963759777e-04
4.4445296296296294969e+00,-6.3554418338657159282e-04
4.4745595595595588634e+00,-6.4890707777040133788e-04
4.5045894894894891181e+00,-6.6243155731933792401e-04
4.5346194194194193727e+00,-6.7611768112466866156e-04
4.5646493493493487392e+00,-6.8996548547508728018e-04
4.5946792792792789939e+00,-7.0397500191780469549e-04
4.6247092092092083604e+00,-7.1814622799932603496e-04
4.6547391391391386151e+00,-7.3247914196772573401e-04
4.6847690690690688697e+00,-7.4697371817194276478e-04
4.7147989989989982362e+00,-7.6162989466992277697e-04
4.7448289289289284909e+00,-7.7644759196356615254e-04
4.7748588588588587456e+00,-7.9142672811671169360e-04
4.8048887887887881121e+00,-8.0656718402711961077e-04
4.8349187187187183667e+00,-8.2186882249878350382e-04
4.8649486486486486214e+00,-8.3733150617771006773e-04
4.8949785785785779879e+00,-8.5295506163126841564e-04
4.9250085085085082426e+00,-8.6873929395488559777e-04
4.9550384384384376091e+00,-8.8468401070394093663e-04
4.9850683683683678638e+00,-9.0078898766563885846e-04
5.0150982982982981184e+00,-9.1705397247626415161e-04
5.0451282282282274849e+00,-9.3347871702707807540e-04
5.0751581581581577396e+00,-9.5006295027616851669e-04
5.1051880880880879943e+00,-9.6680636362788882621e-04
5.1352180180180173608e+00,-9.8370865199268512323e-04
5.1652479479479476154e+00,-1.0007695002211356577e-03
5.1952778778778769819e+00,-1.0179885471943695124e-03
5.2253078078078072366e+00,-1.0353654297887654543e-03
5.2553377377377374913e+00,-1.0528997868203312637e-03
5.2853676676676668578e+00,-1.0705912130912992406e-03
5.3153975975975971124e+00,-1.0884392869675468037e-03
5.3454275275275273671e+00,-1.1064435952731102412e-03
5.3754574574574567336e+00,-1.1246036984434648002e-03
5.4054873873873869883e+00,-1.1429191187171184371e-03
5.4355173173173172430e+00,-1.1613893855001147706e-03
5.4655472472472466094e+00,-1.1800140259772067767e-03
5.4955771771771768641e+00,-1.1987925172677812991e-03
5.5256071071071062306e+00,-1.2177243297310496456e-03
5.5556370370370364853e+00,-1.2368089439766664136e-03
5.5856669669669667400e+00,-1.2560458111866125777e-03
5.6156968968968961065e+00,-1.2754343448884010274e-03
5.6457268268268263611e+00,-1.2949739680932900385e-03
5.6757567567567566158e+00,-1.3146641063566776985e-03
5.7057866866866859823e+00,-1.3345041348345714882e-03
5.7358166166166162370e+00,-1.3544934169259211041e-03
5.7658465465465464916e+00,-1.3746313291142467795e-03
5.7958764764764758581e+00,-1.3949172332146553450e-03
5.8259064064064061128e+00,-1.4153504409872630972e-03
5.8559363363363354793e+00,-1.4359302694878148515e-03
5.8859662662662657340e+00,-1.4566560479724397891e-03
5.9159961961961959886e+00,-1.4775270724240823200e-03
5.9460261261261253551e+00,-1.4985426020651803226e-03
5.9760560560560556098e+00,-1.5197019084338093346e-03
6.0060859859859858645e+00,-1.5410042723442280137e-03
6.0361159159159152310e+00,-1.5624489286637410941e-03
6.0661458458458454857e+00,-1.5840350891769387504e-03
6.0961757757757748521e+00,-1.6057619805852506225e-03
6.1262057057057051068e+00,-1.6276288355384460442e-03
6.1562356356356353615e+00,-1.6496348344227881096e-03
6.1862655655655647280e+00,-1.6717791437552099662e-03
6.2162954954954949827e+00,-1.6940609460228508217e-03
6.2463254254254252373e+00,-1.7164794279623709749e-03
6.2763553553553546038e+00,-1.7390337217739453707e-03
6.3063852852852848585e+00,-1.7617229497230997137e-03
6.3364152152152151132e+00,-1.7845462506643132265e-03
6.3664451451451444797e+00,-1.8075027688753506506e-03
6.3964750750750747343e+00,-1.8305915942463842072e-03
6.4265050050050041008e+00,-1.8538118054931777140e-03
6.4565349349349343555e+00,-1.8771624983952438399e-03
6.4865648648648646102e+00,-1.9006427779444173484e-03
6.5165947947947939767e+00,-1.9242516982260530166e-03
6.5466247247247242314e+00,-1.9479882952070713513e-03
6.5766546546546544860e+00,-1.9718516221414834552e-03
6.6066845845845838525e+00,-1.9958407461619330492e-03
6.6367145145145141072e+00,-2.0199546934321888601e-03
6.6667444444444434737e+00,-2.0441924587532361510e-03
6.6967743743743737284e+00,-2.0685530534098372016e-03
6.7268043043043039830e+00,-2.0930355058137637379e-03
6.7568342342342333495e+00,-2.1176388221580719033e-03
6.7868641641641636042e+00,-2.1423619602507267684e-03
6.8168940940940938589e+00,-2.1672038899845477884e-03
6.8469240240240232254e+00,-2.1921635993241441430e-03
6.8769539539539534800e+00,-2.2172400771118629982e-03
6.9069838838838837347e+00,-2.2424322548434249408e-03
6.9370138138138131012e+00,-2.2677390616329057629e-03
6.9670437437437433559e+00,-2.2931594450566672103e-03
6.9970736736736727224e+00,-2.3186923678396764888e-03
7.0271036036036029770e+00,-2.3443367538078805148e-03
7.0571335335335332317e+00,-2.3700914938441911863e-03
7.0871634634634625982e+00,-2.3959554957726971608e-03
7.1171933933933928529e+00,-2.4219276858502836181e-03
7.1472233233233231076e+00,-2.4480069881254772415e-03
7.1772532532532524741e+00,-2.4741922697839664920e-03
7.2072831831831827287e+00,-2.5004823995950545799e-03
7.2373131131131129834e+00,-2.5268762651033970824e-03
7.2673430430430423499e+00,-2.5533727707927403316e-03
7.2973729729729726046e+00,-2.5799707907809788995e-03
7.3274029029029019711e+00,-2.6066691591228531751e-03
7.3574328328328322257e+00,-2.6334667253983092342e-03
7.3874627627627624804e+00,-2.6603623578930549187e-03
7.4174926926926918469e+00,-2.6873549357639501395e-03
7.4475226226226221016e+00,-2.7144432888066348346e-03
7.4775525525525523562e+00,-2.7416262298088009408e-03
7.5075824824824817227e+00,-2.7689025902202352679e-03
7.5376124124124119774e+00,-2.7962712201127963921e-03
7.5676423423423413439e+00,-2.8237309716452568646e-03
7.5976722722722715986e+00,-2.8512806420419585345e-03
7.6277022022022018533e+00,-2.8789190268264023935e-03
7.6577321321321312197e+00,-2.9066449404142389971e-03
7.6877620620620614744e+00,-2.9344572157341424802e-03
7.7177919919919917291e+00,-2.9623546807069833439e-03
7.7478219219219210956e+00,-2.9903361099141495191e-03
7.7778518518518513503e+00,-3.0184002831087079939e-03
7.8078817817817816049e+00,-3.0465459988165120332e-03
7.8379117117117109714e+00,-3.0747720739463407259e-03
7.8679416416416412261e+00,-3.1030773185824673567e-03
7.8979715715715705926e+00,-3.1314604912224242549e-03
7.9280015015015008473e+00,-3.1599203570672760102e-03
7.9580314314314311019e+00,-3.1884556999563213979e-03
7.9880613613613604684e+00,-3.2170653220136812001e-03
8.0180912912912898349e+00,-3.2457480227065659169e-03
8.0481212212212209778e+00,-3.2745025499715009476e-03
8.0781511511511503443e+00,-3.3033276557434630011e-03
8.1081810810810797108e+00,-3.3322221104470518133e-03
8.1382110110110108536e+00,-3.3611847026553628472e-03
8.1682409409409402201e+00,-3.3902142264925876070e-03
8.1982708708708695866e+00,-3.4193094265688368273e-03
8.2283008008008007295e+00,-3.4484690429369101172e-03
8.2583307307307300960e+00,-3.4776918339560689009e-03
8.2883606606606594625e+00,-3.5069765759801496165e-03
8.3183905905905906053e+00,-3.5363220587931376224e-03
8.3484205205205199718e+00,-3.5657270339865122614e-03
8.3784504504504493383e+00,-3.5951902319686277441e-03
8.4084803803803804811e+00,-3.6247104004685296030e-03
8.4385103103103098476e+00,-3.6542863050409721618e-03
8.4685402402402392141e+00,-3.6839167284324117989e-03
8.4985701701701703570e+00,-3.7136004387473267249e-03
8.5286001001000997235e+00,-3.7433361630113360860e-03
8.5586300300300290900e+00,-3.7731226398516272587e-03
8.5886599599599584565e+00,-3.8029586255367599235e-03
8.6186898898898895993e+00,-3.8328428936693259739e-03
8.6487198198198189658e+00,-3.8627742268008209876e-03
8.6787497497497483323e+00,-3.8927513651375242332e-03
8.7087796796796794752e+00,-3.9227730399557896035e-03
8.7388096096096088417e+00,-3.9528379998504410003e-03
8.7688395395395382081e+00,-3.9829450105586475944e-03
8.7988694694694693510e+00,-4.0130928544879328895e-03
8.8288993993993987175e+00,-4.0432803033847875690e-03
8.8589293293293280840e+00,-4.0735060896543899903e-03
8.8889592592592592268e+00,-4.1037689559359899136e-03
8.9189891891891885933e+00,-4.1340676618028008790e-03
8.9490191191191179598e+00,-4.1644009834778724505e-03
8.9790490490490491027e+00,-4.1947677111933987307e-03
9.0090789789789784692e+00,-4.2251666072874406385e-03
9.0391089089089078357e+00,-4.2555964116351586296e-03
9.0691388388388389785e+00,-4.2860558794578810723e-03
9.0991687687687683450e+00,-4.3165437824094722227e-03
9.1291986986986977115e+00,-4.3470589083060718477e-03
9.1592286286286288544e+00,-4.3776000549298798095e-03
9.1892585585585582209e+00,-4.4081659849693217296e-03
9.2192884884884875873e+00,-4.4387554514286236065e-03
9.2493184184184169538e+00,-4.4693672233019256929e-03
9.2793483483483480967e+00,-4.5000000855185519691e-03
9.3093782782782774632e+00,-4.5306528386859831053e-03
9.3394082082082068297e+00,-4.5613242907830827896e-03
9.3694381381381379725e+00,-4.5920132142745345716e-03
9.3994680680680673390e+00,-4.6227183775683347230e-03
9.4294979979979967055e+00,-4.6534385647166668504e-03
9.4595279279279278484e+00,-4.6841725752121577547e-03
9.4895578578578572149e+00,-4.7149192237435659167e-03
9.5195877877877865814e+00,-4.7456773328489743058e-03
9.5496177177177177242e+00,-4.7764456922693154795e-03
9.5796476476476470907e+00,-4.8072230873721609468e-03
9.6096775775775764572e+00,-4.8380083186472478893e-03
9.6397075075075076001e+00,-4.8688002015313180601e-03
9.6697374374374369665e+00,-4.8995975661760352016e-03
9.6997673673673663330e+00,-4.9303992533167445567e-03
9.7297972972972974759e+00,-4.9612040769558959571e-03
9.7598272272272268424e+00,-4.9920108411519240055e-03
9.7898571571571562089e+00,-5.0228183643051824495e-03
9.8198870870870855754e+00,-5.0536254792696959359e-03
9.8499170170170167182e+00,-5.0844310331328379862e-03
9.8799469469469460847e+00,-5.1152338860774738266e-03
9.9099768768768754512e+00,-5.1460328833840456378e-03
9.9400068068068065941e+00,-5.1768268506910651572e-03
9.9700367367367359606e+00,-5.2076146258747575690e-03
1.0000066666666665327e+01,-5.2383950607706557256e-03
1.0030096596596596470e+01,-5.2691670209646284187e-03
1.0060126526526525836e+01,-5.2999293855852070909e-03
1.0090156456456455203e+01,-5.3306810350296973330e-03
1.0120186386386386346e+01,-5.3614208230041730460e-03
1.0150216316316315712e+01,-5.3921476085162017497e-03
1.0180246246246245079e+01,-5.4228602640362588358e-03
1.0210276176176176222e+01,-5.4535576752997435776e-03
1.0240306106106105588e+01,-5.4842387411124801991e-03
1.0270336036036034955e+01,-5.5149023715146683333e-03
1.0300365965965966097e+01,-5.5455474606059453752e-03
1.0330395895895895464e+01,-5.5761728910490035785e-03
1.0360425825825824830e+01,-5.6067775576893212272e-03
1.0390455755755754197e+01,-5.6373603681485993933e-03
1.0420485685685685340e+01,-5.6679202426406878265e-03
1.0450515615615614706e+01,-5.6984561137906333469e-03
1.0480545545545544073e+01,-5.7289669195701147658e-03
1.0510575475475475216e+01,-5.7594515767529861489e-03
1.0540605405405404582e+01,-5.7899090043853984958e-03
1.0570635335335333949e+01,-5.8203381337947335261e-03
1.0600665265265265091e+01,-5.8507379084178599837e-03
1.0630695195195194458e+01,-5.8811072836300985756e-03
1.0660725125125123824e+01,-5.9114452265325075769e-03
1.0690755055055054967e+01,-5.9417507035997409529e-03
1.0720784984984984334e+01,-5.9720226641480980700e-03
1.0750814914914913700e+01,-6.0022600651086135265e-03
1.0780844844844844843e+01,-6.0324618750341651649e-03
1.0810874774774774210e+01,-6.0626270739380346345e-03
1.0840904704704703576e+01,-6.0927546531352001422e-03
1.0870934634634634719e+01,-6.1228436149153775067e-03
1.0900964564564564085e+01,-6.1528929587819176580e-03
1.0930994494494493452e+01,-6.1829016715943046698e-03
1.0961024424424422818e+01,-6.2128687489877466865e-03
1.0991054354354353961e+01,-6.2427931975740213327e-03
1.1021084284284283328e+01,-6.2726740347919156607e-03
1.1051114214214212694e+01,-6.3025102887601458859e-03
1.1081144144144143837e+01,-6.3323009980121346477e-03
1.1111174074074073204e+01,-6.3620451999664593898e-03
1.1141204004004002570e+01,-6.3917419215930946358e-03
1.1171233933933933713e+01,-6.4213901981302065960e-03
1.1201263863863863079e+01,-6.4509890751618332097e-03
1.1231293793793792446e+01,-6.4805376084795876523e-03
1.1261323723723723589e+01,-6.5100348639465467279e-03
1.1291353653653652955e+01,-6.5394799173550486465e-03
1.1321383583583582322e+01,-6.5688718474636500350e-03
1.1351413513513513465e+01,-6.5982097235990746012e-03
1.1381443443443442831e+01,-6.6274926215728682810e-03
1.1411473373373372198e+01,-6.6567196269247969759e-03
1.1441503303303303340e+01,-6.6858898347951743746e-03
1.1471533233233232707e+01,-6.7150023497991994520e-03
1.1501563163163162073e+01,-6.7440562859032706852e-03
1.1531593093093093216e+01,-6.7730507640492544977e-03
1.1561623023023022583e+01,-6.8019848989270209963e-03
1.1591652952952951949e+01,-6.8308578079751616774e-03
1.1621682882882881316e+01,-6.8596686177325519318e-03
1.1651712812812812459e+01,-6.8884164637427304848e-03
1.1681742742742741825e+01,-6.9171004904381803297e-03
1.1711772672672671192e+01,-6.9457198510263565283e-03
1.1741802602602602335e+01,-6.9742737071936712623e-03
1.1771832532532531701e+01,-7.0027612215101640858e-03
1.1801862462462461068e+01,-7.0311815548052287311e-03
1.1831892392392392210e+01,-7.0595338757098342886e-03
1.1861922322322321577e+01,-7.0878173612737996670e-03
1.1891952252252250943e+01,-7.1160311968595096888e-03
1.1921982182182182086e+01,-7.1441745760372167215e-03
1.1952012112112111453e+01,-7.1722467004819191738e-03
1.1982042042042040819e+01,-7.2002467786729329804e-03
1.2012071971971971962e+01,-7.2281740183652758505e-03
1.2042101901901901329e+01,-7.2560276314303341974e-03
1.2072131831831830695e+01,-7.2838068375652587766e-03
1.2102161761761761838e+01,-7.3115108642120875404e-03
1.2132191691691691204e+01,-7.3391389464618674715e-03
1.2162221621621620571e+01,-7.3666903269602552681e-03
1.2192251551551549937e+01,-7.3941642558137451319e-03
1.2222281481481481080e+01,-7.4215599887111757468e-03
1.2252311411411410447e+01,-7.4488767830081046434e-03
1.2282341341341339813e+01,-7.4761139022172101720e-03
1.2312371271271270956e+01,-7.5032706170363632284e-03
1.2342401201201200323e+01,-7.5303462052612006594e-03
1.2372431131131129689e+01,-7.5573399516989971103e-03
1.2402461061061060832e+01,-7.5842511480837815352e-03
1.2432490990990990198e+01,-7.6110790929878558916e-03
1.2462520920920919565e+01,-7.6378230907461442875e-03
1.2492550850850850708e+01,-7.6644824501708739076e-03
1.2522580780780780074e+01,-7.6910564864072642269e-03
1.2552610710710709441e+01,-7.7175445211541239890e-03
1.2582640640640640584e+01,-7.7439458825856420654e-03
1.2612670570570569950e+01,-7.7702599052742876706e-03
1.2642700500500499317e+01,-7.7964859301148390150e-03
1.2672730430430430459e+01,-7.8226233042506185256e-03
1.2702760360360359826e+01,-7.8486713813621725166e-03
1.2732790290290289192e+01,-7.8746295221060538805e-03
1.2762820220220218559e+01,-7.9004970932862166738e-03
1.2792850150150149702e+01,-7.9262734676520743560e-03
1.2822880080080079068e+01,-7.9519580238288645191e-03
1.2852910010010008435e+01,-7.9775501462490405746e-03
1.2882939939939939578e+01,-8.0030492250845568225e-03
1.2912969869869868944e+01,-8.0284546561801457820e-03
1.2942999799799798311e+01,-8.0537658419610799049e-03
1.2973029729729729453e+01,-8.0789821944563453004e-03
1.3003059659659658820e+01,-8.1041031321901924739e-03
1.3033089589589588186e+01,-8.1291280790460641870e-03
1.3063119519519519329e+01,-8.1540564642049936928e-03
1.3093149449449448696e+01,-8.1788877220848269639e-03
1.3123179379379378062e+01,-8.2036212922803400382e-03
1.3153209309309309205e+01,-8.2282566195041248469e-03
1.3183239239239238572e+01,-8.2527931539939439198e-03
1.3213269169169167938e+01,-8.2772303569639549270e-03
1.3243299099099099081e+01,-8.3015676986562415146e-03
1.3273329029029028447e+01,-8.3258046541902844262e-03
1.3303358958958957814e+01,-8.3499407034248636361e-03
1.3333388888888887180e+01,-8.3739753309046774388e-03
1.3363418818818818323e+01,-8.3979080258076953258e-03
1.3393448748748747690e+01,-8.4217382818932168959e-03
1.3423478678678677056e+01,-8.4454655974563926091e-03
1.3453508608608608199e+01,-8.4690894788888512745e-03
1.3483538538538537566e+01,-8.4926094467549315820e-03
1.3513568468468466932e+01,-8.5160250275159547761e-03
1.3543598398398398075e+01,-8.5393357518331047817e-03
1.3573628328328327441e+01,-8.5625411545209861863e-03
1.3603658258258256808e+01,-8.5856407745017598865e-03
1.3633688188188187951e+01,-8.6086341547599223162e-03
1.3663718118118117317e+01,-8.6315208422976571340e-03
1.3693748048048046684e+01,-8.6543003884019132493e-03
1.3723777977977977827e+01,-8.6769723569954573111e-03
1.3753807907907907193e+01,-8.6995363254688175964e-03
1.3783837837837836560e+01,-8.7219918753987050325e-03
1.3813867767767767702e+01,-8.7443385920002603823e-03
1.3843897697697697069e+01,-8.7665760640876048970e-03
1.3873927627627626435e+01,-8.7887038840348871011e-03
1.3903957557557555802e+01,-8.8107216477378291764e-03
1.3933987487487486945e+01,-8.8326289545757937643e-03
1.3964017417417416311e+01,-8.8544254082889434221e-03
1.3994047347347345678e+01,-8.8761106287090652672e-03
1.4024077277277276821e+01,-8.8976842482016219038e-03
1.4054107207207206187e+01,-8.9191459024867501132e-03
1.4084137137137135554e+01,-8.9404952303914313194e-03
1.4114167067067066696e+01,-8.9617318738164381681e-03
1.4144196996996996063e+01,-8.9828554777037061124e-03
1.4174226926926925429e+01,-9.0038656900041057207e-03
1.4204256856856856572e+01,-9.0247621616456590726e-03
1.4234286786786785939e+01,-9.0455445474999611466e-03
1.4264316716716715305e+01,-9.0662125198656216135e-03
1.4294346646646646448e+01,-9.0867657647595006382e-03
1.4324376576576575815e+01,-9.1072039711021304798e-03
1.4354406506506505181e+01,-9.1275268304171885275e-03
1.4384436436436436324e+01,-9.1477340368043644908e-03
1.4414466366366365691e+01,-9.1678252869124739199e-03
1.4444496296296295057e+01,-9.1878002799129984690e-03
1.4474526226226226200e+01,-9.2076587174739019798e-03
1.4504556156156155566e+01,-9.2274003041055759761e-03
1.4534586086086084933e+01,-9.2470247596593713874e-03
1.4564616016016014299e+01,-9.2665318221881731731e-03
1.4594645945945945442e+01,-9.2859212328812064385e-03
1.4624675875875874809e+01,-9.3051927350534160283e-03
1.4654705805805804175e+01,-9.3243460741237339101e-03
1.4684735735735735318e+01,-9.3433809975935200320e-03
1.4714765665665664685e+01,-9.3622972550253449192e-03
1.4744795595595594051e+01,-9.3810945980219804380e-03
1.4774825525525525194e+01,-9.3997727802065632330e-03
1.4804855455455454560e+01,-9.4183315636973997942e-03
1.4834885385385383927e+01,-9.4367707346059131329e-03
1.4864915315315315070e+01,-9.4550900854532826667e-03
1.4894945245245244436e+01,-9.4732894104338927904e-03
1.4924975175175173803e+01,-9.4913685053984973850e-03
1.4955005105105104946e+01,-9.5093271678375994316e-03
1.4985035035035034312e+01,-9.5271651968650075681e-03
1.5015064964964963679e+01,-9.5448823932016112204e-03
1.5045094894894894821e+01,-9.5624785591593430834e-03
1.5075124824824824188e+01,-9.5799534994097414187e-03
1.5105154754754753554e+01,-9.5973070376216343402e-03
1.5135184684684682921e+01,-9.6145390159668095431e-03
1.5165214614614614064e+01,-9.6316492785858652537e-03
1.5195244544544543430e+01,-9.6486376708514766387e-03
1.5225274474474472797e+01,-9.6655040393562544759e-03
1.5255304404404403940e+01,-9.6822482319007443369e-03
1.5285334334334333306e+01,-9.6988700974815315881e-03
1.5315364264264262673e+01,-9.7153694862795441506e-03
1.5345394194194193815e+01,-9.7317462496484576084e-03
1.5375424124124123182e+01,-9.7480002430933403168e-03
1.5405454054054052548e+01,-9.7641313472130800144e-03
1.5435483983983983691e+01,-9.7801394550518436222e-03
1.5465513913913913058e+01,-9.7960244605580677757e-03
1.5495543843843842424e+01,-9.8117862585022971172e-03
1.5525573773773773567e+01,-9.8274247444692219150e-03
1.5555603703703702934e+01,-9.8429398148498232352e-03
1.5585633633633632300e+01,-9.8583313668336100544e-03
1.5615663563563563443e+01,-9.8735992984009240264e-03
1.5645693493493492809e+01,-9.8887435083153778226e-03
1.5675723423423422176e+01,-9.9037639003388168446e-03
1.5705753353353351542e+01,-9.9186604053118909707e-03
1.5735783283283282685e+01,-9.9334329647420248344e-03
1.5765813213213212052e+01,-9.9480815206037659371e-03
1.5795843143143141418e+01,-9.9626060153129216562e-03
1.5825873073073072561e+01,-9.9770063917223646838e-03
1.5855903003003001928e+01,-9.9912825931178957106e-03
1.5885932932932931294e+01,-1.0005434563214161622e-02
1.5915962862862862437e+01,-1.0019462246150592777e-02
1.5945992792792791803e+01,-1.0033365586487418344e-02
1.5976022722722721170e+01,-1.0047144532074751486e-02
1.6006052652652652313e+01,-1.0060799057034643111e-02
1.6036082582582579903e+01,-1.0074329149383907944e-02
1.6066112512512511046e+01,-1.0087734797354449071e-02
1.6096142442442442189e+01,-1.0101015989265991687e-02
1.6126172372372369779e+01,-1.0114172713525262579e-02
1.6156202302302300922e+01,-1.0127204958625192141e-02
1.6186232232232232064e+01,-1.0140112713144085188e-02
1.6216262162162159655e+01,-1.0152895965744873283e-02
1.6246292092092090797e+01,-1.0165554705174301153e-02
1.6276322022022021940e+01,-1.0178088920844504880e-02
1.6306351951951949530e+01,-1.0190498621396884560e-02
1.6336381881881880673e+01,-1.0202783838417359835e-02
1.6366411811811811816e+01,-1.0214944604624482533e-02
1.6396441741741739406e+01,-1.0226980952497124674e-02
1.6426471671671670549e+01,-1.0238892914276636475e-02
1.6456501601601601692e+01,-1.0250680521969047707e-02
1.6486531531531529282e+01,-1.0262343807347189262e-02
1.6516561461461460425e+01,-1.0273882801952816460e-02
1.6546591391391391568e+01,-1.0285297537098704590e-02
1.6576621321321319158e+01,-1.0296588043870735785e-02
1.6606651251251250301e+01,-1.0307754358999023786e-02
1.6636681181181181444e+01,-1.0318796548868053309e-02
1.6666711111111109034e+01,-1.0329714688893152849e-02
1.6696741041041040177e+01,-1.0340508853951140694e-02
1.6726770970970971320e+01,-1.0351179118381112487e-02
1.6756800900900898910e+01,-1.0361725555989265493e-02
1.6786830830830830052e+01,-1.0372148240053677762e-02
1.6816860760760761195e+01,-1.0382447243329016168e-02
1.6846890690690688785e+01,-1.0392622638051185469e-02
1.6876920620620619928e+01,-1.0402674495941986038e-02
1.6906950550550551071e+01,-1.0412602888279840277e-02
1.6936980480480478661e+01,-1.0422407899045662422e-02
1.6967010410410409804e+01,-1.0432089640657405891e-02
1.6997040340340340947e+01,-1.0441648228600882570e-02
1.7027070270270268537e+01,-1.0451083777547205342e-02
1.7057100200200199680e+01,-1.0460396401359950760e-02
1.7087130130130130823e+01,-1.0469586213102245395e-02
1.7117160060060058413e+01,-1.0478653325043800135e-02
1.7147189989989989556e+01,-1.0487597848667849082e-02
1.7177219919919917146e+01,-1.0496419894678029466e-02
1.7207249849849848289e+01,-1.0505119573005181760e-02
1.7237279779779779432e+01,-1.0513696992990349127e-02
1.7267309709709707022e+01,-1.0522152278956621585e-02
1.7297339639639638165e+01,-1.0530485582284806328e-02
1.7327369569569569308e+01,-1.0538697056173849942e-02
1.7357399499499496898e+01,-1.0546786852762489797e-02
1.7387429429429428041e+01,-1.0554755123138444620e-02
1.7417459359359359183e+01,-1.0562602017347436784e-02
1.7447489289289286774e+01,-1.0570327684402186855e-02
1.7477519219219217916e+01,-1.0577932272291278026e-02
1.7507549149149149059e+01,-1.0585415927987937290e-02
1.7537579079079076649e+01,-1.0592778797458735074e-02
1.7567609009009007792e+01,-1.0600021025697913685e-02
1.7597638938938938935e+01,-1.0607142768475260816e-02
1.7627668868868866525e+01,-1.0614144210816137820e-02
1.7657698798798797668e+01,-1.0621025541304871670e-02
1.7687728728728728811e+01,-1.0627786947245093305e-02
1.7717758658658656401e+01,-1.0634428614670590058e-02
1.7747788588588587544e+01,-1.0640950728356038391e-02
1.7777818518518518687e+01,-1.0647353471827642954e-02
1.7807848448448446277e+01,-1.0653637027373668092e-02
1.7837878378378377420e+01,-1.0659801576054861796e-02
1.7867908308308308563e+01,-1.0665847297714749556e-02
1.7897938238238236153e+01,-1.0671774370989865754e-02
1.7927968168168167296e+01,-1.0677582977301260450e-02
1.7957998098098098438e+01,-1.0683273326376304529e-02
1.7988028028028026029e+01,-1.0688845639807103768e-02
1.8018057957957957171e+01,-1.0694300137772177681e-02
1.8048087887887888314e+01,-1.0699637038984639859e-02
1.8078117817817815904e+01,-1.0704856560704370527e-02
1.8108147747747747047e+01,-1.0709958918750065934e-02
1.8138177677677678190e+01,-1.0714944327511154165e-02
1.8168207607607605780e+01,-1.0719812999959638100e-02
1.8198237537537536923e+01,-1.0724565147661766634e-02
1.8228267467467468066e+01,-1.0729200980789610487e-02
1.8258297397397395656e+01,-1.0733720708224670295e-02
1.8288327327327326799e+01,-1.0738124551460847406e-02
1.8318357257257257942e+01,-1.0742412759342498396e-02
1.8348387187187185532e+01,-1.0746585582636716122e-02
1.8378417117117116675e+01,-1.0750643270471611085e-02
1.8408447047047044265e+01,-1.0754586070349651458e-02
1.8438476976976975408e+01,-1.0758414228160940659e-02
1.8468506906906906551e+01,-1.0762127988196288492e-02
1.8498536836836834141e+01,-1.0765727593160225040e-02
1.8528566766766765284e+01,-1.0769213284183828949e-02
1.8558596696696696426e+01,-1.0772585300837467237e-02
1.8588626626626624017e+01,-1.0775843881143410199e-02
1.8618656556556555159e+01,-1.0778989262209649064e-02
1.8648686486486486302e+01,-1.0782021699598938816e-02
1.8678716416416413892e+01,-1.0784941470983255146e-02
1.8708746346346345035e+01,-1.0787748853636716651e-02
1.8738776276276276178e+01,-1.0790444123056047721e-02
1.8768806206206203768e+01,-1.0793027552974815420e-02
1.8798836136136134911e+01,-1.0795499415377485947e-02
1.8828866066066066054e+01,-1.0797859980513397835e-02
1.8858895995995993644e+01,-1.0800109516910558205e-02
1.8888925925925924787e+01,-1.0802248291389334942e-02
1.8918955855855855930e+01,-1.0804276569076015288e-02
1.8948985785785783520e+01,-1.0806194613416204853e-02
1.8979015715715714663e+01,-1.0808002686701520881e-02
1.9009045645645645806e+01,-1.0809701068427631301e-02
1.9039075575575573396e+01,-1.0811290060192281157e-02
1.9069105505505504539e+01,-1.0812769963227214856e-02
1.9099135435435435681e+01,-1.0814141076869657546e-02
1.9129165365365363272e+01,-1.0815403698577176483e-02
1.9159195295295294414e+01,-1.0816558123942400169e-02
1.9189225225225225557e+01,-1.0817604646707633387e-02
1.9219255155155153147e+01,-1.0818543558779295313e-02
1.9249285085085084290e+01,-1.0819375150242244860e-02
1.9279315015015015433e+01,-1.0820099709373970712e-02
1.9309344944944943023e+01,-1.0820717522658644325e-02
1.9339374874874874166e+01,-1.0821228874826734068e-02
1.9369404804804805309e+01,-1.0821634059858756954e-02
1.9399434734734732899e+01,-1.0821933398006784374e-02
1.9429464664664664042e+01,-1.0822127211956633630e-02
1.9459494594594595185e+01,-1.0822215822402272631e-02
1.9489524524524522775e+01,-1.0822199548061102806e-02
1.9519554454454453918e+01,-1.0822078705689224670e-02
1.9549584384384381508e+01,-1.0821853610096462267e-02
1.9579614314314312651e+01,-1.0821524574161304338e-02
1.9609644244244243794e+01,-1.0821091908845685906e-02
1.9639674174174171384e+01,-1.0820555923209644947e-02
1.9669704104104102527e+01,-1.0819916924425850707e-02
1.9699734034034033670e+01,-1.0819175217793956800e-02
1.9729763963963961260e+01,-1.0818331108750311315e-02
1.9759793893893892403e+01,-1.0817384924843466767e-02
1.9789823823823823545e+01,-1.0816337007465870457e-02
1.9819853753753751135e+01,-1.0815187696222543570e-02
1.9849883683683682278e+01,-1.0813937328663413354e-02
1.9879913613613613421e+01,-1.0812586240298851029e-02
1.9909943543543541011e+01,-1.0811134764615034504e-02
1.9939973473473472154e+01,-1.0809583233089200063e-02
1.9970003403403403297e+01,-1.0807931975204748340e-02
2.0000033333333330887e+01,-1.0806181318466206304e-02
2.0030063263263262030e+01,-1.0804331588414073026e-02
2.0060093193193193173e+01,-1.0802383108639509318e-02
2.0090123123123120763e+01,-1.0800336200798904204e-02
2.0120153053053051906e+01,-1.0798191189874833257e-02
2.0150182982982983049e+01,-1.0795948425591124498e-02
2.0180212912912910639e+01,-1.0793608264048513631e-02
2.0210242842842841782e+01,-1.0791171059234720003e-02
2.0240272772772772925e+01,-1.0788637163036660788e-02
2.0270302702702700515e+01,-1.0786006925255990641e-02
2.0300332632632631658e+01,-1.0783280693624556351e-02
2.0330362562562562800e+01,-1.0780458813819664143e-02
2.0360392492492490391e+01,-1.0777541629479239424e-02
2.0390422422422421533e+01,-1.0774529482216835610e-02
2.0420452352352352676e+01,-1.0771422711636524996e-02
2.0450482282282280266e+01,-1.0768221655347659516e-02
2.0480512212212211409e+01,-1.0764926648979477111e-02
2.0510542142142142552e+01,-1.0761538031450511646e-02
2.0540572072072070142e+01,-1.0758056165206867499e-02
2.0570602002002001285e+01,-1.0754481418307780538e-02
2.0600631931931932428e+01,-1.0750814156668134225e-02
2.0630661861861860018e+01,-1.0747054744072299243e-02
2.0660691791791791161e+01,-1.0743203542189645391e-02
2.0690721721721722304e+01,-1.0739260910589860931e-02
2.0720751651651649894e+01,-1.0735227206758197332e-02
2.0750781581581581037e+01,-1.0731102786110523206e-02
2.0780811511511508627e+01,-1.0726888002008301906e-02
2.0810841441441439770e+01,-1.0722583205773393925e-02
2.0840871371371370913e+01,-1.0718188746702760408e-02
2.0870901301301298503e+01,-1.0713704972083034836e-02
2.0900931231231229646e+01,-1.0709132229277796081e-02
2.0930961161161160788e+01,-1.0704470885138733793e-02
2.0960991091091088379e+01,-1.0699721317121612535e-02
2.0991021021021019521e+01,-1.0694883900688232845e-02
2.1021050950950950664e+01,-1.0689959009154915287e-02
2.1051080880880878254e+01,-1.0684947013707783367e-02
2.1081110810810809397e+01,-1.0679848283417963176e-02
2.1111140740740740540e+01,-1.0674663185256607831e-02
2.1141170670670668130e+01,-1.0669392084109823038e-02
2.1171200600600599273e+01,-1.0664035342793438260e-02
2.1201230530530530416e+01,-1.0658593322067680745e-02
2.1231260460460458006e+01,-1.0653066380651719444e-02
2.1261290390390389149e+01,-1.0647454875238064956e-02
2.1291320320320320292e+01,-1.0641759160556084687e-02
2.1321350250250247882e+01,-1.0635979599125027634e-02
2.1351380180180179025e+01,-1.0630116572931249536e-02
2.1381410110110110168e+01,-1.0624170464674884129e-02
2.1411440040040037758e+01,-1.0618141654909098517e-02
2.1441469969969968901e+01,-1.0612030522055098530e-02
2.1471499899899900043e+01,-1.0605837442417076835e-02
2.1501529829829827634e+01,-1.0599562790196970230e-02
2.1531559759759758776e+01,-1.0593206937509130200e-02
2.1561589689689689919e+01,-1.0586770254394851226e-02
2.1591619619619617509e+01,-1.0580253108836805420e-02
2.1621649549549548652e+01,-1.0573655866773308890e-02
2.1651679479479479795e+01,-1.0566978892112529123e-02
2.1681709409409407385e+01,-1.0560222546746529312e-02
2.1711739339339338528e+01,-1.0553387191048712451e-02
2.1741769269269269671e+01,-1.0546473197653104606e-02
2.1771799199199197261e+01,-1.0539480953371040475e-02
2.1801829129129128404e+01,-1.0532410843766047345e-02
2.1831859059059059547e+01,-1.0525263252280260898e-02
2.1861888988988987137e+01,-1.0518038560249009031e-02
2.1891918918918918280e+01,-1.0510737146915253432e-02
2.1921948848848845870e+01,-1.0503359389443907984e-02
2.1951978778778777013e+01,-1.0495905662936087788e-02
2.1982008708708708156e+01,-1.0488376340443167356e-02
2.2012038638638635746e+01,-1.0480771792980790244e-02
2.2042068568568566889e+01,-1.0473092389542712141e-02
2.2072098498498498031e+01,-1.0465338497114586719e-02
2.2102128428428425622e+01,-1.0457510480687578006e-02
2.2132158358358356764e+01,-1.0449608703654919908e-02
2.2162188288288287907e+01,-1.0441633540166327110e-02
2.2192218218218215497e+01,-1.0433585377714025416e-02
2.2222248148148146640e+01,-1.0425464602614226486e-02
2.2252278078078077783e+01,-1.0417271599097784052e-02
2.2282308008008005373e+01,-1.0409006749324220889e-02
2.2312337937937936516e+01,-1.0400670433395688141e-02
2.2342367867867867659e+01,-1.0392263029370789329e-02
2.2372397797797795249e+01,-1.0383784913278293338e-02
2.2402427727727726392e+01,-1.0375236459130727715e-02
2.2432457657657657535e+01,-1.0366618038937897364e-02
2.2462487587587585125e+01,-1.0357930022720247126e-02
2.2492517517517516268e+01,-1.0349172778522163635e-02
2.2522547447447447411e+01,-1.0340346672425131461e-02
2.2552577377377375001e+01,-1.0331452068571342698e-02
2.2582607307307306144e+01,-1.0322489335640037261e-02
2.2612637237237237287e+01,-1.0313458857812993555e-02
2.2642667167167164877e+01,-1.0304361020148439937e-02
2.2672697097097096020e+01,-1.0295196205664575162e-02
2.2702727027027027162e+01,-1.0285964795353050652e-02
2.2732756956956954753e+01,-1.0276667168192369500e-02
2.2762786886886885895e+01,-1.0267303701161143228e-02
2.2792816816816817038e+01,-1.0257874769251289562e-02
2.2822846746746744628e+01,-1.0248380745481098369e-02
2.2852876676676675771e+01,-1.0238822000908179635e-02
2.2882906606606606914e+01,-1.0229198904642354193e-02
2.2912936536536534504e+01,-1.0219511823858402205e-02
2.2942966466466465647e+01,-1.0209761123808723179e-02
2.2972996396396396790e+01,-1.0199947167835928322e-02
2.3003026326326324380e+01,-1.0190070318100935207e-02
2.3033056256256255523e+01,-1.0180130947413499123e-02
2.3063086186186186666e+01,-1.0170129437318228480e-02
2.3093116116116114256e+01,-1.0160066167716610280e-02
2.3123146046046045399e+01,-1.0149941516536606020e-02
2.3153175975975972989e+01,-1.0139755859745486904e-02
2.3183205905905904132e+01,-1.0129509571362502532e-02
2.3213235835835835275e+01,-1.0119203023471506214e-02
2.3243265765765762865e+01,-1.0108836586233436311e-02
2.3273295695695694008e+01,-1.0098410627898733380e-02
2.3303325625625625150e+01,-1.0087925514819653244e-02
2.3333355555555552741e+01,-1.0077381611462472508e-02
2.3363385485485483883e+01,-1.0066779280419607331e-02
2.3393415415415415026e+01,-1.0056118882421661090e-02
2.3423445345345342616e+01,-1.0045400776349328043e-02
2.3453475275275273759e+01,-1.0034625320519598851e-02
2.3483505205205204902e+01,-1.0023792884265053660e-02
2.3513535135135132492e+01,-1.0012903842471710530e-02
2.3543565065065063635e+01,-1.0001958568204051547e-02
2.3573594994994994778e+01,-9.9909574326255915638e-03
2.3603624924924922368e+01,-9.9799008050109831031e-03
2.3633654854854853511e+01,-9.9687890527580154398e-03
2.3663684784784784654e+01,-9.9576225413995200081e-03
2.3693714714714712244e+01,-9.9464016346151942760e-03
2.3723744644644643387e+01,-9.9351266942433302115e-03
2.3753774574574574530e+01,-9.9237980802924317253e-03
2.3783804504504502120e+01,-9.9124161509528182362e-03
2.3813834434434433263e+01,-9.9009812626080287434e-03
2.3843864364364364405e+01,-9.8894937698462345721e-03
2.3873894294294291996e+01,-9.8779540254715324232e-03
2.3903924224224223138e+01,-9.8663623810838312067e-03
2.3933954154154154281e+01,-9.8547191963778753981e-03
2.3963984084084081871e+01,-9.8430248375870350169e-03
2.3994014014014013014e+01,-9.8312796693744708421e-03
2.4024043943943944157e+01,-9.8194840545800469306e-03
2.4054073873873871747e+01,-9.8076383542316965258e-03
2.4084103803803802890e+01,-9.7957429275567203114e-03
2.4114133733733734033e+01,-9.7837981319930066026e-03
2.4144163663663661623e+01,-9.7718043232001474546e-03
2.4174193593593592766e+01,-9.7597618550704836465e-03
2.4204223523523523909e+01,-9.7476710797400889508e-03
2.4234253453453451499e+01,-9.7355323475996242977e-03
2.4264283383383382642e+01,-9.7233460073051537764e-03
2.4294313313313310232e+01,-9.7111124057888652261e-03
2.4324343243243241375e+01,-9.6988318882697023560e-03
2.4354373173173172518e+01,-9.6865047982695358375e-03
2.4384403103103100108e+01,-9.6741314815177326808e-03
2.4414433033033031251e+01,-9.6617122927481480232e-03
2.4444462962962962393e+01,-9.6492475867724601668e-03
2.4474492892892889984e+01,-9.6367377166609417827e-03
2.4504522822822821126e+01,-9.6241830337531336648e-03
2.4534552752752752269e+01,-9.6115838876684490943e-03
2.4564582682682679859e+01,-9.5989406263166619782e-03
2.4594612612612611002e+01,-9.5862535959083759046e-03
2.4624642542542542145e+01,-9.5735231409653596263e-03
2.4654672472472469735e+01,-9.5607496043308478478e-03
2.4684702402402400878e+01,-9.5479333271797361959e-03
2.4714732332332332021e+01,-9.5350746490287345558e-03
2.4744762262262259611e+01,-9.5221739077464215284e-03
2.4774792192192190754e+01,-9.5092314395632208252e-03
2.4804822122122121897e+01,-9.4962475790813342946e-03
2.4834852052052049487e+01,-9.4832226594224969946e-03
2.4864881981981980630e+01,-9.4701570177685781560e-03
2.4894911911911911773e+01,-9.4570509972175427482e-03
2.4924941841841839363e+01,-9.4439049397366300193e-03
2.4954971771771770506e+01,-9.4307191856470296010e-03
2.4985001701701701649e+01,-9.4174940736337833108e-03
2.5015031631631629239e+01,-9.4042299407556002172e-03
2.5045061561561560382e+01,-9.3909271224546057855e-03
2.5075091491491491524e+01,-9.3775859525660233695e-03
2.5105121421421419114e+01,-9.3642067633277880495e-03
2.5135151351351350257e+01,-9.3507898853900824065e-03
2.5165181281281281400e+01,-9.3373356478248115825e-03
2.5195211211211208990e+01,-9.3238443781350106854e-03
2.5225241141141140133e+01,-9.3103164022641845404e-03
2.5255271071071071276e+01,-9.2967520446055815220e-03
2.5285301001000998866e+01,-9.2831516280113893225e-03
2.5315330930930930009e+01,-9.2695154738824843410e-03
2.5345360860860861152e+01,-9.2558439064310948224e-03
2.5375390790790788742e+01,-9.2421372547749746501e-03
2.5405420720720719885e+01,-9.2283958469987006912e-03
2.5435450650650647475e+01,-9.2146200096374711319e-03
2.5465480580580578618e+01,-9.2008100676862162454e-03
2.5495510510510509761e+01,-9.1869663446086970160e-03
2.5525540440440437351e+01,-9.1730891623464910073e-03
2.5555570370370368494e+01,-9.1591788413279435349e-03
2.5585600300300299637e+01,-9.1452357004770477161e-03
2.5615630230230227227e+01,-9.1312600572222620693e-03
2.5645660160160158370e+01,-9.1172522275052673979e-03
2.5675690090090089512e+01,-9.1032125257896577553e-03
2.5705720020020017103e+01,-9.0891412650695828368e-03
2.5735749949949948245e+01,-9.0750387568783105752e-03
2.5765779879879879388e+01,-9.0609053112967411631e-03
2.5795809809809806978e+01,-9.0467412369618707690e-03
2.5825839739739738121e+01,-9.0325468425525318877e-03
2.5855869669669669264e+01,-9.0183224412916651591e-03
2.5885899599599596854e+01,-9.0040683464606852821e-03
2.5915929529529527997e+01,-8.9897848698889479963e-03
2.5945959459459459140e+01,-8.9754723219621704300e-03
2.5975989389389386730e+01,-8.9611310116307525686e-03
2.6006019319319317873e+01,-8.9467612464180865800e-03
2.6036049249249249016e+01,-8.9323633324287724650e-03
2.6066079179179176606e+01,-8.9179375743567990131e-03
2.6096109109109107749e+01,-8.9034842754936536352e-03
2.6126139039039038892e+01,-8.8890037377363870924e-03
2.6156168968968966482e+01,-8.8744962615956140412e-03
2.6186198898898897625e+01,-8.8599621462034702096e-03
2.6216228828828828767e+01,-8.8454016893214949813e-03
2.6246258758758756358e+01,-8.8308151873484914268e-03
2.6276288688688687500e+01,-8.8162029353282891919e-03
2.6306318618618618643e+01,-8.8015652269958083442e-03
2.6336348548548546233e+01,-8.7869023571790286220e-03
2.6366378478478477376e+01,-8.7722146232100031010e-03
2.6396408408408408519e+01,-8.7575023214079283917e-03
2.6426438338338336109e+01,-8.7427657467451010825e-03
2.6456468268268267252e+01,-8.7280051928545557272e-03
2.6486498198198198395e+01,-8.7132209520376646683e-03
2.6516528128128125985e+01,-8.6984133152716806153e-03
2.6546558058058057128e+01,-8.6835825722172150370e-03
2.6576587987987988271e+01,-8.6687290112256905339e-03
2.6606617917917915861e+01,-8.6538529193467238210e-03
2.6636647847847847004e+01,-8.6389545823354514653e-03
2.6666677777777774594e+01,-8.6240342846598417453e-03
2.6696707707707705737e+01,-8.6090923095079145699e-03
2.6726737637637636880e+01,-8.5941289387949371115e-03
2.6756767567567564470e+01,-8.5791444531705830095e-03
2.6786797497497495613e+01,-8.5641391320259909609e-03
2.6816827427427426755e+01,-8.5491132535280393856e-03
2.6846857357357354346e+01,-8.5340670962496777141e-03
2.6876887287287285488e+01,-8.5190009400868023370e-03
2.6906917217217216631e+01,-8.5039150639078728289e-03
2.6936947147147144221e+01,-8.4888097453378035667e-03
2.6966977077077075364e+01,-8.4736852607648575214e-03
2.6997007007007006507e+01,-8.4585418853475608653e-03
2.7027036936936934097e+01,-8.4433798930215117617e-03
2.7057066866866865240e+01,-8.4281995565061666037e-03
2.7087096796796796383e+01,-8.4130011473115950266e-03
2.7117126726726723973e+01,-8.3977849357451690021e-03
2.7147156656656655116e+01,-8.3825511909182050946e-03
2.7177186586586586259e+01,-8.3673001807525963086e-03
2.7207216516516513849e+01,-8.3520321719873467925e-03
2.7237246446446444992e+01,-8.3367474301851186846e-03
2.7267276376376376135e+01,-8.3214462197386939585e-03
2.7297306306306303725e+01,-8.3061288038774171855e-03
2.7327336236236234868e+01,-8.2907954446735845216e-03
2.7357366166166166010e+01,-8.2754464034604704320e-03
2.7387396096096093601e+01,-8.2600819420315958058e-03
2.7417426026026024743e+01,-8.2447023214253043616e-03
2.7447455955955955886e+01,-8.2293078015375411421e-03
2.7477485885885883476e+01,-8.2138986411281044581e-03
2.7507515815815814619e+01,-8.1984750978268405852e-03
2.7537545745745745762e+01,-8.1830374281397985636e-03
2.7567575675675673352e+01,-8.1675858874553659145e-03
2.7597605605605604495e+01,-8.1521207300503349680e-03
2.7627635535535535638e+01,-8.1366422090959570484e-03
2.7657665465465463228e+01,-8.1211505766639359438e-03
2.7687695395395394371e+01,-8.1056460837323918850e-03
2.7717725325325325514e+01,-8.0901289801917821570e-03
2.7747755255255253104e+01,-8.0745995148508043632e-03
2.7777785185185184247e+01,-8.0590579354422129527e-03
2.7807815115115111837e+01,-8.0435044886286617694e-03
2.7837845045045042980e+01,-8.0279394200084494559e-03
2.7867874974974974123e+01,-8.0123629741247689995e-03
2.7897904904904901713e+01,-7.9967753946568187473e-03
2.7927934834834832856e+01,-7.9811769245169885550e-03
2.7957964764764763999e+01,-7.9655678055969170864e-03
2.7987994694694691589e+01,-7.9499482787500855979e-03
2.8018024624624622732e+01,-7.9343185837973707886e-03
2.8048054554554553874e+01,-7.9186789595325924457e-03
2.8078084484484481465e+01,-7.9030296437280021099e-03
2.8108114414414412607e+01,-7.8873708731397179639e-03
2.8138144344344343750e+01,-7.8717028835131718639e-03
2.8168174274274271340e+01,-7.8560259095884921871e-03
2.8198204204204202483e+01,-7.8403401851058415750e-03
2.8228234134134133626e+01,-7.8246459428107598827e-03
2.8258264064064061216e+01,-7.8089434144594273290e-03
2.8288293993993992359e+01,-7.7932328308239311176e-03
2.8318323923923923502e+01,-7.7775144216974704744e-03
2.8348353853853851092e+01,-7.7617884158995564814e-03
2.8378383783783782235e+01,-7.7460550412811459906e-03
2.8408413713713713378e+01,-7.7303145247210871757e-03
2.8438443643643640968e+01,-7.7145670916619214080e-03
2.8468473573573572111e+01,-7.6988129658784919609e-03
2.8498503503503503254e+01,-7.6830523701435712858e-03
2.8528533433433430844e+01,-7.6672855262919330233e-03
2.8558563363363361987e+01,-7.6515126552253037717e-03
2.8588593293293293129e+01,-7.6357339769172445990e-03
2.8618623223223220720e+01,-7.6199497104180429624e-03
2.8648653153153151862e+01,-7.6041600738595291689e-03
2.8678683083083083005e+01,-7.5883652844599023754e-03
2.8708713013013010595e+01,-7.5725655585285036805e-03
2.8738742942942941738e+01,-7.5567611114705493178e-03
2.8768772872872872881e+01,-7.5409521577918803281e-03
2.8798802802802800471e+01,-7.5251389111036289664e-03
2.8828832732732731614e+01,-7.5093215841268790359e-03
2.8858862662662662757e+01,-7.4935003886973036713e-03
2.8888892592592590347e+01,-7.4776755357697727647e-03
2.8918922522522521490e+01,-7.4618472354229066143e-03
2.8948952452452452633e+01,-7.4460156968636451863e-03
2.8978982382382380223e+01,-7.4301811279639234237e-03
2.9009012312312311366e+01,-7.4143437338294202951e-03
2.9039042242242238956e+01,-7.3985037182323215577e-03
2.9069072172172170099e+01,-7.3826612841027729889e-03
2.9099102102102101242e+01,-7.3668166335332371450e-03
2.9129132032032028832e+01,-7.3509699677828162917e-03
2.9159161961961959975e+01,-7.3351214872815241608e-03
2.9189191891891891117e+01,-7.3192713916345646455e-03
2.9219221821821818708e+01,-7.3034198796265749343e-03
2.9249251751751749850e+01,-7.2875671492258261436e-03
2.9279281681681680993e+01,-7.2717133975884109404e-03
2.9309311611611608583e+01,-7.2558588210624190215e-03
2.9339341541541539726e+01,-7.2400036151920492758e-03
2.9369371471471470869e+01,-7.2241479747217410279e-03
2.9399401401401398459e+01,-7.2082920936002402301e-03
2.9429431331331329602e+01,-7.1924361649846760627e-03
2.9459461261261260745e+01,-7.1765803812445802881e-03
2.9489491191191188335e+01,-7.1607249339659135440e-03
2.9519521121121119478e+01,-7.1448700139383602287e-03
2.9549551051051050621e+01,-7.1290158097234226919e-03
2.9579580980980978211e+01,-7.1131625065591957621e-03
2.9609610910910909354e+01,-7.0973102886720948121e-03
2.9639640840840840497e+01,-7.0814593395419301800e-03
2.9669670770770768087e+01,-7.0656098419056775906e-03
2.9699700700700699230e+01,-7.0497619777612390360e-03
2.9729730630630630372e+01,-7.0339159283711724310e-03
2.9759760560560557963e+01,-7.0180718742664056561e-03
2.9789790490490489105e+01,-7.0022299952499211101e-03
2.9819820420420420248e+01,-6.9863904704004203133e-03
2.9849850350350347838e+01,-6.9705534780759702967e-03
2.9879880280280278981e+01,-6.9547191959176239695e-03
2.9909910210210210124e+01,-6.9388878008530118641e-03
2.9939940140140137714e+01,-6.9230594690999364832e-03
2.9969970070070068857e+01,-6.9072343761699120032e-03
3.0000000000000000000e+01,-6.8914126968717100488e-03
