1.0000000000000000479e-04,9.0015357390854424543e-11
3.0129929929929927940e-02,6.1147945365669055667e-06
6.0159859859859859954e-02,2.4118456256572062455e-05
9.0189789789789795438e-02,5.3646024161375660013e-05
1.2021971971971971704e-01,9.4339190596884106555e-05
1.5024964964964962477e-01,1.4584629459898969272e-04
1.8027957957957957413e-01,2.0782222618635065852e-04
2.1030950950950949574e-01,2.7992833258926638328e-04
2.4033943943943941735e-01,3.6183232462661424648e-04
2.7036936936936933895e-01,4.5320818474928621080e-04
3.0039929929929926056e-01,5.5373607702900609715e-04
3.3042922922922918216e-01,6.6310225540153742464e-04
3.6045915915915915928e-01,7.8099897699074783027e-04
3.9048908908908908089e-01,9.0712441474245461039e-04
4.2051901901901900249e-01,1.0411825694283099314e-03
4.5054894894894892410e-01,1.1828831857635514844e-03
4.8057887887887884570e-01,1.3319416637399719532e-03
5.1060880880880876731e-01,1.4880789839565311539e-03
5.4063873873873868892e-01,1.6510216183572706816e-03
5.7066866866866861052e-01,1.8205014513584577476e-03
6.0069859859859853213e-01,1.9962556977794463677e-03
6.3072852852852845373e-01,2.1780268222320745344e-03
6.6075845845845837534e-01,2.3655624767266831762e-03
6.9078838838838829695e-01,2.5586153930575289937e-03
7.2081831831831832957e-01,2.7569433336881382993e-03
7.5084824824824825118e-01,2.9603090091720016437e-03
7.8087817817817817279e-01,3.1684799967554690484e-03
8.1090810810810809439e-01,3.3812286714576381998e-03
8.4093803803803801600e-01,3.5983321360379084616e-03
8.7096796796796793760e-01,3.8195721478204579420e-03
9.0099789789789785921e-01,4.0447350426670008322e-03
9.3102782782782778082e-01,4.2736116660130026371e-03
9.6105775775775770242e-01,4.5059973230766846297e-03
9.9108768768768762403e-01,4.7416916920622513912e-03
1.0211176176176175456e+00,4.9804987332975692374e-03
1.0511475475475475783e+00,5.2222267032916228069e-03
1.0811774774774773888e+00,5.4666879694603223716e-03
1.1112074074074074215e+00,5.7136990840517170101e-03
1.1412373373373372321e+00,5.9630805789262870606e-03
1.1712672672672672647e+00,6.2146570224811117575e-03
1.2012971971971970753e+00,6.4682568969701634276e-03
1.2313271271271271079e+00,6.7237125160094423845e-03
1.2613570570570569185e+00,6.9808600299761389488e-03
1.2913869869869869511e+00,7.2395393362972397522e-03
1.3214169169169167617e+00,7.4995939870050156231e-03
1.3514468468468467943e+00,7.7608711654794000634e-03
1.3814767767767766049e+00,8.0232216308125017118e-03
1.4115067067067066375e+00,8.2864996547274624716e-03
1.4415366366366366702e+00,8.5505629625958427115e-03
1.4715665665665664807e+00,8.8152726773049368270e-03
1.5015964964964965134e+00,9.0804932647646358079e-03
1.5316264264264263240e+00,9.3460924813332669353e-03
1.5616563563563563566e+00,9.6119413219885978250e-03
1.5916862862862861672e+00,9.8779139675181804742e-03
1.6217162162162161998e+00,1.0143887732579886379e-02
1.6517461461461460104e+00,1.0409743014732977806e-02
1.6817760760760760430e+00,1.0675363244339656360e-02
1.7118060060060058536e+00,1.0940634833913751717e-02
1.7418359359359358862e+00,1.1205447127806250282e-02
1.7718658658658656968e+00,1.1469692353738228027e-02
1.8018957957957957294e+00,1.1733265575261803138e-02
1.8319257257257255400e+00,1.1996064645604301649e-02
1.8619556556556555726e+00,1.2257990163057733840e-02
1.8919855855855853832e+00,1.2518945427977302975e-02
1.9220155155155154159e+00,1.2778836400272946747e-02
1.9520454454454454485e+00,1.3037571636196183811e-02
1.9820753753753752591e+00,1.3295062240689270450e-02
2.0121053053053055137e+00,1.3551221845261619825e-02
2.0421352352352353243e+00,1.3805966572632690642e-02
2.0721651651651651349e+00,1.4059214994448385183e-02
2.1021950950950953896e+00,1.4310888041034483878e-02
2.1322250250250252002e+00,1.4560908986926194425e-02
2.1622549549549550107e+00,1.4809203445479595870e-02
2.1922848848848848213e+00,1.5055699319708669773e-02
2.2223148148148150760e+00,1.5300326692053146937e-02
2.2523447447447448866e+00,1.5543017847621175623e-02
2.2823746746746746972e+00,1.5783707267978765165e-02
2.3124046046046045078e+00,1.6022331517888746544e-02
2.3424345345345347624e+00,1.6258829216581130450e-02
2.3724644644644645730e+00,1.6493141077624225849e-02
2.4024943943943943836e+00,1.6725209795275731983e-02
2.4325243243243246383e+00,1.6954980004349719941e-02
2.4625542542542544489e+00,1.7182398327867519361e-02
2.4925841841841842594e+00,1.7407413249755518403e-02
2.5226141141141140700e+00,1.7629975114655499491e-02
2.5526440440440443247e+00,1.7850036135840866014e-02
2.5826739739739741353e+00,1.8067550275339242655e-02
2.6127039039039039459e+00,1.8282473291386075465e-02
2.6427338338338337564e+00,1.8494762665193852785e-02
2.6727637637637640111e+00,1.8704377566760545942e-02
2.7027936936936938217e+00,1.8911278851150820079e-02
2.7328236236236236323e+00,1.9115428992112288437e-02
2.7628535535535534429e+00,1.9316792083084614873e-02
2.7928834834834836975e+00,1.9515333778802445436e-02
2.8229134134134135081e+00,1.9711021297427286370e-02
2.8529433433433433187e+00,1.9903823344525183731e-02
2.8829732732732735734e+00,2.0093710153108474553e-02
2.9130032032032033840e+00,2.0280653359775364930e-02
2.9430331331331331945e+00,2.0464626096408030514e-02
2.9730630630630630051e+00,2.0645602823278007276e-02
3.0030929929929932598e+00,2.0823559452407134490e-02
3.0331229229229230704e+00,2.0998473164643680772e-02
3.0631528528528528810e+00,2.1170322539141493701e-02
3.0931827827827826916e+00,2.1339087372778564600e-02
3.1232127127127129462e+00,2.1504748807538970334e-02
3.1532426426426427568e+00,2.1667289149131640363e-02
3.1832725725725725674e+00,2.1826692006660680656e-02
3.2133025025025023780e+00,2.1982942085199536769e-02
3.2433324324324326327e+00,2.2136025372930162591e-02
3.2733623623623624432e+00,2.2285928863843243453e-02
3.3033922922922922538e+00,2.2432640842447063717e-02
3.3334222222222220644e+00,2.2576150483951860914e-02
3.3634521521521523191e+00,2.2716448285387772638e-02
3.3934820820820821297e+00,2.2853525507796176169e-02
3.4235120120120119402e+00,2.2987374762152082419e-02
3.4535419419419421949e+00,2.3117989330120373992e-02
3.4835718718718720055e+00,2.3245363807718581045e-02
3.5136018018018018161e+00,2.3369493467606864551e-02
3.5436317317317316267e+00,2.3490374736675884854e-02
3.5736616616616618813e+00,2.3608004866850756248e-02
3.6036915915915916919e+00,2.3722381965988106195e-02
3.6337215215215215025e+00,2.3833505228438460477e-02
3.6637514514514513131e+00,2.3941374356356771858e-02
3.6937813813813815678e+00,2.4045990351016018061e-02
3.7238113113113113783e+00,2.4147354568278066311e-02
3.7538412412412411889e+00,2.4245469548408542931e-02
3.7838711711711709995e+00,2.4340338429183636104e-02
3.8139011011011012542e+00,2.4431965043811978283e-02
3.8439310310310310648e+00,2.4520354307839727082e-02
3.8739609609609608754e+00,2.4605511349474175342e-02
3.9039908908908911300e+00,2.4687442566012254841e-02
3.9340208208208209406e+00,2.4766154666081875713e-02
3.9640507507507507512e+00,2.4841655100597156286e-02
3.9940806806806805618e+00,2.4913952281081085116e-02
4.0241106106106103724e+00,2.4983054701427233335e-02
4.0541405405405397389e+00,2.5048972095226579304e-02
4.0841704704704699935e+00,2.5111714453747942255e-02
4.1142004004004002482e+00,2.5171292280918407952e-02
4.1442303303303296147e+00,2.5227717157072965942e-02
4.1742602602602598694e+00,2.5281000579522414085e-02
4.2042901901901901240e+00,2.5331155071162254205e-02
4.2343201201201194905e+00,2.5378193686561394821e-02
4.2643500500500497452e+00,2.5422129500048355061e-02
4.2943799799799791117e+00,2.5462976820988872384e-02
4.3244099099099093664e+00,2.5500749997256114132e-02
4.3544398398398396210e+00,2.5535463728205740064e-02
4.3844697697697689875e+00,2.5567133808240351950e-02
4.4144996996996992422e+00,2.5595775817524188400e-02
4.4445296296296294969e+00,2.5621406008025614243e-02
4.4745595595595588634e+00,2.5644041446110085736e-02
4.5045894894894891181e+00,2.5663698901905260957e-02
4.5346194194194193727e+00,2.5680396032687072966e-02
4.5646493493493487392e+00,2.5694151045718628679e-02
4.5946792792792789939e+00,2.5704981841301970807e-02
4.6247092092092083604e+00,2.5712907316119065076e-02
4.6547391391391386151e+00,2.5717946731901818874e-02
4.6847690690690688697e+00,2.5720119039267363287e-02
4.7147989989989982362e+00,2.5719444214503197482e-02
4.7448289289289284909e+00,2.5715942509036211067e-02
4.7748588588588587456e+00,2.5709633834016028947e-02
4.8048887887887881121e+00,2.5700539093665042412e-02
4.8349187187187183667e+00,2.5688679473233787948e-02
4.8649486486486486214e+00,2.5674075761342247254e-02
4.8949785785785779879e+00,2.5656749637771970179e-02
4.9250085085085082426e+00,2.5636723166514760464e-02
4.9550384384384376091e+00,2.5614017953067867023e-02
4.9850683683683678638e+00,2.5588656294035491690e-02
5.0150982982982981184e+00,2.5560661067698012272e-02
5.0451282282282274849e+00,2.5530054664986076562e-02
5.0751581581581577396e+00,2.5496859847318132514e-02
5.1051880880880879943e+00,2.5461100213817648014e-02
5.1352180180180173608e+00,2.5422798927624713078e-02
5.1652479479479476154e+00,2.5381979117786470507e-02
5.1952778778778769819e+00,2.5338664945000505258e-02
5.2253078078078072366e+00,2.5292880317691654457e-02
5.2553377377377374913e+00,2.5244648774101853539e-02
5.2853676676676668578e+00,2.5193994764968429684e-02
5.3153975975975971124e+00,2.5140942897845935944e-02
5.3454275275275273671e+00,2.5085517254183568175e-02
5.3754574574574567336e+00,2.5027742308778851837e-02
5.4054873873873869883e+00,2.4967643246799748474e-02
5.4355173173173172430e+00,2.4905244785505951943e-02
5.4655472472472466094e+00,2.4840571409152949894e-02
5.4955771771771768641e+00,2.4773648558208943155e-02
5.5256071071071062306e+00,2.4704501567683539304e-02
5.5556370370370364853e+00,2.4633155252837275750e-02
5.5856669669669667400e+00,2.4559634842395622334e-02
5.6156968968968961065e+00,2.4483966177778319212e-02
5.6457268268268263611e+00,2.4406174620450384743e-02
5.6757567567567566158e+00,2.4326285208300879592e-02
5.7057866866866859823e+00,2.4244323830123693658e-02
5.7358166166166162370e+00,2.4160316380344631915e-02
5.7658465465465464916e+00,2.4074288217714425592e-02
5.7958764764764758581e+00,2.3986264750543023760e-02
5.8259064064064061128e+00,2.3896272180922401712e-02
5.8559363363363354793e+00,2.3804336357363450188e-02
5.8859662662662657340e+00,2.3710482635089281250e-02
5.9159961961961959886e+00,2.3614736778404466638e-02
5.9460261261261253551e+00,2.3517125035629006524e-02
5.9760560560560556098e+00,2.3417673178204242990e-02
6.0060859859859858645e+00,2.3316406560689378197e-02
6.0361159159159152310e+00,2.3213351154944633636e-02
6.0661458458458454857e+00,2.3108533130353138552e-02
6.0961757757757748521e+00,2.3001978152089232882e-02
6.1262057057057051068e+00,2.2893711544101965488e-02
6.1562356356356353615e+00,2.2783759318382765247e-02
6.1862655655655647280e+00,2.2672147505512319637e-02
6.2162954954954949827e+00,2.2558901635455267526e-02
6.2463254254254252373e+00,2.2444046937557721177e-02
6.2763553553553546038e+00,2.2327609321415635424e-02
6.3063852852852848585e+00,2.2209614642199504431e-02
6.3364152152152151132e+00,2.2090088265776679222e-02
6.3664451451451444797e+00,2.1969055248725652407e-02
6.3964750750750747343e+00,2.1846541279101707594e-02
6.4265050050050041008e+00,2.1722572005664599754e-02
6.4565349349349343555e+00,2.1597172601186483826e-02
6.4865648648648646102e+00,2.1470367883198903519e-02
6.5165947947947939767e+00,2.1342183204320838708e-02
6.5466247247247242314e+00,2.1212643974364651239e-02
6.5766546546546544860e+00,2.1081775143763838154e-02
6.6066845845845838525e+00,2.0949601255469758182e-02
6.6367145145145141072e+00,2.0816147208971534643e-02
6.6667444444444434737e+00,2.0681438132078917153e-02
6.6967743743743737284e+00,2.0545498723289500054e-02
6.7268043043043039830e+00,2.0408353246923329610e-02
6.7568342342342333495e+00,2.0270026048713758737e-02
6.7868641641641636042e+00,2.0130541900146264878e-02
6.8168940940940938589e+00,1.9989925217746850467e-02
6.8469240240240232254e+00,1.9848199989687689837e-02
6.8769539539539534800e+00,1.9705389989293532749e-02
6.9069838838838837347e+00,1.9561519487045573445e-02
6.9370138138138131012e+00,1.9416612586948888558e-02
6.9670437437437433559e+00,1.9270692977440384563e-02
6.9970736736736727224e+00,1.9123783973394856139e-02
7.0271036036036029770e+00,1.8975909133425294256e-02
7.0571335335335332317e+00,1.8827092196532935892e-02
7.0871634634634625982e+00,1.8677356520431960540e-02
7.1171933933933928529e+00,1.8526725068622094950e-02
7.1472233233233231076e+00,1.8375220632336718846e-02
7.1772532532532524741e+00,1.8222866411204945852e-02
7.2072831831831827287e+00,1.8069685400666685854e-02
7.2373131131131129834e+00,1.7915700214500063225e-02
7.2673430430430423499e+00,1.7760933106861338804e-02
7.2973729729729726046e+00,1.7605406438579822292e-02
7.3274029029029019711e+00,1.7449142775822830409e-02
7.3574328328328322257e+00,1.7292164350641684584e-02
7.3874627627627624804e+00,1.7134493033595831618e-02
7.4174926926926918469e+00,1.6976150408242490775e-02
7.4475226226226221016e+00,1.6817158317592843103e-02
7.4775525525525523562e+00,1.6657538576355258170e-02
7.5075824824824817227e+00,1.6497312653207911459e-02
7.5376124124124119774e+00,1.6336501674703185483e-02
7.5676423423423413439e+00,1.6175126565517044391e-02
7.5976722722722715986e+00,1.6013208522857501348e-02
7.6277022022022018533e+00,1.5850768580539319197e-02
7.6577321321321312197e+00,1.5687827442450553300e-02
7.6877620620620614744e+00,1.5524405489071481032e-02
7.7177919919919917291e+00,1.5360522957704202118e-02
7.7478219219219210956e+00,1.5196200308949376484e-02
7.7778518518518513503e+00,1.5031457790707074273e-02
7.8078817817817816049e+00,1.4866315339375215168e-02
7.8379117117117109714e+00,1.4700792586021593084e-02
7.8679416416416412261e+00,1.4534909030464672822e-02
7.8979715715715705926e+00,1.4368684347641418747e-02
7.9280015015015008473e+00,1.4202137996338683526e-02
7.9580314314314311019e+00,1.4035289141629469709e-02
7.9880613613613604684e+00,1.3868156660412392714e-02
8.0180912912912898349e+00,1.3700759271015158086e-02
8.0481212212212209778e+00,1.3533115831144491847e-02
8.0781511511511503443e+00,1.3365245006248499537e-02
8.1081810810810797108e+00,1.3197165185253503794e-02
8.1382110110110108536e+00,1.3028894485665905995e-02
8.1682409409409402201e+00,1.2860450823423751759e-02
8.1982708708708695866e+00,1.2691852207286566379e-02
8.2283008008008007295e+00,1.2523116504147061706e-02
8.2583307307307300960e+00,1.2354261321123877551e-02
8.2883606606606594625e+00,1.2185304010163074476e-02
8.3183905905905906053e+00,1.2016261691905895728e-02
8.3484205205205199718e+00,1.1847151493287497864e-02
8.3784504504504493383e+00,1.1677990473255451392e-02
8.4084803803803804811e+00,1.1508795450768811650e-02
8.4385103103103098476e+00,1.1339583005373705255e-02
8.4685402402402392141e+00,1.1170369482652816456e-02
8.4985701701701703570e+00,1.1001171117819849923e-02
8.5286001001000997235e+00,1.0832004138803565108e-02
8.5586300300300290900e+00,1.0662884569510063318e-02
8.5886599599599584565e+00,1.0493828209737494916e-02
8.6186898898898895993e+00,1.0324850639080295628e-02
8.6487198198198189658e+00,1.0155967245175192767e-02
8.6787497497497483323e+00,9.9871933815181002103e-03
8.7087796796796794752e+00,9.8185442693081333154e-03
8.7388096096096088417e+00,9.6500349208857392341e-03
8.7688395395395382081e+00,9.4816801429451879474e-03
8.7988694694694693510e+00,9.3134945404449581696e-03
8.8288993993993987175e+00,9.1454925804889761892e-03
8.8589293293293280840e+00,8.9776886591656467063e-03
8.8889592592592592268e+00,8.8100969934346018420e-03
8.9189891891891885933e+00,8.6427316087834479830e-03
8.9490191191191179598e+00,8.4756063424402880435e-03
8.9790490490490491027e+00,8.3087348498864458529e-03
9.0090789789789784692e+00,8.1421306672357588591e-03
9.0391089089089078357e+00,7.9758072061415948018e-03
9.0691388388388389785e+00,7.8097777025358189676e-03
9.0991687687687683450e+00,7.6440552176204714166e-03
9.1291986986986977115e+00,7.4786526407415194334e-03
9.1592286286286288544e+00,7.3135826956570943250e-03
9.1892585585585582209e+00,7.1488579693651382874e-03
9.2192884884884875873e+00,6.9844908998794264995e-03
9.2493184184184169538e+00,6.8204937638019170684e-03
9.2793483483483480967e+00,6.6568786788158600468e-03
9.3093782782782774632e+00,6.4936576062490083613e-03
9.3394082082082068297e+00,6.3308423511589610039e-03
9.3694381381381379725e+00,6.1684445519440168904e-03
9.3994680680680673390e+00,6.0064756923181956624e-03
9.4294979979979967055e+00,5.8449471096942134246e-03
9.4595279279279278484e+00,5.6838699975191612698e-03
9.4895578578578572149e+00,5.5232554075524452689e-03
9.5195877877877865814e+00,5.3631142433102759956e-03
9.5496177177177177242e+00,5.2034572122767273200e-03
9.5796476476476470907e+00,5.0442948634957214885e-03
9.6096775775775764572e+00,4.8856376140745368455e-03
9.6397075075075076001e+00,4.7274957513136015713e-03
9.6697374374374369665e+00,4.5698794347221469506e-03
9.6997673673673663330e+00,4.4127986892584123921e-03
9.7297972972972974759e+00,4.2562633242383702409e-03
9.7598272272272268424e+00,4.1002829733146461261e-03
9.7898571571571562089e+00,3.9448671511933897441e-03
9.8198870870870855754e+00,3.7900252561941061118e-03
9.8499170170170167182e+00,3.6357665720238023684e-03
9.8799469469469460847e+00,3.4821002664546466671e-03
9.9099768768768754512e+00,3.3290353006439326461e-03
9.9400068068068065941e+00,3.1765804157472547938e-03
9.9700367367367359606e+00,3.0247442412516265323e-03
1.0000066666666665327e+01,2.8735353029875703411e-03
1.0030096596596596470e+01,2.7229620246808682385e-03
1.0060126526526525836e+01,2.5730327294654934886e-03
1.0090156456456455203e+01,2.4237555867965723637e-03
1.0120186386386386346e+01,2.2751384883976607555e-03
1.0150216316316315712e+01,2.1271891952354500185e-03
1.0180246246246245079e+01,1.9799153767026743227e-03
1.0210276176176176222e+01,1.8333246119648027254e-03
1.0240306106106105588e+01,1.6874243912830312348e-03
1.0270336036036034955e+01,1.5422221076727405092e-03
1.0300365965965966097e+01,1.3977249000062506607e-03
1.0330395895895895464e+01,1.2539396817449622711e-03
1.0360425825825824830e+01,1.1108732816717667088e-03
1.0390455755755754197e+01,9.6853244962485690768e-04
1.0420485685685685340e+01,8.2692385763523065280e-04
1.0450515615615614706e+01,6.8605410104463258273e-04
1.0480545545545544073e+01,5.4592964869930337736e-04
1.0510575475475475216e+01,4.0655664911417400747e-04
1.0540605405405404582e+01,2.6794110628711409429e-04
1.0570635335335333949e+01,1.3008895597292901040e-04
1.0600665265265265091e+01,-6.9939333336186175632e-06
1.0630695195195194458e+01,-1.4330175944779347322e-04
1.0660725125125123824e+01,-2.7882878597030962258e-04
1.0690755055055054967e+01,-4.1356945327013385329e-04
1.0720784984984984334e+01,-5.4751852788809704346e-04
1.0750814914914913700e+01,-6.8067087271179885048e-04
1.0780844844844844843e+01,-8.1302140786632852779e-04
1.0810874774774774210e+01,-9.4456510991928457812e-04
1.0840904704704703576e+01,-1.0752970110990765339e-03
1.0870934634634634719e+01,-1.2052122004630879629e-03
1.0900964564564564085e+01,-1.3343059774115315248e-03
1.0930994494494493452e+01,-1.4625739609874567095e-03
1.0961024424424422818e+01,-1.5900118446262373386e-03
1.0991054354354353961e+01,-1.7166153688291097262e-03
1.1021084284284283328e+01,-1.8423803205219180506e-03
1.1051114214214212694e+01,-1.9673025324244016419e-03
1.1081144144144143837e+01,-2.0913778841193503798e-03
1.1111174074074073204e+01,-2.2146024611249068986e-03
1.1141204004004002570e+01,-2.3369726832177212077e-03
1.1171233933933933713e+01,-2.4584850394432770405e-03
1.1201263863863863079e+01,-2.5791360564976872731e-03
1.1231293793793792446e+01,-2.6989222982243894940e-03
1.1261323723723723589e+01,-2.8178403651188347473e-03
1.1291353653653652955e+01,-2.9358868939860995224e-03
1.1321383583583582322e+01,-3.0530586771646888930e-03
1.1351413513513513465e+01,-3.1693528770318697176e-03
1.1381443443443442831e+01,-3.2847667443957704464e-03
1.1411473373373372198e+01,-3.3992975590031453310e-03
1.1441503303303303340e+01,-3.5129426291595927147e-03
1.1471533233233232707e+01,-3.6256992913557225568e-03
1.1501563163163162073e+01,-3.7375649098992549772e-03
1.1531593093093093216e+01,-3.8485369269497453175e-03
1.1561623023023022583e+01,-3.9586131552376332271e-03
1.1591652952952951949e+01,-4.0677915738260060977e-03
1.1621682882882881316e+01,-4.1760701831518578717e-03
1.1651712812812812459e+01,-4.2834470042660589828e-03
1.1681742742742741825e+01,-4.3899200785683821155e-03
1.1711772672672671192e+01,-4.4954874675466527031e-03
1.1741802602602602335e+01,-4.6001472579638427382e-03
1.1771832532532531701e+01,-4.7038977832790981187e-03
1.1801862462462461068e+01,-4.8067376978986288069e-03
1.1831892392392392210e+01,-4.9086656911495121780e-03
1.1861922322322321577e+01,-5.0096804656313310977e-03
1.1891952252252250943e+01,-5.1097807370486343290e-03
1.1921982182182182086e+01,-5.2089652340458619806e-03
1.1952012112112111453e+01,-5.3072326980447767641e-03
1.1982042042042040819e+01,-5.4045819334088184352e-03
1.2012071971971971962e+01,-5.5010121191072236524e-03
1.2042101901901901329e+01,-5.5965226012315129681e-03
1.2072131831831830695e+01,-5.6911127330615705541e-03
1.2102161761761761838e+01,-5.7847818742962856670e-03
1.2132191691691691204e+01,-5.8775293909740936385e-03
1.2162221621621620571e+01,-5.9693546553947459191e-03
1.2192251551551549937e+01,-6.0602570460908805616e-03
1.2222281481481481080e+01,-6.1502360699170434064e-03
1.2252311411411410447e+01,-6.2392916235082165194e-03
1.2282341341341339813e+01,-6.3274236801160593791e-03
1.2312371271271270956e+01,-6.4146322132531876509e-03
1.2342401201201200323e+01,-6.5009171966899847658e-03
1.2372431131131129689e+01,-6.5862786044515019696e-03
1.2402461061061060832e+01,-6.6707164108143635756e-03
1.2432490990990990198e+01,-6.7542305911107046110e-03
1.2462520920920919565e+01,-6.8368212882170004835e-03
1.2492550850850850708e+01,-6.9184890143871233259e-03
1.2522580780780780074e+01,-6.9992343267542781599e-03
1.2552610710710709441e+01,-7.0790577771203131233e-03
1.2582640640640640584e+01,-7.1579599120193205045e-03
1.2612670570570569950e+01,-7.2359412727803339854e-03
1.2642700500500499317e+01,-7.3130023955891671969e-03
1.2672730430430430459e+01,-7.3891438120428781788e-03
1.2702760360360359826e+01,-7.4643662049936965533e-03
1.2732790290290289192e+01,-7.5386706284322722860e-03
1.2762820220220218559e+01,-7.6120581823342142389e-03
1.2792850150150149702e+01,-7.6845299563468175488e-03
1.2822880080080079068e+01,-7.7560870299099634456e-03
1.2852910010010008435e+01,-7.8267304723754135831e-03
1.2882939939939939578e+01,-7.8964613431243470959e-03
1.2912969869869868944e+01,-7.9652806916833129858e-03
1.2942999799799798311e+01,-8.0331896515298192862e-03
1.2973029729729729453e+01,-8.1001897373786987261e-03
1.3003059659659658820e+01,-8.1662825523176156561e-03
1.3033089589589588186e+01,-8.2314696846597125435e-03
1.3063119519519519329e+01,-8.2957527081130837815e-03
1.3093149449449448696e+01,-8.3591331819482181387e-03
1.3123179379379378062e+01,-8.4216126511632363738e-03
1.3153209309309309205e+01,-8.4831926466467835052e-03
1.3183239239239238572e+01,-8.5438747107168984407e-03
1.3213269169169167938e+01,-8.6036606975030856248e-03
1.3243299099099099081e+01,-8.6625526700027394994e-03
1.3273329029029028447e+01,-8.7205526770809081716e-03
1.3303358958958957814e+01,-8.7776627491028651196e-03
1.3333388888888887180e+01,-8.8338848981424477474e-03
1.3363418818818818323e+01,-8.8892211181875752796e-03
1.3393448748748747690e+01,-8.9436733853429876279e-03
1.3423478678678677056e+01,-8.9972436582494534629e-03
1.3453508608608608199e+01,-9.0499340155373031447e-03
1.3483538538538537566e+01,-9.1017468888665350318e-03
1.3513568468468466932e+01,-9.1526847504403083255e-03
1.3543598398398398075e+01,-9.2027500505355193383e-03
1.3573628328328327441e+01,-9.2519452177453609387e-03
1.3603658258258256808e+01,-9.3002726592186536758e-03
1.3633688188188187951e+01,-9.3477347608960110331e-03
1.3663718118118117317e+01,-9.3943338877428995276e-03
1.3693748048048046684e+01,-9.4400723930290354052e-03
1.3723777977977977827e+01,-9.4849528627161949768e-03
1.3753807907907907193e+01,-9.5289781411281235246e-03
1.3783837837837836560e+01,-9.5721510624414002377e-03
1.3813867767767767702e+01,-9.6144744361877643168e-03
1.3843897697697697069e+01,-9.6559510475214185149e-03
1.3873927627627626435e+01,-9.6965836574828476180e-03
1.3903957557557555802e+01,-9.7363750032592316641e-03
1.3933987487487486945e+01,-9.7753277984414695123e-03
1.3964017417417416311e+01,-9.8134447547133605433e-03
1.3994047347347345678e+01,-9.8507288578920815941e-03
1.4024077277277276821e+01,-9.8871832856469669265e-03
1.4054107207207206187e+01,-9.9228111934686578921e-03
1.4084137137137135554e+01,-9.9576157099354866559e-03
1.4114167067067066696e+01,-9.9915999369997871016e-03
1.4144196996996996063e+01,-1.0024766950270519450e-02
1.4174226926926925429e+01,-1.0057119799292350837e-02
1.4204256856856856572e+01,-1.0088661507821174504e-02
1.4234286786786785939e+01,-1.0119395093552136303e-02
1.4264316716716715305e+01,-1.0149323831893852441e-02
1.4294346646646646448e+01,-1.0178451184516644837e-02
1.4324376576576575815e+01,-1.0206780589340691198e-02
1.4354406506506505181e+01,-1.0234315455517150814e-02
1.4384436436436436324e+01,-1.0261059163728505905e-02
1.4414466366366365691e+01,-1.0287015066485046683e-02
1.4444496296296295057e+01,-1.0312186488417772467e-02
1.4474526226226226200e+01,-1.0336576726567570095e-02
1.4504556156156155566e+01,-1.0360189056830530416e-02
1.4534586086086084933e+01,-1.0383026941733765683e-02
1.4564616016016014299e+01,-1.0405094078524900272e-02
1.4594645945945945442e+01,-1.0426394150264646499e-02
1.4624675875875874809e+01,-1.0446930809762897466e-02
1.4654705805805804175e+01,-1.0466707679888706539e-02
1.4684735735735735318e+01,-1.0485728353876400121e-02
1.4714765665665664685e+01,-1.0503996395627971175e-02
1.4744795595595594051e+01,-1.0521515340011788203e-02
1.4774825525525525194e+01,-1.0538288693170144369e-02
1.4804855455455454560e+01,-1.0554320025566225200e-02
1.4834885385385383927e+01,-1.0569613193876987653e-02
1.4864915315315315070e+01,-1.0584172090466354224e-02
1.4894945245245244436e+01,-1.0598000576308420906e-02
1.4924975175175173803e+01,-1.0611102481303260128e-02
1.4955005105105104946e+01,-1.0623481604588896898e-02
1.4985035035035034312e+01,-1.0635141714849546610e-02
1.5015064964964963679e+01,-1.0646086550620152689e-02
1.5045094894894894821e+01,-1.0656319820587281319e-02
1.5075124824824824188e+01,-1.0665845213635666636e-02
1.5105154754754753554e+01,-1.0674666606120925341e-02
1.5135184684684682921e+01,-1.0682788056208165212e-02
1.5165214614614614064e+01,-1.0690213598851269414e-02
1.5195244544544543430e+01,-1.0696947237107467393e-02
1.5225274474474472797e+01,-1.0702992942451883610e-02
1.5255304404404403940e+01,-1.0708354655088413859e-02
1.5285334334334333306e+01,-1.0713036284256851130e-02
1.5315364264264262673e+01,-1.0717041708536500372e-02
1.5345394194194193815e+01,-1.0720374776146171167e-02
1.5375424124124123182e+01,-1.0723039337789586414e-02
1.5405454054054052548e+01,-1.0725039475041078102e-02
1.5435483983983983691e+01,-1.0726379363070756914e-02
1.5465513913913913058e+01,-1.0727063145421185733e-02
1.5495543843843842424e+01,-1.0727094933514653985e-02
1.5525573773773773567e+01,-1.0726478806963807636e-02
1.5555603703703702934e+01,-1.0725218813878703919e-02
1.5585633633633632300e+01,-1.0723318971170285596e-02
1.5615663563563563443e+01,-1.0720783264850378830e-02
1.5645693493493492809e+01,-1.0717615650328228549e-02
1.5675723423423422176e+01,-1.0713820093107614267e-02
1.5705753353353351542e+01,-1.0709400780431052244e-02
1.5735783283283282685e+01,-1.0704361964593725118e-02
1.5765813213213212052e+01,-1.0698707865698009814e-02
1.5795843143143141418e+01,-1.0692442671754461003e-02
1.5825873073073072561e+01,-1.0685570538986272418e-02
1.5855903003003001928e+01,-1.0678095592130293010e-02
1.5885932932932931294e+01,-1.0670021924734643046e-02
1.5915962862862862437e+01,-1.0661353599452923213e-02
1.5945992792792791803e+01,-1.0652094648335141622e-02
1.5976022722722721170e+01,-1.0642249097314206499e-02
1.6006052652652652313e+01,-1.0631821160094550097e-02
1.6036082582582579903e+01,-1.0620815134216435305e-02
1.6066112512512511046e+01,-1.0609235286146203800e-02
1.6096142442442442189e+01,-1.0597085850511101662e-02
1.6126172372372369779e+01,-1.0584371030395717597e-02
1.6156202302302300922e+01,-1.0571094997635132121e-02
1.6186232232232232064e+01,-1.0557261893104805464e-02
1.6216262162162159655e+01,-1.0542875827007242365e-02
1.6246292092092090797e+01,-1.0527940879155454554e-02
1.6276322022022021940e+01,-1.0512461103567490375e-02
1.6306351951951949530e+01,-1.0496440666276888806e-02
1.6336381881881880673e+01,-1.0479883873136090072e-02
1.6366411811811811816e+01,-1.0462795008503625316e-02
1.6396441741741739406e+01,-1.0445178325350971266e-02
1.6426471671671670549e+01,-1.0427038045549440540e-02
1.6456501601601601692e+01,-1.0408378360153977202e-02
1.6486531531531529282e+01,-1.0389203429683781243e-02
1.6516561461461460425e+01,-1.0369517384399905974e-02
1.6546591391391391568e+01,-1.0349324324579842194e-02
1.6576621321321319158e+01,-1.0328628320789125586e-02
1.6606651251251250301e+01,-1.0307433452283024794e-02
1.6636681181181181444e+01,-1.0285743963259454808e-02
1.6666711111111109034e+01,-1.0263564129112256670e-02
1.6696741041041040177e+01,-1.0240898194503347471e-02
1.6726770970970971320e+01,-1.0217750373612511858e-02
1.6756800900900898910e+01,-1.0194124850410541186e-02
1.6786830830830830052e+01,-1.0170025778929435781e-02
1.6816860760760761195e+01,-1.0145457283529713682e-02
1.6846890690690688785e+01,-1.0120423459164865770e-02
1.6876920620620619928e+01,-1.0094928371642979820e-02
1.6906950550550551071e+01,-1.0068976058260901627e-02
1.6936980480480478661e+01,-1.0042570602549984529e-02
1.6967010410410409804e+01,-1.0015716223693217624e-02
1.6997040340340340947e+01,-9.9884171329493592895e-03
1.7027070270270268537e+01,-9.9606775118682832487e-03
1.7057100200200199680e+01,-9.9325015125525002724e-03
1.7087130130130130823e+01,-9.9038932579159199426e-03
1.7117160060060058413e+01,-9.8748568419399010421e-03
1.7147189989989989556e+01,-9.8453963299265732229e-03
1.7177219919919917146e+01,-9.8155157587495687338e-03
1.7207249849849848289e+01,-9.7852191371020410399e-03
1.7237279779779779432e+01,-9.7545104466067959065e-03
1.7267309709709707022e+01,-9.7233937184122952446e-03
1.7297339639639638165e+01,-9.6918730926362703371e-03
1.7327369569569569308e+01,-9.6599526947620997092e-03
1.7357399499499496898e+01,-9.6276366217232529215e-03
1.7387429429429428041e+01,-9.5949289421498537567e-03
1.7417459359359359183e+01,-9.5618336966126760146e-03
1.7447489289289286774e+01,-9.5283548978646014083e-03
1.7477519219219217916e+01,-9.4944965310796124169e-03
1.7507549149149149059e+01,-9.4602625540893218320e-03
1.7537579079079076649e+01,-9.4256568976170598123e-03
1.7567609009009007792e+01,-9.3906834656175362103e-03
1.7597638938938938935e+01,-9.3553461847593263889e-03
1.7627668868868866525e+01,-9.3196490821507368962e-03
1.7657698798798797668e+01,-9.2835961777176338738e-03
1.7687728728728728811e+01,-9.2471914640860457257e-03
1.7717758658658656401e+01,-9.2104389068135075758e-03
1.7747788588588587544e+01,-9.1733424446180430317e-03
1.7777818518518518687e+01,-9.1359059896048751964e-03
1.7807848448448446277e+01,-9.0981334274908200882e-03
1.7837878378378377420e+01,-9.0600286178263694098e-03
1.7867908308308308563e+01,-9.0215953942156239947e-03
1.7897938238238236153e+01,-8.9828375645339426231e-03
1.7927968168168167296e+01,-8.9437589251923996919e-03
1.7957998098098098438e+01,-8.9043633513734895407e-03
1.7988028028028026029e+01,-8.8646547391906561908e-03
1.8018057957957957171e+01,-8.8246369590081075868e-03
1.8048087887887888314e+01,-8.7843138554307143018e-03
1.8078117817817815904e+01,-8.7436892475179373713e-03
1.8108147747747747047e+01,-8.7027669289956414989e-03
1.8138177677677678190e+01,-8.6615506684658265940e-03
1.8168207607607605780e+01,-8.6200442096142516207e-03
1.8198237537537536923e+01,-8.5782512714160080031e-03
1.8228267467467468066e+01,-8.5361755483390772820e-03
1.8258297397397395656e+01,-8.4938207108126613509e-03
1.8288327327327326799e+01,-8.4511904456586756790e-03
1.8318357257257257942e+01,-8.4082884989401078524e-03
1.8348387187187185532e+01,-8.3651186024824783494e-03
1.8378417117117116675e+01,-8.3216844637203964824e-03
1.8408447047047044265e+01,-8.2779897658965574669e-03
1.8438476976976975408e+01,-8.2340381682586994555e-03
1.8468506906906906551e+01,-8.1898333062547234995e-03
1.8498536836836834141e+01,-8.1453787917258515389e-03
1.8528566766766765284e+01,-8.1006782130979126250e-03
1.8558596696696696426e+01,-8.0557351355708198271e-03
1.8588626626626624017e+01,-8.0105531013061597595e-03
1.8618656556556555159e+01,-7.9651356310363029961e-03
1.8648686486486486302e+01,-7.9194862685892340737e-03
1.8678716416416413892e+01,-7.8736085894140460384e-03
1.8708746346346345035e+01,-7.8275061491761312171e-03
1.8738776276276276178e+01,-7.7811824807482842664e-03
1.8768806206206203768e+01,-7.7346410943930415591e-03
1.8798836136136134911e+01,-7.6878854779432416119e-03
1.8828866066066066054e+01,-7.6409190969809401284e-03
1.8858895995995993644e+01,-7.5937453950145287346e-03
1.8888925925925924787e+01,-7.5463677936542022592e-03
1.8918955855855855930e+01,-7.4987896927857771584e-03
1.8948985785785783520e+01,-7.4510144707428107788e-03
1.8979015715715714663e+01,-7.4030454853529405884e-03
1.9009045645645645806e+01,-7.3548861054040255009e-03
1.9039075575575573396e+01,-7.3065397191454757239e-03
1.9069105505505504539e+01,-7.2580096961002661324e-03
1.9099135435435435681e+01,-7.2092993845995299168e-03
1.9129165365365363272e+01,-7.1604121119488890745e-03
1.9159195295295294414e+01,-7.1113511845932002309e-03
1.9189225225225225557e+01,-7.0621198882798294147e-03
1.9219255155155153147e+01,-7.0127214882203291538e-03
1.9249285085085084290e+01,-6.9631592292505968197e-03
1.9279315015015015433e+01,-6.9134363359896191734e-03
1.9309344944944943023e+01,-6.8635560129966374440e-03
1.9339374874874874166e+01,-6.8135214449560879343e-03
1.9369404804804805309e+01,-6.7633358093193499117e-03
1.9399434734734732899e+01,-6.7130022957828791239e-03
1.9429464664664664042e+01,-6.6625240793383635335e-03
1.9459494594594595185e+01,-6.6119043153789053280e-03
1.9489524524524522775e+01,-6.5611461398499748218e-03
1.9519554454454453918e+01,-6.5102526693990078049e-03
1.9549584384384381508e+01,-6.4592270015236437353e-03
1.9579614314314312651e+01,-6.4080722147185457949e-03
1.9609644244244243794e+01,-6.3567913686209450569e-03
1.9639674174174171384e+01,-6.3053875041547916697e-03
1.9669704104104102527e+01,-6.2538636436735815793e-03
1.9699734034034033670e+01,-6.2022227911019368538e-03
1.9729763963963961260e+01,-6.1504679332247940565e-03
1.9759793893893892403e+01,-6.0986020524716501312e-03
1.9789823823823823545e+01,-6.0466281222853867500e-03
1.9819853753753751135e+01,-5.9945490982502508751e-03
1.9849883683683682278e+01,-5.9423679180650359338e-03
1.9879913613613613421e+01,-5.8900875016781916241e-03
1.9909943543543541011e+01,-5.8377107514216769121e-03
1.9939973473473472154e+01,-5.7852405521435935204e-03
1.9970003403403403297e+01,-5.7326797713396779668e-03
2.0000033333333330887e+01,-5.6800312592835515424e-03
2.0030063263263262030e+01,-5.6272978491558166975e-03
2.0060093193193193173e+01,-5.5744823571720180516e-03
2.0090123123123120763e+01,-5.5215875827094263936e-03
2.0120153053053051906e+01,-5.4686163085330644767e-03
2.0150182982982983049e+01,-5.4155713013297555186e-03
2.0180212912912910639e+01,-5.3624553114798734904e-03
2.0210242842842841782e+01,-5.3092710730169344682e-03
2.0240272772772772925e+01,-5.2560213037488381915e-03
2.0270302702702700515e+01,-5.2027087053780349604e-03
2.0300332632632631658e+01,-5.1493359636206239432e-03
2.0330362562562562800e+01,-5.0959057483244739675e-03
2.0360392492492490391e+01,-5.0424207135862106691e-03
2.0390422422422421533e+01,-4.9888834978671879605e-03
2.0420452352352352676e+01,-4.9352967241085019326e-03
2.0450482282282280266e+01,-4.8816629998449075425e-03
2.0480512212212211409e+01,-4.8279849173177629904e-03
2.0510542142142142552e+01,-4.7742650507520533604e-03
2.0540572072072070142e+01,-4.7205059455567638035e-03
2.0570602002002001285e+01,-4.6667101281071968547e-03
2.0600631931931932428e+01,-4.6128801100467527185e-03
2.0630661861861860018e+01,-4.5590183883950684621e-03
2.0660691791791791161e+01,-4.5051274456542758987e-03
2.0690721721721722304e+01,-4.4512097499143912435e-03
2.0720751651651649894e+01,-4.3972677549577350586e-03
2.0750781581581581037e+01,-4.3433039003624319269e-03
2.0780811511511508627e+01,-4.2893206116050982754e-03
2.0810841441441439770e+01,-4.2353203001625240598e-03
2.0840871371371370913e+01,-4.1813053636125824958e-03
2.0870901301301298503e+01,-4.1272781857342065101e-03
2.0900931231231229646e+01,-4.0732411343131760470e-03
2.0930961161161160788e+01,-4.0191965397804582313e-03
2.0960991091091088379e+01,-3.9651467051543013917e-03
2.0991021021021019521e+01,-3.9110939200904032073e-03
2.1021050950950950664e+01,-3.8570404611608017677e-03
2.1051080880880878254e+01,-3.8029885919471668326e-03
2.1081110810810809397e+01,-3.7489405631333117680e-03
2.1111140740740740540e+01,-3.6948986125969625859e-03
2.1141170670670668130e+01,-3.6408649655006917155e-03
2.1171200600600599273e+01,-3.5868418343820737508e-03
2.1201230530530530416e+01,-3.5328314192431386348e-03
2.1231260460460458006e+01,-3.4788359076390082229e-03
2.1261290390390389149e+01,-3.4248574747657695681e-03
2.1291320320320320292e+01,-3.3708982834645640977e-03
2.1321350250250247882e+01,-3.3169604678621178451e-03
2.1351380180180179025e+01,-3.2630461137609467585e-03
2.1381410110110110168e+01,-3.2091572904164138158e-03
2.1411440040040037758e+01,-3.1552960554752126736e-03
2.1441469969969968901e+01,-3.1014644550566346920e-03
2.1471499899899900043e+01,-3.0476645238332257699e-03
2.1501529829829827634e+01,-2.9938982851106976830e-03
2.1531559759759758776e+01,-2.9401677509071758899e-03
2.1561589689689689919e+01,-2.8864749220318449557e-03
2.1591619619619617509e+01,-2.8328217881628723306e-03
2.1621649549549548652e+01,-2.7792103279246885457e-03
2.1651679479479479795e+01,-2.7256425089646858437e-03
2.1681709409409407385e+01,-2.6721202880292103422e-03
2.1711739339339338528e+01,-2.6186456099292726267e-03
2.1741769269269269671e+01,-2.5652203760228734289e-03
2.1771799199199197261e+01,-2.5118464399217013683e-03
2.1801829129129128404e+01,-2.4585256429973550464e-03
2.1831859059059059547e+01,-2.4052598164901535689e-03
2.1861888988988987137e+01,-2.3520507815787037274e-03
2.1891918918918918280e+01,-2.2989003494488877838e-03
2.1921948848848845870e+01,-2.2458103213623529550e-03
2.1951978778778777013e+01,-2.1927824887243421367e-03
2.1982008708708708156e+01,-2.1398186331510605888e-03
2.2012038638638635746e+01,-2.0869205265364341659e-03
2.2042068568568566889e+01,-2.0340899311183120030e-03
2.2072098498498498031e+01,-1.9813285995441995251e-03
2.2102128428428425622e+01,-1.9286382749363853873e-03
2.2132158358358356764e+01,-1.8760206898319350087e-03
2.2162188288288287907e+01,-1.8234775300115903859e-03
2.2192218218218215497e+01,-1.7710104270093321357e-03
2.2222248148148146640e+01,-1.7186210008431055708e-03
2.2252278078078077783e+01,-1.6663108627858777382e-03
2.2282308008008005373e+01,-1.6140816154245462427e-03
2.2312337937937936516e+01,-1.5619348527183751427e-03
2.2342367867867867659e+01,-1.5098721600570106077e-03
2.2372397797797795249e+01,-1.4578951143179796294e-03
2.2402427727727726392e+01,-1.4060052839237188391e-03
2.2432457657657657535e+01,-1.3542042288982086753e-03
2.2462487587587585125e+01,-1.3024935009230910379e-03
2.2492517517517516268e+01,-1.2508746433933435032e-03
2.2522547447447447411e+01,-1.1993491914725573719e-03
2.2552577377377375001e+01,-1.1479186721095634757e-03
2.2582607307307306144e+01,-1.0965845806570819355e-03
2.2612637237237237287e+01,-1.0453483412125839924e-03
2.2642667167167164877e+01,-9.9421135975078975787e-04
2.2672697097097096020e+01,-9.4317503479756249068e-04
2.2702727027027027162e+01,-8.9224075747920770368e-04
2.2732756956956954753e+01,-8.4140991157132959035e-04
2.2762786886886885895e+01,-7.9068387354730115032e-04
2.2792816816816817038e+01,-7.4006401262640330793e-04
2.2822846746746744628e+01,-6.8955169082153100046e-04
2.2852876676676675771e+01,-6.3914826298652380708e-04
2.2882906606606606914e+01,-5.8885507686317652143e-04
2.2912936536536534504e+01,-5.3867347312782699366e-04
2.2942966466466465647e+01,-4.8860478543757762063e-04
2.2972996396396396790e+01,-4.3865034047620951900e-04
2.3003026326326324380e+01,-3.8881145486297603517e-04
2.3033056256256255523e+01,-3.3908938339955910874e-04
2.3063086186186186666e+01,-2.8948532755756600223e-04
2.3093116116116114256e+01,-2.4000048106240196933e-04
2.3123146046046045399e+01,-1.9063603143831050080e-04
2.3153175975975972989e+01,-1.4139316004863023910e-04
2.3183205905905904132e+01,-9.2273042135648081739e-05
2.3213235835835835275e+01,-4.3276846860234726116e-05
2.3243265765765762865e+01,5.5942626588886610378e-06
2.3273295695695694008e+01,5.4339129306185553322e-05
2.3303325625625625150e+01,1.0295660193058986647e-04
2.3333355555555552741e+01,1.5144553530714154749e-04
2.3363385485485483883e+01,1.9980479009891873119e-04
2.3393415415415415026e+01,2.4803323281921105551e-04
2.3423445345345342616e+01,2.9612973579403573630e-04
2.3453475275275273759e+01,3.4409318379407648897e-04
2.3483505205205204902e+01,3.9192253453562881944e-04
2.3513535135135132492e+01,4.3961678999721552630e-04
2.3543565065065063635e+01,4.8717495772621050671e-04
2.3573594994994994778e+01,5.3459605032703271833e-04
2.3603624924924922368e+01,5.8187908542899394702e-04
2.3633654854854853511e+01,6.2902308565439019484e-04
2.3663684784784784654e+01,6.7602707858678936278e-04
2.3693714714714712244e+01,7.2289009673960548819e-04
2.3723744644644643387e+01,7.6961117752491503032e-04
2.3753774574574574530e+01,8.1618936322245801227e-04
2.3783804504504502120e+01,8.6262370094892647666e-04
2.3813834434434433263e+01,9.0891324262748084042e-04
2.3843864364364364405e+01,9.5505704495745153988e-04
2.3873894294294291996e+01,1.0010541693843150873e-03
2.3903924224224223138e+01,1.0469036856047640033e-03
2.3933954154154154281e+01,1.0926047292672139491e-03
2.3963984084084081871e+01,1.1381564922010544132e-03
2.3994014014014013014e+01,1.1835581719178680984e-03
2.4024043943943944157e+01,1.2288089699416461682e-03
2.4054073873873871747e+01,1.2739080917837598741e-03
2.4084103803803802890e+01,1.3188547469181154115e-03
2.4114133733733734033e+01,1.3636481487564516748e-03
2.4144163663663661623e+01,1.4082875146238643931e-03
2.4174193593593592766e+01,1.4527720657345176165e-03
2.4204223523523523909e+01,1.4971010271674861734e-03
2.4234253453453451499e+01,1.5412736278428247269e-03
2.4264283383383382642e+01,1.5852891004978144230e-03
2.4294313313313310232e+01,1.6291466816633361735e-03
2.4324343243243241375e+01,1.6728456116404933057e-03
2.4354373173173172518e+01,1.7163851345186587581e-03
2.4384403103103100108e+01,1.7597645269235540847e-03
2.4414433033033031251e+01,1.8029831481360340112e-03
2.4444462962962962393e+01,1.8460403740394768727e-03
2.4474492892892889984e+01,1.8889355835803960364e-03
2.4504522822822821126e+01,1.9316681587496875409e-03
2.4534552752752752269e+01,1.9742374845639698924e-03
2.4564582682682679859e+01,2.0166429490471012367e-03
2.4594612612612611002e+01,2.0588839432118376943e-03
2.4624642542542542145e+01,2.1009598610415777808e-03
2.4654672472472469735e+01,2.1428700994722870224e-03
2.4684702402402400878e+01,2.1846140583745500725e-03
2.4714732332332332021e+01,2.2261911405357152037e-03
2.4744762262262259611e+01,2.2676007516422109697e-03
2.4774792192192190754e+01,2.3088423002619869011e-03
2.4804822122122121897e+01,2.3499151978270452733e-03
2.4834852052052049487e+01,2.3908188598362892577e-03
2.4864881981981980630e+01,2.4315527547715738189e-03
2.4894911911911911773e+01,2.4721164204149158848e-03
2.4924941841841839363e+01,2.5125094014008635124e-03
2.4954971771771770506e+01,2.5527312445558602953e-03
2.4985001701701701649e+01,2.5927814988850462867e-03
2.5015031631631629239e+01,2.6326597155591950974e-03
2.5045061561561560382e+01,2.6723654479017429353e-03
2.5075091491491491524e+01,2.7118982513758727211e-03
2.5105121421421419114e+01,2.7512576835717287432e-03
2.5135151351351350257e+01,2.7904433041937241194e-03
2.5165181281281281400e+01,2.8294546750479020354e-03
2.5195211211211208990e+01,2.8682913600294192812e-03
2.5225241141141140133e+01,2.9069529251101295340e-03
2.5255271071071071276e+01,2.9454389383262087089e-03
2.5285301001000998866e+01,2.9837489697659073766e-03
2.5315330930930930009e+01,3.0218825924247382127e-03
2.5345360860860861152e+01,3.0598394279629519306e-03
2.5375390790790788742e+01,3.0976191691304420968e-03
2.5405420720720719885e+01,3.1352215157568110587e-03
2.5435450650650647475e+01,3.1726461690892091005e-03
2.5465480580580578618e+01,3.2098928317840077704e-03
2.5495510510510509761e+01,3.2469612078984745086e-03
2.5525540440440437351e+01,3.2838510028825431200e-03
2.5555570370370368494e+01,3.3205619235706440931e-03
2.5585600300300299637e+01,3.3570936781735514001e-03
2.5615630230230227227e+01,3.3934459762703325127e-03
2.5645660160160158370e+01,3.4296185288003469896e-03
2.5675690090090089512e+01,3.4656110480552693512e-03
2.5705720020020017103e+01,3.5014232476711952199e-03
2.5735749949949948245e+01,3.5370548426208211872e-03
2.5765779879879879388e+01,3.5725055492056181743e-03
2.5795809809809806978e+01,3.6077750850481210207e-03
2.5825839739739738121e+01,3.6428631889564425973e-03
2.5855869669669669264e+01,3.6777696813657784723e-03
2.5885899599599596854e+01,3.7124944038819302806e-03
2.5915929529529527997e+01,3.7470371988448610868e-03
2.5945959459459459140e+01,3.7813979093244310010e-03
2.5975989389389386730e+01,3.8155763791161800662e-03
2.6006019319319317873e+01,3.8495724527371636206e-03
2.6036049249249249016e+01,3.8833859754217538336e-03
2.6066079179179176606e+01,3.9170167931175305792e-03
2.6096109109109107749e+01,3.9504647524811814172e-03
2.6126139039039038892e+01,3.9837297008744072119e-03
2.6156168968968966482e+01,4.0168114863598858646e-03
2.6186198898898897625e+01,4.0497099576972638013e-03
2.6216228828828828767e+01,4.0824249643391444242e-03
2.6246258758758756358e+01,4.1149563564271277386e-03
2.6276288688688687500e+01,4.1473039847878959488e-03
2.6306318618618618643e+01,4.1794677016050484422e-03
2.6336348548548546233e+01,4.2114474026498979059e-03
2.6366378478478477376e+01,4.2432430520330114213e-03
2.6396408408408408519e+01,4.2748546200289108329e-03
2.6426438338338336109e+01,4.3062820770472373319e-03
2.6456468268268267252e+01,4.3375253936319899117e-03
2.6486498198198198395e+01,4.3685845404607412737e-03
2.6516528128128125985e+01,4.3994594883438979671e-03
2.6546558058058057128e+01,4.4301502082239527236e-03
2.6576587987987988271e+01,4.4606566711747255155e-03
2.6606617917917915861e+01,4.4909788484006228290e-03
2.6636647847847847004e+01,4.5211167112359220907e-03
2.6666677777777774594e+01,4.5510702311440075218e-03
2.6696707707707705737e+01,4.5808393797166771164e-03
2.6726737637637636880e+01,4.6104241286733923730e-03
2.6756767567567564470e+01,4.6398244498605809363e-03
2.6786797497497495613e+01,4.6690403152509244930e-03
2.6816827427427426755e+01,4.6980716976307507551e-03
2.6846857357357354346e+01,4.7269186116863388253e-03
2.6876887287287285488e+01,4.7555811370329553397e-03
2.6906917217217216631e+01,4.7840593585515671371e-03
2.6936947147147144221e+01,4.8123533607446356691e-03
2.6966977077077075364e+01,4.8404632277382281594e-03
2.6997007007007006507e+01,4.8683890432840914650e-03
2.7027036936936934097e+01,4.8961308907617458880e-03
2.7057066866866865240e+01,4.9236888531805599045e-03
2.7087096796796796383e+01,4.9510630131817797914e-03
2.7117126726726723973e+01,4.9782534530405774670e-03
2.7147156656656655116e+01,5.0052602546680870568e-03
2.7177186586586586259e+01,5.0320834996134015601e-03
2.7207216516516513849e+01,5.0587232690655643125e-03
2.7237246446446444992e+01,5.0851796438555864691e-03
2.7267276376376376135e+01,5.1114527044583803542e-03
2.7297306306306303725e+01,5.1375425309947318417e-03
2.7327336236236234868e+01,5.1634492032332744704e-03
2.7357366166166166010e+01,5.1891728189848969691e-03
2.7387396096096093601e+01,5.2147135474015504641e-03
2.7417426026026024743e+01,5.2400715743976082617e-03
2.7447455955955955886e+01,5.2652470850738054484e-03
2.7477485885885883476e+01,5.2902402637217014678e-03
2.7507515815815814619e+01,5.3150512938280975936e-03
2.7537545745745745762e+01,5.3396803580794093003e-03
2.7567575675675673352e+01,5.3641276383660412355e-03
2.7597605605605604495e+01,5.3883933157867162228e-03
2.7627635535535535638e+01,5.4124775706527669672e-03
2.7657665465465463228e+01,5.4363805824924164856e-03
2.7687695395395394371e+01,5.4601025300550394548e-03
2.7717725325325325514e+01,5.4836435913153550384e-03
2.7747755255255253104e+01,5.5070039434776327236e-03
2.7777785185185184247e+01,5.5301837629798669335e-03
2.7807815115115111837e+01,5.5531832254978883215e-03
2.7837845045045042980e+01,5.5760025059495045563e-03
2.7867874974974974123e+01,5.5986417792122109352e-03
2.7897904904904901713e+01,5.6211012579765896185e-03
2.7927934834834832856e+01,5.6433812114329373957e-03
2.7957964764764763999e+01,5.6654819122896283787e-03
2.7987994694694691589e+01,5.6874036320846178827e-03
2.8018024624624622732e+01,5.7091466411917169213e-03
2.8048054554554553874e+01,5.7307112088268233330e-03
2.8078084484484481465e+01,5.7520976030541104071e-03
2.8108114414414412607e+01,5.7733060907921868871e-03
2.8138144344344343750e+01,5.7943369378202014622e-03
2.8168174274274271340e+01,5.8151904087839186366e-03
2.8198204204204202483e+01,5.8358667672017607714e-03
2.8228234134134133626e+01,5.8563662754707980843e-03
2.8258264064064061216e+01,5.8766891948726978842e-03
2.8288293993993992359e+01,5.8968357855796738054e-03
2.8318323923923923502e+01,5.9168063066603344274e-03
2.8348353853853851092e+01,5.9366010160855475081e-03
2.8378383783783782235e+01,5.9562201707342504395e-03
2.8408413713713713378e+01,5.9756640270490005151e-03
2.8438443643643640968e+01,5.9949328761257584391e-03
2.8468473573573572111e+01,6.0140270613966402904e-03
2.8498503503503503254e+01,6.0329469292485400633e-03
2.8528533433433430844e+01,6.0516928246098803876e-03
2.8558563363363361987e+01,6.0702650909582973535e-03
2.8588593293293293129e+01,6.0886640703282386006e-03
2.8618623223223220720e+01,6.1068901033185466615e-03
2.8648653153153151862e+01,6.1249435290999902637e-03
2.8678683083083083005e+01,6.1428246854227245080e-03
2.8708713013013010595e+01,6.1605339086237276280e-03
2.8738742942942941738e+01,6.1780715336341935143e-03
2.8768772872872872881e+01,6.1954378939868496451e-03
2.8798802802802800471e+01,6.2126333218232706809e-03
2.8828832732732731614e+01,6.2296581479011087917e-03
2.8858862662662662757e+01,6.2465127016012944941e-03
2.8888892592592590347e+01,6.2631973109351958551e-03
2.8918922522522521490e+01,6.2797123025517403994e-03
2.8948952452452452633e+01,6.2960580017444563519e-03
2.8978982382382380223e+01,6.3122347466612995295e-03
2.9009012312312311366e+01,6.3282429318998380946e-03
2.9039042242242238956e+01,6.3440829651522281235e-03
2.9069072172172170099e+01,6.3597552524259698056e-03
2.9099102102102101242e+01,6.3752601980525715197e-03
2.9129132032032028832e+01,6.3905982046962130430e-03
2.9159161961961959975e+01,6.4057696733623098809e-03
2.9189191891891891117e+01,6.4207750034060593822e-03
2.9219221821821818708e+01,6.4356145925409122613e-03
2.9249251751751749850e+01,6.4502888368470137626e-03
2.9279281681681680993e+01,6.4647981307795580885e-03
2.9309311611611608583e+01,6.4791428671771358894e-03
2.9339341541541539726e+01,6.4933234372699932813e-03
2.9369371471471470869e+01,6.5073402306882579052e-03
2.9399401401401398459e+01,6.5211936354701068724e-03
2.9429431331331329602e+01,6.5348840380699043523e-03
2.9459461261261260745e+01,6.5484118233662515565e-03
2.9489491191191188335e+01,6.5617773746700271825e-03
2.9519521121121119478e+01,6.5749810740387730837e-03
2.9549551051051050621e+01,6.5880233286782878543e-03
2.9579580980980978211e+01,6.6009045911541650020e-03
2.9609610910910909354e+01,6.6136253169790746448e-03
2.9639640840840840497e+01,6.6261859598196210658e-03
2.9669670770770768087e+01,6.6385869715057214957e-03
2.9699700700700699230e+01,6.6508288020398773424e-03
2.9729730630630630372e+01,6.6629118996063985830e-03
2.9759760560560557963e+01,6.6748367105805882574e-03
2.9789790490490489105e+01,6.6866036795378549704e-03
2.9819820420420420248e+01,6.6982132492627716180e-03
2.9849850350350347838e+01,6.7096658607580872760e-03
2.9879880280280278981e+01,6.7209619532536931177e-03
2.9909910210210210124e+01,6.7321019642154929230e-03
2.9939940140140137714e+01,6.7430863293542787906e-03
2.9969970070070068857e+01,6.7539154826345149107e-03
3.0000000000000000000e+01,6.7645898562830675607e-03
