1.0000000000000000479e-04,1.7340158608629603453e-27
1.0384722771622945103e-01,1.1684577023718619862e-12
2.0759445543245888532e-01,3.6643671818500478167e-11
3.1134168314868831962e-01,2.7318887895139899795e-10
4.1508891086491778166e-01,1.1307102291424735508e-09
5.1883613858114718820e-01,3.3897357404705515842e-09
6.2258336629737665024e-01,8.2864270746802374032e-09
7.2633059401360611229e-01,1.7595860970013028147e-08
8.3007782172983557434e-01,3.3704286341790407490e-08
9.3382504944606503638e-01,5.9671033157424930583e-08
1.0375722771622943874e+00,9.9280720168576302777e-08
1.1413195048785238495e+00,1.5708638154232349880e-07
1.2450667325947533115e+00,2.3844410419842431790e-07
1.3488139603109827735e+00,3.4953974361349258259e-07
1.4525611880272122356e+00,4.9740824958965421026e-07
1.5563084157434416976e+00,6.8994615334916664988e-07
1.6600556434596711597e+00,9.3591764080161667623e-07
1.7638028711759006217e+00,1.2449547849962092438e-06
1.8675500988921300838e+00,1.6275522553431732940e-06
1.9712973266083595458e+00,2.0950570798235463247e-06
2.0750445543245890079e+00,2.6596537594197393420e-06
2.1787917820408186920e+00,3.3343451256915415148e-06
2.2825390097570479320e+00,4.1329293942882956736e-06
2.3862862374732776161e+00,5.0699737286084789752e-06
2.4900334651895068561e+00,6.1607845438043737176e-06
2.5937806929057365402e+00,7.4213750674783043434e-06
2.6975279206219657802e+00,8.8684302252033365380e-06
2.8012751483381954642e+00,1.0519269434743771266e-05
2.9050223760544247043e+00,1.2391807204464054591e-05
3.0087696037706543883e+00,1.4504512180127222156e-05
3.1125168314868836283e+00,1.6876364619581695202e-05
3.2162640592031133124e+00,1.9526812281666027876e-05
3.3200112869193425524e+00,2.2475726126873477235e-05
3.4237585146355717924e+00,2.5743354121688631641e-05
3.5275057423518014765e+00,2.9350274990599507189e-05
3.6312529700680307165e+00,3.3317351488486929496e-05
3.7350001977842604006e+00,3.7665683166580543021e-05
3.8387474255004896406e+00,4.2416559035980418949e-05
3.9424946532167193247e+00,4.7591410339839288607e-05
4.0462418809329481206e+00,5.3211763441185821251e-05
4.1499891086491773606e+00,5.9299192646351022644e-05
4.2537363363654074888e+00,6.5875273743588318880e-05
4.3574835640816367288e+00,7.2961538719299646907e-05
4.4612307917978659688e+00,8.0579428855460667183e-05
4.5649780195140952088e+00,8.8750251890840788885e-05
4.6687252472303253370e+00,9.7495136361130423021e-05
4.7724724749465545770e+00,1.0683498963365119163e-04
4.8762197026627838170e+00,1.1679045576714671827e-04
4.9799669303790130570e+00,1.2738187386043296821e-04
5.0837141580952422970e+00,1.3862923837148089651e-04
5.1874613858114724252e+00,1.5055216038542572950e-04
5.2912086135277016652e+00,1.6316982986916040593e-04
5.3949558412439309052e+00,1.7650097913823233346e-04
5.4987030689601601452e+00,1.9056384771551980830e-04
5.6024502966763902734e+00,2.0537614847888319386e-04
5.7061975243926195134e+00,2.2095503513183627057e-04
5.8099447521088487534e+00,2.3731707103258009128e-04
5.9136919798250779934e+00,2.5447819946048847546e-04
6.0174392075413081216e+00,2.7245371528799623446e-04
6.1211864352575373616e+00,2.9125823796349918854e-04
6.2249336629737666016e+00,3.1090568593911517906e-04
6.3286808906899958416e+00,3.3140925263972138316e-04
6.4324281184062259697e+00,3.5278138398785115508e-04
6.5361753461224552098e+00,3.7503375697175815595e-04
6.6399225738386844498e+00,3.9817726006120064859e-04
6.7436698015549136898e+00,4.2222197498700510731e-04
6.8474170292711429298e+00,4.4717715930591155245e-04
6.9511642569873730579e+00,4.7305123219585937678e-04
7.0549114847036022979e+00,4.9985175861151610269e-04
7.1586587124198315379e+00,5.2758543870303192119e-04
7.2624059401360607779e+00,5.5625809457626339185e-04
7.3661531678522909061e+00,5.8587466236512499625e-04
7.4699003955685201461e+00,6.1643918148458222948e-04
7.5736476232847493861e+00,6.4795479050696854276e-04
7.6773948510009786261e+00,6.8042371675067106311e-04
7.7811420787172087543e+00,7.1384727792721844146e-04
7.8848893064334379943e+00,7.4822587157021599579e-04
7.9886365341496672343e+00,7.8355897887602522171e-04
8.0923837618658964743e+00,8.1984516225244513047e-04
8.1961309895821266025e+00,8.5708206153357066950e-04
8.2998782172983549543e+00,8.9526640216240453707e-04
8.4036254450145850825e+00,9.3439399453011488805e-04
8.5073726727308152107e+00,9.7445973414234435782e-04
8.6111199004470435625e+00,1.0154576119994456872e-03
8.7148671281632736907e+00,1.0573807201656704961e-03
8.8186143558795020425e+00,1.1002212540298990807e-03
8.9223615835957321707e+00,1.1439705215549066976e-03
9.0261088113119622989e+00,1.1886189546111280025e-03
9.1298560390281906507e+00,1.2341561181711251539e-03
9.2336032667444207789e+00,1.2805707196508920188e-03
9.3373504944606509071e+00,1.3278506182006870329e-03
9.4410977221768792589e+00,1.3759828391890194764e-03
9.5448449498931093871e+00,1.4249535875876875608e-03
9.6485921776093377389e+00,1.4747482614285950357e-03
9.7523394053255678671e+00,1.5253514660289934843e-03
9.8560866330417979952e+00,1.5767470289548234357e-03
9.9598338607580263471e+00,1.6289180156394981926e-03
1.0063581088474256475e+01,1.6818467454066269098e-03
1.0167328316190484827e+01,1.7355148088595870152e-03
1.0271075543906714955e+01,1.7899030856768222142e-03
1.0374822771622945083e+01,1.8449917626299629052e-03
1.0478569999339173435e+01,1.9007603521175953174e-03
1.0582317227055403563e+01,1.9571877111812618737e-03
1.0686064454771633692e+01,2.0142520609701453950e-03
1.0789811682487862043e+01,2.0719310066217985419e-03
1.0893558910204092172e+01,2.1302015575263028718e-03
1.0997306137920320523e+01,2.1890401479430971789e-03
1.1101053365636550652e+01,2.2484226579423780175e-03
1.1204800593352780780e+01,2.3083244346425455321e-03
1.1308547821069009132e+01,2.3687203137193828771e-03
1.1412295048785239260e+01,2.4295846411622645973e-03
1.1516042276501469388e+01,2.4908912952560356181e-03
1.1619789504217697740e+01,2.5526137087677779926e-03
1.1723536731933927868e+01,2.6147248913204494333e-03
1.1827283959650156220e+01,2.6771974519123635169e-03
1.1931031187366386348e+01,2.7400036209755552347e-03
1.2034778415082616476e+01,2.8031152726493767206e-03
1.2138525642798844828e+01,2.8665039478806002456e-03
1.2242272870515074956e+01,2.9301408772799187631e-03
1.2346020098231303308e+01,2.9939970040411211481e-03
1.2449767325947533436e+01,3.0580430069347378126e-03
1.2553514553663763564e+01,3.1222493233623149073e-03
1.2657261781379991916e+01,3.1865861724552726510e-03
1.2761009009096222044e+01,3.2510235774193983402e-03
1.2864756236812452173e+01,3.3155313839268530166e-03
1.2968503464528680524e+01,3.3800792846666611463e-03
1.3072250692244910653e+01,3.4446368438465495461e-03
1.3175997919961139004e+01,3.5091735200958799716e-03
1.3279745147677369133e+01,3.5736586893078204144e-03
1.3383492375393599261e+01,3.6380616655479324634e-03
1.3487239603109827613e+01,3.7023517143009391367e-03
1.3590986830826057741e+01,3.7664980797166010100e-03
1.3694734058542286093e+01,3.8304700101989340270e-03
1.3798481286258516221e+01,3.8942367805854228267e-03
1.3902228513974746349e+01,3.9577677106011725783e-03
1.4005975741690974701e+01,4.0210321728685605169e-03
1.4109722969407204829e+01,4.0839996239585276902e-03
1.4213470197123434957e+01,4.1466396301065057417e-03
1.4317217424839663309e+01,4.2089218869351555444e-03
1.4420964652555893437e+01,4.2708162235242158253e-03
1.4524711880272121789e+01,4.3322926251414114671e-03
1.4628459107988351917e+01,4.3933212656325553933e-03
1.4732206335704582045e+01,4.4538725253534701409e-03
1.4835953563420810397e+01,4.5139169900520140916e-03
1.4939700791137040525e+01,4.5734254758380884359e-03
1.5043448018853268877e+01,4.6323690615477702490e-03
1.5147195246569499005e+01,4.6907190994648316484e-03
1.5250942474285729133e+01,4.7484472111301440078e-03
1.5354689702001957485e+01,4.8055253254106391342e-03
1.5458436929718187614e+01,4.8619257001458271797e-03
1.5562184157434417742e+01,4.9176209163544013642e-03
1.5665931385150646094e+01,4.9725838975548837528e-03
1.5769678612866876222e+01,5.0267879430060374152e-03
1.5873425840583104574e+01,5.0802067266813404067e-03
1.5977173068299334702e+01,5.1328143022987765889e-03
1.6080920296015563054e+01,5.1845851396261147248e-03
1.6184667523731793182e+01,5.2354941265583179039e-03
1.6288414751448023310e+01,5.2855165700699145367e-03
1.6392161979164253438e+01,5.3346282292170803252e-03
1.6495909206880483566e+01,5.3828053169796214253e-03
1.6599656434596710142e+01,5.4300245043760108840e-03
1.6703403662312940270e+01,5.4762629465459422909e-03
1.6807150890029170398e+01,5.5214982826020005124e-03
1.6910898117745400526e+01,5.5657086472923472664e-03
1.7014645345461630654e+01,5.6088726853489459870e-03
1.7118392573177857230e+01,5.6509695537599125351e-03
1.7222139800894087358e+01,5.6919789388068806404e-03
1.7325887028610317486e+01,5.7318810549228738430e-03
1.7429634256326547614e+01,5.7706566610853798904e-03
1.7533381484042777743e+01,5.8082870675209494205e-03
1.7637128711759004318e+01,5.8447541297375511793e-03
1.7740875939475234446e+01,5.8800402820672571444e-03
1.7844623167191464574e+01,5.9141285137267541119e-03
1.7948370394907694703e+01,5.9470023929704927956e-03
1.8052117622623924831e+01,5.9786460794481830622e-03
1.8155864850340154959e+01,6.0090442924923678433e-03
1.8259612078056381534e+01,6.0381823747957929366e-03
1.8363359305772611663e+01,6.0660462359733166929e-03
1.8467106533488841791e+01,6.0926223951289215641e-03
1.8570853761205071919e+01,6.1178979852711968396e-03
1.8674600988921302047e+01,6.1418607088358067453e-03
1.8778348216637528623e+01,6.1644989284863269119e-03
1.8882095444353758751e+01,6.1858015607825977619e-03
1.8985842672069988879e+01,6.2057581813793833217e-03
1.9089589899786219007e+01,6.2243589544233642735e-03
1.9193337127502449135e+01,6.2415946553551022655e-03
1.9297084355218675711e+01,6.2574567103872427362e-03
1.9400831582934905839e+01,6.2719370991480725627e-03
1.9504578810651135967e+01,6.2850285020554933282e-03
1.9608326038367366095e+01,6.2967241223168381528e-03
1.9712073266083596224e+01,6.3070178711267278759e-03
1.9815820493799822799e+01,6.3159041966006634894e-03
1.9919567721516052927e+01,6.3233782172463746940e-03
2.0023314949232283055e+01,6.3294356356177637266e-03
2.0127062176948513184e+01,6.3340727632292528546e-03
2.0230809404664743312e+01,6.3372865535402398210e-03
2.0334556632380969887e+01,6.3390745032389185162e-03
2.0438303860097200015e+01,6.3394348034319517385e-03
2.0542051087813430144e+01,6.3383661312715828054e-03
2.0645798315529660272e+01,6.3358678959879064993e-03
2.0749545543245890400e+01,6.3319399505092268526e-03
2.0853292770962120528e+01,6.3265828994599117990e-03
2.0957039998678347104e+01,6.3197977643129552017e-03
2.1060787226394577232e+01,6.3115863216910116085e-03
2.1164534454110807360e+01,6.3019507496577175862e-03
2.1268281681827037488e+01,6.2908939746436649126e-03
2.1372028909543267616e+01,6.2784193138313744431e-03
2.1475776137259494192e+01,6.2645308226460631740e-03
2.1579523364975724320e+01,6.2492329352341422638e-03
2.1683270592691954448e+01,6.2325308155859026477e-03
2.1787017820408184576e+01,6.2144299891177447875e-03
2.1890765048124414704e+01,6.1949367074503776387e-03
2.1994512275840641280e+01,6.1740575591090265939e-03
2.2098259503556871408e+01,6.1517998610153123290e-03
2.2202006731273101536e+01,6.1281712353529168083e-03
2.2305753958989331664e+01,6.1031800394986219713e-03
2.2409501186705561793e+01,6.0768349001043085039e-03
2.2513248414421788368e+01,6.0491451859948303441e-03
2.2616995642138018496e+01,6.0201205015799142198e-03
2.2720742869854248625e+01,5.9897711918017642121e-03
2.2824490097570478753e+01,5.9581078168677694198e-03
2.2928237325286708881e+01,5.9251416548872460829e-03
2.3031984553002939009e+01,5.8908842046761344252e-03
2.3135731780719165585e+01,5.8553476281563987538e-03
2.3239479008435395713e+01,5.8185443486777456770e-03
2.3343226236151625841e+01,5.7804873588578522398e-03
2.3446973463867855969e+01,5.7411899921950195619e-03
2.3550720691584086097e+01,5.7006660198373601198e-03
2.3654467919300312673e+01,5.6589296649536919778e-03
2.3758215147016542801e+01,5.6159954332944978656e-03
2.3861962374732772929e+01,5.5718784026158613837e-03
2.3965709602449003057e+01,5.5265937877306608658e-03
2.4069456830165233185e+01,5.4801574600912682927e-03
2.4173204057881459761e+01,5.4325853487579020898e-03
2.4276951285597689889e+01,5.3838940270284959405e-03
2.4380698513313920017e+01,5.3341001644324143385e-03
2.4484445741030150145e+01,5.2832209361641947060e-03
2.4588192968746380274e+01,5.2312737657778524136e-03
2.4691940196462606849e+01,5.1782763573388875325e-03
2.4795687424178836977e+01,5.1242468631716824035e-03
2.4899434651895067105e+01,5.0692034925944396209e-03
2.5003181879611297234e+01,5.0131650409699643825e-03
2.5106929107327527362e+01,4.9561502683465223987e-03
2.5210676335043753937e+01,4.8981784708980492804e-03
2.5314423562759984065e+01,4.8392690249711139278e-03
2.5418170790476214194e+01,4.7794416031396100286e-03
2.5521918018192444322e+01,4.7187162045039749217e-03
2.5625665245908674450e+01,4.6571128414873630072e-03
2.5729412473624904578e+01,4.5946520403035697941e-03
2.5833159701341131154e+01,4.5313542295007487246e-03
2.5936906929057361282e+01,4.4672402817405500869e-03
2.6040654156773591410e+01,4.4023311365870764975e-03
2.6144401384489821538e+01,4.3366478791484865465e-03
2.6248148612206051666e+01,4.2702119445634069764e-03
2.6351895839922278242e+01,4.2030446488666552488e-03
2.6455643067638508370e+01,4.1351677594454990319e-03
2.6559390295354738498e+01,4.0666029606607175320e-03
2.6663137523070968626e+01,3.9973721486484927248e-03
2.6766884750787198755e+01,3.9274974276828408110e-03
2.6870631978503425330e+01,3.8570007883888817075e-03
2.6974379206219655458e+01,3.7859046162631981164e-03
2.7078126433935885586e+01,3.7142311471275103914e-03
2.7181873661652115715e+01,3.6420028137486518821e-03
2.7285620889368345843e+01,3.5692421824582505792e-03
2.7389368117084572418e+01,3.4959716795853507283e-03
2.7493115344800802546e+01,3.4222140638689060692e-03
2.7596862572517032675e+01,3.3479919229365264974e-03
2.7700609800233262803e+01,3.2733279625112242893e-03
2.7804357027949492931e+01,3.1982450102248215912e-03
2.7908104255665723059e+01,3.1227656975945849646e-03
2.8011851483381949635e+01,3.0469129196438399579e-03
2.8115598711098179763e+01,2.9707094214781962910e-03
2.8219345938814409891e+01,2.8941779361873745322e-03
2.8323093166530640019e+01,2.8173413443237389081e-03
2.8426840394246870147e+01,2.7402222842253772320e-03
2.8530587621963096723e+01,2.6628435441666642274e-03
2.8634334849679326851e+01,2.5852278383024147358e-03
2.8738082077395556979e+01,2.5073977166498949941e-03
2.8841829305111787107e+01,2.4293758847743975211e-03
2.8945576532828017235e+01,2.3511848208552120140e-03
2.9049323760544243811e+01,2.2728469757952981037e-03
2.9153070988260473939e+01,2.1943848265845878470e-03
2.9256818215976704067e+01,2.1158205937568896025e-03
2.9360565443692934195e+01,2.0371765542101741980e-03
2.9464312671409164324e+01,1.9584748618582323298e-03
2.9568059899125390899e+01,1.8797374614547769818e-03
2.9671807126841621027e+01,1.8009863504753198526e-03
2.9775554354557851156e+01,1.7222433025314840601e-03
2.9879301582274081284e+01,1.6435299528367545031e-03
2.9983048809990311412e+01,1.5648679179512887168e-03
3.0086796037706537987e+01,1.4862785539392936885e-03
3.0190543265422768116e+01,1.4077831260234246764e-03
3.0294290493138998244e+01,1.3294027955690571746e-03
3.0398037720855228372e+01,1.2511584647359387957e-03
3.0501784948571458500e+01,1.1730709571460247800e-03
3.0605532176287688628e+01,1.0951609239271600099e-03
3.0709279404003915204e+01,1.0174487729560555051e-03
3.0813026631720145332e+01,9.3995481599137441133e-04
3.0916773859436375460e+01,8.6269914941487931513e-04
3.1020521087152605588e+01,7.8570164191034549354e-04
3.1124268314868835716e+01,7.0898203086120306117e-04
3.1228015542585062292e+01,6.3255981861587483404e-04
3.1331762770301292420e+01,5.5645428631046693450e-04
3.1435509998017522548e+01,4.8068454447525822215e-04
3.1539257225733752676e+01,4.0526946399551126883e-04
3.1643004453449982805e+01,3.3022769013820260251e-04
3.1746751681166209380e+01,2.5557766225110952439e-04
3.1850498908882439508e+01,1.8133758315178776562e-04
3.1954246136598669636e+01,1.0752541730492692657e-04
3.2057993364314903317e+01,3.4158893822996744174e-05
3.2161740592031129893e+01,-3.8744487959273512709e-05
3.2265487819747363574e+01,-1.1116748429536321306e-04
3.2369235047463590149e+01,-1.8309311177880336643e-04
3.2472982275179823830e+01,-2.5450460831881986526e-04
3.2576729502896050406e+01,-3.2538548514728847473e-04
3.2680476730612276981e+01,-3.9571953727477333354e-04
3.2784223958328510662e+01,-4.6549077170532013326e-04
3.2887971186044737237e+01,-5.3468348307597341872e-04
3.2991718413760970918e+01,-6.0328227496811101267e-04
3.3095465641477197494e+01,-6.7127195348848887890e-04
3.3199212869193424069e+01,-7.3863761934085951817e-04
3.3302960096909657750e+01,-8.0536471195893411835e-04
3.3406707324625884326e+01,-8.7143886504559937498e-04
3.3510454552342118006e+01,-9.3684600270145447932e-04
3.3614201780058344582e+01,-1.0015724237351698346e-03
3.3717949007774571157e+01,-1.0656046167741492752e-03
3.3821696235490804838e+01,-1.1289293425712735187e-03
3.3925443463207031414e+01,-1.1915337774012942085e-03
3.4029190690923265095e+01,-1.2534052909336796788e-03
3.4132937918639491670e+01,-1.3145314926185378349e-03
3.4236685146355718246e+01,-1.3749004460313321747e-03
3.4340432374071951926e+01,-1.4345004259341876708e-03
3.4444179601788178502e+01,-1.4933199063837424795e-03
3.4547926829504412183e+01,-1.5513478358326442119e-03
3.4651674057220638758e+01,-1.6085734156819223376e-03
3.4755421284936865334e+01,-1.6649860066704734451e-03
3.4859168512653099015e+01,-1.7205754279715798453e-03
3.4962915740369325590e+01,-1.7753318244722812464e-03
3.5066662968085559271e+01,-1.8292454706248365871e-03
3.5170410195801785846e+01,-1.8823070370568430014e-03
3.5274157423518012422e+01,-1.9345076187290699554e-03
3.5377904651234246103e+01,-1.9858384325652754521e-03
3.5481651878950472678e+01,-2.0362909884003603175e-03
3.5585399106666706359e+01,-2.0858573189402795575e-03
3.5689146334382932935e+01,-2.1345296068371005620e-03
3.5792893562099159510e+01,-2.1823002162832103902e-03
3.5896640789815393191e+01,-2.2291620737347867497e-03
3.6000388017531619766e+01,-2.2751083411600148132e-03
3.6104135245247853447e+01,-2.3201322855573524272e-03
3.6207882472964080023e+01,-2.3642276584429034944e-03
3.6311629700680313704e+01,-2.4073886028428558188e-03
3.6415376928396540279e+01,-2.4496093390152244747e-03
3.6519124156112766855e+01,-2.4908844005668020170e-03
3.6622871383829000536e+01,-2.5312088773667366232e-03
3.6726618611545227111e+01,-2.5705779734961405752e-03
3.6830365839261460792e+01,-2.6089870346710395885e-03
3.6934113066977687367e+01,-2.6464320021070937908e-03
3.7037860294693913943e+01,-2.6829090703936945943e-03
3.7141607522410147624e+01,-2.7184144893021454023e-03
3.7245354750126374199e+01,-2.7529449341041896220e-03
3.7349101977842607880e+01,-2.7864975673229448912e-03
3.7452849205558834456e+01,-2.8190696086633319772e-03
3.7556596433275061031e+01,-2.8506584536428032813e-03
3.7660343660991294712e+01,-2.8812621270682507724e-03
3.7764090888707521287e+01,-2.9108788308316408885e-03
3.7867838116423754968e+01,-2.9395068064188263970e-03
3.7971585344139981544e+01,-2.9671447614651991730e-03
3.8075332571856208119e+01,-2.9937918583386562144e-03
3.8179079799572441800e+01,-3.0194472872274516484e-03
3.8282827027288668376e+01,-3.0441103995429374084e-03
3.8386574255004902056e+01,-3.0677811850911996389e-03
3.8490321482721128632e+01,-3.0904597972258697827e-03
3.8594068710437355207e+01,-3.1121464010894087440e-03
3.8697815938153588888e+01,-3.1328415837099323100e-03
3.8801563165869815464e+01,-3.1525464243546729229e-03
3.8905310393586049145e+01,-3.1712620193969976758e-03
3.9009057621302275720e+01,-3.1889895544176889881e-03
3.9112804849018502296e+01,-3.2057308340832360236e-03
3.9216552076734735977e+01,-3.2214878879069028250e-03
3.9320299304450962552e+01,-3.2362627265706050625e-03
3.9424046532167196233e+01,-3.2500576390984423428e-03
3.9527793759883422808e+01,-3.2628755002839702169e-03
3.9631540987599649384e+01,-3.2747192290077994231e-03
3.9735288215315883065e+01,-3.2855917455295769077e-03
3.9839035443032109640e+01,-3.2954964606917479600e-03
3.9942782670748343321e+01,-3.3044371744713452697e-03
4.0046529898464569897e+01,-3.3124176598739608207e-03
4.0150277126180796472e+01,-3.3194417665546298996e-03
4.0254024353897030153e+01,-3.3255139527470565890e-03
4.0357771581613256728e+01,-3.3306388565576923108e-03
4.0461518809329490409e+01,-3.3348210694586185102e-03
4.0565266037045716985e+01,-3.3380653914501772633e-03
4.0669013264761943560e+01,-3.3403772065957420927e-03
4.0772760492478177241e+01,-3.3417619405375046000e-03
4.0876507720194403817e+01,-3.3422249743487895610e-03
4.0980254947910637497e+01,-3.3417720408164710948e-03
4.1084002175626864073e+01,-3.3404093403115878505e-03
4.1187749403343097754e+01,-3.3381430456787429192e-03
4.1291496631059324329e+01,-3.3349793030801096888e-03
4.1395243858775550905e+01,-3.3309247187062536628e-03
4.1498991086491784586e+01,-3.3259862301745230645e-03
4.1602738314208011161e+01,-3.3201707159232281448e-03
4.1706485541924244842e+01,-3.3134850578870021776e-03
4.1810232769640471417e+01,-3.3059366569913521509e-03
4.1913979997356697993e+01,-3.2975331274647939894e-03
4.2017727225072931674e+01,-3.2882820102826870387e-03
4.2121474452789158249e+01,-3.2781908840338849949e-03
4.2225221680505391930e+01,-3.2672678616970287496e-03
4.2328968908221618506e+01,-3.2555211827670783170e-03
4.2432716135937845081e+01,-3.2429590063240954466e-03
4.2536463363654078762e+01,-3.2295895575020871875e-03
4.2640210591370305337e+01,-3.2154215828430017174e-03
4.2743957819086539018e+01,-3.2004638991973899040e-03
4.2847705046802765594e+01,-3.1847252380339968227e-03
4.2951452274518992169e+01,-3.1682144116704368149e-03
4.3055199502235225850e+01,-3.1509407285064410138e-03
4.3158946729951452426e+01,-3.1329135351005547687e-03
4.3262693957667686107e+01,-3.1141420883833920499e-03
4.3366441185383912682e+01,-3.0946357230013051866e-03
4.3470188413100139257e+01,-3.0744042429184121473e-03
4.3573935640816372938e+01,-3.0534574758203144457e-03
4.3677682868532599514e+01,-3.0318051560238382103e-03
4.3781430096248833195e+01,-3.0094570748128630401e-03
4.3885177323965059770e+01,-2.9864234674399602054e-03
4.3988924551681286346e+01,-2.9627145931442381253e-03
4.4092671779397520027e+01,-2.9383406146074788484e-03
4.4196419007113746602e+01,-2.9133117172444166626e-03
4.4300166234829980283e+01,-2.8876385022557782972e-03
4.4403913462546206858e+01,-2.8613316099824342986e-03
4.4507660690262433434e+01,-2.8344015815573203772e-03
4.4611407917978667115e+01,-2.8068589405139234352e-03
4.4715155145694893690e+01,-2.7787145855902050696e-03
4.4818902373411127371e+01,-2.7499794867807316606e-03
4.4922649601127353947e+01,-2.7206645129924699258e-03
4.5026396828843580522e+01,-2.6907804775530247236e-03
4.5130144056559814203e+01,-2.6603385062132613517e-03
4.5233891284276040778e+01,-2.6293498451078261766e-03
4.5337638511992274459e+01,-2.5978256396163084893e-03
4.5441385739708501035e+01,-2.5657769510882776597e-03
4.5545132967424727610e+01,-2.5332150639706700265e-03
4.5648880195140961291e+01,-2.5001514428054892603e-03
4.5752627422857187867e+01,-2.4665974576610488755e-03
4.5856374650573421548e+01,-2.4325643792371871334e-03
4.5960121878289648123e+01,-2.3980635920622726635e-03
4.6063869106005881804e+01,-2.3631067140719524099e-03
4.6167616333722108379e+01,-2.3277052879064172482e-03
4.6271363561438334955e+01,-2.2918707527139086690e-03
4.6375110789154568636e+01,-2.2556145538131177307e-03
4.6478858016870795211e+01,-2.2189483868616678014e-03
4.6582605244587028892e+01,-2.1818839147791993516e-03
4.6686352472303255468e+01,-2.1444326968151892522e-03
4.6790099700019482043e+01,-2.1066062257370852910e-03
4.6893846927735715724e+01,-2.0684161890442156161e-03
4.6997594155451942299e+01,-2.0298743166091153152e-03
4.7101341383168175980e+01,-1.9909922359716554323e-03
4.7205088610884402556e+01,-1.9517814777918907759e-03
4.7308835838600629131e+01,-1.9122536538704187903e-03
4.7412583066316862812e+01,-1.8724204972288744676e-03
4.7516330294033089388e+01,-1.8322936520040833484e-03
4.7620077521749323068e+01,-1.7918846608620422715e-03
4.7723824749465549644e+01,-1.7512050344478987795e-03
4.7827571977181776219e+01,-1.7102664282773872954e-03
4.7931319204898009900e+01,-1.6690804517136995175e-03
4.8035066432614236476e+01,-1.6276586138233683620e-03
4.8138813660330470157e+01,-1.5860123361253323539e-03
4.8242560888046696732e+01,-1.5441531107807941921e-03
4.8346308115762923308e+01,-1.5020924583750417097e-03
4.8450055343479156988e+01,-1.4598418039278549755e-03
4.8553802571195383564e+01,-1.4174124749178874071e-03
4.8657549798911617245e+01,-1.3748157638496163058e-03
4.8761297026627843820e+01,-1.3320630313442465096e-03
4.8865044254344070396e+01,-1.2891655685996737408e-03
4.8968791482060304077e+01,-1.2461345711258710756e-03
4.9072538709776530652e+01,-1.2029811476233756486e-03
4.9176285937492764333e+01,-1.1597164206135898365e-03
4.9280033165208990908e+01,-1.1163514968061598147e-03
4.9383780392925217484e+01,-1.0728973913185953226e-03
4.9487527620641451165e+01,-1.0293650269048843209e-03
4.9591274848357677740e+01,-9.8576526252413024763e-04
4.9695022076073911421e+01,-9.4210895725948835128e-04
4.9798769303790137997e+01,-8.9840689834349120660e-04
4.9902516531506364572e+01,-8.5466978330212808792e-04
5.0006263759222598253e+01,-8.1090822220451243534e-04
5.0110010986938824828e+01,-7.6713277350312441237e-04
5.0213758214655058509e+01,-7.2335394822664112521e-04
5.0317505442371285085e+01,-6.7958217275850766725e-04
5.0421252670087511660e+01,-6.3582778766847444004e-04
5.0524999897803745341e+01,-5.9210105064391239157e-04
5.0628747125519971917e+01,-5.4841214961888148666e-04
5.0732494353236205598e+01,-5.0477119530042968698e-04
5.0836241580952432173e+01,-4.6118821588232754771e-04
5.0939988808668665854e+01,-4.1767315785123118816e-04
5.1043736036384892429e+01,-3.7423587890082125971e-04
5.1147483264101119005e+01,-3.3088613494710960141e-04
5.1251230491817352686e+01,-2.8763359919701999299e-04
5.1354977719533579261e+01,-2.4448786669030859705e-04
5.1458724947249812942e+01,-2.0145845421537452195e-04
5.1562472174966039518e+01,-1.5855476598241013660e-04
5.1666219402682266093e+01,-1.1578608273505676710e-04
5.1769966630398499774e+01,-7.3161607493709023453e-05
5.1873713858114726349e+01,-3.0690469654748820055e-05
5.1977461085830960030e+01,1.1618279573011571019e-05
5.2081208313547186606e+01,5.3755737829945791125e-05
5.2184955541263413181e+01,9.5713131300746977790e-05
5.2288702768979646862e+01,1.3748175721859181870e-04
5.2392449996695873438e+01,1.7905298174932345783e-04
5.2496197224412107118e+01,2.2041825454724932971e-04
5.2599944452128333694e+01,2.6156921272739035210e-04
5.2703691679844560269e+01,3.0249761605856417563e-04
5.2807438907560793950e+01,3.4319528940718671550e-04
5.2911186135277020526e+01,3.8365412175823927028e-04
5.3014933362993254207e+01,4.2386609548330112657e-04
5.3118680590709480782e+01,4.6382341449316931425e-04
5.3222427818425707358e+01,5.0351839607189121262e-04
5.3326175046141941039e+01,5.4294341732535889022e-04
5.3429922273858167614e+01,5.8209091456628973046e-04
5.3533669501574401295e+01,6.2095342848197509610e-04
5.3637416729290627870e+01,6.5952374941137450332e-04
5.3741163957006854446e+01,6.9779477370372473919e-04
5.3844911184723088127e+01,7.3575945245713263339e-04
5.3948658412439314702e+01,7.7341079099207986954e-04
5.4052405640155548383e+01,8.1074190615793506002e-04
5.4156152867871774959e+01,8.4774618876846963029e-04
5.4259900095588001534e+01,8.8441713307802090598e-04
5.4363647323304235215e+01,9.2074828300301445657e-04
5.4467394551020461790e+01,9.5673323164898707756e-04
5.4571141778736695471e+01,9.9236568258162689837e-04
5.4674889006452922047e+01,1.0276396357851429620e-03
5.4778636234169148622e+01,1.0625491992767100227e-03
5.4882383461885382303e+01,1.0970885256252765633e-03
5.4986130689601608879e+01,1.1312518115312610294e-03
5.5089877917317842559e+01,1.1650333528803560098e-03
5.5193625145034069135e+01,1.1984277605026287094e-03
5.5297372372750295710e+01,1.2314297689419214515e-03
5.5401119600466529391e+01,1.2640341522054620270e-03
5.5504866828182755967e+01,1.2962357233732412637e-03
5.5608614055898989648e+01,1.3280293748317269567e-03
5.5712361283615216223e+01,1.3594103204945093191e-03
5.5816108511331449904e+01,1.3903739306882518124e-03
5.5919855739047676479e+01,1.4209156105489094152e-03
5.6023602966763903055e+01,1.4510307992484131837e-03
5.6127350194480136736e+01,1.4807149918908374224e-03
5.6231097422196363311e+01,1.5099639873016154797e-03
5.6334844649912596992e+01,1.5387737956732755375e-03
5.6438591877628823568e+01,1.5671404598292567722e-03
5.6542339105345050143e+01,1.5950600516364519827e-03
5.6646086333061283824e+01,1.6225286789072626906e-03
5.6749833560777510399e+01,1.6495427002156325905e-03
5.6853580788493744080e+01,1.6760987603140348190e-03
5.6957328016209970656e+01,1.7021935431154177221e-03
5.7061075243926197231e+01,1.7278237566496869922e-03
5.7164822471642430912e+01,1.7529861333259633312e-03
5.7268569699358657488e+01,1.7776775704909303973e-03
5.7372316927074891169e+01,1.8018953245055686560e-03
5.7476064154791117744e+01,1.8256367206046539113e-03
5.7579811382507344319e+01,1.8488991033005206834e-03
5.7683558610223578000e+01,1.8716798362096976303e-03
5.7787305837939804576e+01,1.8939763602780705209e-03
5.7891053065656038257e+01,1.9157864898237592956e-03
5.7994800293372264832e+01,1.9371081882221638688e-03
5.8098547521088491408e+01,1.9579394336379980258e-03
5.8202294748804725089e+01,1.9782782186518886765e-03
5.8306041976520951664e+01,1.9981225615717554227e-03
5.8409789204237185345e+01,2.0174707631124312590e-03
5.8513536431953411920e+01,2.0363214070821364539e-03
5.8617283659669638496e+01,2.0546730993310242247e-03
5.8721030887385872177e+01,2.0725244555618829896e-03
5.8824778115102098752e+01,2.0898741012884227732e-03
5.8928525342818332433e+01,2.1067207915968339492e-03
5.9032272570534559009e+01,2.1230636699656772401e-03
5.9136019798250785584e+01,2.1389019608534440287e-03
5.9239767025967019265e+01,2.1542348941514838541e-03
5.9343514253683245840e+01,2.1690617051365102853e-03
5.9447261481399479521e+01,2.1833816562637502375e-03
5.9551008709115706097e+01,2.1971943314974982583e-03
5.9654755936831932672e+01,2.2104995558793923138e-03
5.9758503164548166353e+01,2.2232971615044061497e-03
5.9862250392264392929e+01,2.2355869816314943160e-03
5.9965997619980626610e+01,2.2473688507337833548e-03
6.0069744847696853185e+01,2.2586427291205147735e-03
6.0173492075413079760e+01,2.2694089638454493021e-03
6.0277239303129313441e+01,2.2796679742263263255e-03
6.0380986530845540017e+01,2.2894201766989787095e-03
6.0484733758561773698e+01,2.2986659848420552127e-03
6.0588480986278000273e+01,2.3074058223036863005e-03
6.0692228213994233954e+01,2.3156403939172762879e-03
6.0795975441710460530e+01,2.3233706767170265485e-03
6.0899722669426687105e+01,2.3305976526005645240e-03
6.1003469897142920786e+01,2.3373222967859549372e-03
6.1107217124859147361e+01,2.3435455778683974941e-03
6.1210964352575381042e+01,2.3492685238284856386e-03
6.1314711580291607618e+01,2.3544925352680999391e-03
6.1418458808007834193e+01,2.3592191388357225054e-03
6.1522206035724067874e+01,2.3634498510523909917e-03
6.1625953263440294450e+01,2.3671861782268953378e-03
6.1729700491156528130e+01,2.3704296172521398776e-03
6.1833447718872754706e+01,2.3731818153482891337e-03
6.1937194946588981281e+01,2.3754447709410531769e-03
6.2040942174305214962e+01,2.3772205188079152324e-03
6.2144689402021441538e+01,2.3785110801385509968e-03
6.2248436629737675219e+01,2.3793184626480609785e-03
6.2352183857453901794e+01,2.3796446695809624940e-03
6.2455931085170128370e+01,2.3794919443059434072e-03
6.2559678312886362050e+01,2.3788627990983662874e-03
6.2663425540602588626e+01,2.3777597446136820337e-03
6.2767172768318822307e+01,2.3761852749079924799e-03
6.2870919996035048882e+01,2.3741418675750085472e-03
6.2974667223751275458e+01,2.3716320102807912293e-03
6.3078414451467509139e+01,2.3686584863467198894e-03
6.3182161679183735714e+01,2.3652242644912222988e-03
6.3285908906899969395e+01,2.3613322974782306914e-03
6.3389656134616195970e+01,2.3569855187410082911e-03
6.3493403362332422546e+01,2.3521868425400841753e-03
6.3597150590048656227e+01,2.3469392110972305508e-03
6.3700897817764882802e+01,2.3412458816981502989e-03
6.3804645045481116483e+01,2.3351102352935464157e-03
6.3908392273197343059e+01,2.3285356314671715877e-03
6.4012139500913576740e+01,2.3215254080226873160e-03
6.4115886728629803315e+01,2.3140828811598862340e-03
6.4219633956346029890e+01,2.3062114080055489025e-03
6.4323381184062256466e+01,2.2979146559971136941e-03
6.4427128411778497252e+01,2.2891963789777708925e-03
6.4530875639494723828e+01,2.2800603067228970670e-03
6.4634622867210950403e+01,2.2705101450607098612e-03
6.4738370094927176979e+01,2.2605495760641565982e-03
6.4842117322643403554e+01,2.2501823248875412256e-03
6.4945864550359644340e+01,2.2394124107327378383e-03
6.5049611778075870916e+01,2.2282439218100132811e-03
6.5153359005792097491e+01,2.2166809203064958937e-03
6.5257106233508324067e+01,2.2047274425766897818e-03
6.5360853461224550642e+01,2.1923874993474909423e-03
6.5464600688940791429e+01,2.1796651345084953888e-03
6.5568347916657018004e+01,2.1665646643253644137e-03
6.5672095144373244580e+01,2.1530904722782779823e-03
6.5775842372089471155e+01,2.1392469142302245402e-03
6.5879589599805697731e+01,2.1250383186057300068e-03
6.5983336827521938517e+01,2.1104689866065628329e-03
6.6087084055238165092e+01,2.0955432340889717895e-03
6.6190831282954391668e+01,2.0802656203574966878e-03
6.6294578510670618243e+01,2.0646407841695656182e-03
6.6398325738386844819e+01,2.0486733355746557239e-03
6.6502072966103085605e+01,2.0323678558544244245e-03
6.6605820193819312180e+01,2.0157288977467689023e-03
6.6709567421535538756e+01,1.9987610080914900920e-03
6.6813314649251765331e+01,1.9814689347181857829e-03
6.6917061876967991907e+01,1.9638575301770804654e-03
6.7020809104684232693e+01,1.9459316186700716892e-03
6.7124556332400459269e+01,1.9276959945740653520e-03
6.7228303560116685844e+01,1.9091554226710811312e-03
6.7332050787832912420e+01,1.8903146459682575436e-03
6.7435798015549138995e+01,1.8711785484903180853e-03
6.7539545243265379781e+01,1.8517521519302933448e-03
6.7643292470981606357e+01,1.8320404542778172437e-03
6.7747039698697832932e+01,1.8120484229070055529e-03
6.7850786926414059508e+01,1.7917809948105292879e-03
6.7954534154130286083e+01,1.7712430776381127718e-03
6.8058281381846526870e+01,1.7504396483923548994e-03
6.8162028609562753445e+01,1.7293758472832659098e-03
6.8265775837278980021e+01,1.7080568056111961397e-03
6.8369523064995206596e+01,1.6864876235305659071e-03
6.8473270292711433171e+01,1.6646733702858126230e-03
6.8577017520427673958e+01,1.6426190844452000749e-03
6.8680764748143900533e+01,1.6203298115352231332e-03
6.8784511975860127109e+01,1.5978107506274764806e-03
6.8888259203576353684e+01,1.5750671259498274807e-03
6.8992006431292580260e+01,1.5521041303216004132e-03
6.9095753659008821046e+01,1.5289269253740552738e-03
6.9199500886725047621e+01,1.5055406417841983580e-03
6.9303248114441274197e+01,1.4819503862286169046e-03
6.9406995342157500772e+01,1.4581613569695124621e-03
6.9510742569873727348e+01,1.4341788275771464971e-03
6.9614489797589968134e+01,1.4100080437443940958e-03
6.9718237025306194710e+01,1.3856542199398227001e-03
6.9821984253022421285e+01,1.3611225396396497891e-03
6.9925731480738647861e+01,1.3364181556050351747e-03
7.0029478708454874436e+01,1.3115462355684421626e-03
7.0133225936171115222e+01,1.2865120468479422644e-03
7.0236973163887341798e+01,1.2613208487659780931e-03
7.0340720391603568373e+01,1.2359778696165782657e-03
7.0444467619319794949e+01,1.2104883068938521434e-03
7.0548214847036021524e+01,1.1848573275184590657e-03
7.0651962074752262311e+01,1.1590900740861356539e-03
7.0755709302468488886e+01,1.1331917453890223962e-03
7.0859456530184715461e+01,1.1071675743390835007e-03
7.0963203757900942037e+01,1.0810227648035807685e-03
7.1066950985617168612e+01,1.0547624902622718557e-03
7.1170698213333409399e+01,1.0283918940288913103e-03
7.1274445441049635974e+01,1.0019160894726051540e-03
7.1378192668765862550e+01,9.7534018276152281701e-04
7.1481939896482089125e+01,9.4866932887767072263e-04
7.1585687124198315701e+01,9.2190866998892559599e-04
7.1689434351914556487e+01,8.9506331849667183139e-04
7.1793181579630783062e+01,8.6813835725089343390e-04
7.1896928807347009638e+01,8.4113883976336448721e-04
7.2000676035063236213e+01,8.1406979136640280226e-04
7.2104423262779462789e+01,7.8693624167348462557e-04
7.2208170490495703575e+01,7.5974323250646374171e-04
7.2311917718211930151e+01,7.3249577930852515471e-04
7.2415664945928156726e+01,7.0519886878108730636e-04
7.2519412173644383302e+01,6.7785745908940920040e-04
7.2623159401360624088e+01,6.5047648006641184577e-04
7.2726906629076850663e+01,6.2306083584673258111e-04
7.2830653856793077239e+01,5.9561542556599430479e-04
7.2934401084509303814e+01,5.6814513309318929058e-04
7.3038148312225530390e+01,5.4065481467893434370e-04
7.3141895539941771176e+01,5.1314929902068469412e-04
7.3245642767657997751e+01,4.8563338745788540030e-04
7.3349389995374224327e+01,4.5811185416542771123e-04
7.3453137223090450902e+01,4.3058944623228576206e-04
7.3556884450806677478e+01,4.0307088346934482909e-04
7.3660631678522918264e+01,3.7556085896111885553e-04
7.3764378906239144840e+01,3.4806403938943890168e-04
7.3868126133955371415e+01,3.2058506521884700020e-04
7.3971873361671597991e+01,2.9312855088046188253e-04
7.4075620589387824566e+01,2.6569908493375359818e-04
7.4179367817104065352e+01,2.3830122065798394425e-04
7.4283115044820291928e+01,2.1093946103083332263e-04
7.4386862272536518503e+01,1.8361827994023795837e-04
7.4490609500252745079e+01,1.5634212635000471997e-04
7.4594356727968971654e+01,1.2911542447313157029e-04
7.4698103955685212441e+01,1.0194257394368468680e-04
7.4801851183401439016e+01,7.4827949768624160676e-05
7.4905598411117665592e+01,4.7775878663421382422e-05
7.5009345638833892167e+01,2.0790617975081869258e-05
7.5113092866550118742e+01,-6.1236035171016651966e-06
7.5216840094266359529e+01,-3.2962580365005389633e-05
7.5320587321982586104e+01,-5.9722130290976719507e-05
7.5424334549698812680e+01,-8.6398094028499838708e-05
7.5528081777415039255e+01,-1.1298633568539340102e-04
7.5631829005131265831e+01,-1.3948278057192696369e-04
7.5735576232847506617e+01,-1.6588344053512340593e-04
7.5839323460563733192e+01,-1.9218435533535985216e-04
7.5943070688279959768e+01,-2.1838158637364922976e-04
7.6046817915996186343e+01,-2.4447121654400940597e-04
7.6150565143712412919e+01,-2.7044935008705691748e-04
7.6254312371428653705e+01,-2.9631211299051231009e-04
7.6358059599144880281e+01,-3.2205570029882529598e-04
7.6461806826861106856e+01,-3.4767641245758663590e-04
7.6565554054577333432e+01,-3.7317057861723673153e-04
7.6669301282293560007e+01,-3.9853454779747022989e-04
7.6773048510009800793e+01,-4.2376468875298821306e-04
7.6876795737726027369e+01,-4.4885738984032027849e-04
7.6980542965442253944e+01,-4.7380905910106925656e-04
7.7084290193158480520e+01,-4.9861617220012526431e-04
7.7188037420874707095e+01,-5.2327533269316524669e-04
7.7291784648590947882e+01,-5.4778317730481984344e-04
7.7395531876307174457e+01,-5.7213636079333487702e-04
7.7499279104023401032e+01,-5.9633155582988447204e-04
7.7603026331739627608e+01,-6.2036545287881875686e-04
7.7706773559455854183e+01,-6.4423476008075933070e-04
7.7810520787172094970e+01,-6.6793624055207017568e-04
7.7914268014888321545e+01,-6.9146680795095902174e-04
7.8018015242604548121e+01,-7.1482342202345194784e-04
7.8121762470320774696e+01,-7.3800305866563863273e-04
7.8225509698037001272e+01,-7.6100270981658050228e-04
7.8329256925753242058e+01,-7.8381938335206748168e-04
7.8433004153469468633e+01,-8.0645010297920578877e-04
7.8536751381185695209e+01,-8.2889192830438291042e-04
7.8640498608901921784e+01,-8.5114207778815269972e-04
7.8744245836618148360e+01,-8.7319784660207548036e-04
7.8847993064334389146e+01,-8.9505654440357157019e-04
7.8951740292050615722e+01,-9.1671549499112677580e-04
7.9055487519766842297e+01,-9.3817203621151916415e-04
7.9159234747483068872e+01,-9.5942351986774926462e-04
7.9262981975199295448e+01,-9.8046731732182078670e-04
7.9366729202915536234e+01,-1.0013009352535062572e-03
7.9470476430631762810e+01,-1.0219220098715761907e-03
7.9574223658347989385e+01,-1.0423281944037647052e-03
7.9677970886064215961e+01,-1.0625171543005606286e-03
7.9781718113780442536e+01,-1.0824865671557367796e-03
7.9885465341496683322e+01,-1.1022341226275022327e-03
7.9989212569212909898e+01,-1.1217575225094906718e-03
8.0092959796929136473e+01,-1.1410545478532018934e-03
8.0196707024645363049e+01,-1.1601231644395590750e-03
8.0300454252361589624e+01,-1.1789613760395300981e-03
8.0404201480077830411e+01,-1.1975671967271899528e-03
8.0507948707794056986e+01,-1.2159386508133254983e-03
8.0611695935510283562e+01,-1.2340737727795760351e-03
8.0715443163226510137e+01,-1.2519706072130598173e-03
8.0819190390942736713e+01,-1.2696272258977210536e-03
8.0922937618658977499e+01,-1.2870418802885083727e-03
8.1026684846375204074e+01,-1.3042129276922794553e-03
8.1130432074091430650e+01,-1.3211387349529573471e-03
8.1234179301807657225e+01,-1.3378176772575215911e-03
8.1337926529523883801e+01,-1.3542481380828064273e-03
8.1441673757240124587e+01,-1.3704285091426962433e-03
8.1545420984956351163e+01,-1.3863571907498572697e-03
8.1649168212672577738e+01,-1.4020326763201779174e-03
8.1752915440388804313e+01,-1.4174536549486165503e-03
8.1856662668105030889e+01,-1.4326188475836370423e-03
8.1960409895821271675e+01,-1.4475269816499071723e-03
8.2064157123537498251e+01,-1.4621767910073554635e-03
8.2167904351253724826e+01,-1.4765670159105556691e-03
8.2271651578969951402e+01,-1.4906964029683983548e-03
8.2375398806686192188e+01,-1.5045637174480859608e-03
8.2479146034402418763e+01,-1.5181679009672213558e-03
8.2582893262118645339e+01,-1.5315080243146863333e-03
8.2686640489834871914e+01,-1.5445831657482113602e-03
8.2790387717551098490e+01,-1.5573924081457824701e-03
8.2894134945267339276e+01,-1.5699348389767312298e-03
8.2997882172983565852e+01,-1.5822095502730320043e-03
8.3101629400699792427e+01,-1.5942156386008308078e-03
8.3205376628416019003e+01,-1.6059522526151376928e-03
8.3309123856132245578e+01,-1.6174187558509731978e-03
8.3412871083848486364e+01,-1.6286145732763877489e-03
8.3516618311564712940e+01,-1.6395391327188278685e-03
8.3620365539280939515e+01,-1.6501918648453043834e-03
8.3724112766997166091e+01,-1.6605722031447988588e-03
8.3827859994713392666e+01,-1.6706795839107981862e-03
8.3931607222429633453e+01,-1.6805134469374451850e-03
8.4035354450145860028e+01,-1.6900733332087709577e-03
8.4139101677862086603e+01,-1.6993589838215595808e-03
8.4242848905578313179e+01,-1.7083701648485428732e-03
8.4346596133294539754e+01,-1.7171066435133840004e-03
8.4450343361010780541e+01,-1.7255681881836093441e-03
8.4554090588727007116e+01,-1.7337545683635887262e-03
8.4657837816443233692e+01,-1.7416655546875733137e-03
8.4761585044159460267e+01,-1.7493009232962446545e-03
8.4865332271875686843e+01,-1.7566605920631729598e-03
8.4969079499591927629e+01,-1.7637446462836754799e-03
8.5072826727308154204e+01,-1.7705531805586726280e-03
8.5176573955024380780e+01,-1.7770862890281846191e-03
8.5280321182740607355e+01,-1.7833440653741280610e-03
8.5384068410456833931e+01,-1.7893266028231012699e-03
8.5487815638173074717e+01,-1.7950339941491472509e-03
8.5591562865889301293e+01,-1.8004663408081530984e-03
8.5695310093605527868e+01,-1.8056239078260817935e-03
8.5799057321321754443e+01,-1.8105071008591177607e-03
8.5902804549037981019e+01,-1.8151163282889969802e-03
8.6006551776754221805e+01,-1.8194519965269786987e-03
8.6110299004470448381e+01,-1.8235145100257152753e-03
8.6214046232186674956e+01,-1.8273042712910378925e-03
8.6317793459902901532e+01,-1.8308216808936581335e-03
8.6421540687619128107e+01,-1.8340671488598467471e-03
8.6525287915335368893e+01,-1.8370412530128255122e-03
8.6629035143051595469e+01,-1.8397446987840476978e-03
8.6732782370767822044e+01,-1.8421781915706875697e-03
8.6836529598484048620e+01,-1.8443424333988514292e-03
8.6940276826200275195e+01,-1.8462381229436880450e-03
8.7044024053916515982e+01,-1.8478659555493605251e-03
8.7147771281632742557e+01,-1.8492266232488733385e-03
8.7251518509348969133e+01,-1.8503208242310708979e-03
8.7355265737065195708e+01,-1.8511494134351930488e-03
8.7459012964781422284e+01,-1.8517133752341643268e-03
8.7562760192497663070e+01,-1.8520136934244110002e-03
8.7666507420213889645e+01,-1.8520513471453395587e-03
8.7770254647930116221e+01,-1.8518273109068613541e-03
8.7874001875646342796e+01,-1.8513425546167201329e-03
8.7977749103362569372e+01,-1.8505980436076300503e-03
8.8081496331078810158e+01,-1.8495947434905072020e-03
8.8185243558795036733e+01,-1.8483337500639562215e-03
8.8288990786511263309e+01,-1.8468163032921286471e-03
8.8392738014227489884e+01,-1.8450436450821231221e-03
8.8496485241943716460e+01,-1.8430170115173315389e-03
8.8600232469659957246e+01,-1.8407376328915335106e-03
8.8703979697376183822e+01,-1.8382067337427557881e-03
8.8807726925092410397e+01,-1.8354255328868899003e-03
8.8911474152808636973e+01,-1.8323952444154719202e-03
8.9015221380524863548e+01,-1.8291171705312923249e-03
8.9118968608241104334e+01,-1.8255927781674946477e-03
8.9222715835957330910e+01,-1.8218235455696202719e-03
8.9326463063673557485e+01,-1.8178109441156428683e-03
8.9430210291389784061e+01,-1.8135564383558041516e-03
8.9533957519106010636e+01,-1.8090614860521688281e-03
8.9637704746822251423e+01,-1.8043275382179141311e-03
8.9741451974538477998e+01,-1.7993560391563519912e-03
8.9845199202254704574e+01,-1.7941484722171132521e-03
8.9948946429970931149e+01,-1.7887064928024448349e-03
9.0052693657687157724e+01,-1.7830317924382289938e-03
9.0156440885403398511e+01,-1.7771260548642758489e-03
9.0260188113119625086e+01,-1.7709909560790714454e-03
9.0363935340835851662e+01,-1.7646281643842194175e-03
9.0467682568552078237e+01,-1.7580393404285691011e-03
9.0571429796268304813e+01,-1.7512261372520500444e-03
9.0675177023984545599e+01,-1.7441902124311176817e-03
9.0778924251700772174e+01,-1.7369333593799368004e-03
9.0882671479416998750e+01,-1.7294574571338893355e-03
9.0986418707133225325e+01,-1.7217643777833852806e-03
9.1090165934849451901e+01,-1.7138559848899573724e-03
9.1193913162565692687e+01,-1.7057341335347758846e-03
9.1297660390281919263e+01,-1.6974006703668362110e-03
9.1401407617998145838e+01,-1.6888574336508081764e-03
9.1505154845714372414e+01,-1.6801062538146168974e-03
9.1608902073430598989e+01,-1.6711490237297848757e-03
9.1712649301146839775e+01,-1.6619877708396331960e-03
9.1816396528863066351e+01,-1.6526245307063715338e-03
9.1920143756579292926e+01,-1.6430613297023196132e-03
9.2023890984295519502e+01,-1.6333001850617162413e-03
9.2127638212011760288e+01,-1.6233431049321647016e-03
9.2231385439727986864e+01,-1.6131920884257500669e-03
9.2335132667444213439e+01,-1.6028491256697881013e-03
9.2438879895160440014e+01,-1.5923162113705290228e-03
9.2542627122876666590e+01,-1.5815954582446753712e-03
9.2646374350592907376e+01,-1.5706890390805292902e-03
9.2750121578309133952e+01,-1.5595991176579828037e-03
9.2853868806025360527e+01,-1.5483278480864079082e-03
9.2957616033741587103e+01,-1.5368773748586301089e-03
9.3061363261457813678e+01,-1.5252498329045283392e-03
9.3165110489174054464e+01,-1.5134473476442803462e-03
9.3268857716890281040e+01,-1.5014720351225530927e-03
9.3372604944606507615e+01,-1.4893260478780734855e-03
9.3476352172322734191e+01,-1.4770116511664656625e-03
9.3580099400038960766e+01,-1.4645311203382996908e-03
9.3683846627755201553e+01,-1.4518867206650811017e-03
9.3787593855471428128e+01,-1.4390807073950085890e-03
9.3891341083187654704e+01,-1.4261153258083355405e-03
9.3995088310903881279e+01,-1.4129928112723922143e-03
9.4098835538620107855e+01,-1.3997153892962290941e-03
9.4202582766336348641e+01,-1.3862852783460407821e-03
9.4306329994052575216e+01,-1.3727047625093674772e-03
9.4410077221768801792e+01,-1.3589761984295599135e-03
9.4513824449485028367e+01,-1.3451019366158400298e-03
9.4617571677201254943e+01,-1.3310843172681910591e-03
9.4721318904917495729e+01,-1.3169256703338125866e-03
9.4825066132633722304e+01,-1.3026283155632123988e-03
9.4928813360349948880e+01,-1.2881945625659214655e-03
9.5032560588066175455e+01,-1.2736267108658478817e-03
9.5136307815782402031e+01,-1.2589270582963661780e-03
9.5240055043498642817e+01,-1.2440979762520889326e-03
9.5343802271214869393e+01,-1.2291418739723912034e-03
9.5447549498931095968e+01,-1.2140611508028730132e-03
9.5551296726647322544e+01,-1.1988581956685355392e-03
9.5655043954363549119e+01,-1.1835353871302912478e-03
9.5758791182079789905e+01,-1.1680950934411049678e-03
9.5862538409796016481e+01,-1.1525396726017817298e-03
9.5966285637512243056e+01,-1.1368714724163694971e-03
9.6070032865228469632e+01,-1.1210928431601978762e-03
9.6173780092944696207e+01,-1.1052062002835810230e-03
9.6277527320660936994e+01,-1.0892139766605251402e-03
9.6381274548377163569e+01,-1.0731185947347018830e-03
9.6485021776093390145e+01,-1.0569224665306744051e-03
9.6588769003809616720e+01,-1.0406279937098630081e-03
9.6692516231525843295e+01,-1.0242375676261384742e-03
9.6796263459242084082e+01,-1.0077535693810595659e-03
9.6900010686958310657e+01,-9.9117836987876488039e-04
9.7003757914674537233e+01,-9.7451434249357592708e-04
9.7107505142390763808e+01,-9.5776391057925819306e-04
9.7211252370106990384e+01,-9.4092950503821932377e-04
9.7314999597823231170e+01,-9.2401354640959953730e-04
9.7418746825539457745e+01,-9.0701844492142229097e-04
9.7522494053255684321e+01,-8.8994660054542411992e-04
9.7626241280971910896e+01,-8.7280040305156170871e-04
9.7729988508688137472e+01,-8.5558223206215911621e-04
9.7833735736404378258e+01,-8.3829445710571054949e-04
9.7937482964120604834e+01,-8.2093944643443739987e-04
9.8041230191836831409e+01,-8.0351960162535136008e-04
9.8144977419553057985e+01,-7.8603732747921221426e-04
9.8248724647269284560e+01,-7.6849501864312340198e-04
9.8352471874985525346e+01,-7.5089505966019910298e-04
9.8456219102701751922e+01,-7.3323982502281081532e-04
9.8559966330417978497e+01,-7.1553167922546985838e-04
9.8663713558134205073e+01,-6.9777297681740272153e-04
9.8767460785850431648e+01,-6.7996606245478109429e-04
9.8871208013566672435e+01,-6.6211327481122811672e-04
9.8974955241282899010e+01,-6.4421696865917476259e-04
9.9078702468999125585e+01,-6.2627949956850341180e-04
9.9182449696715352161e+01,-6.0830321328629653570e-04
9.9286196924431578736e+01,-5.9029044575506159354e-04
9.9389944152147819523e+01,-5.7224352316389930345e-04
9.9493691379864046098e+01,-5.5416476199936649371e-04
9.9597438607580272674e+01,-5.3605646909599515351e-04
9.9701185835296499249e+01,-5.1792094168652037540e-04
9.9804933063012725825e+01,-4.9976046817242934447e-04
9.9908680290728966611e+01,-4.8157733658367864009e-04
1.0001242751844519319e+02,-4.6337383172740054466e-04
1.0011617474616141976e+02,-4.4515222906312934114e-04
1.0021992197387764634e+02,-4.2691479462821796138e-04
1.0032366920159387291e+02,-4.0866378508655471337e-04
1.0042741642931011370e+02,-3.9040144777697719089e-04
1.0053116365702634027e+02,-3.7213002076139957419e-04
1.0063491088474256685e+02,-3.5385173287261597122e-04
1.0073865811245879343e+02,-3.3556938101311149488e-04
1.0084240534017502000e+02,-3.1731319330780287293e-04
1.0094615256789126079e+02,-2.9915209746335440178e-04
1.0104989979560748736e+02,-2.8115767998396955446e-04
1.0115364702332371394e+02,-2.6340123368591195118e-04
1.0125739425103994051e+02,-2.4595375920206317662e-04
1.0136114147875616709e+02,-2.2888596647722760937e-04
1.0146488870647240788e+02,-2.1226827625426435879e-04
1.0156863593418863445e+02,-1.9617082155112176996e-04
1.0167238316190486103e+02,-1.8066344912862807503e-04
1.0177613038962108760e+02,-1.6579822181964046939e-04
1.0187987761733732839e+02,-1.5155751968790363111e-04
1.0198362484505355496e+02,-1.3790655727098188703e-04
1.0208737207276978154e+02,-1.2481069051061365982e-04
1.0219111930048600811e+02,-1.1223541603493301087e-04
1.0229486652820223469e+02,-1.0014637044504802249e-04
1.0239861375591847548e+02,-8.8509329605957140778e-05
1.0250236098363470205e+02,-7.7290207941779477631e-05
1.0260610821135092863e+02,-6.6455057735244699104e-05
1.0270985543906715520e+02,-5.5975402882441761918e-05
1.0281360266678338178e+02,-4.5922241559241527419e-05
1.0291734989449962256e+02,-3.6454152884321827275e-05
1.0302109712221584914e+02,-2.7732108818269467020e-05
1.0312484434993207572e+02,-1.9916433547806196904e-05
1.0322859157764830229e+02,-1.3166806740935865709e-05
1.0333233880536452887e+02,-7.6422667824756704833e-06
1.0343608603308076965e+02,-3.5012139901167251279e-06
1.0353983326079699623e+02,-9.0141381115212741203e-07
1.0364358048851322280e+02,0.0000000000000000000e+00
