1.0000000000000000479e-04,-3.5886918282514647663e-16
1.0384722771622945103e-01,-2.6843411893356730023e-07
2.0759445543245888532e-01,-2.0883158451922283741e-06
3.1134168314868831962e-01,-6.8608704019064966956e-06
4.1508891086491778166e-01,-1.5833979879884612306e-05
5.1883613858114718820e-01,-3.0111251629404599468e-05
6.2258336629737665024e-01,-5.0660701356588304606e-05
7.2633059401360611229e-01,-7.8323063969900559339e-05
8.3007782172983557434e-01,-1.1381974489235763715e-04
9.3382504944606503638e-01,-1.5776042415460841614e-04
1.0375722771622943874e+00,-2.1065032524820697236e-04
1.1413195048785238495e+00,-2.7289716038205206680e-04
1.2450667325947533115e+00,-3.4481776339506577805e-04
1.3488139603109827735e+00,-4.2664442130409090115e-04
1.4525611880272122356e+00,-5.1853091524912237834e-04
1.5563084157434416976e+00,-6.2055828072430123041e-04
1.6600556434596711597e+00,-7.3274029805124151881e-04
1.7638028711759006217e+00,-8.5502872121040137711e-04
1.8675500988921300838e+00,-9.8731825697032679461e-04
1.9712973266083595458e+00,-1.1294513003270601620e-03
2.0750445543245890079e+00,-1.2812224374762759549e-03
2.1787917820408186920e+00,-1.4423827251663213882e-03
2.2825390097570479320e+00,-1.6126437524926421751e-03
2.3862862374732776161e+00,-1.7916814941792392427e-03
2.4900334651895068561e+00,-1.9791399660717442881e-03
2.5937806929057365402e+00,-2.1746346850332982578e-03
2.6975279206219657802e+00,-2.3777559469146374721e-03
2.8012751483381954642e+00,-2.5880719217257971976e-03
2.9050223760544247043e+00,-2.8051315829611669569e-03
3.0087696037706543883e+00,-3.0284674674852960982e-03
3.1125168314868836283e+00,-3.2575982795214003876e-03
3.2162640592031133124e+00,-3.4920313506641071678e-03
3.3200112869193425524e+00,-3.7312649329015062406e-03
3.4237585146355717924e+00,-3.9747903778910723474e-03
3.5275057423518014765e+00,-4.2220941671088545524e-03
3.6312529700680307165e+00,-4.4726598138630658391e-03
3.7350001977842604006e+00,-4.7259696468908898165e-03
3.8387474255004896406e+00,-4.9815064747833672637e-03
3.9424946532167193247e+00,-5.2387551350739367320e-03
4.0462418809329481206e+00,-5.4972039359248480242e-03
4.1499891086491773606e+00,-5.7563460012451453385e-03
4.2537363363654074888e+00,-6.0156805096305138170e-03
4.3574835640816367288e+00,-6.2747138261103341250e-03
4.4612307917978659688e+00,-6.5329605871395357575e-03
4.5649780195140952088e+00,-6.7899446338568550385e-03
4.6687252472303253370e+00,-7.0451999325274947128e-03
4.7724724749465545770e+00,-7.2982713628742699671e-03
4.8762197026627838170e+00,-7.5487154532952035688e-03
4.9799669303790130570e+00,-7.7961010536276966268e-03
5.0837141580952422970e+00,-8.0400099241907194841e-03
5.1874613858114724252e+00,-8.2800372640522736101e-03
5.2912086135277016652e+00,-8.5157921813624574969e-03
5.3949558412439309052e+00,-8.7468981055456255375e-03
5.4987030689601601452e+00,-8.9729931422677638303e-03
5.6024502966763902734e+00,-9.1937303763156424941e-03
5.7061975243926195134e+00,-9.4087781250330425331e-03
5.8099447521088487534e+00,-9.6178201447735915675e-03
5.9136919798250779934e+00,-9.8205557922668856863e-03
6.0174392075413081216e+00,-1.0016700144240726911e-02
6.1211864352575373616e+00,-1.0205984078711219376e-02
6.2249336629737666016e+00,-1.0388154318310810140e-02
6.3286808906899958416e+00,-1.0562973436484296430e-02
6.4324281184062259697e+00,-1.0730219831682747886e-02
6.5361753461224552098e+00,-1.0889687674975535858e-02
6.6399225738386844498e+00,-1.1041186818500962896e-02
6.7436698015549136898e+00,-1.1184542684829443596e-02
6.8474170292711429298e+00,-1.1319596138015790981e-02
6.9511642569873730579e+00,-1.1446203297917725492e-02
7.0549114847036022979e+00,-1.1564235390663873612e-02
7.1586587124198315379e+00,-1.1673578506650942113e-02
7.2624059401360607779e+00,-1.1774133412157357717e-02
7.3661531678522909061e+00,-1.1865815275767086293e-02
7.4699003955685201461e+00,-1.1948553446613295603e-02
7.5736476232847493861e+00,-1.2022291136160169131e-02
7.6773948510009786261e+00,-1.2086985198431186156e-02
7.7811420787172087543e+00,-1.2142605744764754100e-02
7.8848893064334379943e+00,-1.2189135933887903021e-02
7.9886365341496672343e+00,-1.2226571573417381600e-02
8.0923837618658964743e+00,-1.2254920813730059773e-02
8.1961309895821266025e+00,-1.2274203862927447403e-02
8.2998782172983549543e+00,-1.2284452560676898530e-02
8.4036254450145850825e+00,-1.2285710070439144134e-02
8.5073726727308152107e+00,-1.2278030565804077742e-02
8.6111199004470435625e+00,-1.2261478806345829651e-02
8.7148671281632736907e+00,-1.2236129780393649111e-02
8.8186143558795020425e+00,-1.2202068390660021635e-02
8.9223615835957321707e+00,-1.2159389070056543514e-02
9.0261088113119622989e+00,-1.2108195385974117667e-02
9.1298560390281906507e+00,-1.2048599677359014479e-02
9.2336032667444207789e+00,-1.1980722698341614643e-02
9.3373504944606509071e+00,-1.1904693269753427107e-02
9.4410977221768792589e+00,-1.1820647888200110781e-02
9.5448449498931093871e+00,-1.1728730356409792016e-02
9.6485921776093377389e+00,-1.1629091422187777180e-02
9.7523394053255678671e+00,-1.1521888419098425330e-02
9.8560866330417979952e+00,-1.1407284909385220079e-02
9.9598338607580263471e+00,-1.1285450329983516896e-02
1.0063581088474256475e+01,-1.1156559643886362551e-02
1.0167328316190484827e+01,-1.1020792988778024477e-02
1.0271075543906714955e+01,-1.0878335331634002639e-02
1.0374822771622945083e+01,-1.0729376130564132960e-02
1.0478569999339173435e+01,-1.0574109001390346110e-02
1.0582317227055403563e+01,-1.0412731389230817439e-02
1.0686064454771633692e+01,-1.0245444245382798534e-02
1.0789811682487862043e+01,-1.0072451709762710037e-02
1.0893558910204092172e+01,-9.8939607991302431361e-03
1.0997306137920320523e+01,-9.7101811012965961317e-03
1.1101053365636550652e+01,-9.5213244754947939930e-03
1.1204800593352780780e+01,-9.3276047590567390949e-03
1.1308547821069009132e+01,-9.1292374805276264860e-03
1.1412295048785239260e+01,-8.9264395793179230482e-03
1.1516042276501469388e+01,-8.7194291319852186561e-03
1.1619789504217697740e+01,-8.5084250852147155081e-03
1.1723536731933927868e+01,-8.2936469955663394416e-03
1.1827283959650156220e+01,-8.0753147761657324832e-03
1.1931031187366386348e+01,-7.8536484536270469159e-03
1.2034778415082616476e+01,-7.6288679308392261247e-03
1.2138525642798844828e+01,-7.4011927524978947390e-03
1.2242272870515074956e+01,-7.1708418795384427924e-03
1.2346020098231303308e+01,-6.9380334705564442044e-03
1.2449767325947533436e+01,-6.7029846701286517272e-03
1.2553514553663763564e+01,-6.4659114040950997973e-03
1.2657261781379991916e+01,-6.2270281818900246468e-03
1.2761009009096222044e+01,-5.9865479093780234535e-03
1.2864756236812452173e+01,-5.7446817242465912645e-03
1.2968503464528680524e+01,-5.5016388092221247402e-03
1.3072250692244910653e+01,-5.2576262142417498277e-03
1.3175997919961139004e+01,-5.0128486931506240076e-03
1.3279745147677369133e+01,-4.7675085478753927853e-03
1.3383492375393599261e+01,-4.5218054863118079326e-03
1.3487239603109827613e+01,-4.2759365084647149233e-03
1.3590986830826057741e+01,-4.0300957479136182218e-03
1.3694734058542286093e+01,-3.7844743309464680577e-03
1.3798481286258516221e+01,-3.5392602557734386889e-03
1.3902228513974746349e+01,-3.2946382883092730637e-03
1.4005975741690974701e+01,-3.0507898813884703863e-03
1.4109722969407204829e+01,-2.8078930390599264079e-03
1.4213470197123434957e+01,-2.5661222113631085469e-03
1.4317217424839663309e+01,-2.3256482126623391656e-03
1.4420964652555893437e+01,-2.0866381632541606585e-03
1.4524711880272121789e+01,-1.8492553925896246074e-03
1.4628459107988351917e+01,-1.6136593505906198301e-03
1.4732206335704582045e+01,-1.3800055550348922992e-03
1.4835953563420810397e+01,-1.1484455422066982676e-03
1.4939700791137040525e+01,-9.1912678945697844947e-04
1.5043448018853268877e+01,-6.9219266871463520918e-04
1.5147195246569499005e+01,-4.6778241904577450841e-04
1.5250942474285729133e+01,-2.4603107893002339537e-04
1.5354689702001957485e+01,-2.7069453986357175509e-05
1.5458436929718187614e+01,1.8897587933590603675e-04
1.5562184157434417742e+01,4.0198263383801435648e-04
1.5665931385150646094e+01,6.1183285904301573741e-04
1.5769678612866876222e+01,8.1841288620729377070e-04
1.5873425840583104574e+01,1.0216133650224141962e-03
1.5977173068299334702e+01,1.2213293593611909259e-03
1.6080920296015563054e+01,1.4174602286219049885e-03
1.6184667523731793182e+01,1.6099096380357616736e-03
1.6288414751448023310e+01,1.7985857090304145731e-03
1.6392161979164253438e+01,1.9834008300378003914e-03
1.6495909206880483566e+01,2.1642716590166677891e-03
1.6599656434596710142e+01,2.3411193177224204343e-03
1.6703403662312940270e+01,2.5138691107523805299e-03
1.6807150890029170398e+01,2.6824505795655373408e-03
1.6910898117745400526e+01,2.8467976905698464014e-03
1.7014645345461630654e+01,3.0068484479926897192e-03
1.7118392573177857230e+01,3.1625451034353259556e-03
1.7222139800894087358e+01,3.3138342006212161313e-03
1.7325887028610317486e+01,3.4606661536887902558e-03
1.7429634256326547614e+01,3.6029956882053858040e-03
1.7533381484042777743e+01,3.7407815304810656393e-03
1.7637128711759004318e+01,3.8739862178840986200e-03
1.7740875939475234446e+01,4.0025765820386419863e-03
1.7844623167191464574e+01,4.1265230524159292325e-03
1.7948370394907694703e+01,4.2458000511682155928e-03
1.8052117622623924831e+01,4.3603859213825982982e-03
1.8155864850340154959e+01,4.4702624188000831748e-03
1.8259612078056381534e+01,4.5754154426451065438e-03
1.8363359305772611663e+01,4.6758341557589302995e-03
1.8467106533488841791e+01,4.7715114768745216234e-03
1.8570853761205071919e+01,4.8624439342353758392e-03
1.8674600988921302047e+01,4.9486311711203099725e-03
1.8778348216637528623e+01,5.0300767405278825825e-03
1.8882095444353758751e+01,5.1067869785672067445e-03
1.8985842672069988879e+01,5.1787719421262871228e-03
1.9089589899786219007e+01,5.2460446291840139715e-03
1.9193337127502449135e+01,5.3086211738655152137e-03
1.9297084355218675711e+01,5.3665210235036850742e-03
1.9400831582934905839e+01,5.4197661467029287913e-03
1.9504578810651135967e+01,5.4683820606633241207e-03
1.9608326038367366095e+01,5.5123964458340729208e-03
1.9712073266083596224e+01,5.5518404275306477633e-03
1.9815820493799822799e+01,5.5867472787428928971e-03
1.9919567721516052927e+01,5.6171533108887389610e-03
2.0023314949232283055e+01,5.6430971818487371539e-03
2.0127062176948513184e+01,5.6646200583380622307e-03
2.0230809404664743312e+01,5.6817656950111806308e-03
2.0334556632380969887e+01,5.6945798406837395966e-03
2.0438303860097200015e+01,5.7031110128030549147e-03
2.0542051087813430144e+01,5.7074092968397429834e-03
2.0645798315529660272e+01,5.7075276210817454947e-03
2.0749545543245890400e+01,5.7035201680974163124e-03
2.0853292770962120528e+01,5.6954439270000397841e-03
2.0957039998678347104e+01,5.6833569295489626272e-03
2.1060787226394577232e+01,5.6673198906548828344e-03
2.1164534454110807360e+01,5.6473944260246409371e-03
2.1268281681827037488e+01,5.6236446633885165541e-03
2.1372028909543267616e+01,5.5961355194579648353e-03
2.1475776137259494192e+01,5.5649342415969088246e-03
2.1579523364975724320e+01,5.5301087541381596310e-03
2.1683270592691954448e+01,5.4917291437028177559e-03
2.1787017820408184576e+01,5.4498660458506742107e-03
2.1890765048124414704e+01,5.4045921137054111355e-03
2.1994512275840641280e+01,5.3559804004605481714e-03
2.2098259503556871408e+01,5.3041058565318757387e-03
2.2202006731273101536e+01,5.2490436670486828943e-03
2.2305753958989331664e+01,5.1908708101246229735e-03
2.2409501186705561793e+01,5.1296643302904103984e-03
2.2513248414421788368e+01,5.0655029588163079726e-03
2.2616995642138018496e+01,4.9984653463583869626e-03
2.2720742869854248625e+01,4.9286316931384218168e-03
2.2824490097570478753e+01,4.8560820262552968282e-03
2.2928237325286708881e+01,4.7808977208069628265e-03
2.3031984553002939009e+01,4.7031599701339776506e-03
2.3135731780719165585e+01,4.6229510284269666534e-03
2.3239479008435395713e+01,4.5403530558379727108e-03
2.3343226236151625841e+01,4.4554488990545025942e-03
2.3446973463867855969e+01,4.3683214846158384403e-03
2.3550720691584086097e+01,4.2790539881605227021e-03
2.3654467919300312673e+01,4.1877298867094622098e-03
2.3758215147016542801e+01,4.0944324602762253995e-03
2.3861962374732772929e+01,3.9992454892952946158e-03
2.3965709602449003057e+01,3.9022521885367124350e-03
2.4069456830165233185e+01,3.8035363496571055093e-03
2.4173204057881459761e+01,3.7031810191639189835e-03
2.4276951285597689889e+01,3.6012696695229629365e-03
2.4380698513313920017e+01,3.4978851027913419013e-03
2.4484445741030150145e+01,3.3931101659879607524e-03
2.4588192968746380274e+01,3.2870272944245672829e-03
2.4691940196462606849e+01,3.1797184914087207874e-03
2.4795687424178836977e+01,3.0712656237460323611e-03
2.4899434651895067105e+01,2.9617497352351276202e-03
2.5003181879611297234e+01,2.8512518395906434956e-03
2.5106929107327527362e+01,2.7398519978720876564e-03
2.5210676335043753937e+01,2.6276300500084263760e-03
2.5314423562759984065e+01,2.5146650373067129698e-03
2.5418170790476214194e+01,2.4010353920611410793e-03
2.5521918018192444322e+01,2.2868189899250641536e-03
2.5625665245908674450e+01,2.1720927619775618096e-03
2.5729412473624904578e+01,2.0569331691665396558e-03
2.5833159701341131154e+01,1.9414156401961072188e-03
2.5936906929057361282e+01,1.8256149557851623130e-03
2.6040654156773591410e+01,1.7096049926133289731e-03
2.6144401384489821538e+01,1.5934587046435469242e-03
2.6248148612206051666e+01,1.4772482489095115077e-03
2.6351895839922278242e+01,1.3610447250956070938e-03
2.6455643067638508370e+01,1.2449183612344507949e-03
2.6559390295354738498e+01,1.1289383624628365581e-03
2.6663137523070968626e+01,1.0131729054052597810e-03
2.6766884750787198755e+01,8.9768915813705945413e-04
2.6870631978503425330e+01,7.8255322387692845699e-04
2.6974379206219655458e+01,6.6783008241337474351e-04
2.7078126433935885586e+01,5.5358368246995691940e-04
2.7181873661652115715e+01,4.3987678539383922617e-04
2.7285620889368345843e+01,3.2677101119265726699e-04
2.7389368117084572418e+01,2.1432691747396757464e-04
2.7493115344800802546e+01,1.0260370536035929342e-04
2.7596862572517032675e+01,-8.3404326993058508293e-06
2.7700609800233262803e+01,-1.1844860831409217484e-04
2.7804357027949492931e+01,-2.2766521851906197237e-04
2.7908104255665723059e+01,-3.3593566148075969507e-04
2.8011851483381949635e+01,-4.4320689937463333226e-04
2.8115598711098179763e+01,-5.4942691637144432364e-04
2.8219345938814409891e+01,-6.5454498016748294438e-04
2.8323093166530640019e+01,-7.5851187461632100639e-04
2.8426840394246870147e+01,-8.6127927014970539956e-04
2.8530587621963096723e+01,-9.6280049724879073793e-04
2.8634334849679326851e+01,-1.0630300743734431325e-03
2.8738082077395556979e+01,-1.1619235754434045511e-03
2.8841829305111787107e+01,-1.2594383846352868225e-03
2.8945576532828017235e+01,-1.3555327413036452090e-03
2.9049323760544243811e+01,-1.4501663488364646172e-03
2.9153070988260473939e+01,-1.5433005047079475808e-03
2.9256818215976704067e+01,-1.6348972652600252727e-03
2.9360565443692934195e+01,-1.7249205413694885299e-03
2.9464312671409164324e+01,-1.8133354311013914675e-03
2.9568059899125390899e+01,-1.9001079582984456429e-03
2.9671807126841621027e+01,-1.9852061666257715504e-03
2.9775554354557851156e+01,-2.0685989022939579168e-03
2.9879301582274081284e+01,-2.1502562999752088645e-03
2.9983048809990311412e+01,-2.2301503728147345669e-03
3.0086796037706537987e+01,-2.3082537286348205757e-03
3.0190543265422768116e+01,-2.3845406535485513116e-03
3.0294290493138998244e+01,-2.4589869896488605015e-03
3.0398037720855228372e+01,-2.5315691369366339139e-03
3.0501784948571458500e+01,-2.6022654794572940527e-03
3.0605532176287688628e+01,-2.6710555818732777296e-03
3.0709279404003915204e+01,-2.7379196597839558849e-03
3.0813026631720145332e+01,-2.8028400782180835048e-03
3.0916773859436375460e+01,-2.8658000422289338360e-03
3.1020521087152605588e+01,-2.9267835826542465405e-03
3.1124268314868835716e+01,-2.9857768954445417474e-03
3.1228015542585062292e+01,-3.0427667595360327266e-03
3.1331762770301292420e+01,-3.0977409757836607725e-03
3.1435509998017522548e+01,-3.1506894219812905424e-03
3.1539257225733752676e+01,-3.2016023854771883707e-03
3.1643004453449982805e+01,-3.2504713435808343588e-03
3.1746751681166209380e+01,-3.2972897221814749004e-03
3.1850498908882439508e+01,-3.3420512403637540368e-03
3.1954246136598669636e+01,-3.3847509242834099633e-03
3.2057993364314903317e+01,-3.4253856231560683883e-03
3.2161740592031129893e+01,-3.4639523976810289094e-03
3.2265487819747363574e+01,-3.5004496722317885588e-03
3.2369235047463590149e+01,-3.5348775974126897016e-03
3.2472982275179823830e+01,-3.5672364728137717464e-03
3.2576729502896050406e+01,-3.5975279546236979024e-03
3.2680476730612276981e+01,-3.6257553706980629946e-03
3.2784223958328510662e+01,-3.6519221469729569625e-03
3.2887971186044737237e+01,-3.6760329939400852688e-03
3.2991718413760970918e+01,-3.6980942861004994886e-03
3.3095465641477197494e+01,-3.7181124569113663605e-03
3.3199212869193424069e+01,-3.7360950864286797922e-03
3.3302960096909657750e+01,-3.7520514545770346053e-03
3.3406707324625884326e+01,-3.7659908801733650574e-03
3.3510454552342118006e+01,-3.7779236261064478089e-03
3.3614201780058344582e+01,-3.7878617210631957031e-03
3.3717949007774571157e+01,-3.7958172446936181733e-03
3.3821696235490804838e+01,-3.8018029627487513397e-03
3.3925443463207031414e+01,-3.8058334742633748854e-03
3.4029190690923265095e+01,-3.8079234905810887234e-03
3.4132937918639491670e+01,-3.8080881212761911840e-03
3.4236685146355718246e+01,-3.8063443270834754553e-03
3.4340432374071951926e+01,-3.8027093118177947122e-03
3.4444179601788178502e+01,-3.7972004088621317923e-03
3.4547926829504412183e+01,-3.7898366935360059543e-03
3.4651674057220638758e+01,-3.7806377127570264633e-03
3.4755421284936865334e+01,-3.7696229349958240706e-03
3.4859168512653099015e+01,-3.7568132867950251343e-03
3.4962915740369325590e+01,-3.7422304897934085578e-03
3.5066662968085559271e+01,-3.7258960686449779653e-03
3.5170410195801785846e+01,-3.7078325619620275747e-03
3.5274157423518012422e+01,-3.6880636605182586830e-03
3.5377904651234246103e+01,-3.6666128556165802736e-03
3.5481651878950472678e+01,-3.6435041260217248399e-03
3.5585399106666706359e+01,-3.6187628695855530644e-03
3.5689146334382932935e+01,-3.5924144184939837618e-03
3.5792893562099159510e+01,-3.5644841364302261993e-03
3.5896640789815393191e+01,-3.5349987895077383988e-03
3.6000388017531619766e+01,-3.5039853861213339503e-03
3.6104135245247853447e+01,-3.4714707088081362546e-03
3.6207882472964080023e+01,-3.4374825361556185510e-03
3.6311629700680313704e+01,-3.4020493532037855353e-03
3.6415376928396540279e+01,-3.3651993532983559901e-03
3.6519124156112766855e+01,-3.3269611178663705507e-03
3.6622871383829000536e+01,-3.2873643184687167604e-03
3.6726618611545227111e+01,-3.2464384593935001651e-03
3.6830365839261460792e+01,-3.2042129362306512839e-03
3.6934113066977687367e+01,-3.1607182017646330736e-03
3.7037860294693913943e+01,-3.1159848985952091210e-03
3.7141607522410147624e+01,-3.0700433558604601873e-03
3.7245354750126374199e+01,-3.0229244372269020030e-03
3.7349101977842607880e+01,-2.9746596873060048016e-03
3.7452849205558834456e+01,-2.9252803597145434628e-03
3.7556596433275061031e+01,-2.8748176549358598827e-03
3.7660343660991294712e+01,-2.8233036392188554618e-03
3.7764090888707521287e+01,-2.7707703393674673782e-03
3.7867838116423754968e+01,-2.7172494664342628813e-03
3.7971585344139981544e+01,-2.6627731764981197281e-03
3.8075332571856208119e+01,-2.6073740556279479709e-03
3.8179079799572441800e+01,-2.5510843688459983528e-03
3.8282827027288668376e+01,-2.4939362665207360191e-03
3.8386574255004902056e+01,-2.4359625251747655042e-03
3.8490321482721128632e+01,-2.3771958200010136208e-03
3.8594068710437355207e+01,-2.3176684926455855089e-03
3.8697815938153588888e+01,-2.2574130990620530461e-03
3.8801563165869815464e+01,-2.1964625073000948810e-03
3.8905310393586049145e+01,-2.1348492727227040902e-03
3.9009057621302275720e+01,-2.0726057169221387758e-03
3.9112804849018502296e+01,-2.0097645234323558740e-03
3.9216552076734735977e+01,-1.9463583021477985635e-03
3.9320299304450962552e+01,-1.8824193212698093428e-03
3.9424046532167196233e+01,-1.8179797832521538397e-03
3.9527793759883422808e+01,-1.7530721101647981242e-03
3.9631540987599649384e+01,-1.6877284524311017989e-03
3.9735288215315883065e+01,-1.6219806476054649935e-03
3.9839035443032109640e+01,-1.5558605761224208758e-03
3.9942782670748343321e+01,-1.4894000923939350496e-03
4.0046529898464569897e+01,-1.4226307296536248783e-03
4.0150277126180796472e+01,-1.3555837561910108989e-03
4.0254024353897030153e+01,-1.2882904597702508290e-03
4.0357771581613256728e+01,-1.2207819254499885538e-03
4.0461518809329490409e+01,-1.1530889198294953703e-03
4.0565266037045716985e+01,-1.0852419812574776430e-03
4.0669013264761943560e+01,-1.0172715507767587668e-03
4.0772760492478177241e+01,-9.4920779222618296457e-04
4.0876507720194403817e+01,-8.8108056480384845319e-04
4.0980254947910637497e+01,-8.1291948678192829745e-04
4.1084002175626864073e+01,-7.4475395674770614174e-04
4.1187749403343097754e+01,-6.7661308236782204389e-04
4.1291496631059324329e+01,-6.0852567750378143505e-04
4.1395243858775550905e+01,-5.4052024847104675198e-04
4.1498991086491784586e+01,-4.7262500228406080765e-04
4.1602738314208011161e+01,-4.0486786423215746170e-04
4.1706485541924244842e+01,-3.3727646562360766476e-04
4.1810232769640471417e+01,-2.6987803192427797967e-04
4.1913979997356697993e+01,-2.0269945483210243344e-04
4.2017727225072931674e+01,-1.3576736001196464641e-04
4.2121474452789158249e+01,-6.9108064382505921442e-05
4.2225221680505391930e+01,-2.7473736307517578369e-06
4.2328968908221618506e+01,6.3289245034120716719e-05
4.2432716135937845081e+01,1.2897657353960485360e-04
4.2536463363654078762e+01,1.9428972865541177441e-04
4.2640210591370305337e+01,2.5920443606192167252e-04
4.2743957819086539018e+01,3.2369675176118184153e-04
4.2847705046802765594e+01,3.8774296366685085486e-04
4.2951452274518992169e+01,4.5131972269997911850e-04
4.3055199502235225850e+01,5.1440437575740217968e-04
4.3158946729951452426e+01,5.7697459102597561942e-04
4.3262693957667686107e+01,6.3900825093373683425e-04
4.3366441185383912682e+01,7.0048361904884745652e-04
4.3470188413100139257e+01,7.6137973559198420491e-04
4.3573935640816372938e+01,8.2167595973921638604e-04
4.3677682868532599514e+01,8.8135184678554202072e-04
4.3781430096248833195e+01,9.4038733059983721334e-04
4.3885177323965059770e+01,9.9876319917573466722e-04
4.3988924551681286346e+01,1.0564605710130629563e-03
4.4092671779397520027e+01,1.1134607423194833702e-03
4.4196419007113746602e+01,1.1697453586893536391e-03
4.4300166234829980283e+01,1.2252969894378557165e-03
4.4403913462546206858e+01,1.2800985700481578959e-03
4.4507660690262433434e+01,1.3341331951164507076e-03
4.4611407917978667115e+01,1.3873842549029433407e-03
4.4715155145694893690e+01,1.4398361072617837670e-03
4.4818902373411127371e+01,1.4914735510537138318e-03
4.4922649601127353947e+01,1.5422815259981982865e-03
4.5026396828843580522e+01,1.5922451994496726515e-03
4.5130144056559814203e+01,1.6413506955551750589e-03
4.5233891284276040778e+01,1.6895847088837458085e-03
4.5337638511992274459e+01,1.7369340601437958504e-03
4.5441385739708501035e+01,1.7833857311019348131e-03
4.5545132967424727610e+01,1.8289275646186508185e-03
4.5648880195140961291e+01,1.8735481620956720081e-03
4.5752627422857187867e+01,1.9172362501305557046e-03
4.5856374650573421548e+01,1.9599806666228359806e-03
4.5960121878289648123e+01,2.0017709174078150182e-03
4.6063869106005881804e+01,2.0425974866732001661e-03
4.6167616333722108379e+01,2.0824510207855233962e-03
4.6271363561438334955e+01,2.1213222500886200900e-03
4.6375110789154568636e+01,2.1592023155781450358e-03
4.6478858016870795211e+01,2.1960835017564668201e-03
4.6582605244587028892e+01,2.2319583776076578480e-03
4.6686352472303255468e+01,2.2668195781691143596e-03
4.6790099700019482043e+01,2.3006599291199663314e-03
4.6893846927735715724e+01,2.3334733504550030959e-03
4.6997594155451942299e+01,2.3652543220711716096e-03
4.7101341383168175980e+01,2.3959973760267236180e-03
4.7205088610884402556e+01,2.4256971139891077456e-03
4.7308835838600629131e+01,2.4543489202400272688e-03
4.7412583066316862812e+01,2.4819491183601422209e-03
4.7516330294033089388e+01,2.5084941188413447527e-03
4.7620077521749323068e+01,2.5339803634704537345e-03
4.7723824749465549644e+01,2.5584046485848687714e-03
4.7827571977181776219e+01,2.5817649570932807782e-03
4.7931319204898009900e+01,2.6040595486388731956e-03
4.8035066432614236476e+01,2.6252866979002754434e-03
4.8138813660330470157e+01,2.6454447604936453219e-03
4.8242560888046696732e+01,2.6645330624187669490e-03
4.8346308115762923308e+01,2.6825516549060113985e-03
4.8450055343479156988e+01,2.6995006063647969917e-03
4.8553802571195383564e+01,2.7153799853754699914e-03
4.8657549798911617245e+01,2.7301902895535915677e-03
4.8761297026627843820e+01,2.7439331569731263867e-03
4.8865044254344070396e+01,2.7566104003962335796e-03
4.8968791482060304077e+01,2.7682238172227107212e-03
4.9072538709776530652e+01,2.7787752604360497176e-03
4.9176285937492764333e+01,2.7882675352059300110e-03
4.9280033165208990908e+01,2.7967041235525263998e-03
4.9383780392925217484e+01,2.8040884939035796465e-03
4.9487527620641451165e+01,2.8104240856805192718e-03
4.9591274848357677740e+01,2.8157146585823370800e-03
4.9695022076073911421e+01,2.8199650889554907750e-03
4.9798769303790137997e+01,2.8231804481968188550e-03
4.9902516531506364572e+01,2.8253657655294668952e-03
5.0006263759222598253e+01,2.8265260566385642764e-03
5.0110010986938824828e+01,2.8266670706105358028e-03
5.0213758214655058509e+01,2.8257953605880085403e-03
5.0317505442371285085e+01,2.8239174693504270203e-03
5.0421252670087511660e+01,2.8210398858273051832e-03
5.0524999897803745341e+01,2.8171691961052795945e-03
5.0628747125519971917e+01,2.8123129835637469126e-03
5.0732494353236205598e+01,2.8064792178992691192e-03
5.0836241580952432173e+01,2.7996758054325888466e-03
5.0939988808668665854e+01,2.7919105886074022799e-03
5.1043736036384892429e+01,2.7831917237723172165e-03
5.1147483264101119005e+01,2.7735283394939910101e-03
5.1251230491817352686e+01,2.7629296673587484638e-03
5.1354977719533579261e+01,2.7514048643543878060e-03
5.1458724947249812942e+01,2.7389630287092442580e-03
5.1562472174966039518e+01,2.7256138079173822947e-03
5.1666219402682266093e+01,2.7113676011323948473e-03
5.1769966630398499774e+01,2.6962347817299724649e-03
5.1873713858114726349e+01,2.6802256400989574008e-03
5.1977461085830960030e+01,2.6633504386869631501e-03
5.2081208313547186606e+01,2.6456201433261096641e-03
5.2184955541263413181e+01,2.6270462236026672666e-03
5.2288702768979646862e+01,2.6076400725559278904e-03
5.2392449996695873438e+01,2.5874129929834609534e-03
5.2496197224412107118e+01,2.5663763057139099034e-03
5.2599944452128333694e+01,2.5445420879682783925e-03
5.2703691679844560269e+01,2.5219227221963164305e-03
5.2807438907560793950e+01,2.4985304959464879788e-03
5.2911186135277020526e+01,2.4743776003945164819e-03
5.3014933362993254207e+01,2.4494762870914243286e-03
5.3118680590709480782e+01,2.4238395400167549523e-03
5.3222427818425707358e+01,2.3974805159672576450e-03
5.3326175046141941039e+01,2.3704122695310247959e-03
5.3429922273858167614e+01,2.3426477539014852955e-03
5.3533669501574401295e+01,2.3142000049436698035e-03
5.3637416729290627870e+01,2.2850827259183123519e-03
5.3741163957006854446e+01,2.2553097157487923125e-03
5.3844911184723088127e+01,2.2248946670094761277e-03
5.3948658412439314702e+01,2.1938511669479412829e-03
5.4052405640155548383e+01,2.1621928797935455885e-03
5.4156152867871774959e+01,2.1299340586343994131e-03
5.4259900095588001534e+01,2.0970890133758498045e-03
5.4363647323304235215e+01,2.0636719446875256834e-03
5.4467394551020461790e+01,2.0296969450436840379e-03
5.4571141778736695471e+01,1.9951781525196724681e-03
5.4674889006452922047e+01,1.9601302130940433111e-03
5.4778636234169148622e+01,1.9245678166371394963e-03
5.4882383461885382303e+01,1.8885055419429819853e-03
5.4986130689601608879e+01,1.8519578577771709030e-03
5.5089877917317842559e+01,1.8149392319688054977e-03
5.5193625145034069135e+01,1.7774645535403236878e-03
5.5297372372750295710e+01,1.7395487619888416481e-03
5.5401119600466529391e+01,1.7012066849478682008e-03
5.5504866828182755967e+01,1.6624530391903080510e-03
5.5608614055898989648e+01,1.6233024931173256969e-03
5.5712361283615216223e+01,1.5837700349835513985e-03
5.5816108511331449904e+01,1.5438707245093803624e-03
5.5919855739047676479e+01,1.5036195103389656241e-03
5.6023602966763903055e+01,1.4630312303859512556e-03
5.6127350194480136736e+01,1.4221206382919739878e-03
5.6231097422196363311e+01,1.3809026885561194974e-03
5.6334844649912596992e+01,1.3393924321265973220e-03
5.6438591877628823568e+01,1.2976048130554584080e-03
5.6542339105345050143e+01,1.2555546657138213964e-03
5.6646086333061283824e+01,1.2132567217099405211e-03
5.6749833560777510399e+01,1.1707257883237626693e-03
5.6853580788493744080e+01,1.1279767789232105889e-03
5.6957328016209970656e+01,1.0850245103573327547e-03
5.7061075243926197231e+01,1.0418836917164540391e-03
5.7164822471642430912e+01,9.9856892557046209556e-04
5.7268569699358657488e+01,9.5509478513972078956e-04
5.7372316927074891169e+01,9.1147592042454584921e-04
5.7476064154791117744e+01,8.6772690220850070414e-04
5.7579811382507344319e+01,8.2386219626066686458e-04
5.7683558610223578000e+01,7.7989616428002434597e-04
5.7787305837939804576e+01,7.3584308150868827595e-04
5.7891053065656038257e+01,6.9171722225910782424e-04
5.7994800293372264832e+01,6.4753279680829927984e-04
5.8098547521088491408e+01,6.0330391400059007762e-04
5.8202294748804725089e+01,5.5904458208265981906e-04
5.8306041976520951664e+01,5.1476871018939088578e-04
5.8409789204237185345e+01,4.7049012249310653584e-04
5.8513536431953411920e+01,4.2622255912157317728e-04
5.8617283659669638496e+01,3.8197966354807782194e-04
5.8721030887385872177e+01,3.3777498282576591667e-04
5.8824778115102098752e+01,2.9362196843044514319e-04
5.8928525342818332433e+01,2.4953395728650264217e-04
5.9032272570534559009e+01,2.0552412979252447189e-04
5.9136019798250785584e+01,1.6160556145795317733e-04
5.9239767025967019265e+01,1.1779123619512228260e-04
5.9343514253683245840e+01,7.4094047119937331996e-05
5.9447261481399479521e+01,3.0526789283634732483e-05
5.9551008709115706097e+01,-1.2897948188517814635e-05
5.9654755936831932672e+01,-5.6167751653571923605e-05
5.9758503164548166353e+01,-9.9270295829040778451e-05
5.9862250392264392929e+01,-1.4219334087618536373e-04
5.9965997619980626610e+01,-1.8492473169479784314e-04
6.0069744847696853185e+01,-2.2745246730402954153e-04
6.0173492075413079760e+01,-2.6976484689940474554e-04
6.0277239303129313441e+01,-3.1185029222923995630e-04
6.0380986530845540017e+01,-3.5369730461732418842e-04
6.0484733758561773698e+01,-3.9529446428047466163e-04
6.0588480986278000273e+01,-4.3663043930805068345e-04
6.0692228213994233954e+01,-4.7769418785684116414e-04
6.0795975441710460530e+01,-5.1847495074816378740e-04
6.0899722669426687105e+01,-5.5896205074117621351e-04
6.1003469897142920786e+01,-5.9914488322920854239e-04
6.1107217124859147361e+01,-6.3901291562316712980e-04
6.1210964352575381042e+01,-6.7855574798190054948e-04
6.1314711580291607618e+01,-7.1776340321553654036e-04
6.1418458808007834193e+01,-7.5662609747646184140e-04
6.1522206035724067874e+01,-7.9513411307072202287e-04
6.1625953263440294450e+01,-8.3327779774326532405e-04
6.1729700491156528130e+01,-8.7104756491340534427e-04
6.1833447718872754706e+01,-9.0843406959762579549e-04
6.1937194946588981281e+01,-9.4542842980473661661e-04
6.2040942174305214962e+01,-9.8202187790840224715e-04
6.2144689402021441538e+01,-1.0182057048306082658e-03
6.2248436629737675219e+01,-1.0539712595537785444e-03
6.2352183857453901794e+01,-1.0893099600228156945e-03
6.2455931085170128370e+01,-1.1242136057014900409e-03
6.2559678312886362050e+01,-1.1586744138111235505e-03
6.2663425540602588626e+01,-1.1926846723429754098e-03
6.2767172768318822307e+01,-1.2262367202767207684e-03
6.2870919996035048882e+01,-1.2593229471597356273e-03
6.2974667223751275458e+01,-1.2919358311229177990e-03
6.3078414451467509139e+01,-1.3240683540296817322e-03
6.3182161679183735714e+01,-1.3557138403580482663e-03
6.3285908906899969395e+01,-1.3868656634734226156e-03
6.3389656134616195970e+01,-1.4175172401233548762e-03
6.3493403362332422546e+01,-1.4476620300831277797e-03
6.3597150590048656227e+01,-1.4772936125483540192e-03
6.3700897817764882802e+01,-1.5064061545513030265e-03
6.3804645045481116483e+01,-1.5349940976930463894e-03
6.3908392273197343059e+01,-1.5630519206274184636e-03
6.4012139500913576740e+01,-1.5905741378029920885e-03
6.4115886728629803315e+01,-1.6175552991734652025e-03
6.4219633956346029890e+01,-1.6439901031566857888e-03
6.4323381184062256466e+01,-1.6698738852662614422e-03
6.4427128411778497252e+01,-1.6952022108842601782e-03
6.4530875639494723828e+01,-1.7199706740430205365e-03
6.4634622867210950403e+01,-1.7441748970635649520e-03
6.4738370094927176979e+01,-1.7678105303289138976e-03
6.4842117322643403554e+01,-1.7908733857533230653e-03
6.4945864550359644340e+01,-1.8133599396231055156e-03
6.5049611778075870916e+01,-1.8352668805715918830e-03
6.5153359005792097491e+01,-1.8565909183564629006e-03
6.5257106233508324067e+01,-1.8773287836590050320e-03
6.5360853461224550642e+01,-1.8974772279180544994e-03
6.5464600688940791429e+01,-1.9170331524512443985e-03
6.5568347916657018004e+01,-1.9359941357254793759e-03
6.5672095144373244580e+01,-1.9543579800215299565e-03
6.5775842372089471155e+01,-1.9721225015714859315e-03
6.5879589599805697731e+01,-1.9892855303634366868e-03
6.5983336827521938517e+01,-2.0058449100333265898e-03
6.6087084055238165092e+01,-2.0217985986936376323e-03
6.6190831282954391668e+01,-2.0371452225997383097e-03
6.6294578510670618243e+01,-2.0518836782347994914e-03
6.6398325738386844819e+01,-2.0660128696675648420e-03
6.6502072966103085605e+01,-2.0795317078056568816e-03
6.6605820193819312180e+01,-2.0924391103423053626e-03
6.6709567421535538756e+01,-2.1047340613444985233e-03
6.6813314649251765331e+01,-2.1164161608805457347e-03
6.6917061876967991907e+01,-2.1274853683394476245e-03
6.7020809104684232693e+01,-2.1379416478789067466e-03
6.7124556332400459269e+01,-2.1477849638782161960e-03
6.7228303560116685844e+01,-2.1570152809365530748e-03
6.7332050787832912420e+01,-2.1656325860883924618e-03
6.7435798015549138995e+01,-2.1736373645349959041e-03
6.7539545243265379781e+01,-2.1810305891864817558e-03
6.7643292470981606357e+01,-2.1878132477746916468e-03
6.7747039698697832932e+01,-2.1939863219810552993e-03
6.7850786926414059508e+01,-2.1995507874828430263e-03
6.7954534154130286083e+01,-2.2045076166083777194e-03
6.8058281381846526870e+01,-2.2088580969296008061e-03
6.8162028609562753445e+01,-2.2126041341989539923e-03
6.8265775837278980021e+01,-2.2157476948486691699e-03
6.8369523064995206596e+01,-2.2182907333751422305e-03
6.8473270292711433171e+01,-2.2202351924293507561e-03
6.8577017520427673958e+01,-2.2215830029064607271e-03
6.8680764748143900533e+01,-2.2223362188815059051e-03
6.8784511975860127109e+01,-2.2224975453551992950e-03
6.8888259203576353684e+01,-2.2220698746441888000e-03
6.8992006431292580260e+01,-2.2210560817230414268e-03
6.9095753659008821046e+01,-2.2194590242992401526e-03
6.9199500886725047621e+01,-2.2172815429426168468e-03
6.9303248114441274197e+01,-2.2145264885672002325e-03
6.9406995342157500772e+01,-2.2111971919622492970e-03
6.9510742569873727348e+01,-2.2072973967562671549e-03
6.9614489797589968134e+01,-2.2028308387458776785e-03
6.9718237025306194710e+01,-2.1978012314908552255e-03
6.9821984253022421285e+01,-2.1922122664793262589e-03
6.9925731480738647861e+01,-2.1860676135133931715e-03
7.0029478708454874436e+01,-2.1793711338327667430e-03
7.0133225936171115222e+01,-2.1721272756137755509e-03
7.0236973163887341798e+01,-2.1643405690897170313e-03
7.0340720391603568373e+01,-2.1560155177668904013e-03
7.0444467619319794949e+01,-2.1471565986213997368e-03
7.0548214847036021524e+01,-2.1377682622942366375e-03
7.0651962074752262311e+01,-2.1278549668269503004e-03
7.0755709302468488886e+01,-2.1174216249618062376e-03
7.0859456530184715461e+01,-2.1064734801801870447e-03
7.0963203757900942037e+01,-2.0950157539697672471e-03
7.1066950985617168612e+01,-2.0830536373278234034e-03
7.1170698213333409399e+01,-2.0705922909834703974e-03
7.1274445441049635974e+01,-2.0576368456311890445e-03
7.1378192668765862550e+01,-2.0441925596206460616e-03
7.1481939896482089125e+01,-2.0302652092479456410e-03
7.1585687124198315701e+01,-2.0158606566527872278e-03
7.1689434351914556487e+01,-2.0009847300406745363e-03
7.1793181579630783062e+01,-1.9856432239281169780e-03
7.1896928807347009638e+01,-1.9698418993856813344e-03
7.2000676035063236213e+01,-1.9535864935370200572e-03
7.2104423262779462789e+01,-1.9368830349679637751e-03
7.2208170490495703575e+01,-1.9197379194011859622e-03
7.2311917718211930151e+01,-1.9021575308303848798e-03
7.2415664945928156726e+01,-1.8841482166648108616e-03
7.2519412173644383302e+01,-1.8657162879909653958e-03
7.2623159401360624088e+01,-1.8468680198320476700e-03
7.2726906629076850663e+01,-1.8276096953665965563e-03
7.2830653856793077239e+01,-1.8079479767340971008e-03
7.2934401084509303814e+01,-1.7878897160933421469e-03
7.3038148312225530390e+01,-1.7674417290356335321e-03
7.3141895539941771176e+01,-1.7466107924822989704e-03
7.3245642767657997751e+01,-1.7254036449585743139e-03
7.3349389995374224327e+01,-1.7038269868651257245e-03
7.3453137223090450902e+01,-1.6818875736702909238e-03
7.3556884450806677478e+01,-1.6595925300166042716e-03
7.3660631678522918264e+01,-1.6369490519636876492e-03
7.3764378906239144840e+01,-1.6139642950900763563e-03
7.3868126133955371415e+01,-1.5906453747744719960e-03
7.3971873361671597991e+01,-1.5669993664776586759e-03
7.4075620589387824566e+01,-1.5430333063047828313e-03
7.4179367817104065352e+01,-1.5187543233505223367e-03
7.4283115044820291928e+01,-1.4941698493232263845e-03
7.4386862272536518503e+01,-1.4692873291277110896e-03
7.4490609500252745079e+01,-1.4441141661930599963e-03
7.4594356727968971654e+01,-1.4186577227610435402e-03
7.4698103955685212441e+01,-1.3929253201721415560e-03
7.4801851183401439016e+01,-1.3669242404476637798e-03
7.4905598411117665592e+01,-1.3406618681138916891e-03
7.5009345638833892167e+01,-1.3141458166496149725e-03
7.5113092866550118742e+01,-1.2873836874405933991e-03
7.5216840094266359529e+01,-1.2603830399339583865e-03
7.5320587321982586104e+01,-1.2331513919270605060e-03
7.5424334549698812680e+01,-1.2056962198538983492e-03
7.5528081777415039255e+01,-1.1780249607636502328e-03
7.5631829005131265831e+01,-1.1501451360786095219e-03
7.5735576232847506617e+01,-1.1220644347323604443e-03
7.5839323460563733192e+01,-1.0937905233829054580e-03
7.5943070688279959768e+01,-1.0653310267939848730e-03
7.6046817915996186343e+01,-1.0366935281208632200e-03
7.6150565143712412919e+01,-1.0078855691937637674e-03
7.6254312371428653705e+01,-9.7891465181859801080e-04
7.6358059599144880281e+01,-9.4978832671796661283e-04
7.6461806826861106856e+01,-9.2051426198024922411e-04
7.6565554054577333432e+01,-8.9110010029981850249e-04
7.6669301282293560007e+01,-8.6155344300333619977e-04
7.6773048510009800793e+01,-8.3188185032926199956e-04
7.6876795737726027369e+01,-8.0209284170511751470e-04
7.6980542965442253944e+01,-7.7219389624040340927e-04
7.7084290193158480520e+01,-7.4219250165470564834e-04
7.7188037420874707095e+01,-7.1209621568209388251e-04
7.7291784648590947882e+01,-6.8191257059334103516e-04
7.7395531876307174457e+01,-6.5164905827177403794e-04
7.7499279104023401032e+01,-6.2131313048357931020e-04
7.7603026331739627608e+01,-5.9091219914598255153e-04
7.7706773559455854183e+01,-5.6045363659404346616e-04
7.7810520787172094970e+01,-5.2994479157498206902e-04
7.7914268014888321545e+01,-4.9939302973564503839e-04
7.8018015242604548121e+01,-4.6880569001784980557e-04
7.8121762470320774696e+01,-4.3819007237838456708e-04
7.8225509698037001272e+01,-4.0755343804752648066e-04
7.8329256925753242058e+01,-3.7690300978550323819e-04
7.8433004153469468633e+01,-3.4624597213694100406e-04
7.8536751381185695209e+01,-3.1558947128895991491e-04
7.8640498608901921784e+01,-2.8494061291628978994e-04
7.8744245836618148360e+01,-2.5430646403326991273e-04
7.8847993064334389146e+01,-2.2369405445458529413e-04
7.8951740292050615722e+01,-1.9311037704457451655e-04
7.9055487519766842297e+01,-1.6256238795966067366e-04
7.9159234747483068872e+01,-1.3205700688891783474e-04
7.9262981975199295448e+01,-1.0160111521941112499e-04
7.9366729202915536234e+01,-7.1201514090427235940e-05
7.9470476430631762810e+01,-4.0864926703462251976e-05
7.9574223658347989385e+01,-1.0598039489465531422e-05
7.9677970886064215961e+01,1.9592495945726897457e-05
7.9781718113780442536e+01,4.9700062594965650623e-05
7.9885465341496683322e+01,7.9718077825125533147e-05
7.9989212569212909898e+01,1.0963999325039180401e-04
8.0092959796929136473e+01,1.3945933783779341977e-04
8.0196707024645363049e+01,1.6916978573932735480e-04
8.0300454252361589624e+01,1.9876506151443739550e-04
8.0404201480077830411e+01,2.2823892211190180174e-04
8.0507948707794056986e+01,2.5758515666112304695e-04
8.0611695935510283562e+01,2.8679758626506984169e-04
8.0715443163226510137e+01,3.1587006379477561074e-04
8.0819190390942736713e+01,3.4479648878867058667e-04
8.0922937618658977499e+01,3.7357094153543668209e-04
8.1026684846375204074e+01,4.0218761794383035921e-04
8.1130432074091430650e+01,4.3064074460981118441e-04
8.1234179301807657225e+01,4.5892457762306118401e-04
8.1337926529523883801e+01,4.8703340237889154252e-04
8.1441673757240124587e+01,5.1496153339158543503e-04
8.1545420984956351163e+01,5.4270331455764312788e-04
8.1649168212672577738e+01,5.7025321054385335121e-04
8.1752915440388804313e+01,5.9760591774706082330e-04
8.1856662668105030889e+01,6.2475618675082115333e-04
8.1960409895821271675e+01,6.5169879471798568098e-04
8.2064157123537498251e+01,6.7842854522267518474e-04
8.2167904351253724826e+01,7.0494026808356504126e-04
8.2271651578969951402e+01,7.3122881919839368987e-04
8.2375398806686192188e+01,7.5728909594201070359e-04
8.2479146034402418763e+01,7.8311623585815010994e-04
8.2582893262118645339e+01,8.0870555706797307965e-04
8.2686640489834871914e+01,8.3405240472681364382e-04
8.2790387717551098490e+01,8.5915214732253249955e-04
8.2894134945267339276e+01,8.8400017652950999697e-04
8.2997882172983565852e+01,9.0859190706371628123e-04
8.3101629400699792427e+01,9.3292277653890163212e-04
8.3205376628416019003e+01,9.5698831285367122555e-04
8.3309123856132245578e+01,9.8078436512315085062e-04
8.3412871083848486364e+01,1.0043068858056022116e-03
8.3516618311564712940e+01,1.0275518474742455395e-03
8.3620365539280939515e+01,1.0505152426895163990e-03
8.3724112766997166091e+01,1.0731930838752160810e-03
8.3827859994713392666e+01,1.0955814031955995059e-03
8.3931607222429633453e+01,1.1176762535481741655e-03
8.4035354450145860028e+01,1.1394738611073661899e-03
8.4139101677862086603e+01,1.1609707797964252327e-03
8.4242848905578313179e+01,1.1821636175460836782e-03
8.4346596133294539754e+01,1.2030489989762016383e-03
8.4450343361010780541e+01,1.2236235652932565040e-03
8.4554090588727007116e+01,1.2438839741885749594e-03
8.4657837816443233692e+01,1.2638268997373375974e-03
8.4761585044159460267e+01,1.2834490397220391176e-03
8.4865332271875686843e+01,1.3027473462545087219e-03
8.4969079499591927629e+01,1.3217190691946997284e-03
8.5072826727308154204e+01,1.3403614882822709360e-03
8.5176573955024380780e+01,1.3586718965102743181e-03
8.5280321182740607355e+01,1.3766476000445250754e-03
8.5384068410456833931e+01,1.3942859181435803603e-03
8.5487815638173074717e+01,1.4115841830792893747e-03
8.5591562865889301293e+01,1.4285397566299858161e-03
8.5695310093605527868e+01,1.4451503110872075068e-03
8.5799057321321754443e+01,1.4614137875419964084e-03
8.5902804549037981019e+01,1.4773281455345388218e-03
8.6006551776754221805e+01,1.4928913544504183314e-03
8.6110299004470448381e+01,1.5081013934612915155e-03
8.6214046232186674956e+01,1.5229562514660233575e-03
8.6317793459902901532e+01,1.5374539270322218603e-03
8.6421540687619128107e+01,1.5515924502766589160e-03
8.6525287915335368893e+01,1.5653701880621866561e-03
8.6629035143051595469e+01,1.5787857664359883272e-03
8.6732782370767822044e+01,1.5918378244604894887e-03
8.6836529598484048620e+01,1.6045250077019929981e-03
8.6940276826200275195e+01,1.6168459681918684757e-03
8.7044024053916515982e+01,1.6287993643880308188e-03
8.7147771281632742557e+01,1.6403838611366782733e-03
8.7251518509348969133e+01,1.6515981488559032964e-03
8.7355265737065195708e+01,1.6624412498591168656e-03
8.7459012964781422284e+01,1.6729124626993286448e-03
8.7562760192497663070e+01,1.6830110975729847302e-03
8.7666507420213889645e+01,1.6927364679418634499e-03
8.7770254647930116221e+01,1.7020878905137893592e-03
8.7874001875646342796e+01,1.7110646852234606425e-03
8.7977749103362569372e+01,1.7196661752134311234e-03
8.8081496331078810158e+01,1.7278916971242841427e-03
8.8185243558795036733e+01,1.7357408785085065486e-03
8.8288990786511263309e+01,1.7432136676121590992e-03
8.8392738014227489884e+01,1.7503100295091569838e-03
8.8496485241943716460e+01,1.7570299294371960561e-03
8.8600232469659957246e+01,1.7633733327967926648e-03
8.8703979697376183822e+01,1.7693402051503297721e-03
8.8807726925092410397e+01,1.7749305122211158671e-03
8.8911474152808636973e+01,1.7801442220463244669e-03
8.9015221380524863548e+01,1.7849815122417409322e-03
8.9118968608241104334e+01,1.7894429410489527676e-03
8.9222715835957330910e+01,1.7935291046166609071e-03
8.9326463063673557485e+01,1.7972405963240091313e-03
8.9430210291389784061e+01,1.8005780067966432705e-03
8.9533957519106010636e+01,1.8035419239226632877e-03
8.9637704746822251423e+01,1.8061329328684723634e-03
8.9741451974538477998e+01,1.8083516160945366409e-03
8.9845199202254704574e+01,1.8101986597981736208e-03
8.9948946429970931149e+01,1.8116751634692802170e-03
9.0052693657687157724e+01,1.8127823233832045247e-03
9.0156440885403398511e+01,1.8135213303088547170e-03
9.0260188113119625086e+01,1.8138933695403449547e-03
9.0363935340835851662e+01,1.8138996209284253235e-03
9.0467682568552078237e+01,1.8135412589116910263e-03
9.0571429796268304813e+01,1.8128194525475810252e-03
9.0675177023984545599e+01,1.8117353948402152922e-03
9.0778924251700772174e+01,1.8102906205280731421e-03
9.0882671479416998750e+01,1.8084868844433462428e-03
9.0986418707133225325e+01,1.8063259373490713096e-03
9.1090165934849451901e+01,1.8038095220321503313e-03
9.1193913162565692687e+01,1.8009393733487239972e-03
9.1297660390281919263e+01,1.7977172182692328743e-03
9.1401407617998145838e+01,1.7941447759231693698e-03
9.1505154845714372414e+01,1.7902237589004753055e-03
9.1608902073430598989e+01,1.7859560498383209720e-03
9.1712649301146839775e+01,1.7813438826532635318e-03
9.1816396528863066351e+01,1.7763895246074093426e-03
9.1920143756579292926e+01,1.7710952327269270136e-03
9.2023890984295519502e+01,1.7654632538597540663e-03
9.2127638212011760288e+01,1.7594958247328963685e-03
9.2231385439727986864e+01,1.7531951720093624097e-03
9.2335132667444213439e+01,1.7465635123446942526e-03
9.2438879895160440014e+01,1.7396030876890139754e-03
9.2542627122876666590e+01,1.7323164610689254644e-03
9.2646374350592907376e+01,1.7247063653946957326e-03
9.2750121578309133952e+01,1.7167755232090728835e-03
9.2853868806025360527e+01,1.7085266448870258665e-03
9.2957616033741587103e+01,1.6999624287036506614e-03
9.3061363261457813678e+01,1.6910855609016135076e-03
9.3165110489174054464e+01,1.6818987157581454916e-03
9.3268857716890281040e+01,1.6724045558716793634e-03
9.3372604944606507615e+01,1.6626058562665701774e-03
9.3476352172322734191e+01,1.6525057106724578074e-03
9.3580099400038960766e+01,1.6421072536249021849e-03
9.3683846627755201553e+01,1.6314136057744902091e-03
9.3787593855471428128e+01,1.6204278739636397613e-03
9.3891341083187654704e+01,1.6091531513028796158e-03
9.3995088310903881279e+01,1.5975925172466349557e-03
9.4098835538620107855e+01,1.5857490376685130697e-03
9.4202582766336348641e+01,1.5736257727079526816e-03
9.4306329994052575216e+01,1.5612259812229709998e-03
9.4410077221768801792e+01,1.5485531402318587161e-03
9.4513824449485028367e+01,1.5356107233455826202e-03
9.4617571677201254943e+01,1.5224021889399905628e-03
9.4721318904917495729e+01,1.5089309802392453664e-03
9.4825066132633722304e+01,1.4952005253987129488e-03
9.4928813360349948880e+01,1.4812142375873011899e-03
9.5032560588066175455e+01,1.4669755150692645029e-03
9.5136307815782402031e+01,1.4524877657844752470e-03
9.5240055043498642817e+01,1.4377546283206000480e-03
9.5343802271214869393e+01,1.4227798669167914924e-03
9.5447549498931095968e+01,1.4075672311531471637e-03
9.5551296726647322544e+01,1.3921204543249636638e-03
9.5655043954363549119e+01,1.3764432535310448802e-03
9.5758791182079789905e+01,1.3605393297614390945e-03
9.5862538409796016481e+01,1.3444123679846155597e-03
9.5966285637512243056e+01,1.3280660372340549573e-03
9.6070032865228469632e+01,1.3115040296378189036e-03
9.6173780092944696207e+01,1.2947302539376762381e-03
9.6277527320660936994e+01,1.2777486879704264954e-03
9.6381274548377163569e+01,1.2605632925840918549e-03
9.6485021776093390145e+01,1.2431780115907998824e-03
9.6588769003809616720e+01,1.2255967718582845560e-03
9.6692516231525843295e+01,1.2078234834007881612e-03
9.6796263459242084082e+01,1.1898620394693772834e-03
9.6900010686958310657e+01,1.1717163166416898114e-03
9.7003757914674537233e+01,1.1533902164269733623e-03
9.7107505142390763808e+01,1.1348878215527503140e-03
9.7211252370106990384e+01,1.1162132562149271100e-03
9.7314999597823231170e+01,1.0973706270322655925e-03
9.7418746825539457745e+01,1.0783640231299710874e-03
9.7522494053255684321e+01,1.0591975162327251902e-03
9.7626241280971910896e+01,1.0398751607571545506e-03
9.7729988508688137472e+01,1.0204009939036970574e-03
9.7833735736404378258e+01,1.0007790357478838546e-03
9.7937482964120604834e+01,9.8101332096982773665e-04
9.8041230191836831409e+01,9.6110802366412991481e-04
9.8144977419553057985e+01,9.4106734857262255584e-04
9.8248724647269284560e+01,9.2089548269092544926e-04
9.8352471874985525346e+01,9.0059659534802460369e-04
9.8456219102701751922e+01,8.8017483829936509800e-04
9.8559966330417978497e+01,8.5963434581932593719e-04
9.8663713558134205073e+01,8.3897923479313936315e-04
9.8767460785850431648e+01,8.1821360480821819089e-04
9.8871208013566672435e+01,7.9734155472400611818e-04
9.8974955241282899010e+01,7.7636727684566014113e-04
9.9078702468999125585e+01,7.5529499144665307019e-04
9.9182449696715352161e+01,7.3412890128391676374e-04
9.9286196924431578736e+01,7.1287319154801805088e-04
9.9389944152147819523e+01,6.9153202995483897559e-04
9.9493691379864046098e+01,6.7010956683669715885e-04
9.9597438607580272674e+01,6.4860993523286757274e-04
9.9701185835296499249e+01,6.2703725097956795973e-04
9.9804933063012725825e+01,6.0539561761857184526e-04
9.9908680290728966611e+01,5.8368918272742095071e-04
1.0001242751844519319e+02,5.6192211861052273475e-04
1.0011617474616141976e+02,5.4009858110099309442e-04
1.0021992197387764634e+02,5.1822270882354926676e-04
1.0032366920159387291e+02,4.9629862328348444637e-04
1.0042741642931011370e+02,4.7433042895509292935e-04
1.0053116365702634027e+02,4.5232221336956042034e-04
1.0063491088474256685e+02,4.3027804720228123025e-04
1.0073865811245879343e+02,4.0820268939704420445e-04
1.0084240534017502000e+02,3.8613439704279648107e-04
1.0094615256789126079e+02,3.6415868823777683329e-04
1.0104989979560748736e+02,3.4236432298603337605e-04
1.0115364702332371394e+02,3.2083969714835917832e-04
1.0125739425103994051e+02,2.9967284430778965733e-04
1.0136114147875616709e+02,2.7895143762362970994e-04
1.0146488870647240788e+02,2.5876279167410669605e-04
1.0156863593418863445e+02,2.3919386428774275905e-04
1.0167238316190486103e+02,2.2033125836327049039e-04
1.0177613038962108760e+02,2.0223986726546013025e-04
1.0187987761733732839e+02,1.8489953609853362741e-04
1.0198362484505355496e+02,1.6826915520338410503e-04
1.0208737207276978154e+02,1.5230778203316887136e-04
1.0219111930048600811e+02,1.3697464030503497963e-04
1.0229486652820223469e+02,1.2222911915699336601e-04
1.0239861375591847548e+02,1.0803077230991954257e-04
1.0250236098363470205e+02,9.4339317234653184696e-05
1.0260610821135092863e+02,8.1114634324130679890e-05
1.0270985543906715520e+02,6.8323241696604045115e-05
1.0281360266678338178e+02,5.6052407450913562567e-05
1.0291734989449962256e+02,4.4495712063647852432e-05
1.0302109712221584914e+02,3.3849636403847027329e-05
1.0312484434993207572e+02,2.4309870673832023298e-05
1.0322859157764830229e+02,1.6071318382406836440e-05
1.0333233880536452887e+02,9.3281002941176792442e-06
1.0343608603308076965e+02,4.2735583547464108973e-06
1.0353983326079699623e+02,1.1002595932069171651e-06
1.0364358048851322280e+02,0.0000000000000000000e+00
