1.0000000000000000479e-04,-1.0014517470529502319e-10
3.0129929929929927940e-02,-6.8029300555301519773e-06
6.0159859859859859954e-02,-2.6832787632179519325e-05
9.0189789789789795438e-02,-5.9683930571369566028e-05
1.2021971971971971704e-01,-1.0495836491497411325e-04
1.5024964964964962477e-01,-1.6226572676747454929e-04
1.8027957957957957413e-01,-2.3122316534765030398e-04
2.1030950950950949574e-01,-3.1145522844834333705e-04
2.4033943943943941735e-01,-4.0259374831816478442e-04
2.7036936936936933895e-01,-5.0427772964379072307e-04
3.0039929929929926056e-01,-6.1615323993289530975e-04
3.3042922922922918216e-01,-7.3787329821714759195e-04
3.6045915915915915928e-01,-8.6909776961136789731e-04
3.9048908908908908089e-01,-1.0094932593448472258e-03
4.2051901901901900249e-01,-1.1587330063384550499e-03
4.5054894894894892410e-01,-1.3164967815472688583e-03
4.8057887887887884570e-01,-1.4824707812719111529e-03
5.1060880880880876731e-01,-1.6563475360871612787e-03
5.4063873873873868892e-01,-1.8378258039450990399e-03
5.7066866866866861052e-01,-2.0266104749226449173e-03
6.0069859859859853213e-01,-2.2224124726752496339e-03
6.3072852852852845373e-01,-2.4249486577137412298e-03
6.6075845845845837534e-01,-2.6339417508245434839e-03
6.9078838838838829695e-01,-2.8491202071928541442e-03
7.2081831831831832957e-01,-3.0702181547764208387e-03
7.5084824824824825118e-01,-3.2969752962304543949e-03
7.8087817817817817279e-01,-3.5291368123489207619e-03
8.1090810810810809439e-01,-3.7664532793388709464e-03
8.4093803803803801600e-01,-4.0086805850566842313e-03
8.7096796796796793760e-01,-4.2555798420008473029e-03
9.0099789789789785921e-01,-4.5069172973967262102e-03
9.3102782782782778082e-01,-4.7624642511723399782e-03
9.6105775775775770242e-01,-5.0219969949448868204e-03
9.9108768768768762403e-01,-5.2852967109066071108e-03
1.0211176176176175456e+00,-5.5521493665806427240e-03
1.0511475475475475783e+00,-5.8223457236190644462e-03
1.0811774774774773888e+00,-6.0956811303859576023e-03
1.1112074074074074215e+00,-6.3719555959920563815e-03
1.1412373373373372321e+00,-6.6509735617110718811e-03
1.1712672672672672647e+00,-6.9325439567581269296e-03
1.2012971971971970753e+00,-7.2164800595720998005e-03
1.2313271271271271079e+00,-7.5025994028610556996e-03
1.2613570570570569185e+00,-7.7907237738718531500e-03
1.2913869869869869511e+00,-8.0806791118808157098e-03
1.3214169169169167617e+00,-8.3722954029677720822e-03
1.3514468468468467943e+00,-8.6654066496883556947e-03
1.3814767767767766049e+00,-8.9598508058728026232e-03
1.4115067067067066375e+00,-9.2554697035350051021e-03
1.4415366366366366702e+00,-9.5521089843542683617e-03
1.4715665665665664807e+00,-9.8496180343720738520e-03
1.5015964964964965134e+00,-1.0147849920590668385e-02
1.5316264264264263240e+00,-1.0446661329768553925e-02
1.5616563563563563566e+00,-1.0745912508144958228e-02
1.5916862862862861672e+00,-1.1045467200233593380e-02
1.6217162162162161998e+00,-1.1345192588678901235e-02
1.6517461461461460104e+00,-1.1644959235278591614e-02
1.6817760760760760430e+00,-1.1944641023062549032e-02
1.7118060060060058536e+00,-1.2244115097895760802e-02
1.7418359359359358862e+00,-1.2543261810561125158e-02
1.7718658658658656968e+00,-1.2841964660941108251e-02
1.8018957957957957294e+00,-1.3140110243306938817e-02
1.8319257257257255400e+00,-1.3437588193201356265e-02
1.8619556556556555726e+00,-1.3734291136087144192e-02
1.8919855855855853832e+00,-1.4030114637830480920e-02
1.9220155155155154159e+00,-1.4324957155824043914e-02
1.9520454454454454485e+00,-1.4618719967966684742e-02
1.9820753753753752591e+00,-1.4911307118436504041e-02
2.0121053053053055137e+00,-1.5202625390994081722e-02
2.0421352352352353243e+00,-1.5492584268192412938e-02
2.0721651651651651349e+00,-1.5781095883276721054e-02
2.1021950950950953896e+00,-1.6068074920482976198e-02
2.1322250250250252002e+00,-1.6353438596884831147e-02
2.1622549549549550107e+00,-1.6637106654285790941e-02
2.1922848848848848213e+00,-1.6919001304177196804e-02
2.2223148148148150760e+00,-1.7199047106513085104e-02
2.2523447447447448866e+00,-1.7477170992623466267e-02
2.2823746746746746972e+00,-1.7753302256997054165e-02
2.3124046046046045078e+00,-1.8027372432923276929e-02
2.3424345345345347624e+00,-1.8299315259145420426e-02
2.3724644644644645730e+00,-1.8569066722289539334e-02
2.4024943943943943836e+00,-1.8836564932003401623e-02
2.4325243243243246383e+00,-1.9101750074923876804e-02
2.4625542542542544489e+00,-1.9364564467055374319e-02
2.4925841841841842594e+00,-1.9624952412909950350e-02
2.5226141141141140700e+00,-1.9882860203391011095e-02
2.5526440440440443247e+00,-2.0138236126758145977e-02
2.5826739739739741353e+00,-2.0391030332421181820e-02
2.6127039039039039459e+00,-2.0641194885207613668e-02
2.6427338338338337564e+00,-2.0888683685133201812e-02
2.6727637637637640111e+00,-2.1133452424117186302e-02
2.7027936936936938217e+00,-2.1375458590492772692e-02
2.7328236236236236323e+00,-2.1614661385079662892e-02
2.7628535535535534429e+00,-2.1851021730981644992e-02
2.7928834834834836975e+00,-2.2084502204720295182e-02
2.8229134134134135081e+00,-2.2315067036171972598e-02
2.8529433433433433187e+00,-2.2542682034311520289e-02
2.8829732732732735734e+00,-2.2767314614485275465e-02
2.9130032032032033840e+00,-2.2988933684645145722e-02
2.9430331331331331945e+00,-2.3207509719302771289e-02
2.9730630630630630051e+00,-2.3423014605125285631e-02
3.0030929929929932598e+00,-2.3635421746824956252e-02
3.0331229229229230704e+00,-2.3844705895178047034e-02
3.0631528528528528810e+00,-2.4050843261644552079e-02
3.0931827827827826916e+00,-2.4253811346243513147e-02
3.1232127127127129462e+00,-2.4453589052575379348e-02
3.1532426426426427568e+00,-2.4650156513206646774e-02
3.1832725725725725674e+00,-2.4843495218255549212e-02
3.2133025025025023780e+00,-2.5033587814488559437e-02
3.2433324324324326327e+00,-2.5220418281078463979e-02
3.2733623623623624432e+00,-2.5403971660166960178e-02
3.3033922922922922538e+00,-2.5584234328362789185e-02
3.3334222222222220644e+00,-2.5761193607492662017e-02
3.3634521521521523191e+00,-2.5934838179600905317e-02
3.3934820820820821297e+00,-2.6105157542979425672e-02
3.4235120120120119402e+00,-2.6272142579264086415e-02
3.4535419419419421949e+00,-2.6435784889966004035e-02
3.4835718718718720055e+00,-2.6596077421312140643e-02
3.5136018018018018161e+00,-2.6753013840145653535e-02
3.5436317317317316267e+00,-2.6906588997928561346e-02
3.5736616616616618813e+00,-2.7056798607074748070e-02
3.6036915915915916919e+00,-2.7203639269408778217e-02
3.6337215215215215025e+00,-2.7347108699155405626e-02
3.6637514514514513131e+00,-2.7487205155865484379e-02
3.6937813813813815678e+00,-2.7623928215748019127e-02
3.7238113113113113783e+00,-2.7757277846792497572e-02
3.7538412412412411889e+00,-2.7887255218169204607e-02
3.7838711711711709995e+00,-2.8013862124822347388e-02
3.8139011011011012542e+00,-2.8137101081585621370e-02
3.8439310310310310648e+00,-2.8256975699834204624e-02
3.8739609609609608754e+00,-2.8373489835809596882e-02
3.9039908908908911300e+00,-2.8486648621747528293e-02
3.9340208208208209406e+00,-2.8596457528388959796e-02
3.9640507507507507512e+00,-2.8702922784639102460e-02
3.9940806806806805618e+00,-2.8806051589659931178e-02
4.0241106106106103724e+00,-2.8905851253435577847e-02
4.0541405405405397389e+00,-2.9002330325978879083e-02
4.0841704704704699935e+00,-2.9095497637112208156e-02
4.1142004004004002482e+00,-2.9185362544057832923e-02
4.1442303303303296147e+00,-2.9271935480775803512e-02
4.1742602602602598694e+00,-2.9355226825156188059e-02
4.2042901901901901240e+00,-2.9435247979538434193e-02
4.2343201201201194905e+00,-2.9512010888030976857e-02
4.2643500500500497452e+00,-2.9585527536041364427e-02
4.2943799799799791117e+00,-2.9655811134188959227e-02
4.3244099099099093664e+00,-2.9722874951144610811e-02
4.3544398398398396210e+00,-2.9786732617446600585e-02
4.3844697697697689875e+00,-2.9847398849108038033e-02
4.4144996996996992422e+00,-2.9904888171625319121e-02
4.4445296296296294969e+00,-2.9959215781542293533e-02
4.4745595595595588634e+00,-3.0010397684647294875e-02
4.5045894894894891181e+00,-3.0058449614440027609e-02
4.5346194194194193727e+00,-3.0103388182212090923e-02
4.5646493493493487392e+00,-3.0145230548710075930e-02
4.5946792792792789939e+00,-3.0183993590273346802e-02
4.6247092092092083604e+00,-3.0219695164469873028e-02
4.6547391391391386151e+00,-3.0252353496372813568e-02
4.6847690690690688697e+00,-3.0281986521137411322e-02
4.7147989989989982362e+00,-3.0308613180942439724e-02
4.7448289289289284909e+00,-3.0332252696240888379e-02
4.7748588588588587456e+00,-3.0352923967995108084e-02
4.8048887887887881121e+00,-3.0370646870061634992e-02
4.8349187187187183667e+00,-3.0385441558532608197e-02
4.8649486486486486214e+00,-3.0397327814311383976e-02
4.8949785785785779879e+00,-3.0406326290123835560e-02
4.9250085085085082426e+00,-3.0412458019244765356e-02
4.9550384384384376091e+00,-3.0415743598979905898e-02
4.9850683683683678638e+00,-3.0416204302748356403e-02
5.0150982982982981184e+00,-3.0413861973977711350e-02
5.0451282282282274849e+00,-3.0408737991509934839e-02
5.0751581581581577396e+00,-3.0400854098563082767e-02
5.1051880880880879943e+00,-3.0390232854163850423e-02
5.1352180180180173608e+00,-3.0376896401810262599e-02
5.1652479479479476154e+00,-3.0360866857291782944e-02
5.1952778778778769819e+00,-3.0342167337683016715e-02
5.2253078078078072366e+00,-3.0320820721366627953e-02
5.2553377377377374913e+00,-3.0296849533868967091e-02
5.2853676676676668578e+00,-3.0270277185182756230e-02
5.3153975975975971124e+00,-3.0241127240620960248e-02
5.3454275275275273671e+00,-3.0209422761845173416e-02
5.3754574574574567336e+00,-3.0175187192978875084e-02
5.4054873873873869883e+00,-3.0138444666075875356e-02
5.4355173173173172430e+00,-3.0099218865349330887e-02
5.4655472472472466094e+00,-3.0057533253237265353e-02
5.4955771771771768641e+00,-3.0013412215560329732e-02
5.5256071071071062306e+00,-2.9966880039051537604e-02
5.5556370370370364853e+00,-2.9917960512301635528e-02
5.5856669669669667400e+00,-2.9866677823678848547e-02
5.6156968968968961065e+00,-2.9813056752983214948e-02
5.6457268268268263611e+00,-2.9757121620009437113e-02
5.6757567567567566158e+00,-2.9698896434823630897e-02
5.7057866866866859823e+00,-2.9638406027037489388e-02
5.7358166166166162370e+00,-2.9575675233008209136e-02
5.7658465465465464916e+00,-2.9510728375313727972e-02
5.7958764764764758581e+00,-2.9443589825101257329e-02
5.8259064064064061128e+00,-2.9374284717215797674e-02
5.8559363363363354793e+00,-2.9302837847630283652e-02
5.8859662662662657340e+00,-2.9229273539156403611e-02
5.9159961961961959886e+00,-2.9153616508111105526e-02
5.9460261261261253551e+00,-2.9075891936271851257e-02
5.9760560560560556098e+00,-2.8996124547969390206e-02
6.0060859859859858645e+00,-2.8914338667662652094e-02
6.0361159159159152310e+00,-2.8830559212849948131e-02
6.0661458458458454857e+00,-2.8744811291030361589e-02
6.0961757757757748521e+00,-2.8657119525961408102e-02
6.1262057057057051068e+00,-2.8567508214100773706e-02
6.1562356356356353615e+00,-2.8476002312608533068e-02
6.1862655655655647280e+00,-2.8382626796724035045e-02
6.2162954954954949827e+00,-2.8287406161367822932e-02
6.2463254254254252373e+00,-2.8190364613117829817e-02
6.2763553553553546038e+00,-2.8091527011759920979e-02
6.3063852852852848585e+00,-2.7990918165052433575e-02
6.3364152152152151132e+00,-2.7888562411273003921e-02
6.3664451451451444797e+00,-2.7784483792053341761e-02
6.3964750750750747343e+00,-2.7678706955656658811e-02
6.4265050050050041008e+00,-2.7571256512922047432e-02
6.4565349349349343555e+00,-2.7462156617963386779e-02
6.4865648648648646102e+00,-2.7351431084155906903e-02
6.5165947947947939767e+00,-2.7239104239439339977e-02
6.5466247247247242314e+00,-2.7125200467205366761e-02
6.5766546546546544860e+00,-2.7009743710028306235e-02
6.6066845845845838525e+00,-2.6892757519548768363e-02
6.6367145145145141072e+00,-2.6774265791075082394e-02
6.6667444444444434737e+00,-2.6654292640280716903e-02
6.6967743743743737284e+00,-2.6532861770857976008e-02
6.7268043043043039830e+00,-2.6409996469830353261e-02
6.7568342342342333495e+00,-2.6285720103916131174e-02
6.7868641641641636042e+00,-2.6160056451017231482e-02
6.8168940940940938589e+00,-2.6033028948548048859e-02
6.8469240240240232254e+00,-2.5904660622746284587e-02
6.8769539539539534800e+00,-2.5774974294555958593e-02
6.9069838838838837347e+00,-2.5643993266310113194e-02
6.9370138138138131012e+00,-2.5511740681619397841e-02
6.9670437437437433559e+00,-2.5378239285084130267e-02
6.9970736736736727224e+00,-2.5243511462847062488e-02
7.0271036036036029770e+00,-2.5107579839351253093e-02
7.0571335335335332317e+00,-2.4970467216035900637e-02
7.0871634634634625982e+00,-2.4832196028244834379e-02
7.1171933933933928529e+00,-2.4692788332674561746e-02
7.1472233233233231076e+00,-2.4552266022556609032e-02
7.1772532532532524741e+00,-2.4410651390746142264e-02
7.2072831831831827287e+00,-2.4267966535523315119e-02
7.2373131131131129834e+00,-2.4124233188396897176e-02
7.2673430430430423499e+00,-2.3979472735466089012e-02
7.2973729729729726046e+00,-2.3833706671412137335e-02
7.3274029029029019711e+00,-2.3686956695484519264e-02
7.3574328328328322257e+00,-2.3539244186072415255e-02
7.3874627627627624804e+00,-2.3390590173953590414e-02
7.4174926926926918469e+00,-2.3241015415088654705e-02
7.4475226226226221016e+00,-2.3090540925446306070e-02
7.4775525525525523562e+00,-2.2939187699185282360e-02
7.5075824824824817227e+00,-2.2786976397499537211e-02
7.5376124124124119774e+00,-2.2633927352325326765e-02
7.5676423423423413439e+00,-2.2480060704406480687e-02
7.5976722722722715986e+00,-2.2325396870692969936e-02
7.6277022022022018533e+00,-2.2169956114566000127e-02
7.6577321321321312197e+00,-2.2013758381564951100e-02
7.6877620620620614744e+00,-2.1856823305669972890e-02
7.7177919919919917291e+00,-2.1699170388277330690e-02
7.7478219219219210956e+00,-2.1540819362330265729e-02
7.7778518518518513503e+00,-2.1381789758701318788e-02
7.8078817817817816049e+00,-2.1222100807791913907e-02
7.8379117117117109714e+00,-2.1061771445494193583e-02
7.8679416416416412261e+00,-2.0900820487962473021e-02
7.8979715715715705926e+00,-2.0739266939382616090e-02
7.9280015015015008473e+00,-2.0577129598390128673e-02
7.9580314314314311019e+00,-2.0414426979871089923e-02
7.9880613613613604684e+00,-2.0251177320314707464e-02
8.0180912912912898349e+00,-2.0087398709748859743e-02
8.0481212212212209778e+00,-1.9923109395437725577e-02
8.0781511511511503443e+00,-1.9758327443249023431e-02
8.1081810810810797108e+00,-1.9593070651411231137e-02
8.1382110110110108536e+00,-1.9427356555451590764e-02
8.1682409409409402201e+00,-1.9261202500517177888e-02
8.1982708708708695866e+00,-1.9094625947345879313e-02
8.2283008008008007295e+00,-1.8927644227716092923e-02
8.2583307307307300960e+00,-1.8760274421419771002e-02
8.2883606606606594625e+00,-1.8592533360718626473e-02
8.3183905905905906053e+00,-1.8424437655404402731e-02
8.3484205205205199718e+00,-1.8256003946363140444e-02
8.3784504504504493383e+00,-1.8087248825726150864e-02
8.4084803803803804811e+00,-1.7918188652561048424e-02
8.4385103103103098476e+00,-1.7748839553068964520e-02
8.4685402402402392141e+00,-1.7579217426051819972e-02
8.4985701701701703570e+00,-1.7409338079668615351e-02
8.5286001001000997235e+00,-1.7239217345413750809e-02
8.5586300300300290900e+00,-1.7068870858960999426e-02
8.5886599599599584565e+00,-1.6898314037305937202e-02
8.6186898898898895993e+00,-1.6727562082575590102e-02
8.6487198198198189658e+00,-1.6556630014525890171e-02
8.6787497497497483323e+00,-1.6385532855672582664e-02
8.7087796796796794752e+00,-1.6214285514935533605e-02
8.7388096096096088417e+00,-1.6042902696733300771e-02
8.7688395395395382081e+00,-1.5871398904056335105e-02
8.7988694694694693510e+00,-1.5699788442424492119e-02
8.8288993993993987175e+00,-1.5528085501649318070e-02
8.8589293293293280840e+00,-1.5356304241454770548e-02
8.8889592592592592268e+00,-1.5184458650207085725e-02
8.9189891891891885933e+00,-1.5012562527879122487e-02
8.9490191191191179598e+00,-1.4840629489211245445e-02
8.9790490490490491027e+00,-1.4668672972067725579e-02
9.0090789789789784692e+00,-1.4496706333149233722e-02
9.0391089089089078357e+00,-1.4324742838281629559e-02
9.0691388388388389785e+00,-1.4152795580578473450e-02
9.0991687687687683450e+00,-1.3980877480308906424e-02
9.1291986986986977115e+00,-1.3809001287740334599e-02
9.1592286286286288544e+00,-1.3637179595032198134e-02
9.1892585585585582209e+00,-1.3465424907753995379e-02
9.2192884884884875873e+00,-1.3293749608159346337e-02
9.2493184184184169538e+00,-1.3122165918009343760e-02
9.2793483483483480967e+00,-1.2950685900856281907e-02
9.3093782782782774632e+00,-1.2779321464595419164e-02
9.3394082082082068297e+00,-1.2608084370569901458e-02
9.3694381381381379725e+00,-1.2436986270975971397e-02
9.3994680680680673390e+00,-1.2266038685285741289e-02
9.4294979979979967055e+00,-1.2095252986264641917e-02
9.4595279279279278484e+00,-1.1924640402263568181e-02
9.4895578578578572149e+00,-1.1754212019503910633e-02
9.5195877877877865814e+00,-1.1583978784822920177e-02
9.5496177177177177242e+00,-1.1413951510736984260e-02
9.5796476476476470907e+00,-1.1244140875569109961e-02
9.6096775775775764572e+00,-1.1074557424168938319e-02
9.6397075075075076001e+00,-1.0905211569987461467e-02
9.6697374374374369665e+00,-1.0736113597117411325e-02
9.6997673673673663330e+00,-1.0567273659478985601e-02
9.7297972972972974759e+00,-1.0398701756019932199e-02
9.7598272272272268424e+00,-1.0230407744917385110e-02
9.7898571571571562089e+00,-1.0062401363150836123e-02
9.8198870870870855754e+00,-9.8946922285942286862e-03
9.8499170170170167182e+00,-9.7272898418315437846e-03
9.8799469469469460847e+00,-9.5602035864914610558e-03
9.9099768768768754512e+00,-9.3934426873418987863e-03
9.9400068068068065941e+00,-9.2270162048895213586e-03
9.9700367367367359606e+00,-9.0609330874767916170e-03
1.0000066666666665327e+01,-8.8952021759596214961e-03
1.0030096596596596470e+01,-8.7298322053164616185e-03
1.0060126526526525836e+01,-8.5648318062224813169e-03
1.0090156456456455203e+01,-8.4002094764705562135e-03
1.0120186386386386346e+01,-8.2359735132052479950e-03
1.0150216316316315712e+01,-8.0721320947552393371e-03
1.0180246246246245079e+01,-7.9086933029506745890e-03
1.0210276176176176222e+01,-7.7456651245422754662e-03
1.0240306106106105588e+01,-7.5830554525954888684e-03
1.0270336036036034955e+01,-7.4208720820694738449e-03
1.0300365965965966097e+01,-7.2591226161624359745e-03
1.0330395895895895464e+01,-7.0978144841369250270e-03
1.0360425825825824830e+01,-6.9369550264032709200e-03
1.0390455755755754197e+01,-6.7765514985123950081e-03
1.0420485685685685340e+01,-6.6166110723785351300e-03
1.0450515615615614706e+01,-6.4571408374809527442e-03
1.0480545545545544073e+01,-6.2981477698247920541e-03
1.0510575475475475216e+01,-6.1396386097306212409e-03
1.0540605405405404582e+01,-5.9816199735846110191e-03
1.0570635335335333949e+01,-5.8240984025770096977e-03
1.0600665265265265091e+01,-5.6670803637776248976e-03
1.0630695195195194458e+01,-5.5105722511827456497e-03
1.0660725125125123824e+01,-5.3545803864758958340e-03
1.0690755055055054967e+01,-5.1991109466653319046e-03
1.0720784984984984334e+01,-5.0441698665218415165e-03
1.0750814914914913700e+01,-4.8897629896729726678e-03
1.0780844844844844843e+01,-4.7358960946368164682e-03
1.0810874774774774210e+01,-4.5825748957263271605e-03
1.0840904704704703576e+01,-4.4298050439385318333e-03
1.0870934634634634719e+01,-4.2775921265267267957e-03
1.0900964564564564085e+01,-4.1259415641350669426e-03
1.0930994494494493452e+01,-3.9748585376551239315e-03
1.0961024424424422818e+01,-3.8243481534636120274e-03
1.0991054354354353961e+01,-3.6744154621303529683e-03
1.1021084284284283328e+01,-3.5250654591786052643e-03
1.1051114214214212694e+01,-3.3763030858329338459e-03
1.1081144144144143837e+01,-3.2281332285976961118e-03
1.1111174074074073204e+01,-3.0805606106133749493e-03
1.1141204004004002570e+01,-2.9335897040681751906e-03
1.1171233933933933713e+01,-2.7872249119866841262e-03
1.1201263863863863079e+01,-2.6414705901765178284e-03
1.1231293793793792446e+01,-2.4963310478595028899e-03
1.1261323723723723589e+01,-2.3518105482928405685e-03
1.1291353653653652955e+01,-2.2079133092796302679e-03
1.1321383583583582322e+01,-2.0646434206294159673e-03
1.1351413513513513465e+01,-1.9220046954359884701e-03
1.1381443443443442831e+01,-1.7800008659302386533e-03
1.1411473373373372198e+01,-1.6386356250567325494e-03
1.1441503303303303340e+01,-1.4979126269893058582e-03
1.1471533233233232707e+01,-1.3578354876385503609e-03
1.1501563163163162073e+01,-1.2184077851512839594e-03
1.1531593093093093216e+01,-1.0796330250175548496e-03
1.1561623023023022583e+01,-9.4151443478031099539e-04
1.1591652952952951949e+01,-8.0405510766530269729e-04
1.1621682882882881316e+01,-6.6725810458611125621e-04
1.1651712812812812459e+01,-5.3112645490076943432e-04
1.1681742742742741825e+01,-3.9566315681739081542e-04
1.1711772672672671192e+01,-2.6087117779347371305e-04
1.1741802602602602335e+01,-1.2675345107405331020e-04
1.1771832532532531701e+01,6.6872808971743244249e-06
1.1801862462462461068e+01,1.3944851885293953241e-04
1.1831892392392392210e+01,2.7152780395417003235e-04
1.1861922322322321577e+01,4.0292270226119667950e-04
1.1891952252252250943e+01,5.3363080441941562575e-04
1.1921982182182182086e+01,6.6364972534963277608e-04
1.1952012112112111453e+01,7.9297710394307576592e-04
1.1982042042042040819e+01,9.2161063864254987553e-04
1.2012071971971971962e+01,1.0495483094765366023e-03
1.2042101901901901329e+01,1.1767882299420836124e-03
1.2072131831831830695e+01,1.3033285327934385732e-03
1.2102161761761761838e+01,1.4291673693181533838e-03
1.2132191691691691204e+01,1.5543029091076908475e-03
1.2162221621621620571e+01,1.6787333398314955874e-03
1.2192251551551549937e+01,1.8024568670492540322e-03
1.2222281481481481080e+01,1.9254718015837839380e-03
1.2252311411411410447e+01,2.0477767468241826407e-03
1.2282341341341339813e+01,2.1693703740275380003e-03
1.2312371271271270956e+01,2.2902513674141746977e-03
1.2342401201201200323e+01,2.4104184240099375131e-03
1.2372431131131129689e+01,2.5298702534908216848e-03
1.2402461061061060832e+01,2.6486055780298089699e-03
1.2432490990990990198e+01,2.7666231327272295532e-03
1.2462520920920919565e+01,2.8839217853942169037e-03
1.2492550850850850708e+01,3.0005006817984056222e-03
1.2522580780780780074e+01,3.1163590117697604828e-03
1.2552610710710709441e+01,3.2314959728910273157e-03
1.2582640640640640584e+01,3.3459107704051993873e-03
1.2612670570570569950e+01,3.4596026171243056402e-03
1.2642700500500499317e+01,3.5725707333395537516e-03
1.2672730430430430459e+01,3.6848143470896341754e-03
1.2702760360360359826e+01,3.7963328067404226475e-03
1.2732790290290289192e+01,3.9071257398815457951e-03
1.2762820220220218559e+01,4.0171928180394852678e-03
1.2792850150150149702e+01,4.1265337158249669469e-03
1.2822880080080079068e+01,4.2351481108968153794e-03
1.2852910010010008435e+01,4.3430356839263871763e-03
1.2882939939939939578e+01,4.4501961185624350562e-03
1.2912969869869868944e+01,4.5566291013964775602e-03
1.2942999799799798311e+01,4.6623343899279030833e-03
1.2973029729729729453e+01,4.7673120282128401623e-03
1.3003059659659658820e+01,4.8715621341952021137e-03
1.3033089589589588186e+01,4.9750848247321517726e-03
1.3063119519519519329e+01,5.0778802156063113440e-03
1.3093149449449448696e+01,5.1799484215380650620e-03
1.3123179379379378062e+01,5.2812895561977551626e-03
1.3153209309309309205e+01,5.3819037322176428023e-03
1.3183239239239238572e+01,5.4817910796823889064e-03
1.3213269169169167938e+01,5.5809519647433284209e-03
1.3243299099099099081e+01,5.6793869145595450923e-03
1.3273329029029028447e+01,5.7770964548231381469e-03
1.3303358958958957814e+01,5.8740811064795991903e-03
1.3333388888888887180e+01,5.9703413857812468943e-03
1.3363418818818818323e+01,6.0658778043399721319e-03
1.3393448748748747690e+01,6.1606908691792337113e-03
1.3423478678678677056e+01,6.2547810829454882076e-03
1.3453508608608608199e+01,6.3481490442107331440e-03
1.3483538538538537566e+01,6.4407956175927235168e-03
1.3513568468468466932e+01,6.5327217054238270050e-03
1.3543598398398398075e+01,6.6239282020335073925e-03
1.3573628328328327441e+01,6.7144159938368631196e-03
1.3603658258258256808e+01,6.8041859594219974983e-03
1.3633688188188187951e+01,6.8932389696362006415e-03
1.3663718118118117317e+01,6.9815758876710098946e-03
1.3693748048048046684e+01,7.0691975757765819488e-03
1.3723777977977977827e+01,7.1561050742386363502e-03
1.3753807907907907193e+01,7.2422996201041700548e-03
1.3783837837837836560e+01,7.3277824503663168548e-03
1.3813867767767767702e+01,7.4125547912618217072e-03
1.3843897697697697069e+01,7.4966178583877052244e-03
1.3873927627627626435e+01,7.5799728568164198225e-03
1.3903957557557555802e+01,7.6626209812095009977e-03
1.3933987487487486945e+01,7.7445634159297501581e-03
1.3964017417417416311e+01,7.8258013509093522081e-03
1.3994047347347345678e+01,7.9063361844949834462e-03
1.4024077277277276821e+01,7.9861694628882706759e-03
1.4054107207207206187e+01,8.0653027227368685043e-03
1.4084137137137135554e+01,8.1437374875828073134e-03
1.4114167067067066696e+01,8.2214752680018869657e-03
1.4144196996996996063e+01,8.2985175617413253768e-03
1.4174226926926925429e+01,8.3748658538556567527e-03
1.4204256856856856572e+01,8.4505216168409141853e-03
1.4234286786786785939e+01,8.5254863251211527447e-03
1.4264316716716715305e+01,8.5997616495860317032e-03
1.4294346646646646448e+01,8.6733494048092836526e-03
1.4324376576576575815e+01,8.7462513940423751435e-03
1.4354406506506505181e+01,8.8184694054469162788e-03
1.4384436436436436324e+01,8.8900052122521788095e-03
1.4414466366366365691e+01,8.9608605729106002163e-03
1.4444496296296295057e+01,9.0310372312514351073e-03
1.4474526226226226200e+01,9.1005369166324151520e-03
1.4504556156156155566e+01,9.1693613486526649031e-03
1.4534586086086084933e+01,9.2375123910115562731e-03
1.4564616016016014299e+01,9.3049920870730377931e-03
1.4594645945945945442e+01,9.3718024754160869638e-03
1.4624675875875874809e+01,9.4379455778757833512e-03
1.4654705805805804175e+01,9.5034233997149369227e-03
1.4684735735735735318e+01,9.5682379297934837953e-03
1.4714765665665664685e+01,9.6323911407358835807e-03
1.4744795595595594051e+01,9.6958849890964367985e-03
1.4774825525525525194e+01,9.7587214155319158826e-03
1.4804855455455454560e+01,9.8209024140035513367e-03
1.4834885385385383927e+01,9.8824301968835539384e-03
1.4864915315315315070e+01,9.9433070084263032451e-03
1.4894945245245244436e+01,1.0003535074787460110e-02
1.4924975175175173803e+01,1.0063116604206067545e-02
1.4955005105105104946e+01,1.0122053787184429399e-02
1.4985035035035034312e+01,1.0180348796665818906e-02
1.5015064964964963679e+01,1.0238003788210088205e-02
1.5045094894894894821e+01,1.0295020900167152836e-02
1.5075124824824824188e+01,1.0351402261146013667e-02
1.5105154754754753554e+01,1.0407150145114518053e-02
1.5135184684684682921e+01,1.0462266967111673310e-02
1.5165214614614614064e+01,1.0516755129733827007e-02
1.5195244544544543430e+01,1.0570617016584585302e-02
1.5225274474474472797e+01,1.0623854992462138797e-02
1.5255304404404403940e+01,1.0676471403544348857e-02
1.5285334334334333306e+01,1.0728468577571622158e-02
1.5315364264264262673e+01,1.0779848824027722654e-02
1.5345394194194193815e+01,1.0830614434318378697e-02
1.5375424124124123182e+01,1.0880767706476899073e-02
1.5405454054054052548e+01,1.0930311117230735382e-02
1.5435483983983983691e+01,1.0979247218504508896e-02
1.5465513913913913058e+01,1.1027578543005624526e-02
1.5495543843843842424e+01,1.1075307603808242501e-02
1.5525573773773773567e+01,1.1122436894543126507e-02
1.5555603703703702934e+01,1.1168968889585326881e-02
1.5585633633633632300e+01,1.1214906044239690217e-02
1.5615663563563563443e+01,1.1260250794924223094e-02
1.5645693493493492809e+01,1.1305005559351348141e-02
1.5675723423423422176e+01,1.1349172767406332310e-02
1.5705753353353351542e+01,1.1392755021913052171e-02
1.5735783283283282685e+01,1.1435754979540238216e-02
1.5765813213213212052e+01,1.1478175276871534563e-02
1.5795843143143141418e+01,1.1520018530440653132e-02
1.5825873073073072561e+01,1.1561287336921605151e-02
1.5855903003003001928e+01,1.1601984273316727839e-02
1.5885932932932931294e+01,1.1642111897142662369e-02
1.5915962862862862437e+01,1.1681672746614151295e-02
1.5945992792792791803e+01,1.1720669340825794202e-02
1.5976022722722721170e+01,1.1759104198503565405e-02
1.6006052652652652313e+01,1.1796979986767111570e-02
1.6036082582582579903e+01,1.1834299441322526647e-02
1.6066112512512511046e+01,1.1871065278233403420e-02
1.6096142442442442189e+01,1.1907280193294313836e-02
1.6126172372372369779e+01,1.1942946862219548654e-02
1.6156202302302300922e+01,1.1978067940829751140e-02
1.6186232232232232064e+01,1.2012646065236420520e-02
1.6216262162162159655e+01,1.2046683852024434383e-02
1.6246292092092090797e+01,1.2080183898432515430e-02
1.6276322022022021940e+01,1.2113148785883886410e-02
1.6306351951951949530e+01,1.2145581187029330303e-02
1.6336381881881880673e+01,1.2177483887312625516e-02
1.6366411811811811816e+01,1.2208859659588563312e-02
1.6396441741741739406e+01,1.2239711256398095804e-02
1.6426471671671670549e+01,1.2270041410154039832e-02
1.6456501601601601692e+01,1.2299852833324718265e-02
1.6486531531531529282e+01,1.2329148218615583812e-02
1.6516561461461460425e+01,1.2357930239148908619e-02
1.6546591391391391568e+01,1.2386201548641463319e-02
1.6576621321321319158e+01,1.2413964781580312177e-02
1.6606651251251250301e+01,1.2441222583487178757e-02
1.6636681181181181444e+01,1.2467977734178552901e-02
1.6666711111111109034e+01,1.2494233042190000180e-02
1.6696741041041040177e+01,1.2519991295872546361e-02
1.6726770970970971320e+01,1.2545255263553257291e-02
1.6756800900900898910e+01,1.2570027693714673489e-02
1.6786830830830830052e+01,1.2594311315172327867e-02
1.6816860760760761195e+01,1.2618108837250324034e-02
1.6846890690690688785e+01,1.2641422949955049768e-02
1.6876920620620619928e+01,1.2664256324147079441e-02
1.6906950550550551071e+01,1.2686611612013126357e-02
1.6936980480480478661e+01,1.2708491507164432557e-02
1.6967010410410409804e+01,1.2729898816539336054e-02
1.6997040340340340947e+01,1.2750836344853225604e-02
1.7027070270270268537e+01,1.2771306877035254815e-02
1.7057100200200199680e+01,1.2791313178402530931e-02
1.7087130130130130823e+01,1.2810857994832417980e-02
1.7117160060060058413e+01,1.2829944052933084375e-02
1.7147189989989989556e+01,1.2848574060212230794e-02
1.7177219919919917146e+01,1.2866750705244043435e-02
1.7207249849849848289e+01,1.2884476657834409083e-02
1.7237279779779779432e+01,1.2901754569897446595e-02
1.7267309709709707022e+01,1.2918587138584068305e-02
1.7297339639639638165e+01,1.2934977155265771007e-02
1.7327369569569569308e+01,1.2950927403563534251e-02
1.7357399499499496898e+01,1.2966440647834641051e-02
1.7387429429429428041e+01,1.2981519633339025713e-02
1.7417459359359359183e+01,1.2996167086403897367e-02
1.7447489289289286774e+01,1.3010385714586679071e-02
1.7477519219219217916e+01,1.3024178206836267702e-02
1.7507549149149149059e+01,1.3037547233652605969e-02
1.7537579079079076649e+01,1.3050495447244649799e-02
1.7567609009009007792e+01,1.3063025481778641965e-02
1.7597638938938938935e+01,1.3075139995473418486e-02
1.7627668868868866525e+01,1.3086841736746271728e-02
1.7657698798798797668e+01,1.3098133452529636678e-02
1.7687728728728728811e+01,1.3109017871101162275e-02
1.7717758658658656401e+01,1.3119497702241807169e-02
1.7747788588588587544e+01,1.3129575637392325652e-02
1.7777818518518518687e+01,1.3139254349808148978e-02
1.7807848448448446277e+01,1.3148536494712752265e-02
1.7837878378378377420e+01,1.3157424709449409839e-02
1.7867908308308308563e+01,1.3165921613631451775e-02
1.7897938238238236153e+01,1.3174029809291011237e-02
1.7927968168168167296e+01,1.3181751893508368220e-02
1.7957998098098098438e+01,1.3189090538539760197e-02
1.7988028028028026029e+01,1.3196048440384633427e-02
1.8018057957957957171e+01,1.3202628277268854684e-02
1.8048087887887888314e+01,1.3208832709593269772e-02
1.8078117817817815904e+01,1.3214664380081727474e-02
1.8108147747747747047e+01,1.3220125913927679301e-02
1.8138177677677678190e+01,1.3225219918939276967e-02
1.8168207607607605780e+01,1.3229948985683063004e-02
1.8198237537537536923e+01,1.3234315687626225025e-02
1.8228267467467468066e+01,1.3238322581277451803e-02
1.8258297397397395656e+01,1.3241972206577568710e-02
1.8288327327327326799e+01,1.3245267124917239551e-02
1.8318357257257257942e+01,1.3248209959430649885e-02
1.8348387187187185532e+01,1.3250803325764424351e-02
1.8378417117117116675e+01,1.3253049822469548449e-02
1.8408447047047044265e+01,1.3254952031140814286e-02
1.8438476976976975408e+01,1.3256512516554902828e-02
1.8468506906906906551e+01,1.3257733826807100927e-02
1.8498536836836834141e+01,1.3258618493446722511e-02
1.8528566766766765284e+01,1.3259169031611173217e-02
1.8558596696696696426e+01,1.3259387940158745209e-02
1.8588626626626624017e+01,1.3259277701800102275e-02
1.8618656556556555159e+01,1.3258840784684176178e-02
1.8648686486486486302e+01,1.3258079687875562805e-02
1.8678716416416413892e+01,1.3256996950015122183e-02
1.8708746346346345035e+01,1.3255595096688952209e-02
1.8738776276276276178e+01,1.3253876637293578525e-02
1.8768806206206203768e+01,1.3251844065165486325e-02
1.8798836136136134911e+01,1.3249499857709366724e-02
1.8828866066066066054e+01,1.3246846476525197395e-02
1.8858895995995993644e+01,1.3243886367534042983e-02
1.8888925925925924787e+01,1.3240621961102715803e-02
1.8918955855855855930e+01,1.3237055672167201414e-02
1.8948985785785783520e+01,1.3233189900354942747e-02
1.8979015715715714663e+01,1.3229027031121810831e-02
1.9009045645645645806e+01,1.3224569472173019688e-02
1.9039075575575573396e+01,1.3219819663248460334e-02
1.9069105505505504539e+01,1.3214780031754783454e-02
1.9099135435435435681e+01,1.3209452989832016698e-02
1.9129165365365363272e+01,1.3203840934473404581e-02
1.9159195295295294414e+01,1.3197946247644082654e-02
1.9189225225225225557e+01,1.3191771296398690019e-02
1.9219255155155153147e+01,1.3185318432997861215e-02
1.9249285085085084290e+01,1.3178589995023590534e-02
1.9279315015015015433e+01,1.3171588305493595397e-02
1.9309344944944943023e+01,1.3164315672974541763e-02
1.9339374874874874166e+01,1.3156774391736153484e-02
1.9369404804804805309e+01,1.3148966759788107209e-02
1.9399434734734732899e+01,1.3140895106731657893e-02
1.9429464664664664042e+01,1.3132561754964780856e-02
1.9459494594594595185e+01,1.3123969012549753857e-02
1.9489524524524522775e+01,1.3115119173323565305e-02
1.9519554454454453918e+01,1.3106014517007377046e-02
1.9549584384384381508e+01,1.3096657309314902948e-02
1.9579614314314312651e+01,1.3087049802059842057e-02
1.9609644244244243794e+01,1.3077194233262328174e-02
1.9639674174174171384e+01,1.3067092827254354198e-02
1.9669704104104102527e+01,1.3056747794784282282e-02
1.9699734034034033670e+01,1.3046161333120359985e-02
1.9729763963963961260e+01,1.3035335628739786254e-02
1.9759793893893892403e+01,1.3024272885896663252e-02
1.9789823823823823545e+01,1.3012975315987197755e-02
1.9819853753753751135e+01,1.3001445117370304810e-02
1.9849883683683682278e+01,1.2989684475101712785e-02
1.9879913613613613421e+01,1.2977695561034474983e-02
1.9909943543543541011e+01,1.2965480533918530628e-02
1.9939973473473472154e+01,1.2953041539499356855e-02
1.9970003403403403297e+01,1.2940380710615751597e-02
2.0000033333333330887e+01,1.2927500167296742187e-02
2.0030063263263262030e+01,1.2914402016857607497e-02
2.0060093193193193173e+01,1.2901088353995022323e-02
2.0090123123123120763e+01,1.2887561260881386441e-02
2.0120153053053051906e+01,1.2873822812351510755e-02
2.0150182982982983049e+01,1.2859875096770848057e-02
2.0180212912912910639e+01,1.2845720198285646291e-02
2.0210242842842841782e+01,1.2831360188658371899e-02
2.0240272772772772925e+01,1.2816797127356239702e-02
2.0270302702702700515e+01,1.2802033061642268535e-02
2.0300332632632631658e+01,1.2787070026665547581e-02
2.0330362562562562800e+01,1.2771910045550722082e-02
2.0360392492492490391e+01,1.2756555129486656791e-02
2.0390422422422421533e+01,1.2741007277814308390e-02
2.0420452352352352676e+01,1.2725268478113890142e-02
2.0450482282282280266e+01,1.2709340706291179582e-02
2.0480512212212211409e+01,1.2693225926663109782e-02
2.0510542142142142552e+01,1.2676926095466580641e-02
2.0540572072072070142e+01,1.2660443174119863016e-02
2.0570602002002001285e+01,1.2643779117624126540e-02
2.0600631931931932428e+01,1.2626935869582325139e-02
2.0630661861861860018e+01,1.2609915362280992718e-02
2.0660691791791791161e+01,1.2592719516772491600e-02
2.0690721721721722304e+01,1.2575350242956548005e-02
2.0720751651651649894e+01,1.2557809439661048526e-02
2.0750781581581581037e+01,1.2540098994722170475e-02
2.0780811511511508627e+01,1.2522220785063799264e-02
2.0810841441441439770e+01,1.2504176676776255356e-02
2.0840871371371370913e+01,1.2485968525194336004e-02
2.0870901301301298503e+01,1.2467598174974722086e-02
2.0900931231231229646e+01,1.2449067460867270854e-02
2.0930961161161160788e+01,1.2430378214291062933e-02
2.0960991091091088379e+01,1.2411532260427956403e-02
2.0991021021021019521e+01,1.2392531414070937293e-02
2.1021050950950950664e+01,1.2373377479642816423e-02
2.1051080880880878254e+01,1.2354072251270156388e-02
2.1081110810810809397e+01,1.2334617512856639945e-02
2.1111140740740740540e+01,1.2315015038155749730e-02
2.1141170670670668130e+01,1.2295266590842891113e-02
2.1171200600600599273e+01,1.2275373924586826385e-02
2.1201230530530530416e+01,1.2255338783120572899e-02
2.1231260460460458006e+01,1.2235162900311669781e-02
2.1261290390390389149e+01,1.2214848000231823613e-02
2.1291320320320320292e+01,1.2194395797226885436e-02
2.1321350250250247882e+01,1.2173807996156723113e-02
2.1351380180180179025e+01,1.2153086292668396906e-02
2.1381410110110110168e+01,1.2132232372933232645e-02
2.1411440040040037758e+01,1.2111247913663029246e-02
2.1441469969969968901e+01,1.2090134582176252295e-02
2.1471499899899900043e+01,1.2068894036463785266e-02
2.1501529829829827634e+01,1.2047527925254030226e-02
2.1531559759759758776e+01,1.2026037888077488122e-02
2.1561589689689689919e+01,1.2004425555330849873e-02
2.1591619619619617509e+01,1.1982692548340483779e-02
2.1621649549549548652e+01,1.1960840479425416394e-02
2.1651679479479479795e+01,1.1938870951959829406e-02
2.1681709409409407385e+01,1.1916785560434980593e-02
2.1711739339339338528e+01,1.1894585890373024495e-02
2.1741769269269269671e+01,1.1872273514185184909e-02
2.1771799199199197261e+01,1.1849849990651192128e-02
2.1801829129129128404e+01,1.1827316869692787449e-02
2.1831859059059059547e+01,1.1804675692703990239e-02
2.1861888988988987137e+01,1.1781927992609660463e-02
2.1891918918918918280e+01,1.1759075293923591105e-02
2.1921948848848845870e+01,1.1736119112806090575e-02
2.1951978778778777013e+01,1.1713060957121171346e-02
2.1982008708708708156e+01,1.1689902326493166115e-02
2.2012038638638635746e+01,1.1666644712362974484e-02
2.2042068568568566889e+01,1.1643289598043773600e-02
2.2072098498498498031e+01,1.1619838458776336754e-02
2.2102128428428425622e+01,1.1596292761783857581e-02
2.2132158358358356764e+01,1.1572653966081628343e-02
2.2162188288288287907e+01,1.1548923514646348976e-02
2.2192218218218215497e+01,1.1525102832825914745e-02
2.2222248148148146640e+01,1.1501193337676820366e-02
2.2252278078078077783e+01,1.1477196438606175957e-02
2.2282308008008005373e+01,1.1453113537423231794e-02
2.2312337937937936516e+01,1.1428946028390531836e-02
2.2342367867867867659e+01,1.1404695298274602350e-02
2.2372397797797795249e+01,1.1380362726396302253e-02
2.2402427727727726392e+01,1.1355949684680665193e-02
2.2432457657657657535e+01,1.1331457537706476207e-02
2.2462487587587585125e+01,1.1306887642755312356e-02
2.2492517517517516268e+01,1.1282241349860302332e-02
2.2522547447447447411e+01,1.1257520001854410749e-02
2.2552577377377375001e+01,1.1232724934407996645e-02
2.2582607307307306144e+01,1.1207857469678518189e-02
2.2612637237237237287e+01,1.1182918905516266161e-02
2.2642667167167164877e+01,1.1157910530001443825e-02
2.2672697097097096020e+01,1.1132833624390004942e-02
2.2702727027027027162e+01,1.1107689463158813836e-02
2.2732756956956954753e+01,1.1082479314050411659e-02
2.2762786886886885895e+01,1.1057204438117414907e-02
2.2792816816816817038e+01,1.1031866089766625971e-02
2.2822846746746744628e+01,1.1006465516802725613e-02
2.2852876676676675771e+01,1.0981003960471656666e-02
2.2882906606606606914e+01,1.0955482655503678141e-02
2.2912936536536534504e+01,1.0929902830156034213e-02
2.2942966466466465647e+01,1.0904265706255331786e-02
2.2972996396396396790e+01,1.0878572499239574575e-02
2.3003026326326324380e+01,1.0852824417221549474e-02
2.3033056256256255523e+01,1.0827022644874588139e-02
2.3063086186186186666e+01,1.0801168346106877413e-02
2.3093116116116114256e+01,1.0775262678305688388e-02
2.3123146046046045399e+01,1.0749306792845886305e-02
2.3153175975975972989e+01,1.0723301835128987852e-02
2.3183205905905904132e+01,1.0697248944621784786e-02
2.3213235835835835275e+01,1.0671149254894774991e-02
2.3243265765765762865e+01,1.0645003893660230990e-02
2.3273295695695694008e+01,1.0618813982809994362e-02
2.3303325625625625150e+01,1.0592580638452992609e-02
2.3333355555555552741e+01,1.0566304970952440298e-02
2.3363385485485483883e+01,1.0539988084962766124e-02
2.3393415415415415026e+01,1.0513631079466258939e-02
2.3423445345345342616e+01,1.0487235047809424088e-02
2.3453475275275273759e+01,1.0460801075467394960e-02
2.3483505205205204902e+01,1.0434330219459077987e-02
2.3513535135135132492e+01,1.0407823518140443819e-02
2.3543565065065063635e+01,1.0381282004407306474e-02
2.3573594994994994778e+01,1.0354706705892339352e-02
2.3603624924924922368e+01,1.0328098644998560604e-02
2.3633654854854853511e+01,1.0301458838932539205e-02
2.3663684784784784654e+01,1.0274788299737391134e-02
2.3693714714714712244e+01,1.0248088034325494519e-02
2.3723744644644643387e+01,1.0221359044510949787e-02
2.3753774574574574530e+01,1.0194602327041809089e-02
2.3783804504504502120e+01,1.0167818873632083684e-02
2.3813834434434433263e+01,1.0141009670993447744e-02
2.3843864364364364405e+01,1.0114175700866766955e-02
2.3873894294294291996e+01,1.0087317940053351292e-02
2.3903924224224223138e+01,1.0060437359163844698e-02
2.3933954154154154281e+01,1.0033534901709870168e-02
2.3963984084084081871e+01,1.0006611487667845667e-02
2.3994014014014013014e+01,9.9796680318150685074e-03
2.4024043943943944157e+01,9.9527054443549929641e-03
2.4054073873873871747e+01,9.9257246309457335121e-03
2.4084103803803802890e+01,9.8987264927284379645e-03
2.4114133733733734033e+01,9.8717119263553899933e-03
2.4144163663663661623e+01,9.8446818240179503195e-03
2.4174193593593592766e+01,9.8176370734742272883e-03
2.4204223523523523909e+01,9.7905785580766242771e-03
2.4234253453453451499e+01,9.7635071567990991404e-03
2.4264283383383382642e+01,9.7364237442642640602e-03
2.4294313313313310232e+01,9.7093291907703067195e-03
2.4324343243243241375e+01,9.6822243623176391242e-03
2.4354373173173172518e+01,9.6551101206197257470e-03
2.4384403103103100108e+01,9.6279873121882745407e-03
2.4414433033033031251e+01,9.6008567492914861224e-03
2.4444462962962962393e+01,9.5737192350898014243e-03
2.4474492892892889984e+01,9.5465755688017815694e-03
2.4504522822822821126e+01,9.5194265457282534887e-03
2.4534552752752752269e+01,9.4922729572763167583e-03
2.4564582682682679859e+01,9.4651155909831127810e-03
2.4594612612612611002e+01,9.4379552305394655981e-03
2.4624642542542542145e+01,9.4107926558133336153e-03
2.4654672472472469735e+01,9.3836286428730947967e-03
2.4684702402402400878e+01,9.3564639640106445073e-03
2.4714732332332332021e+01,9.3292993877643528439e-03
2.4744762262262259611e+01,9.3021356789418467581e-03
2.4774792192192190754e+01,9.2749735986425874829e-03
2.4804822122122121897e+01,9.2478139042803594871e-03
2.4834852052052049487e+01,9.2206573491239087609e-03
2.4864881981981980630e+01,9.1935046630041757781e-03
2.4894911911911911773e+01,9.1663565458887947407e-03
2.4924941841841839363e+01,9.1392136925465099206e-03
2.4954971771771770506e+01,9.1120767944018153661e-03
2.4985001701701701649e+01,9.0849465395550690200e-03
2.5015031631631629239e+01,9.0578236128024403051e-03
2.5045061561561560382e+01,9.0307086956557102581e-03
2.5075091491491491524e+01,9.0036024663619484976e-03
2.5105121421421419114e+01,8.9765055999230444761e-03
2.5135151351351350257e+01,8.9494187681150739327e-03
2.5165181281281281400e+01,8.9223426395075612627e-03
2.5195211211211208990e+01,8.8952778794825840269e-03
2.5225241141141140133e+01,8.8682251502537456228e-03
2.5255271071071071276e+01,8.8411851108850178504e-03
2.5285301001000998866e+01,8.8141584173094412319e-03
2.5315330930930930009e+01,8.7871457219946894068e-03
2.5345360860860861152e+01,8.7601476553344354015e-03
2.5375390790790788742e+01,8.7331648165353790991e-03
2.5405420720720719885e+01,8.7061977996810493985e-03
2.5435450650650647475e+01,8.6792471960494051858e-03
2.5465480580580578618e+01,8.6523135941293551066e-03
2.5495510510510509761e+01,8.6253975796372131524e-03
2.5525540440440437351e+01,8.5984997355329842450e-03
2.5555570370370368494e+01,8.5716206420365665536e-03
2.5585600300300299637e+01,8.5447608766438341160e-03
2.5615630230230227227e+01,8.5179210141426032338e-03
2.5645660160160158370e+01,8.4911016266284774362e-03
2.5675690090090089512e+01,8.4643032835206109127e-03
2.5705720020020017103e+01,8.4375265515773279629e-03
2.5735749949949948245e+01,8.4107719949116453023e-03
2.5765779879879879388e+01,8.3840401750066920195e-03
2.5795809809809806978e+01,8.3573316507310271839e-03
2.5825839739739738121e+01,8.3306469700524556077e-03
2.5855869669669669264e+01,8.3039866448012221445e-03
2.5885899599599596854e+01,8.2773511759368159635e-03
2.5915929529529527997e+01,8.2507410620967815140e-03
2.5945959459459459140e+01,8.2241567996101782451e-03
2.5975989389389386730e+01,8.1975988825109032815e-03
2.6006019319319317873e+01,8.1710678025509447114e-03
2.6036049249249249016e+01,8.1445640492135568111e-03
2.6066079179179176606e+01,8.1180881097263225127e-03
2.6096109109109107749e+01,8.0916404690741169925e-03
2.6126139039039038892e+01,8.0652216100120122794e-03
2.6156168968968966482e+01,8.0388320130780829831e-03
2.6186198898898897625e+01,8.0124721566060940620e-03
2.6216228828828828767e+01,7.9861425167381521611e-03
2.6246258758758756358e+01,7.9598435674372303161e-03
2.6276288688688687500e+01,7.9335757804996128589e-03
2.6306318618618618643e+01,7.9073396252783614141e-03
2.6336348548548546233e+01,7.8811355506385859931e-03
2.6366378478478477376e+01,7.8549639743857382901e-03
2.6396408408408408519e+01,7.8288253098584958262e-03
2.6426438338338336109e+01,7.8027199685167204432e-03
2.6456468268268267252e+01,7.7766483599521363940e-03
2.6486498198198198395e+01,7.7506108918989156248e-03
2.6516528128128125985e+01,7.7246079702441980061e-03
2.6546558058058057128e+01,7.6986399990385317657e-03
2.6576587987987988271e+01,7.6727073805062601455e-03
2.6606617917917915861e+01,7.6468105150558265265e-03
2.6636647847847847004e+01,7.6209498012899910824e-03
2.6666677777777774594e+01,7.5951256360160266171e-03
2.6696707707707705737e+01,7.5693384142557947059e-03
2.6726737637637636880e+01,7.5435885292557871423e-03
2.6756767567567564470e+01,7.5178763724970936594e-03
2.6786797497497495613e+01,7.4922023337052742406e-03
2.6816827427427426755e+01,7.4665668005596368129e-03
2.6846857357357354346e+01,7.4409701407553308777e-03
2.6876887287287285488e+01,7.4154126919531862874e-03
2.6906917217217216631e+01,7.3898947878512002280e-03
2.6936947147147144221e+01,7.3644167606593214856e-03
2.6966977077077075364e+01,7.3389789411077112000e-03
2.6997007007007006507e+01,7.3135816584550001479e-03
2.7027036936936934097e+01,7.2882252404964514847e-03
2.7057066866866865240e+01,7.2629100135720757805e-03
2.7087096796796796383e+01,7.2376363025747183014e-03
2.7117126726726723973e+01,7.2124044309580474105e-03
2.7147156656656655116e+01,7.1872147207445273576e-03
2.7177186586586586259e+01,7.1620674925333268832e-03
2.7207216516516513849e+01,7.1369630655081723117e-03
2.7237246446446444992e+01,7.1119017574451425315e-03
2.7267276376376376135e+01,7.0868838847204336170e-03
2.7297306306306303725e+01,7.0619097623180514603e-03
2.7327336236236234868e+01,7.0369797038374532275e-03
2.7357366166166166010e+01,7.0120940132986009016e-03
2.7387396096096093601e+01,6.9872529613805647863e-03
2.7417426026026024743e+01,6.9624568097704378836e-03
2.7447455955955955886e+01,6.9377058190100929919e-03
2.7477485885885883476e+01,6.9130002485024251088e-03
2.7507515815815814619e+01,6.8883403565175591390e-03
2.7537545745745745762e+01,6.8637264001990463264e-03
2.7567575675675673352e+01,6.8391586355699886951e-03
2.7597605605605604495e+01,6.8146373175391322663e-03
2.7627635535535535638e+01,6.7901626999069342530e-03
2.7657665465465463228e+01,6.7657350353715747446e-03
2.7687695395395394371e+01,6.7413545755349250227e-03
2.7717725325325325514e+01,6.7170215709085019998e-03
2.7747755255255253104e+01,6.6927362709193602072e-03
2.7777785185185184247e+01,6.6684989239159525587e-03
2.7807815115115111837e+01,6.6443097771739555515e-03
2.7837845045045042980e+01,6.6201690769020563043e-03
2.7867874974974974123e+01,6.5960770679227287427e-03
2.7897904904904901713e+01,6.5720339764423615567e-03
2.7927934834834832856e+01,6.5480400015493663013e-03
2.7957964764764763999e+01,6.5240953393480901473e-03
2.7987994694694691589e+01,6.5002001851012340683e-03
2.8018024624624622732e+01,6.4763547332343449070e-03
2.8048054554554553874e+01,6.4525591773403360649e-03
2.8078084484484481465e+01,6.4288137101839145163e-03
2.8108114414414412607e+01,6.4051185237059939451e-03
2.8138144344344343750e+01,6.3814738090281234936e-03
2.8168174274274271340e+01,6.3578797564568349798e-03
2.8198204204204202483e+01,6.3343365554879753690e-03
2.8228234134134133626e+01,6.3108443948110375110e-03
2.8258264064064061216e+01,6.2874034623134414379e-03
2.8288293993993992359e+01,6.2640139450847722932e-03
2.8318323923923923502e+01,6.2406760294210356088e-03
2.8348353853853851092e+01,6.2173899008288501314e-03
2.8378383783783782235e+01,6.1941557440296163631e-03
2.8408413713713713378e+01,6.1709737426612551459e-03
2.8438443643643640968e+01,6.1478440629535429512e-03
2.8468473573573572111e+01,6.1247668455049510128e-03
2.8498503503503503254e+01,6.1017422282724255445e-03
2.8528533433433430844e+01,6.0787703486320362675e-03
2.8558563363363361987e+01,6.0558513433820329933e-03
2.8588593293293293129e+01,6.0329853487458891953e-03
2.8618623223223220720e+01,6.0101725003753178264e-03
2.8648653153153151862e+01,5.9874129333532541755e-03
2.8678683083083083005e+01,5.9647067821968500004e-03
2.8708713013013010595e+01,5.9420541808604260270e-03
2.8738742942942941738e+01,5.9194552627384018975e-03
2.8768772872872872881e+01,5.8969101606682434655e-03
2.8798802802802800471e+01,5.8744190069333476409e-03
2.8828832732732731614e+01,5.8519819332659237660e-03
2.8858862662662662757e+01,5.8295990708498758581e-03
2.8888892592592590347e+01,5.8072705503236518934e-03
2.8918922522522521490e+01,5.7849965017830627320e-03
2.8948952452452452633e+01,5.7627770547841053808e-03
2.8978982382382380223e+01,5.7406123315772846979e-03
2.9009012312312311366e+01,5.7185024263379747797e-03
2.9039042242242238956e+01,5.6964474258337713386e-03
2.9069072172172170099e+01,5.6744474164737218266e-03
2.9099102102102101242e+01,5.6525024843101807220e-03
2.9129132032032028832e+01,5.6306127150406587445e-03
2.9159161961961959975e+01,5.6087781940096217634e-03
2.9189191891891891117e+01,5.5869990062103400130e-03
2.9219221821821818708e+01,5.5652752362866748578e-03
2.9249251751751749850e+01,5.5436069685348672922e-03
2.9279281681681680993e+01,5.5219942869053394510e-03
2.9309311611611608583e+01,5.5004372750044518842e-03
2.9339341541541539726e+01,5.4789360160962634338e-03
2.9369371471471470869e+01,5.4574905931042937135e-03
2.9399401401401398459e+01,5.4361010886132474229e-03
2.9429431331331329602e+01,5.4147675848707525412e-03
2.9459461261261260745e+01,5.3934901637890768356e-03
2.9489491191191188335e+01,5.3722689069468374315e-03
2.9519521121121119478e+01,5.3511038954407383339e-03
2.9549551051051050621e+01,5.3299951969716487590e-03
2.9579580980980978211e+01,5.3089428559596691173e-03
2.9609610910910909354e+01,5.2879469143041471155e-03
2.9639640840840840497e+01,5.2670074137346279200e-03
2.9669670770770768087e+01,5.2461243958117128455e-03
2.9699700700700699230e+01,5.2252979019279085018e-03
2.9729730630630630372e+01,5.2045279733084820126e-03
2.9759760560560557963e+01,5.1838146510123058255e-03
2.9789790490490489105e+01,5.1631579759326843085e-03
2.9819820420420420248e+01,5.1425579887982046309e-03
2.9849850350350347838e+01,5.1220147301735520842e-03
2.9879880280280278981e+01,5.1015282404603418814e-03
2.9909910210210210124e+01,5.0810985598979249364e-03
2.9939940140140137714e+01,5.0607257285642266026e-03
2.9969970070070068857e+01,5.0404097863765264312e-03
3.0000000000000000000e+01,5.0201507730922804301e-03
