1.0000000000000000479e-04,-2.5375494185902289939e-05
1.0384722771622945103e-01,-2.0706943763665674324e-02
2.0759445543245888532e-01,-3.9278026817473721266e-02
3.1134168314868831962e-01,-5.5899971470170874144e-02
4.1508891086491778166e-01,-7.0723338939558871852e-02
5.1883613858114718820e-01,-8.3888400261514770029e-02
6.2258336629737665024e-01,-9.5525794387328277768e-02
7.2633059401360611229e-01,-1.0575714593647679573e-01
8.3007782172983557434e-01,-1.1469564498919122830e-01
9.3382504944606503638e-01,-1.2244659118028268507e-01
1.0375722771622943874e+00,-1.2910790422631171492e-01
1.1413195048785238495e+00,-1.3477060290179768143e-01
1.2450667325947533115e+00,-1.3951925434492865041e-01
1.3488139603109827735e+00,-1.4343239548455691268e-01
1.4525611880272122356e+00,-1.4658292821480248258e-01
1.5563084157434416976e+00,-1.4903849006468888883e-01
1.6600556434596711597e+00,-1.5086180151644629222e-01
1.7638028711759006217e+00,-1.5211099181070261710e-01
1.8675500988921300838e+00,-1.5283990407225947483e-01
1.9712973266083595458e+00,-1.5309838146272919390e-01
2.0750445543245890079e+00,-1.5293253517598387470e-01
2.1787917820408186920e+00,-1.5238499547233214093e-01
2.2825390097570479320e+00,-1.5149514689451784588e-01
2.3862862374732776161e+00,-1.5029934853460374944e-01
2.4900334651895068561e+00,-1.4883114018049911631e-01
2.5937806929057365402e+00,-1.4712143541774536093e-01
2.6975279206219657802e+00,-1.4519870225950742837e-01
2.8012751483381954642e+00,-1.4308913230085337775e-01
2.9050223760544247043e+00,-1.4081679885506823147e-01
3.0087696037706543883e+00,-1.3840380497709628416e-01
3.1125168314868836283e+00,-1.3587042184382056020e-01
3.2162640592031133124e+00,-1.3323521808115434961e-01
3.3200112869193425524e+00,-1.3051518087376065558e-01
3.4237585146355717924e+00,-1.2772582888934294609e-01
3.5275057423518014765e+00,-1.2488131795334556084e-01
3.6312529700680307165e+00,-1.2199453974013463320e-01
3.7350001977842604006e+00,-1.1907721391178202608e-01
3.8387474255004896406e+00,-1.1613997415899862675e-01
3.9424946532167193247e+00,-1.1319244851711710020e-01
4.0462418809329481206e+00,-1.1024333430331197115e-01
4.1499891086491773606e+00,-1.0730046803053787385e-01
4.2537363363654074888e+00,-1.0437089062550078400e-01
4.3574835640816367288e+00,-1.0146090817638447890e-01
4.4612307917978659688e+00,-9.8576148664628715501e-02
4.5649780195140952088e+00,-9.5721614645378094721e-02
4.6687252472303253370e+00,-9.2901732532179107094e-02
4.7724724749465545770e+00,-9.0120398296586926024e-02
4.8762197026627838170e+00,-8.7381020065312897671e-02
4.9799669303790130570e+00,-8.4686557823218960861e-02
5.0837141580952422970e+00,-8.2039560248631585027e-02
5.1874613858114724252e+00,-7.9442198961839072258e-02
5.2912086135277016652e+00,-7.6896300372782083743e-02
5.3949558412439309052e+00,-7.4403375269727012320e-02
5.4987030689601601452e+00,-7.1964646270891219348e-02
5.6024502966763902734e+00,-6.9581073297852319426e-02
5.7061975243926195134e+00,-6.7253377202635175602e-02
5.8099447521088487534e+00,-6.4982061671777793799e-02
5.9136919798250779934e+00,-6.2767433504774997055e-02
6.0174392075413081216e+00,-6.0609621374982582120e-02
6.1211864352575373616e+00,-5.8508593216958122707e-02
6.2249336629737666016e+00,-5.6464172321167911683e-02
6.3286808906899958416e+00,-5.4476052226947964396e-02
6.4324281184062259697e+00,-5.2543810306736445093e-02
6.5361753461224552098e+00,-5.0666920397602059623e-02
6.6399225738386844498e+00,-4.8844764688192932045e-02
6.7436698015549136898e+00,-4.7076644252445482008e-02
6.8474170292711429298e+00,-4.5361788853689070933e-02
6.9511642569873730579e+00,-4.3699366422874502680e-02
7.0549114847036022979e+00,-4.2088490834248551420e-02
7.1586587124198315379e+00,-4.0528230125212068302e-02
7.2624059401360607779e+00,-3.9017613032915156313e-02
7.3661531678522909061e+00,-3.7555635797499160866e-02
7.4699003955685201461e+00,-3.6141267667541152053e-02
7.5736476232847493861e+00,-3.4773456647692733978e-02
7.6773948510009786261e+00,-3.3451133884357588111e-02
7.7811420787172087543e+00,-3.2173218676769102520e-02
7.8848893064334379943e+00,-3.0938621906739627310e-02
7.9886365341496672343e+00,-2.9746250129731338641e-02
8.0923837618658964743e+00,-2.8595008737004417448e-02
8.1961309895821266025e+00,-2.7483804714687809501e-02
8.2998782172983549543e+00,-2.6411549661666748612e-02
8.4036254450145850825e+00,-2.5377162002562164006e-02
8.5073726727308152107e+00,-2.4379569003415542394e-02
8.6111199004470435625e+00,-2.3417708892544568389e-02
8.7148671281632736907e+00,-2.2490532507854304328e-02
8.8186143558795020425e+00,-2.1597004646488594803e-02
8.9223615835957321707e+00,-2.0736105423533143788e-02
9.0261088113119622989e+00,-1.9906831465118665636e-02
9.1298560390281906507e+00,-1.9108196860462958733e-02
9.2336032667444207789e+00,-1.8339233966523302288e-02
9.3373504944606509071e+00,-1.7598994079898303000e-02
9.4410977221768792589e+00,-1.6886548065414376529e-02
9.5448449498931093871e+00,-1.6200986833480635757e-02
9.6485921776093377389e+00,-1.5541421707887987519e-02
9.7523394053255678671e+00,-1.4906984705991674703e-02
9.8560866330417979952e+00,-1.4296828738725723962e-02
9.9598338607580263471e+00,-1.3710127737045798429e-02
1.0063581088474256475e+01,-1.3146076710022684339e-02
1.0167328316190484827e+01,-1.2603891748712193685e-02
1.0271075543906714955e+01,-1.2082809972333699577e-02
1.0374822771622945083e+01,-1.1582089422598258743e-02
1.0478569999339173435e+01,-1.1101008914373534237e-02
1.0582317227055403563e+01,-1.0638867847312518528e-02
1.0686064454771633692e+01,-1.0194985982745961156e-02
1.0789811682487862043e+01,-9.7687031898186747758e-03
1.0893558910204092172e+01,-9.3593791645550320629e-03
1.0997306137920320523e+01,-8.9663931252568634944e-03
1.1101053365636550652e+01,-8.5891434873741762113e-03
1.1204800593352780780e+01,-8.2270475207288449454e-03
1.1308547821069009132e+01,-7.8795409917383485432e-03
1.1412295048785239260e+01,-7.5460777930533243923e-03
1.1516042276501469388e+01,-7.2261295628183955936e-03
1.1619789504217697740e+01,-6.9191852955594219943e-03
1.1723536731933927868e+01,-6.6247509465222845920e-03
1.1827283959650156220e+01,-6.3423490311056863328e-03
1.1931031187366386348e+01,-6.0715182209847805284e-03
1.2034778415082616476e+01,-5.8118129389384551656e-03
1.2138525642798844828e+01,-5.5628029529759277089e-03
1.2242272870515074956e+01,-5.3240729705637049318e-03
1.2346020098231303308e+01,-5.0952222341325422925e-03
1.2449767325947533436e+01,-4.8758641187200179104e-03
1.2553514553663763564e+01,-4.6656257324990514992e-03
1.2657261781379991916e+01,-4.4641475208578836401e-03
1.2761009009096222044e+01,-4.2710828756848707999e-03
1.2864756236812452173e+01,-4.0860977559174964727e-03
1.2968503464528680524e+01,-3.9088703068804837512e-03
1.3072250692244910653e+01,-3.7390904835890993556e-03
1.3175997919961139004e+01,-3.5764596815304168856e-03
1.3279745147677369133e+01,-3.4206903735685655066e-03
1.3383492375393599261e+01,-3.2715057569262353046e-03
1.3487239603109827613e+01,-3.1286394241144331423e-03
1.3590986830826057741e+01,-2.9918350152760013645e-03
1.3694734058542286093e+01,-2.8608458773123190272e-03
1.3798481286258516221e+01,-2.7354347356254027357e-03
1.3902228513974746349e+01,-2.6153733815098383075e-03
1.4005975741690974701e+01,-2.5004423954900962569e-03
1.4109722969407204829e+01,-2.3904308239820009317e-03
1.4213470197123434957e+01,-2.2851358705858436371e-03
1.4317217424839663309e+01,-2.1843626076871493213e-03
1.4420964652555893437e+01,-2.0879237413637175870e-03
1.4524711880272121789e+01,-1.9956393369915956595e-03
1.4628459107988351917e+01,-1.9073365175090160363e-03
1.4732206335704582045e+01,-1.8228492054040233011e-03
1.4835953563420810397e+01,-1.7420179364838164933e-03
1.4939700791137040525e+01,-1.6646896042949146845e-03
1.5043448018853268877e+01,-1.5907171757511869969e-03
1.5147195246569499005e+01,-1.5199594806423446982e-03
1.5250942474285729133e+01,-1.4522810746722919321e-03
1.5354689702001957485e+01,-1.3875519535065737164e-03
1.5458436929718187614e+01,-1.3256473158077771747e-03
1.5562184157434417742e+01,-1.2664474506305701575e-03
1.5665931385150646094e+01,-1.2098375422997665728e-03
1.5769678612866876222e+01,-1.1557073949563978401e-03
1.5873425840583104574e+01,-1.1039513146632120872e-03
1.5977173068299334702e+01,-1.0544680015331429988e-03
1.6080920296015563054e+01,-1.0071602575094597189e-03
1.6184667523731793182e+01,-9.6193486542600268024e-04
1.6288414751448023310e+01,-9.1870253561952667804e-04
1.6392161979164253438e+01,-8.7737761288041605373e-04
1.6495909206880483566e+01,-8.3787796904562076607e-04
1.6599656434596710142e+01,-8.0012497521150956724e-04
1.6703403662312940270e+01,-7.6404320764000648297e-04
1.6807150890029170398e+01,-7.2956038285073286122e-04
1.6910898117745400526e+01,-6.9660731993627573490e-04
1.7014645345461630654e+01,-6.6511765030352295366e-04
1.7118392573177857230e+01,-6.3502782590837058771e-04
1.7222139800894087358e+01,-6.0627701840179886589e-04
1.7325887028610317486e+01,-5.7880687012735836366e-04
1.7429634256326547614e+01,-5.5256157580639054822e-04
1.7533381484042777743e+01,-5.2748766873670174284e-04
1.7637128711759004318e+01,-5.0353389519167644772e-04
1.7740875939475234446e+01,-4.8065128193822235104e-04
1.7844623167191464574e+01,-4.5879284500617231474e-04
1.7948370394907694703e+01,-4.3791364880381992075e-04
1.8052117622623924831e+01,-4.1797070056950522392e-04
1.8155864850340154959e+01,-3.9892276415593185034e-04
1.8259612078056381534e+01,-3.8073048038352090778e-04
1.8363359305772611663e+01,-3.6335608694336766177e-04
1.8467106533488841791e+01,-3.4676349087751261527e-04
1.8570853761205071919e+01,-3.3091816636166200040e-04
1.8674600988921302047e+01,-3.1578700977790476754e-04
1.8778348216637528623e+01,-3.0133844852725131733e-04
1.8882095444353758751e+01,-2.8754216895579353492e-04
1.8985842672069988879e+01,-2.7436925880491142265e-04
1.9089589899786219007e+01,-2.6179200890578572603e-04
1.9193337127502449135e+01,-2.4978392018211106754e-04
1.9297084355218675711e+01,-2.3831968341931866100e-04
1.9400831582934905839e+01,-2.2737501951451718324e-04
1.9504578810651135967e+01,-2.1692680409755125547e-04
1.9608326038367366095e+01,-2.0695281924856633168e-04
1.9712073266083596224e+01,-1.9743191712569046949e-04
1.9815820493799822799e+01,-1.8834379417198202468e-04
1.9919567721516052927e+01,-1.7966909565955528627e-04
2.0023314949232283055e+01,-1.7138928399488837840e-04
2.0127062176948513184e+01,-1.6348664285508216843e-04
2.0230809404664743312e+01,-1.5594425329406886183e-04
2.0334556632380969887e+01,-1.4874590300081888083e-04
2.0438303860097200015e+01,-1.4187615087788034754e-04
2.0542051087813430144e+01,-1.3532016833972385951e-04
2.0645798315529660272e+01,-1.2906386113285860454e-04
2.0749545543245890400e+01,-1.2309367419109201432e-04
2.0853292770962120528e+01,-1.1739674039731299757e-04
2.0957039998678347104e+01,-1.1196067567053684638e-04
2.1060787226394577232e+01,-1.0677373191638080390e-04
2.1164534454110807360e+01,-1.0182459975480786249e-04
2.1268281681827037488e+01,-9.7102553098699022458e-05
2.1372028909543267616e+01,-9.2597266864863765580e-05
2.1475776137259494192e+01,-8.8298949674281597411e-05
2.1579523364975724320e+01,-8.4198176545737185919e-05
2.1683270592691954448e+01,-8.0286011608069780951e-05
2.1787017820408184576e+01,-7.6553852205241268024e-05
2.1890765048124414704e+01,-7.2993545657400933668e-05
2.1994512275840641280e+01,-6.9597240235737544171e-05
2.2098259503556871408e+01,-6.6357500069666125009e-05
2.2202006731273101536e+01,-6.3267159184698763884e-05
2.2305753958989331664e+01,-6.0319437260001714982e-05
2.2409501186705561793e+01,-5.7507794960806238706e-05
2.2513248414421788368e+01,-5.4826050617787406931e-05
2.2616995642138018496e+01,-5.2268238363588227899e-05
2.2720742869854248625e+01,-4.9828721951051971415e-05
2.2824490097570478753e+01,-4.7502061506668465205e-05
2.2928237325286708881e+01,-4.5283116329639965165e-05
2.3031984553002939009e+01,-4.3166929968064286706e-05
2.3135731780719165585e+01,-4.1148811005627691870e-05
2.3239479008435395713e+01,-3.9224247746743133157e-05
2.3343226236151625841e+01,-3.7388955776791622917e-05
2.3446973463867855969e+01,-3.5638832333161235587e-05
2.3550720691584086097e+01,-3.3969962194819899827e-05
2.3654467919300312673e+01,-3.2378617413923522410e-05
2.3758215147016542801e+01,-3.0861219227582859252e-05
2.3861962374732772929e+01,-2.9414380927483871721e-05
2.3965709602449003057e+01,-2.8034833185809048672e-05
2.4069456830165233185e+01,-2.6719496408763591982e-05
2.4173204057881459761e+01,-2.5465389900557367533e-05
2.4276951285597689889e+01,-2.4269706622045054105e-05
2.4380698513313920017e+01,-2.3129737300265950571e-05
2.4484445741030150145e+01,-2.2042916043156605559e-05
2.4588192968746380274e+01,-2.1006786686230652546e-05
2.4691940196462606849e+01,-2.0018999986238864822e-05
2.4795687424178836977e+01,-1.9077331143352881836e-05
2.4899434651895067105e+01,-1.8179630928982815649e-05
2.5003181879611297234e+01,-1.7323879815201582408e-05
2.5106929107327527362e+01,-1.6508119903937000826e-05
2.5210676335043753937e+01,-1.5730508446451089863e-05
2.5314423562759984065e+01,-1.4989271647403036022e-05
2.5418170790476214194e+01,-1.4282720497998533033e-05
2.5521918018192444322e+01,-1.3609252347589763965e-05
2.5625665245908674450e+01,-1.2967319267000982594e-05
2.5729412473624904578e+01,-1.2355469173024584705e-05
2.5833159701341131154e+01,-1.1772292446308263929e-05
2.5936906929057361282e+01,-1.1216462864442480759e-05
2.6040654156773591410e+01,-1.0686706819914986125e-05
2.6144401384489821538e+01,-1.0181806132328485604e-05
2.6248148612206051666e+01,-9.7006122077202251800e-06
2.6351895839922278242e+01,-9.2420098370377435650e-06
2.6455643067638508370e+01,-8.8049554089441660305e-06
2.6559390295354738498e+01,-8.3884392178035067597e-06
2.6663137523070968626e+01,-7.9915027187065749444e-06
2.6766884750787198755e+01,-7.6132375658974907128e-06
2.6870631978503425330e+01,-7.2527633411837419259e-06
2.6974379206219655458e+01,-6.9092576216732941777e-06
2.7078126433935885586e+01,-6.5819222127875324122e-06
2.7181873661652115715e+01,-6.2700017451197856847e-06
2.7285620889368345843e+01,-5.9727794539921573447e-06
2.7389368117084572418e+01,-5.6895603859025562689e-06
2.7493115344800802546e+01,-5.4196962949097543289e-06
2.7596862572517032675e+01,-5.1625578667044795997e-06
2.7700609800233262803e+01,-4.9175485885668467284e-06
2.7804357027949492931e+01,-4.6841044454739518856e-06
2.7908104255665723059e+01,-4.4616768490182147797e-06
2.8011851483381949635e+01,-4.2497545405254359300e-06
2.8115598711098179763e+01,-4.0478429645369519926e-06
2.8219345938814409891e+01,-3.8554698897612684402e-06
2.8323093166530640019e+01,-3.6721924334781472868e-06
2.8426840394246870147e+01,-3.4975783713146352350e-06
2.8530587621963096723e+01,-3.3312232933597142212e-06
2.8634334849679326851e+01,-3.1727401570708001032e-06
2.8738082077395556979e+01,-3.0217546444417249564e-06
2.8841829305111787107e+01,-2.8779187154633386972e-06
2.8945576532828017235e+01,-2.7408935820139850415e-06
2.9049323760544243811e+01,-2.6103577869173193163e-06
2.9153070988260473939e+01,-2.4860091434089960253e-06
2.9256818215976704067e+01,-2.3675523774580660355e-06
2.9360565443692934195e+01,-2.2547119201182113105e-06
2.9464312671409164324e+01,-2.1472240824743565199e-06
2.9568059899125390899e+01,-2.0448331370165304018e-06
2.9671807126841621027e+01,-1.9473019883787367916e-06
2.9775554354557851156e+01,-1.8544003097543933157e-06
2.9879301582274081284e+01,-1.7659079366426683475e-06
2.9983048809990311412e+01,-1.6816196732832783349e-06
3.0086796037706537987e+01,-1.6013347683271185566e-06
3.0190543265422768116e+01,-1.5248641403809458088e-06
3.0294290493138998244e+01,-1.4520295376789311335e-06
3.0398037720855228372e+01,-1.3826565116541260811e-06
3.0501784948571458500e+01,-1.3165826256550294186e-06
3.0605532176287688628e+01,-1.2536527896073032588e-06
3.0709279404003915204e+01,-1.1937158663782902714e-06
3.0813026631720145332e+01,-1.1366320486236884101e-06
3.0916773859436375460e+01,-1.0822663834222727358e-06
3.1020521087152605588e+01,-1.0304882630434240013e-06
3.1124268314868835716e+01,-9.8117706900718470290e-07
3.1228015542585062292e+01,-9.3421547157457706320e-07
3.1331762770301292420e+01,-8.8949077130809404388e-07
3.1435509998017522548e+01,-8.4689871659494121927e-07
3.1539257225733752676e+01,-8.0633742516433247410e-07
3.1643004453449982805e+01,-7.6770968385835825266e-07
3.1746751681166209380e+01,-7.3092531285346550961e-07
3.1850498908882439508e+01,-6.9589594791584494388e-07
3.1954246136598669636e+01,-6.6253770415253748972e-07
3.2057993364314903317e+01,-6.3077256384395775044e-07
3.2161740592031129893e+01,-6.0052396810000243125e-07
3.2265487819747363574e+01,-5.7171947826204065289e-07
3.2369235047463590149e+01,-5.4429161896722544515e-07
3.2472982275179823830e+01,-5.1817412251570691512e-07
3.2576729502896050406e+01,-4.9330437353263992455e-07
3.2680476730612276981e+01,-4.6962404580395258835e-07
3.2784223958328510662e+01,-4.4707583208383966386e-07
3.2887971186044737237e+01,-4.2560554841670104245e-07
3.2991718413760970918e+01,-4.0516280745883597514e-07
3.3095465641477197494e+01,-3.8569809953780435836e-07
3.3199212869193424069e+01,-3.6716448245739161698e-07
3.3302960096909657750e+01,-3.4951844850821050787e-07
3.3406707324625884326e+01,-3.3271727310528141596e-07
3.3510454552342118006e+01,-3.1672024364727121279e-07
3.3614201780058344582e+01,-3.0148979898363918197e-07
3.3717949007774571157e+01,-2.8698911833763266086e-07
3.3821696235490804838e+01,-2.7318286519655985031e-07
3.3925443463207031414e+01,-2.6003859725051024291e-07
3.4029190690923265095e+01,-2.4752462712685465667e-07
3.4132937918639491670e+01,-2.3561028620796496715e-07
3.4236685146355718246e+01,-2.2426751076556751820e-07
3.4340432374071951926e+01,-2.1346906804611379624e-07
3.4444179601788178502e+01,-2.0318838251463222008e-07
3.4547926829504412183e+01,-1.9340110326248029244e-07
3.4651674057220638758e+01,-1.8408385499073187065e-07
3.4755421284936865334e+01,-1.7521367683304701627e-07
3.4859168512653099015e+01,-1.6676935604663069598e-07
3.4962915740369325590e+01,-1.5873084235376614565e-07
3.5066662968085559271e+01,-1.5107837116457092510e-07
3.5170410195801785846e+01,-1.4379340326816713906e-07
3.5274157423518012422e+01,-1.3685872662547346075e-07
3.5377904651234246103e+01,-1.3025739218755090095e-07
3.5481651878950472678e+01,-1.2397318610876899051e-07
3.5585399106666706359e+01,-1.1799128035365466269e-07
3.5689146334382932935e+01,-1.1229718109574330818e-07
3.5792893562099159510e+01,-1.0687676974026937481e-07
3.5896640789815393191e+01,-1.0171717121729735098e-07
3.6000388017531619766e+01,-9.6806009803654569882e-08
3.6104135245247853447e+01,-9.2131101020376676573e-08
3.6207882472964080023e+01,-8.7681154545553981873e-08
3.6311629700680313704e+01,-8.3445601989007805711e-08
3.6415376928396540279e+01,-7.9414014198812115860e-08
3.6519124156112766855e+01,-7.5576455493290505638e-08
3.6622871383829000536e+01,-7.1923851147248159424e-08
3.6726618611545227111e+01,-6.8447317888784738988e-08
3.6830365839261460792e+01,-6.5138181474617010623e-08
3.6934113066977687367e+01,-6.1988540657686724792e-08
3.7037860294693913943e+01,-5.8990841262659418741e-08
3.7141607522410147624e+01,-5.6137626604003434631e-08
3.7245354750126374199e+01,-5.3421916777280081715e-08
3.7349101977842607880e+01,-5.0837271458161071667e-08
3.7452849205558834456e+01,-4.8377348094499788714e-08
3.7556596433275061031e+01,-4.6035997514764141902e-08
3.7660343660991294712e+01,-4.3807648683633023677e-08
3.7764090888707521287e+01,-4.1686923826323415145e-08
3.7867838116423754968e+01,-3.9668518149540438782e-08
3.7971585344139981544e+01,-3.7747500497187099056e-08
3.8075332571856208119e+01,-3.5919304681719118291e-08
3.8179079799572441800e+01,-3.4179427366579856928e-08
3.8282827027288668376e+01,-3.2523503800097201581e-08
3.8386574255004902056e+01,-3.0947588212241066710e-08
3.8490321482721128632e+01,-2.9447873616520682269e-08
3.8594068710437355207e+01,-2.8020600577972416844e-08
3.8697815938153588888e+01,-2.6662258569893309574e-08
3.8801563165869815464e+01,-2.5369620062631776217e-08
3.8905310393586049145e+01,-2.4139506044003958296e-08
3.9009057621302275720e+01,-2.2968812956435568896e-08
3.9112804849018502296e+01,-2.1854730896760841523e-08
3.9216552076734735977e+01,-2.0794580386201430130e-08
3.9320299304450962552e+01,-1.9785711158070783729e-08
3.9424046532167196233e+01,-1.8825604735208685371e-08
3.9527793759883422808e+01,-1.7911980606872926868e-08
3.9631540987599649384e+01,-1.7042607876569521745e-08
3.9735288215315883065e+01,-1.6215288256999079578e-08
3.9839035443032109640e+01,-1.5427998589940663646e-08
3.9942782670748343321e+01,-1.4678860791532033535e-08
4.0046529898464569897e+01,-1.3966019864885022144e-08
4.0150277126180796472e+01,-1.3287668514397745084e-08
4.0254024353897030153e+01,-1.2642177993227556813e-08
4.0357771581613256728e+01,-1.2027991983008384416e-08
4.0461518809329490409e+01,-1.1443570331800753617e-08
4.0565266037045716985e+01,-1.0887441978188670419e-08
4.0669013264761943560e+01,-1.0358283016604502727e-08
4.0772760492478177241e+01,-9.8548031348956229731e-09
4.0876507720194403817e+01,-9.3757269821386970169e-09
4.0980254947910637497e+01,-8.9198640487804465703e-09
4.1084002175626864073e+01,-8.4861288988623954589e-09
4.1187749403343097754e+01,-8.0734532205840911981e-09
4.1291496631059324329e+01,-7.6807847632107686831e-09
4.1395243858775550905e+01,-7.3071603795273430640e-09
4.1498991086491784586e+01,-6.9516864118016175134e-09
4.1602738314208011161e+01,-6.6134796260853317713e-09
4.1706485541924244842e+01,-6.2916748161504921091e-09
4.1810232769640471417e+01,-5.9854907925265212108e-09
4.1913979997356697993e+01,-5.6941909068638198572e-09
4.2017727225072931674e+01,-5.4170460366432627784e-09
4.2121474452789158249e+01,-5.1533465390917950688e-09
4.2225221680505391930e+01,-4.9024566474031589169e-09
4.2328968908221618506e+01,-4.6637694686779141578e-09
4.2432716135937845081e+01,-4.4366840637095563061e-09
4.2536463363654078762e+01,-4.2206190942394558697e-09
4.2640210591370305337e+01,-4.0150556092961578848e-09
4.2743957819086539018e+01,-3.8194943372034528015e-09
4.2847705046802765594e+01,-3.6334408427486713752e-09
4.2951452274518992169e+01,-3.4564188899541975207e-09
4.3055199502235225850e+01,-3.2880040364439385777e-09
4.3158946729951452426e+01,-3.1277862925980326774e-09
4.3262693957667686107e+01,-2.9753596034453203969e-09
4.3366441185383912682e+01,-2.8303334793699847926e-09
4.3470188413100139257e+01,-2.6923603789386077809e-09
4.3573935640816372938e+01,-2.5611042943910862749e-09
4.3677682868532599514e+01,-2.4362324107796381541e-09
4.3781430096248833195e+01,-2.3174241588070835154e-09
4.3885177323965059770e+01,-2.2043946862064869286e-09
4.3988924551681286346e+01,-2.0968691712891364195e-09
4.4092671779397520027e+01,-1.9945753789175254441e-09
4.4196419007113746602e+01,-1.8972498945395287013e-09
4.4300166234829980283e+01,-1.8046588737246772342e-09
4.4403913462546206858e+01,-1.7165779854020570302e-09
4.4507660690262433434e+01,-1.6327849902927503023e-09
4.4611407917978667115e+01,-1.5530634404942793263e-09
4.4715155145694893690e+01,-1.4772207841110842870e-09
4.4818902373411127371e+01,-1.4050742211966403879e-09
4.4922649601127353947e+01,-1.3364426521295959315e-09
4.5026396828843580522e+01,-1.2711484546687223779e-09
4.5130144056559814203e+01,-1.2090323401611633133e-09
4.5233891284276040778e+01,-1.1499455015948190659e-09
4.5337638511992274459e+01,-1.0937405825981373787e-09
4.5441385739708501035e+01,-1.0402722058575283871e-09
4.5545132967424727610e+01,-9.8940787260731942876e-10
4.5648880195140961291e+01,-9.4102637269745993172e-10
4.5752627422857187867e+01,-8.9500793473969194525e-10
4.5856374650573421548e+01,-8.5123398262318722534e-10
4.5960121878289648123e+01,-8.0959381733585013309e-10
4.6063869106005881804e+01,-7.6998834387897465748e-10
4.6167616333722108379e+01,-7.3232027780380581568e-10
4.6271363561438334955e+01,-6.9649320799122690371e-10
4.6375110789154568636e+01,-6.6241464577990713999e-10
4.6478858016870795211e+01,-6.3000286657227744514e-10
4.6582605244587028892e+01,-5.9917888823450355511e-10
4.6686352472303255468e+01,-5.6986443069466878122e-10
4.6790099700019482043e+01,-5.4198282760182257880e-10
4.6893846927735715724e+01,-5.1546565394708868446e-10
4.6997594155451942299e+01,-4.9024880287594172715e-10
4.7101341383168175980e+01,-4.6626875822097411747e-10
4.7205088610884402556e+01,-4.4346268782725241528e-10
4.7308835838600629131e+01,-4.2177259912909527577e-10
4.7412583066316862812e+01,-4.0114625001033603446e-10
4.7516330294033089388e+01,-3.8153217425623392994e-10
4.7620077521749323068e+01,-3.6287935422360565408e-10
4.7723824749465549644e+01,-3.4513873703595112844e-10
4.7827571977181776219e+01,-3.2826714228486540186e-10
4.7931319204898009900e+01,-3.1222298212563220239e-10
4.8035066432614236476e+01,-2.9696502800302593870e-10
4.8138813660330470157e+01,-2.8245266035180679227e-10
4.8242560888046696732e+01,-2.6864927932766454354e-10
4.8346308115762923308e+01,-2.5552136067583760238e-10
4.8450055343479156988e+01,-2.4303573490877660446e-10
4.8553802571195383564e+01,-2.3115951843241678128e-10
4.8657549798911617245e+01,-2.1986146934549291320e-10
4.8761297026627843820e+01,-2.0911423855570863971e-10
4.8865044254344070396e+01,-1.9889130680562536049e-10
4.8968791482060304077e+01,-1.8916637957681533766e-10
4.9072538709776530652e+01,-1.7991357072660086062e-10
4.9176285937492764333e+01,-1.7110975590306351083e-10
4.9280033165208990908e+01,-1.6273384625830521523e-10
4.9383780392925217484e+01,-1.5476497133569615316e-10
4.9487527620641451165e+01,-1.4718243586400787542e-10
4.9591274848357677740e+01,-1.3996647549311906596e-10
4.9695022076073911421e+01,-1.3309998309707730379e-10
4.9798769303790137997e+01,-1.2656650573826614215e-10
4.9902516531506364572e+01,-1.2034972730155960788e-10
5.0006263759222598253e+01,-1.1443351696124989093e-10
5.0110010986938824828e+01,-1.0880324844705647254e-10
5.0213758214655058509e+01,-1.0344592290257813859e-10
5.0317505442371285085e+01,-9.8348725959569211049e-11
5.0421252670087511660e+01,-9.3498948717625245428e-11
5.0524999897803745341e+01,-8.8884198773726573779e-11
5.0628747125519971917e+01,-8.4493667406480780260e-11
5.0732494353236205598e+01,-8.0317266397497260719e-11
5.0836241580952432173e+01,-7.6344992253466458179e-11
5.0939988808668665854e+01,-7.2566923558974357890e-11
5.1043736036384892429e+01,-6.8973632976994238459e-11
5.1147483264101119005e+01,-6.5556906356207935886e-11
5.1251230491817352686e+01,-6.2308789741365375173e-11
5.1354977719533579261e+01,-5.9221393451477853409e-11
5.1458724947249812942e+01,-5.6286904020983823965e-11
5.1562472174966039518e+01,-5.3498090293633154138e-11
5.1666219402682266093e+01,-5.0848471060922757140e-11
5.1769966630398499774e+01,-4.8331665115822075873e-11
5.1873713858114726349e+01,-4.5941342300858821406e-11
5.1977461085830960030e+01,-4.3671257856109061860e-11
5.2081208313547186606e+01,-4.1515721573800334900e-11
5.2184955541263413181e+01,-3.9469468434707339043e-11
5.2288702768979646862e+01,-3.7527284515718200491e-11
5.2392449996695873438e+01,-3.5683997192043472690e-11
5.2496197224412107118e+01,-3.3934531574065934264e-11
5.2599944452128333694e+01,-3.2274300508129285290e-11
5.2703691679844560269e+01,-3.0698964882045781349e-11
5.2807438907560793950e+01,-2.9204220956662877107e-11
5.2911186135277020526e+01,-2.7785798747581432024e-11
5.3014933362993254207e+01,-2.6439538773712497360e-11
5.3118680590709480782e+01,-2.5161723743472622555e-11
5.3222427818425707358e+01,-2.3948800929404010179e-11
5.3326175046141941039e+01,-2.2797245340074559021e-11
5.3429922273858167614e+01,-2.1703559362575376127e-11
5.3533669501574401295e+01,-2.0664367923625138520e-11
5.3637416729290627870e+01,-1.9676722489409963681e-11
5.3741163957006854446e+01,-1.8737802309053336004e-11
5.3844911184723088127e+01,-1.7844808371986119823e-11
5.3948658412439314702e+01,-1.6994963198741321857e-11
5.4052405640155548383e+01,-1.6185615949514572952e-11
5.4156152867871774959e+01,-1.5414538986863772185e-11
5.4259900095588001534e+01,-1.4679618039132861885e-11
5.4363647323304235215e+01,-1.3978754974114418366e-11
5.4467394551020461790e+01,-1.3309867645340997257e-11
5.4571141778736695471e+01,-1.2670986079554448040e-11
5.4674889006452922047e+01,-1.2060543224843757444e-11
5.4778636234169148622e+01,-1.1477081550726848501e-11
5.4882383461885382303e+01,-1.0919154547728315841e-11
5.4986130689601608879e+01,-1.0385326623405670970e-11
5.5089877917317842559e+01,-9.8742406874687009604e-12
5.5193625145034069135e+01,-9.3848818372216764865e-12
5.5297372372750295710e+01,-8.9163443986269525486e-12
5.5401119600466529391e+01,-8.4677295083552968636e-12
5.5504866828182755967e+01,-8.0381450235389324567e-12
5.5608614055898989648e+01,-7.6267380315364477875e-12
5.5712361283615216223e+01,-7.2328894139556399231e-12
5.5816108511331449904e+01,-6.8560815980897476641e-12
5.5919855739047676479e+01,-6.4958012147428034385e-12
5.6023602966763903055e+01,-6.1515386974467502424e-12
5.6127350194480136736e+01,-5.8227964545747596965e-12
5.6231097422196363311e+01,-5.5091805120034586352e-12
5.6334844649912596992e+01,-5.2103664658935618978e-12
5.6438591877628823568e+01,-4.9260335149712297183e-12
5.6542339105345050143e+01,-4.6558632124631486102e-12
5.6646086333061283824e+01,-4.3995394683993529165e-12
5.6749833560777510399e+01,-4.1567492443374608049e-12
5.6853580788493744080e+01,-3.9271826510488603200e-12
5.6957328016209970656e+01,-3.7105321061333507184e-12
5.7061075243926197231e+01,-3.5064922641496740326e-12
5.7164822471642430912e+01,-3.3147598917346403163e-12
5.7268569699358657488e+01,-3.1350032460884807134e-12
5.7372316927074891169e+01,-2.9668198204417925318e-12
5.7476064154791117744e+01,-2.8097993487053202013e-12
5.7579811382507344319e+01,-2.6635345216573561250e-12
5.7683558610223578000e+01,-2.5276209603532843932e-12
5.7787305837939804576e+01,-2.4016421471649481917e-12
5.7891053065656038257e+01,-2.2850930970525738071e-12
5.7994800293372264832e+01,-2.1774380708809274766e-12
5.8098547521088491408e+01,-2.0781450938744331072e-12
5.8202294748804725089e+01,-1.9866859842975254213e-12
5.8306041976520951664e+01,-1.9025347959774666412e-12
5.8409789204237185345e+01,-1.8251335789337086604e-12
5.8513536431953411920e+01,-1.7538922381879232528e-12
5.8617283659669638496e+01,-1.6882232559418793733e-12
5.8721030887385872177e+01,-1.6275432664595249877e-12
5.8824778115102098752e+01,-1.5712730234546266442e-12
5.8928525342818332433e+01,-1.5188479798831708568e-12
5.9032272570534559009e+01,-1.4697411857414530288e-12
5.9136019798250785584e+01,-1.4234360296460997935e-12
5.9239767025967019265e+01,-1.3794195192015579346e-12
5.9343514253683245840e+01,-1.3371822493656488496e-12
5.9447261481399479521e+01,-1.2962250962838937433e-12
5.9551008709115706097e+01,-1.2561498325464716757e-12
5.9654755936831932672e+01,-1.2166343437153815222e-12
5.9758503164548166353e+01,-1.1773605500323907631e-12
5.9862250392264392929e+01,-1.1380125767945725665e-12
5.9965997619980626610e+01,-1.0982767611948012742e-12
6.0069744847696853185e+01,-1.0578952408636013633e-12
6.0173492075413079760e+01,-1.0167781628910401276e-12
6.0277239303129313441e+01,-9.7486840330718940990e-13
6.0380986530845540017e+01,-9.3210923074608314005e-13
6.0484733758561773698e+01,-8.8844430307860271943e-13
6.0588480986278000273e+01,-8.4382278398808599076e-13
6.0692228213994233954e+01,-7.9830691533808838059e-13
6.0795975441710460530e+01,-7.5206843914275045683e-13
6.0899722669426687105e+01,-7.0528249901644118447e-13
6.1003469897142920786e+01,-6.5812304712232424522e-13
6.1107217124859147361e+01,-6.1076285428653722036e-13
6.1210964352575381042e+01,-5.6338746558523498503e-13
6.1314711580291607618e+01,-5.1626143222951167956e-13
6.1418458808007834193e+01,-4.6967617153522393669e-13
6.1522206035724067874e+01,-4.2392117112321610768e-13
6.1625953263440294450e+01,-3.7928396920591661355e-13
6.1729700491156528130e+01,-3.3605013051794949163e-13
6.1833447718872754706e+01,-2.9449417327275476941e-13
6.1937194946588981281e+01,-2.5486815410465836069e-13
6.2040942174305214962e+01,-2.1741961316719946949e-13
6.2144689402021441538e+01,-1.8239443759385675727e-13
6.2248436629737675219e+01,-1.5003687527317599168e-13
6.2352183857453901794e+01,-1.2058687812998207627e-13
6.2455931085170128370e+01,-9.4206693847743104169e-14
6.2559678312886362050e+01,-7.0972268457008877405e-14
6.2663425540602588626e+01,-5.0954535033156155936e-14
6.2767172768318822307e+01,-3.4223957673292270460e-14
6.2870919996035048882e+01,-2.0850535365717460941e-14
6.2974667223751275458e+01,-1.0893013212542905840e-14
6.3078414451467509139e+01,-4.2821878505398875919e-15
6.3182161679183735714e+01,-8.6604181894591423220e-16
6.3285908906899969395e+01,-4.9211850507953489954e-16
6.3389656134616195970e+01,-3.0089593739827382269e-15
6.3493403362332422546e+01,-8.2660958142033237705e-15
6.3597150590048656227e+01,-1.6098798651756044464e-14
6.3700897817764882802e+01,-2.6234966688138032084e-14
6.3804645045481116483e+01,-3.8357270083440082942e-14
6.3908392273197343059e+01,-5.2150249041703242103e-14
6.4012139500913576740e+01,-6.7300488884010267263e-14
6.4115886728629803315e+01,-8.3496603502249686274e-14
6.4219633956346029890e+01,-1.0042498013830320980e-13
6.4323381184062256466e+01,-1.1775146285278618423e-13
6.4427128411778497252e+01,-1.3513656860407510226e-13
6.4530875639494723828e+01,-1.5224299258144388440e-13
6.4634622867210950403e+01,-1.6873559565179102191e-13
6.4738370094927176979e+01,-1.8428138700647028238e-13
6.4842117322643403554e+01,-1.9856642504260286837e-13
6.4945864550359644340e+01,-2.1135945969666547944e-13
6.5049611778075870916e+01,-2.2245474263912232537e-13
6.5153359005792097491e+01,-2.3164784019676287462e-13
6.5257106233508324067e+01,-2.3873561874953859417e-13
6.5360853461224550642e+01,-2.4351623441269755843e-13
6.5464600688940791429e+01,-2.4581782816883109604e-13
6.5568347916657018004e+01,-2.4561562194891332801e-13
6.5672095144373244580e+01,-2.4293129022942696751e-13
6.5775842372089471155e+01,-2.3778638974752820579e-13
6.5879589599805697731e+01,-2.3020234145010928515e-13
6.5983336827521938517e+01,-2.2020043156132867156e-13
6.6087084055238165092e+01,-2.0782281169815522674e-13
6.6190831282954391668e+01,-1.9324770877464772003e-13
6.6294578510670618243e+01,-1.7670666419350228509e-13
6.6398325738386844819e+01,-1.5842991548652157875e-13
6.6502072966103085605e+01,-1.3864626344799798799e-13
6.6605820193819312180e+01,-1.1758308332425229733e-13
6.6709567421535538756e+01,-9.5471880804952530125e-14
6.6813314649251765331e+01,-7.2599407579497335196e-14
6.6917061876967991907e+01,-4.9283813040611481465e-14
6.7020809104684232693e+01,-2.5841696593882046877e-14
6.7124556332400459269e+01,-2.5877003099202262098e-15
6.7228303560116685844e+01,2.0165475972787240812e-14
6.7332050787832912420e+01,4.2108559508756596388e-14
6.7435798015549138995e+01,6.2967805426265691393e-14
6.7539545243265379781e+01,8.2504276161257307361e-14
6.7643292470981606357e+01,1.0048190353852575094e-13
6.7747039698697832932e+01,1.1666606543387962402e-13
6.7850786926414059508e+01,1.3082357471871127095e-13
6.7954534154130286083e+01,1.4272317695681911620e-13
6.8058281381846526870e+01,1.5219763456805210596e-13
6.8162028609562753445e+01,1.5920275937755976727e-13
6.8265775837278980021e+01,1.6370871856790185651e-13
6.8369523064995206596e+01,1.6568586040068851720e-13
6.8473270292711433171e+01,1.6510471284477287527e-13
6.8577017520427673958e+01,1.6193598221689355071e-13
6.8680764748143900533e+01,1.5618043229699860309e-13
6.8784511975860127109e+01,1.4798580567153260066e-13
6.8888259203576353684e+01,1.3754407270172437627e-13
6.8992006431292580260e+01,1.2504606129378727882e-13
6.9095753659008821046e+01,1.1068145324204048511e-13
6.9199500886725047621e+01,9.4638792820448073749e-14
6.9303248114441274197e+01,7.7108971140468903392e-14
6.9406995342157500772e+01,5.8344882160901231352e-14
6.9510742569873727348e+01,3.8652896719232186310e-14
6.9614489797589968134e+01,1.8339399898701921284e-14
6.9718237025306194710e+01,-2.2910469355587925641e-15
6.9821984253022421285e+01,-2.2935692587395852302e-14
6.9925731480738647861e+01,-4.3293593275768203887e-14
7.0029478708454874436e+01,-6.3075844642797980554e-14
7.0133225936171115222e+01,-8.2024587811708564975e-14
7.0236973163887341798e+01,-9.9888699484340986310e-14
7.0340720391603568373e+01,-1.1641853791381952943e-13
7.0444467619319794949e+01,-1.3136593199475302734e-13
7.0548214847036021524e+01,-1.4448417044971299209e-13
7.0651962074752262311e+01,-1.5553517061418419011e-13
7.0755709302468488886e+01,-1.6438516830631088363e-13
7.0859456530184715461e+01,-1.7097813351024083365e-13
7.0963203757900942037e+01,-1.7526021959874771879e-13
7.1066950985617168612e+01,-1.7717789437702229558e-13
7.1170698213333409399e+01,-1.7667793779089434581e-13
7.1274445441049635974e+01,-1.7370744326542855751e-13
7.1378192668765862550e+01,-1.6825677097184742378e-13
7.1481939896482089125e+01,-1.6046595132188430469e-13
7.1585687124198315701e+01,-1.5050675395531904266e-13
7.1689434351914556487e+01,-1.3854995418833951475e-13
7.1793181579630783062e+01,-1.2476534019795767783e-13
7.1896928807347009638e+01,-1.0932172014420600853e-13
7.2000676035063236213e+01,-9.2388503584006611224e-14
7.2104423262779462789e+01,-7.4189303875916328663e-14
7.2208170490495703575e+01,-5.5014773494728136579e-14
7.2311917718211930151e+01,-3.5158143996230757780e-14
7.2415664945928156726e+01,-1.4910966528463760466e-14
7.2519412173644383302e+01,5.4368761482046306851e-15
7.2623159401360624088e+01,2.5597157744044379428e-14
7.2726906629076850663e+01,4.5286127454446439922e-14
7.2830653856793077239e+01,6.4248359300037227458e-14
7.2934401084509303814e+01,8.2244557614313519703e-14
7.3038148312225530390e+01,9.9036938665206752367e-14
7.3141895539941771176e+01,1.1438906784636351650e-13
7.3245642767657997751e+01,1.2806585012243586338e-13
7.3349389995374224327e+01,1.3983352055547893662e-13
7.3453137223090450902e+01,1.4948882932108911237e-13
7.3556884450806677478e+01,1.5695763405247806069e-13
7.3660631678522918264e+01,1.6220125854582037656e-13
7.3764378906239144840e+01,1.6518124513056524510e-13
7.3868126133955371415e+01,1.6585935219020052633e-13
7.3971873361671597991e+01,1.6419755264714615434e-13
7.4075620589387824566e+01,1.6015815069603574449e-13
7.4179367817104065352e+01,1.5375900790641781706e-13
7.4283115044820291928e+01,1.4516108646834896944e-13
7.4386862272536518503e+01,1.3454730657964586515e-13
7.4490609500252745079e+01,1.2209956938546717554e-13
7.4594356727968971654e+01,1.0799876406490030827e-13
7.4698103955685212441e+01,9.2424774858491900647e-14
7.4801851183401439016e+01,7.5556814360155987367e-14
7.4905598411117665592e+01,5.7609002183863278975e-14
7.5009345638833892167e+01,3.8862079787924838902e-14
7.5113092866550118742e+01,1.9602769549372550794e-14
7.5216840094266359529e+01,1.1621193077571305085e-16
7.5320587321982586104e+01,-1.9314023625034841578e-14
7.5424334549698812680e+01,-3.8405927890184678699e-14
7.5528081777415039255e+01,-5.6879381762547873004e-14
7.5631829005131265831e+01,-7.4480967718762508624e-14
7.5735576232847506617e+01,-9.1000616141692803871e-14
7.5839323460563733192e+01,-1.0623338681372443930e-13
7.5943070688279959768e+01,-1.1997545940767480937e-13
7.6046817915996186343e+01,-1.3202412584770506698e-13
7.6150565143712412919e+01,-1.4217778273268834310e-13
7.6254312371428653705e+01,-1.5023672423482246791e-13
7.6358059599144880281e+01,-1.5607273586650991441e-13
7.6461806826861106856e+01,-1.5968260364506539494e-13
7.6565554054577333432e+01,-1.6107582266843073746e-13
7.6669301282293560007e+01,-1.6026183664030922160e-13
7.6773048510009800793e+01,-1.5725003821742303273e-13
7.6876795737726027369e+01,-1.5204976935396141188e-13
7.6980542965442253944e+01,-1.4467058115843509548e-13
7.7084290193158480520e+01,-1.3518017183161571358e-13
7.7188037420874707095e+01,-1.2377718372782984163e-13
7.7291784648590947882e+01,-1.1067719136785903849e-13
7.7395531876307174457e+01,-9.6094613378430012104e-14
7.7499279104023401032e+01,-8.0242720229101902360e-14
7.7603026331739627608e+01,-6.3333641907110827552e-14
7.7706773559455854183e+01,-4.5578376146491711905e-14
7.7810520787172094970e+01,-2.7199101515507782144e-14
7.7914268014888321545e+01,-8.4606524573529475341e-15
7.8018015242604548121e+01,1.0363787249589122617e-14
7.8121762470320774696e+01,2.9002485000524305520e-14
7.8225509698037001272e+01,4.7185149741095719526e-14
7.8329256925753242058e+01,6.4642922420706646220e-14
7.8433004153469468633e+01,8.1108366521598767083e-14
7.8536751381185695209e+01,9.6326354363802080633e-14
7.8640498608901921784e+01,1.1012052496193246506e-13
7.8744245836618148360e+01,1.2234896270136825516e-13
7.8847993064334389146e+01,1.3287063388841908863e-13
7.8951740292050615722e+01,1.4154524613564550136e-13
7.9055487519766842297e+01,1.4823324349765972387e-13
7.9159234747483068872e+01,1.5279580164516183374e-13
7.9262981975199295448e+01,1.5509999334519211315e-13
7.9366729202915536234e+01,1.5512397516118126871e-13
7.9470476430631762810e+01,1.5295180817864276194e-13
7.9574223658347989385e+01,1.4867137499033754969e-13
7.9677970886064215961e+01,1.4237010046776390685e-13
7.9781718113780442536e+01,1.3413495473723434798e-13
7.9885465341496683322e+01,1.2405245613276150241e-13
7.9989212569212909898e+01,1.1220876768274645088e-13
8.0092959796929136473e+01,9.8731827082957955604e-14
8.0196707024645363049e+01,8.3857516980344925556e-14
8.0300454252361589624e+01,6.7837726244573257284e-14
8.0404201480077830411e+01,5.0923043675337832223e-14
8.0507948707794056986e+01,3.3362766379101266388e-14
8.0611695935510283562e+01,1.5404908081123851516e-14
8.0715443163226510137e+01,-2.7037926265862782119e-15
8.0819190390942736713e+01,-2.0718574508969033060e-14
8.0922937618658977499e+01,-3.8402961916020129668e-14
8.1026684846375204074e+01,-5.5525702651390023494e-14
8.1130432074091430650e+01,-7.1856774372479088001e-14
8.1234179301807657225e+01,-8.7167329817448584401e-14
8.1337926529523883801e+01,-1.0122968931109508613e-13
8.1441673757240124587e+01,-1.1381733332800329849e-13
8.1545420984956351163e+01,-1.2470515080587143024e-13
8.1649168212672577738e+01,-1.3372163845842921582e-13
8.1752915440388804313e+01,-1.4081225751178157668e-13
8.1856662668105030889e+01,-1.4593830931101198628e-13
8.1960409895821271675e+01,-1.4906129114352171705e-13
8.2064157123537498251e+01,-1.5014289500045637255e-13
8.2167904351253724826e+01,-1.4914500634751991477e-13
8.2271651578969951402e+01,-1.4602970290508354298e-13
8.2375398806686192188e+01,-1.4076798794696665971e-13
8.2479146034402418763e+01,-1.3345139873859788426e-13
8.2582893262118645339e+01,-1.2425864969663940738e-13
8.2686640489834871914e+01,-1.1336954331621081786e-13
8.2790387717551098490e+01,-1.0096298082788081772e-13
8.2894134945267339276e+01,-8.7216967837611451949e-14
8.2997882172983565852e+01,-7.2308619924413107959e-14
8.3101629400699792427e+01,-5.6414168196050220902e-14
8.3205376628416019003e+01,-3.9721795973806610653e-14
8.3309123856132245578e+01,-2.2475549916091685433e-14
8.3412871083848486364e+01,-4.9339746114478973366e-15
8.3516618311564712940e+01,1.2645669476806896493e-14
8.3620365539280939515e+01,3.0007398610700321819e-14
8.3724112766997166091e+01,4.6896497867287279602e-14
8.3827859994713392666e+01,6.3059513287083501577e-14
8.3931607222429633453e+01,7.8244501204704880288e-14
8.4035354450145860028e+01,9.2236231918812294171e-14
8.4139101677862086603e+01,1.0489183794469257586e-13
8.4242848905578313179e+01,1.1607769677656185130e-13
8.4346596133294539754e+01,1.2566084333715942621e-13
8.4450343361010780541e+01,1.3350896593949502537e-13
8.4554090588727007116e+01,1.3949040227832003312e-13
8.4657837816443233692e+01,1.4347413545108395636e-13
8.4761585044159460267e+01,1.4533286550442732965e-13
8.4865332271875686843e+01,1.4503858854268281950e-13
8.4969079499591927629e+01,1.4268062124637167308e-13
8.5072826727308154204e+01,1.3835466546119178700e-13
8.5176573955024380780e+01,1.3215595676373752601e-13
8.5280321182740607355e+01,1.2417926729768414116e-13
8.5384068410456833931e+01,1.1451890858929398529e-13
8.5487815638173074717e+01,1.0326873434242044816e-13
8.5591562865889301293e+01,9.0526533616443028870e-14
8.5695310093605527868e+01,7.6468500854326294498e-14
8.5799057321321754443e+01,6.1338208086100647513e-14
8.5902804549037981019e+01,4.5380303279824696602e-14
8.6006551776754221805e+01,2.8838253956348052499e-14
8.6110299004470448381e+01,1.1954354300439849019e-14
8.6214046232186674956e+01,-5.0302677794491534145e-15
8.6317793459902901532e+01,-2.1875643642313501011e-14
8.6421540687619128107e+01,-3.8344596136754108564e-14
8.6525287915335368893e+01,-5.4225540463408811035e-14
8.6629035143051595469e+01,-6.9326686392343262297e-14
8.6732782370767822044e+01,-8.3457642626000470613e-14
8.6836529598484048620e+01,-9.6428927740552763936e-14
8.6940276826200275195e+01,-1.0805196475706927189e-13
8.7044024053916515982e+01,-1.1813907575150609280e-13
8.7147771281632742557e+01,-1.2650347650319005826e-13
8.7251518509348969133e+01,-1.3296565954110667332e-13
8.7355265737065195708e+01,-1.3745520904756268321e-13
8.7459012964781422284e+01,-1.3999231069542599098e-13
8.7562760192497663070e+01,-1.4059981935363578211e-13
8.7666507420213889645e+01,-1.3930048170252549909e-13
8.7770254647930116221e+01,-1.3611693687323577724e-13
8.7874001875646342796e+01,-1.3107171708259568406e-13
8.7977749103362569372e+01,-1.2418724826351363590e-13
8.8081496331078810158e+01,-1.1548899952528680597e-13
8.8185243558795036733e+01,-1.0509022364198814496e-13
8.8288990786511263309e+01,-9.3201059961168765168e-14
8.8392738014227489884e+01,-8.0035726997805273732e-14
8.8496485241943716460e+01,-6.5807438726321293616e-14
8.8600232469659957246e+01,-5.0728410461963709276e-14
8.8703979697376183822e+01,-3.5009864700916659159e-14
8.8807726925092410397e+01,-1.8862036919459346765e-14
8.8911474152808636973e+01,-2.4942198251690285968e-15
8.9015221380524863548e+01,1.3881526819903900524e-14
8.9118968608241104334e+01,3.0047313670549218834e-14
8.9222715835957330910e+01,4.5785540967941747819e-14
8.9326463063673557485e+01,6.0879619868548605423e-14
8.9430210291389784061e+01,7.5113966580348989196e-14
8.9533957519106010636e+01,8.8273996539833041220e-14
8.9637704746822251423e+01,1.0014611862943749270e-13
8.9741451974538477998e+01,1.1051772944524208544e-13
8.9845199202254704574e+01,1.1920821812723958772e-13
8.9948946429970931149e+01,1.2615915390392348476e-13
9.0052693657687157724e+01,1.3134205276509746921e-13
9.0156440885403398511e+01,1.3472856181208951187e-13
9.0260188113119625086e+01,1.3629045850423670862e-13
9.0363935340835851662e+01,1.3599964991056521197e-13
9.0467682568552078237e+01,1.3382817196661381331e-13
9.0571429796268304813e+01,1.2974818873636848556e-13
9.0675177023984545599e+01,1.2374224788362565901e-13
9.0778924251700772174e+01,1.1591451919225538225e-13
9.0882671479416998750e+01,1.0644819969899050661e-13
9.0986418707133225325e+01,9.5527028300322845668e-14
9.1090165934849451901e+01,8.3333906814408083997e-14
9.1193913162565692687e+01,7.0050904742596412557e-14
9.1297660390281919263e+01,5.5859263998507564789e-14
9.1401407617998145838e+01,4.0939403604880335652e-14
9.1505154845714372414e+01,2.5471029775540760300e-14
9.1608902073430598989e+01,9.6479467448421598891e-15
9.1712649301146839775e+01,-6.3067428118773287077e-15
9.1816396528863066351e+01,-2.2167301190128331984e-14
9.1920143756579292926e+01,-3.7709009816168025526e-14
9.2023890984295519502e+01,-5.2708163502179486516e-14
9.2127638212011760288e+01,-6.6942064740280083983e-14
9.2231385439727986864e+01,-8.0189018035028740891e-14
9.2335132667444213439e+01,-9.2228324274160353610e-14
9.2438879895160440014e+01,-1.0285062932785953355e-13
9.2542627122876666590e+01,-1.1194479402263867556e-13
9.2646374350592907376e+01,-1.1945345640080891149e-13
9.2750121578309133952e+01,-1.2532005764391822656e-13
9.2853868806025360527e+01,-1.2948829171008805477e-13
9.2957616033741587103e+01,-1.3190210392342654495e-13
9.3061363261457813678e+01,-1.3250568957288317915e-13
9.3165110489174054464e+01,-1.3124349252046344651e-13
9.3268857716890281040e+01,-1.2806029865530268568e-13
9.3372604944606507615e+01,-1.2295468443908733681e-13
9.3476352172322734191e+01,-1.1606787580985166273e-13
9.3580099400038960766e+01,-1.0756396812743004416e-13
9.3683846627755201553e+01,-9.7606329862686710165e-14
9.3787593855471428128e+01,-8.6357606617920754447e-14
9.3891341083187654704e+01,-7.3979725120602642095e-14
9.3995088310903881279e+01,-6.0633897190675608826e-14
9.4098835538620107855e+01,-4.6480623681606034877e-14
9.4202582766336348641e+01,-3.1680812940341235214e-14
9.4306329994052575216e+01,-1.6425094105553920459e-14
9.4410077221768801792e+01,-9.3659847407072318730e-16
9.4513824449485028367e+01,1.4560821637590121751e-14
9.4617571677201254943e+01,2.9844295720278441275e-14
9.4721318904917495729e+01,4.4691929695399716321e-14
9.4825066132633722304e+01,5.8882800573388734772e-14
9.4928813360349948880e+01,7.2196951147230005689e-14
9.5032560588066175455e+01,8.4415384720716228327e-14
9.5136307815782402031e+01,9.5329122509551035139e-14
9.5240055043498642817e+01,1.0482091032285695315e-13
9.5343802271214869393e+01,1.1282634361685841124e-13
9.5447549498931095968e+01,1.1928192938964349060e-13
9.5551296726647322544e+01,1.2412445039580476117e-13
9.5655043954363549119e+01,1.2729096365101635068e-13
9.5758791182079789905e+01,1.2871879894633108015e-13
9.5862538409796016481e+01,1.2834555737212408076e-13
9.5966285637512243056e+01,1.2610910985161271516e-13
9.6070032865228469632e+01,1.2197163832683232271e-13
9.6173780092944696207e+01,1.1603905485113341796e-13
9.6277527320660936994e+01,1.0846987379844773128e-13
9.6381274548377163569e+01,9.9422012588757436451e-14
9.6485021776093390145e+01,8.9052709428036313339e-14
9.6588769003809616720e+01,7.7518526956015224533e-14
9.6692516231525843295e+01,6.4975355870460400853e-14
9.6796263459242084082e+01,5.1578418528142647831e-14
9.6900010686958310657e+01,3.7482272522683852613e-14
9.7003757914674537233e+01,2.2849862425059407990e-14
9.7107505142390763808e+01,7.8865659231581697508e-15
9.7211252370106990384e+01,-7.1902796604486636748e-15
9.7314999597823231170e+01,-2.2164261627929102731e-14
9.7418746825539457745e+01,-3.6819889166325429683e-14
9.7522494053255684321e+01,-5.0942588443928637377e-14
9.7626241280971910896e+01,-6.4318697737898684472e-14
9.7729988508688137472e+01,-7.6735462592929420219e-14
9.7833735736404378258e+01,-8.7981031010716484455e-14
9.7937482964120604834e+01,-9.7865744169761137478e-14
9.8041230191836831409e+01,-1.0630607835817594798e-13
9.8144977419553057985e+01,-1.1325137065602762422e-13
9.8248724647269284560e+01,-1.1865118157992478357e-13
9.8352471874985525346e+01,-1.2245528447108446422e-13
9.8456219102701751922e+01,-1.2461366437402165704e-13
9.8559966330417978497e+01,-1.2507651692232559776e-13
9.8663713558134205073e+01,-1.2379424723146046793e-13
9.8767460785850431648e+01,-1.2071746879854732554e-13
9.8871208013566672435e+01,-1.1581761344658059516e-13
9.8974955241282899010e+01,-1.0920460404726093024e-13
9.9078702468999125585e+01,-1.0104484629377517370e-13
9.9182449696715352161e+01,-9.1504226584110023008e-14
9.9286196924431578736e+01,-8.0747937956875210289e-14
9.9389944152147819523e+01,-6.8940483710084336065e-14
9.9493691379864046098e+01,-5.6245680997302551578e-14
9.9597438607580272674e+01,-4.2826664401302447232e-14
9.9701185835296499249e+01,-2.8845889485423538558e-14
9.9804933063012725825e+01,-1.4467119726885356204e-14
9.9908680290728966611e+01,1.2142312854931596750e-16
1.0001242751844519319e+02,1.4715038752533090358e-14
1.0011617474616141976e+02,2.9109536505773022870e-14
1.0021992197387764634e+02,4.3101571258024135506e-14
1.0032366920159387291e+02,5.6488639016280517460e-14
1.0042741642931011370e+02,6.9069072580064259744e-14
1.0053116365702634027e+02,8.0642037223607978499e-14
1.0063491088474256685e+02,9.1007526404762762481e-14
1.0073865811245879343e+02,9.9968312294496597025e-14
1.0084240534017502000e+02,1.0742091031098813974e-13
1.0094615256789126079e+02,1.1339373373255311205e-13
1.0104989979560748736e+02,1.1792504144307397509e-13
1.0115364702332371394e+02,1.2105293536706743720e-13
1.0125739425103994051e+02,1.2281536127377501940e-13
1.0136114147875616709e+02,1.2325010957632034983e-13
1.0146488870647240788e+02,1.2239481612596234354e-13
1.0156863593418863445e+02,1.2028696300148155211e-13
1.0167238316190486103e+02,1.1696387929393187352e-13
1.0177613038962108760e+02,1.1248231046007729070e-13
1.0187987761733732839e+02,1.0697645710732003536e-13
1.0198362484505355496e+02,1.0059924945341471657e-13
1.0208737207276978154e+02,9.3502996049170731409e-14
1.0219111930048600811e+02,8.5839386934122055474e-14
1.0229486652820223469e+02,7.7759496772990239259e-14
1.0239861375591847548e+02,6.9413787973080573397e-14
1.0250236098363470205e+02,6.0952113782752332189e-14
1.0260610821135092863e+02,5.2523721371080004622e-14
1.0270985543906715520e+02,4.4276785408287911327e-14
1.0281360266678338178e+02,3.6350137951212800886e-14
1.0291734989449962256e+02,2.8874318129480504845e-14
1.0302109712221584914e+02,2.1979072424691457926e-14
1.0312484434993207572e+02,1.5793625200311074971e-14
1.0322859157764830229e+02,1.0446681325380566359e-14
1.0333233880536452887e+02,6.0664287824171010449e-15
1.0343608603308076965e+02,2.7805412596201766737e-15
1.0353983326079699623e+02,7.1618072749561492039e-16
1.0364358048851322280e+02,0.0000000000000000000e+00
