1.0000000000000000479e-04,-5.8350264361072409433e-06
1.0384722771622945103e-01,-4.7602391948561089893e-03
2.0759445543245888532e-01,-9.0221642872413895797e-03
3.1134168314868831962e-01,-1.2822600133366118466e-02
4.1508891086491778166e-01,-1.6191109960736589646e-02
5.1883613858114718820e-01,-1.9155840532672319815e-02
6.2258336629737665024e-01,-2.1743577640696145487e-02
7.2633059401360611229e-01,-2.3979799735425542939e-02
8.3007782172983557434e-01,-2.5888729746541282867e-02
9.3382504944606503638e-01,-2.7493385145059431873e-02
1.0375722771622943874e+00,-2.8815626300250835046e-02
1.1413195048785238495e+00,-2.9876203184219390224e-02
1.2450667325947533115e+00,-3.0694800471522908775e-02
1.3488139603109827735e+00,-3.1290081085203189093e-02
1.4525611880272122356e+00,-3.1679728223204091375e-02
1.5563084157434416976e+00,-3.1880485956678625281e-02
1.6600556434596711597e+00,-3.1908198355773270682e-02
1.7638028711759006217e+00,-3.1777847306516865400e-02
1.8675500988921300838e+00,-3.1503588926718346930e-02
1.9712973266083595458e+00,-3.1098788755763748931e-02
2.0750445543245890079e+00,-3.0576055658537350940e-02
2.1787917820408186920e+00,-2.9947274507987148295e-02
2.2825390097570479320e+00,-2.9223637721570782516e-02
2.3862862374732776161e+00,-2.8415675658110383511e-02
2.4900334651895068561e+00,-2.7533285879890716935e-02
2.5937806929057365402e+00,-2.6585761389302142027e-02
2.6975279206219657802e+00,-2.5581817792645587806e-02
2.8012751483381954642e+00,-2.4529619509755642981e-02
2.9050223760544247043e+00,-2.3436804965634612519e-02
3.0087696037706543883e+00,-2.2310510884692203587e-02
3.1125168314868836283e+00,-2.1157395655571509252e-02
3.2162640592031133124e+00,-1.9983661786642271940e-02
3.3200112869193425524e+00,-1.8795077612672871081e-02
3.4237585146355717924e+00,-1.7596998052507906857e-02
3.5275057423518014765e+00,-1.6394384647730547711e-02
3.6312529700680307165e+00,-1.5191824821140084353e-02
3.7350001977842604006e+00,-1.3993550373999479389e-02
3.8387474255004896406e+00,-1.2803455269723004392e-02
3.9424946532167193247e+00,-1.1625112724518283855e-02
4.0462418809329481206e+00,-1.0461791619215173726e-02
4.1499891086491773606e+00,-9.3164722574570965619e-03
4.2537363363654074888e+00,-8.1918615075536587583e-03
4.3574835640816367288e+00,-7.0904073172742545714e-03
4.4612307917978659688e+00,-6.0143126656504531172e-03
4.5649780195140952088e+00,-4.9655489043087513296e-03
4.6687252472303253370e+00,-3.9458686124845300525e-03
4.7724724749465545770e+00,-2.9568178622825249356e-03
4.8762197026627838170e+00,-1.9997479900415696293e-03
4.9799669303790130570e+00,-1.0758269069810169789e-03
5.0837141580952422970e+00,-1.8604989542640029752e-04
5.1874613858114724252e+00,6.6875005505789072036e-04
5.2912086135277016652e+00,1.4878923446391698407e-03
5.3949558412439309052e+00,2.2708392835242468058e-03
5.4987030689601601452e+00,3.0171870345882035626e-03
5.6024502966763902734e+00,3.7266569544074450680e-03
5.7061975243926195134e+00,4.3990873174547719809e-03
5.8099447521088487534e+00,5.0344254087141696377e-03
5.9136919798250779934e+00,5.6327199819889732166e-03
6.0174392075413081216e+00,6.1941140722417539419e-03
6.1211864352575373616e+00,6.7188381219122393986e-03
6.2249336629737666016e+00,7.2072034145854568105e-03
6.3286808906899958416e+00,7.6595958001553143477e-03
6.4324281184062259697e+00,8.0764698351962309342e-03
6.5361753461224552098e+00,8.4583431432923763399e-03
6.6399225738386844498e+00,8.8057908665325566183e-03
6.7436698015549136898e+00,9.1194406918946070706e-03
6.8474170292711429298e+00,9.3999680568373298467e-03
6.9511642569873730579e+00,9.6480912238325958197e-03
7.0549114847036022979e+00,9.8645673423715524164e-03
7.1586587124198315379e+00,1.0050187846082483945e-02
7.2624059401360607779e+00,1.0205774896468438467e-02
7.3661531678522909061e+00,1.0332177339850846798e-02
7.4699003955685201461e+00,1.0430267479385810572e-02
7.5736476232847493861e+00,1.0500937401700882745e-02
7.6773948510009786261e+00,1.0545096256490990236e-02
7.7811420787172087543e+00,1.0563666769903794565e-02
7.8848893064334379943e+00,1.0557582984541884902e-02
7.9886365341496672343e+00,1.0527787213741595859e-02
8.0923837618658964743e+00,1.0475227683064332676e-02
8.1961309895821266025e+00,1.0400856406543933924e-02
8.2998782172983549543e+00,1.0305626666339743822e-02
8.4036254450145850825e+00,1.0190491140296662614e-02
8.5073726727308152107e+00,1.0056400113182113049e-02
8.6111199004470435625e+00,9.9042994698468490161e-03
8.7148671281632736907e+00,9.7351290642676661935e-03
8.8186143558795020425e+00,9.5498213098194565523e-03
8.9223615835957321707e+00,9.3492996814237248893e-03
9.0261088113119622989e+00,9.1344773170582392596e-03
9.1298560390281906507e+00,8.9062558103758654449e-03
9.2336032667444207789e+00,8.6655241064746250934e-03
9.3373504944606509071e+00,8.4131574930009916935e-03
9.4410977221768792589e+00,8.1500165971869660553e-03
9.5448449498931093871e+00,7.8769465119972598144e-03
9.6485921776093377389e+00,7.5947760133637694235e-03
9.7523394053255678671e+00,7.3043168505127252857e-03
9.8560866330417979952e+00,7.0063631064927935771e-03
9.9598338607580263471e+00,6.7016906263700475738e-03
1.0063581088474256475e+01,6.3910565114747297510e-03
1.0167328316190484827e+01,6.0751986688830873426e-03
1.0271075543906714955e+01,5.7548354230983417637e-03
1.0374822771622945083e+01,5.4306651862674939352e-03
1.0478569999339173435e+01,5.1033661809054700967e-03
1.0582317227055403563e+01,4.7735962124377945281e-03
1.0686064454771633692e+01,4.4419924889711774260e-03
1.0789811682487862043e+01,4.1091714857615126155e-03
1.0893558910204092172e+01,3.7757288519187255649e-03
1.0997306137920320523e+01,3.4422393569655462472e-03
1.1101053365636550652e+01,3.1092568749525040239e-03
1.1204800593352780780e+01,2.7773144039175334460e-03
1.1308547821069009132e+01,2.4469241185755062455e-03
1.1412295048785239260e+01,2.1185774542169929710e-03
1.1516042276501469388e+01,1.7927452198997070529e-03
1.1619789504217697740e+01,1.4698777391153100471e-03
1.1723536731933927868e+01,1.1504050162195386935e-03
1.1827283959650156220e+01,8.3473692690722706405e-04
1.1931031187366386348e+01,5.2326342800196020202e-04
1.2034778415082616476e+01,2.1635478695752682226e-04
1.2138525642798844828e+01,-8.5638165870573362023e-05
1.2242272870515074956e+01,-3.8238376807638409845e-04
1.2346020098231303308e+01,-6.7356923923221764198e-04
1.2449767325947533436e+01,-9.5890037905255469559e-04
1.2553514553663763564e+01,-1.2381012506660095656e-03
1.2657261781379991916e+01,-1.5109138499010872376e-03
1.2761009009096222044e+01,-1.7770977683116665098e-03
1.2864756236812452173e+01,-2.0364298829270801629e-03
1.2968503464528680524e+01,-2.2887039878840462724e-03
1.3072250692244910653e+01,-2.5337304112412984899e-03
1.3175997919961139004e+01,-2.7713356341993048218e-03
1.3279745147677369133e+01,-3.0013619010408379949e-03
1.3383492375393599261e+01,-3.2236668411043871256e-03
1.3487239603109827613e+01,-3.4381231772736453763e-03
1.3590986830826057741e+01,-3.6446182822005139014e-03
1.3694734058542286093e+01,-3.8430537327491819978e-03
1.3798481286258516221e+01,-4.0333448909062562249e-03
1.3902228513974746349e+01,-4.2154205253705969575e-03
1.4005975741690974701e+01,-4.3892225830929696567e-03
1.4109722969407204829e+01,-4.5547056638590146735e-03
1.4213470197123434957e+01,-4.7118365347917573818e-03
1.4317217424839663309e+01,-4.8605937127224555644e-03
1.4420964652555893437e+01,-5.0009672932080327656e-03
1.4524711880272121789e+01,-5.1329585274547621238e-03
1.4628459107988351917e+01,-5.2565792122227887606e-03
1.4732206335704582045e+01,-5.3718512765682608842e-03
1.4835953563420810397e+01,-5.4788067211311306318e-03
1.4939700791137040525e+01,-5.5774871463491132798e-03
1.5043448018853268877e+01,-5.6679430856467960184e-03
1.5147195246569499005e+01,-5.7502337041818894423e-03
1.5250942474285729133e+01,-5.8244268693251393873e-03
1.5354689702001957485e+01,-5.8905983732528742827e-03
1.5458436929718187614e+01,-5.9488313866138259334e-03
1.5562184157434417742e+01,-5.9992165667379403551e-03
1.5665931385150646094e+01,-6.0418516851077587113e-03
1.5769678612866876222e+01,-6.0768407772454268931e-03
1.5873425840583104574e+01,-6.1042941344824864711e-03
1.5977173068299334702e+01,-6.1243283285130224042e-03
1.6080920296015563054e+01,-6.1370651839123650795e-03
1.6184667523731793182e+01,-6.1426316747297997692e-03
1.6288414751448023310e+01,-6.1411601747218443059e-03
1.6392161979164253438e+01,-6.1327873490308959861e-03
1.6495909206880483566e+01,-6.1176540566797010107e-03
1.6599656434596710142e+01,-6.0959056727823155222e-03
1.6703403662312940270e+01,-6.0676909086881851765e-03
1.6807150890029170398e+01,-6.0331618894376853879e-03
1.6910898117745400526e+01,-5.9924743550252256019e-03
1.7014645345461630654e+01,-5.9457864500224409665e-03
1.7118392573177857230e+01,-5.8932591483563468229e-03
1.7222139800894087358e+01,-5.8350560459107716355e-03
1.7325887028610317486e+01,-5.7713423422201719573e-03
1.7429634256326547614e+01,-5.7022856048350801031e-03
1.7533381484042777743e+01,-5.6280549030200540880e-03
1.7637128711759004318e+01,-5.5488204333265477020e-03
1.7740875939475234446e+01,-5.4647541347142350454e-03
1.7844623167191464574e+01,-5.3760284009045236978e-03
1.7948370394907694703e+01,-5.2828166396317963877e-03
1.8052117622623924831e+01,-5.1852929228503961273e-03
1.8155864850340154959e+01,-5.0836312649838039102e-03
1.8259612078056381534e+01,-4.9780064068692580007e-03
1.8363359305772611663e+01,-4.8685925977038010948e-03
1.8467106533488841791e+01,-4.7555641355559747502e-03
1.8570853761205071919e+01,-4.6390949927044974541e-03
1.8674600988921302047e+01,-4.5193583111917453449e-03
1.8778348216637528623e+01,-4.3965269983089645678e-03
1.8882095444353758751e+01,-4.2707726332713979306e-03
1.8985842672069988879e+01,-4.1422662008060336103e-03
1.9089589899786219007e+01,-4.0111773116166477351e-03
1.9193337127502449135e+01,-3.8776743593327109468e-03
1.9297084355218675711e+01,-3.7419244553570526167e-03
1.9400831582934905839e+01,-3.6040929380172755450e-03
1.9504578810651135967e+01,-3.4643438301566430171e-03
1.9608326038367366095e+01,-3.3228390519209789755e-03
1.9712073266083596224e+01,-3.1797389805956299651e-03
1.9815820493799822799e+01,-3.0352017662303135311e-03
1.9919567721516052927e+01,-2.8893836835790884417e-03
2.0023314949232283055e+01,-2.7424387375980371559e-03
2.0127062176948513184e+01,-2.5945187428049977171e-03
2.0230809404664743312e+01,-2.4457731866495730118e-03
2.0334556632380969887e+01,-2.2963491264135155526e-03
2.0438303860097200015e+01,-2.1463911900587383762e-03
2.0542051087813430144e+01,-1.9960414177394498504e-03
2.0645798315529660272e+01,-1.8454392800889632409e-03
2.0749545543245890400e+01,-1.6947215662301070172e-03
2.0853292770962120528e+01,-1.5440223390870276999e-03
2.0957039998678347104e+01,-1.3934729259966055492e-03
2.1060787226394577232e+01,-1.2432017760176054116e-03
2.1164534454110807360e+01,-1.0933345692265864987e-03
2.1268281681827037488e+01,-9.4399397221943208945e-04
2.1372028909543267616e+01,-7.9529986153735660916e-04
2.1475776137259494192e+01,-6.4736898347984785269e-04
2.1579523364975724320e+01,-5.0031528628632156337e-04
2.1683270592691954448e+01,-3.5424948450963076934e-04
2.1787017820408184576e+01,-2.0927950487575195022e-04
2.1890765048124414704e+01,-6.5509942812010631195e-05
2.1994512275840641280e+01,7.6957359814512808576e-05
2.2098259503556871408e+01,2.1802399069872701676e-04
2.2202006731273101536e+01,3.5759422956929627678e-04
2.2305753958989331664e+01,4.9557588679302296344e-04
2.2409501186705561793e+01,6.3187937903483066149e-04
2.2513248414421788368e+01,7.6641875097191913737e-04
2.2616995642138018496e+01,8.9911055817498784087e-04
2.2720742869854248625e+01,1.0298750572345534426e-03
2.2824490097570478753e+01,1.1586349408773408479e-03
2.2928237325286708881e+01,1.2853166158030523199e-03
2.3031984553002939009e+01,1.4098489112534149607e-03
2.3135731780719165585e+01,1.5321642836889938760e-03
2.3239479008435395713e+01,1.6521976988089889706e-03
2.3343226236151625841e+01,1.7698875302794110295e-03
2.3446973463867855969e+01,1.8851748732827346318e-03
2.3550720691584086097e+01,1.9980038685576510804e-03
2.3654467919300312673e+01,2.1083217095708537032e-03
2.3758215147016542801e+01,2.2160781620519523841e-03
2.3861962374732772929e+01,2.3212264327817856875e-03
2.3965709602449003057e+01,2.4237218172881982645e-03
2.4069456830165233185e+01,2.5235233540730700810e-03
2.4173204057881459761e+01,2.6205918711351048299e-03
2.4276951285597689889e+01,2.7148919334259559791e-03
2.4380698513313920017e+01,2.8063899820712067540e-03
2.4484445741030150145e+01,2.8950557483352896797e-03
2.4588192968746380274e+01,2.9808613340789229598e-03
2.4691940196462606849e+01,3.0637813461075998414e-03
2.4795687424178836977e+01,3.1437934615875275102e-03
2.4899434651895067105e+01,3.2208770364855437811e-03
2.5003181879611297234e+01,3.2950150099422788677e-03
2.5106929107327527362e+01,3.3661916181955487196e-03
2.5210676335043753937e+01,3.4343945162116761710e-03
2.5314423562759984065e+01,3.4996130459606883227e-03
2.5418170790476214194e+01,3.5618390671938722318e-03
2.5521918018192444322e+01,3.6210670454240681017e-03
2.5625665245908674450e+01,3.6772928518259092624e-03
2.5729412473624904578e+01,3.7305156957272633464e-03
2.5833159701341131154e+01,3.7807357141393300483e-03
2.5936906929057361282e+01,3.8279561201968450787e-03
2.6040654156773591410e+01,3.8721816718494525209e-03
2.6144401384489821538e+01,3.9134189980284820112e-03
2.6248148612206051666e+01,3.9516774065897182847e-03
2.6351895839922278242e+01,3.9869669618868425198e-03
2.6455643067638508370e+01,4.0193008337723141674e-03
2.6559390295354738498e+01,4.0486930560132234833e-03
2.6663137523070968626e+01,4.0751597692987922769e-03
2.6766884750787198755e+01,4.0987191823877652808e-03
2.6870631978503425330e+01,4.1193902035062653424e-03
2.6974379206219655458e+01,4.1371946135822946361e-03
2.7078126433935885586e+01,4.1521546966197166867e-03
2.7181873661652115715e+01,4.1642947559061534515e-03
2.7285620889368345843e+01,4.1736408133097877352e-03
2.7389368117084572418e+01,4.1802194007711694981e-03
2.7493115344800802546e+01,4.1840596595308461245e-03
2.7596862572517032675e+01,4.1851910620957968184e-03
2.7700609800233262803e+01,4.1836447296592291223e-03
2.7804357027949492931e+01,4.1794534288916310519e-03
2.7908104255665723059e+01,4.1726501078563930577e-03
2.8011851483381949635e+01,4.1632700284085881470e-03
2.8115598711098179763e+01,4.1513488123705259009e-03
2.8219345938814409891e+01,4.1369231022809179257e-03
2.8323093166530640019e+01,4.1200313055236390675e-03
2.8426840394246870147e+01,4.1007117150567689440e-03
2.8530587621963096723e+01,4.0790044216918244779e-03
2.8634334849679326851e+01,4.0549501938997702458e-03
2.8738082077395556979e+01,4.0285900396249659308e-03
2.8841829305111787107e+01,3.9999668037998684436e-03
2.8945576532828017235e+01,3.9691232148726359255e-03
2.9049323760544243811e+01,3.9361029256846421370e-03
2.9153070988260473939e+01,3.9009507732172062251e-03
2.9256818215976704067e+01,3.8637112927641247169e-03
2.9360565443692934195e+01,3.8244303994730368713e-03
2.9464312671409164324e+01,3.7831543966066680240e-03
2.9568059899125390899e+01,3.7399295145184099920e-03
2.9671807126841621027e+01,3.6948033772545205676e-03
2.9775554354557851156e+01,3.6478234150420438264e-03
2.9879301582274081284e+01,3.5990373820471233471e-03
2.9983048809990311412e+01,3.5484940538835405520e-03
3.0086796037706537987e+01,3.4962417633386333807e-03
3.0190543265422768116e+01,3.4423294794617828249e-03
3.0294290493138998244e+01,3.3868067031782799446e-03
3.0398037720855228372e+01,3.3297224635959635046e-03
3.0501784948571458500e+01,3.2711265662962786017e-03
3.0605532176287688628e+01,3.2110689119471524239e-03
3.0709279404003915204e+01,3.1495990094181302264e-03
3.0813026631720145332e+01,3.0867671153573831774e-03
3.0916773859436375460e+01,3.0226232650456081805e-03
3.1020521087152605588e+01,2.9572172126148149086e-03
3.1124268314868835716e+01,2.8905993095192346679e-03
3.1228015542585062292e+01,2.8228194957585070121e-03
3.1331762770301292420e+01,2.7539275151865889001e-03
3.1435509998017522548e+01,2.6839735077349847862e-03
3.1539257225733752676e+01,2.6130071043200075835e-03
3.1643004453449982805e+01,2.5410777743639996647e-03
3.1746751681166209380e+01,2.4682351867918199059e-03
3.1850498908882439508e+01,2.3945284569091840332e-03
3.1954246136598669636e+01,2.3200065249771553884e-03
3.2057993364314903317e+01,2.2447183618967535973e-03
3.2161740592031129893e+01,2.1687123684921774669e-03
3.2265487819747363574e+01,2.0920367202449346826e-03
3.2369235047463590149e+01,2.0147394860580728967e-03
3.2472982275179823830e+01,1.9368681628976153284e-03
3.2576729502896050406e+01,1.8584699491932862164e-03
3.2680476730612276981e+01,1.7795918254177210075e-03
3.2784223958328510662e+01,1.7002802065171720471e-03
3.2887971186044737237e+01,1.6205811263389979186e-03
3.2991718413760970918e+01,1.5405403051994860913e-03
3.3095465641477197494e+01,1.4602029098855116244e-03
3.3199212869193424069e+01,1.3796136470049116893e-03
3.3302960096909657750e+01,1.2988168187505061413e-03
3.3406707324625884326e+01,1.2178561893175596925e-03
3.3510454552342118006e+01,1.1367749996441954465e-03
3.3614201780058344582e+01,1.0556159902572388211e-03
3.3717949007774571157e+01,9.7442137897545968387e-04
3.3821696235490804838e+01,8.9323282484283931040e-04
3.3925443463207031414e+01,8.1209138010646141678e-04
3.4029190690923265095e+01,7.3103758218851530668e-04
3.4132937918639491670e+01,6.5011140921266883340e-04
3.4236685146355718246e+01,5.6935212049953175945e-04
3.4340432374071951926e+01,4.8879844935250315544e-04
3.4444179601788178502e+01,4.0848860116273133991e-04
3.4547926829504412183e+01,3.2845996780851249679e-04
3.4651674057220638758e+01,2.4874936607499945583e-04
3.4755421284936865334e+01,1.6939313452476621388e-04
3.4859168512653099015e+01,9.0426757247859826600e-05
3.4962915740369325590e+01,1.1885036651994916213e-05
3.5066662968085559271e+01,-6.6197654824333039200e-05
3.5170410195801785846e+01,-1.4378775529463123841e-04
3.5274157423518012422e+01,-2.2085255040928331504e-04
3.5377904651234246103e+01,-2.9735973487247523324e-04
3.5481651878950472678e+01,-3.7327768000024001954e-04
3.5585399106666706359e+01,-4.4857579182233859368e-04
3.5689146334382932935e+01,-5.2322392213261274211e-04
3.5792893562099159510e+01,-5.9719242461865737134e-04
3.5896640789815393191e+01,-6.7045279007357143700e-04
3.6000388017531619766e+01,-7.4297709597440368852e-04
3.6104135245247853447e+01,-8.1473778726028707377e-04
3.6207882472964080023e+01,-8.8570834162696426405e-04
3.6311629700680313704e+01,-9.5586310326064747537e-04
3.6415376928396540279e+01,-1.0251767272999618309e-03
3.6519124156112766855e+01,-1.0936246095145205244e-03
3.6622871383829000536e+01,-1.1611833278550229547e-03
3.6726618611545227111e+01,-1.2278298322583752235e-03
3.6830365839261460792e+01,-1.2935414972039256491e-03
3.6934113066977687367e+01,-1.3582969734985787802e-03
3.7037860294693913943e+01,-1.4220755423406622551e-03
3.7141607522410147624e+01,-1.4848567407782699984e-03
3.7245354750126374199e+01,-1.5466210724080105537e-03
3.7349101977842607880e+01,-1.6073501241794583942e-03
3.7452849205558834456e+01,-1.6670257366102807315e-03
3.7556596433275061031e+01,-1.7256302350604863990e-03
3.7660343660991294712e+01,-1.7831473160090074905e-03
3.7764090888707521287e+01,-1.8395611594314413301e-03
3.7867838116423754968e+01,-1.8948561581493858323e-03
3.7971585344139981544e+01,-1.9490177626530040544e-03
3.8075332571856208119e+01,-2.0020324566355825885e-03
3.8179079799572441800e+01,-2.0538869078545627864e-03
3.8282827027288668376e+01,-2.1045682341589567847e-03
3.8386574255004902056e+01,-2.1540649582447416073e-03
3.8490321482721128632e+01,-2.2023660541560141808e-03
3.8594068710437355207e+01,-2.2494606416173300138e-03
3.8697815938153588888e+01,-2.2953388121168113653e-03
3.8801563165869815464e+01,-2.3399917692960782618e-03
3.8905310393586049145e+01,-2.3834108683859159955e-03
3.9009057621302275720e+01,-2.4255877610741085650e-03
3.9112804849018502296e+01,-2.4665154681731580807e-03
3.9216552076734735977e+01,-2.5061875788865550091e-03
3.9320299304450962552e+01,-2.5445977553341632763e-03
3.9424046532167196233e+01,-2.5817403348880616290e-03
3.9527793759883422808e+01,-2.6176109533625276267e-03
3.9631540987599649384e+01,-2.6522054430080784990e-03
3.9735288215315883065e+01,-2.6855197443630025866e-03
3.9839035443032109640e+01,-2.7175508991591321335e-03
3.9942782670748343321e+01,-2.7482968427819365852e-03
4.0046529898464569897e+01,-2.7777555572272320458e-03
4.0150277126180796472e+01,-2.8059252800655188655e-03
4.0254024353897030153e+01,-2.8328055827568465568e-03
4.0357771581613256728e+01,-2.8583964992803558014e-03
4.0461518809329490409e+01,-2.8826980651618428798e-03
4.0565266037045716985e+01,-2.9057108325911541573e-03
4.0669013264761943560e+01,-2.9274366291440127689e-03
4.0772760492478177241e+01,-2.9478774588253993383e-03
4.0876507720194403817e+01,-2.9670353264768718239e-03
4.0980254947910637497e+01,-2.9849130350153431183e-03
4.1084002175626864073e+01,-3.0015144177465520256e-03
4.1187749403343097754e+01,-3.0168433397582722529e-03
4.1291496631059324329e+01,-3.0309036981150802234e-03
4.1395243858775550905e+01,-3.0437003957196951710e-03
4.1498991086491784586e+01,-3.0552390826563075379e-03
4.1602738314208011161e+01,-3.0655253727283190632e-03
4.1706485541924244842e+01,-3.0745649669658638332e-03
4.1810232769640471417e+01,-3.0823646779483742861e-03
4.1913979997356697993e+01,-3.0889318208103745851e-03
4.2017727225072931674e+01,-3.0942736423147276965e-03
4.2121474452789158249e+01,-3.0983975385678865985e-03
4.2225221680505391930e+01,-3.1013120339893306132e-03
4.2328968908221618506e+01,-3.1030259758703360694e-03
4.2432716135937845081e+01,-3.1035481253052559988e-03
4.2536463363654078762e+01,-3.1028874424786079267e-03
4.2640210591370305337e+01,-3.1010539754342471459e-03
4.2743957819086539018e+01,-3.0980579779267413028e-03
4.2847705046802765594e+01,-3.0939096044225915597e-03
4.2951452274518992169e+01,-3.0886192305642316824e-03
4.3055199502235225850e+01,-3.0821982548683065500e-03
4.3158946729951452426e+01,-3.0746582129712761097e-03
4.3262693957667686107e+01,-3.0660105299080155604e-03
4.3366441185383912682e+01,-3.0562668388840596306e-03
4.3470188413100139257e+01,-3.0454397282171697704e-03
4.3573935640816372938e+01,-3.0335418898919065331e-03
4.3677682868532599514e+01,-3.0205858953149013202e-03
4.3781430096248833195e+01,-3.0065844778151425663e-03
4.3885177323965059770e+01,-2.9915512609100009152e-03
4.3988924551681286346e+01,-2.9754999666386440678e-03
4.4092671779397520027e+01,-2.9584441878919348276e-03
4.4196419007113746602e+01,-2.9403976091400612844e-03
4.4300166234829980283e+01,-2.9213747350693504597e-03
4.4403913462546206858e+01,-2.9013901912361647097e-03
4.4507660690262433434e+01,-2.8804584668329531738e-03
4.4611407917978667115e+01,-2.8585940630500321011e-03
4.4715155145694893690e+01,-2.8358122091675604971e-03
4.4818902373411127371e+01,-2.8121283075500515085e-03
4.4922649601127353947e+01,-2.7875576187362332246e-03
4.5026396828843580522e+01,-2.7621153424558955551e-03
4.5130144056559814203e+01,-2.7358172760451639205e-03
4.5233891284276040778e+01,-2.7086794701864807568e-03
4.5337638511992274459e+01,-2.6807178325560748582e-03
4.5441385739708501035e+01,-2.6519481566758726886e-03
4.5545132967424727610e+01,-2.6223866598979917071e-03
4.5648880195140961291e+01,-2.5920499076539146172e-03
4.5752627422857187867e+01,-2.5609543317971382101e-03
4.5856374650573421548e+01,-2.5291162215138013152e-03
4.5960121878289648123e+01,-2.4965520878376594276e-03
4.6063869106005881804e+01,-2.4632788679691494139e-03
4.6167616333722108379e+01,-2.4293133967208512675e-03
4.6271363561438334955e+01,-2.3946723579695151744e-03
4.6375110789154568636e+01,-2.3593724669246311093e-03
4.6478858016870795211e+01,-2.3234308762534292177e-03
4.6582605244587028892e+01,-2.2868647047350745480e-03
4.6686352472303255468e+01,-2.2496909189821463933e-03
4.6790099700019482043e+01,-2.2119263931677239816e-03
4.6893846927735715724e+01,-2.1735883295456973237e-03
4.6997594155451942299e+01,-2.1346940129191027680e-03
4.7101341383168175980e+01,-2.0952605774353467646e-03
4.7205088610884402556e+01,-2.0553050148757212069e-03
4.7308835838600629131e+01,-2.0148444500470252642e-03
4.7412583066316862812e+01,-1.9738962027217180420e-03
4.7516330294033089388e+01,-1.9324774624327990206e-03
4.7620077521749323068e+01,-1.8906052689180285337e-03
4.7723824749465549644e+01,-1.8482966142906208980e-03
4.7827571977181776219e+01,-1.8055687032625695066e-03
4.7931319204898009900e+01,-1.7624386721439839858e-03
4.8035066432614236476e+01,-1.7189235091994148601e-03
4.8138813660330470157e+01,-1.6750400722790393434e-03
4.8242560888046696732e+01,-1.6308053063295499790e-03
4.8346308115762923308e+01,-1.5862361854803428730e-03
4.8450055343479156988e+01,-1.5413495427488474020e-03
4.8553802571195383564e+01,-1.4961620674156744879e-03
4.8657549798911617245e+01,-1.4506903830769812998e-03
4.8761297026627843820e+01,-1.4049511760926046769e-03
4.8865044254344070396e+01,-1.3589610247633015453e-03
4.8968791482060304077e+01,-1.3127363668960399194e-03
4.9072538709776530652e+01,-1.2662935095471004095e-03
4.9176285937492764333e+01,-1.2196487350715921796e-03
4.9280033165208990908e+01,-1.1728182704308454196e-03
4.9383780392925217484e+01,-1.1258182080533612156e-03
4.9487527620641451165e+01,-1.0786645054253842825e-03
4.9591274848357677740e+01,-1.0313730062034419822e-03
4.9695022076073911421e+01,-9.8395948654875458987e-04
4.9798769303790137997e+01,-9.3643960446002777725e-04
4.9902516531506364572e+01,-8.8882888772417133465e-04
5.0006263759222598253e+01,-8.4114273517788430007e-04
5.0110010986938824828e+01,-7.9339641568108116784e-04
5.0213758214655058509e+01,-7.4560506921222675751e-04
5.0317505442371285085e+01,-6.9778371074611191850e-04
5.0421252670087511660e+01,-6.4994723167772475072e-04
5.0524999897803745341e+01,-6.0211039159156949391e-04
5.0628747125519971917e+01,-5.5428776271599549189e-04
5.0732494353236205598e+01,-5.0649376977120804267e-04
5.0836241580952432173e+01,-4.5874271961858894067e-04
5.0939988808668665854e+01,-4.1104880250056384343e-04
5.1043736036384892429e+01,-3.6342604627210336327e-04
5.1147483264101119005e+01,-3.1588823569016666500e-04
5.1251230491817352686e+01,-2.6844902186575207888e-04
5.1354977719533579261e+01,-2.2112194559807473544e-04
5.1458724947249812942e+01,-1.7392043564392256280e-04
5.1562472174966039518e+01,-1.2685769539511046792e-04
5.1666219402682266093e+01,-7.9946665968048540073e-05
5.1769966630398499774e+01,-3.3200173893645916251e-05
5.1873713858114726349e+01,1.3369056909228232077e-05
5.1977461085830960030e+01,5.9748418004300489243e-05
5.2081208313547186606e+01,1.0592560263733955298e-04
5.2184955541263413181e+01,1.5188855336879713491e-04
5.2288702768979646862e+01,1.9762531216411437446e-04
5.2392449996695873438e+01,2.4312401570564760997e-04
5.2496197224412107118e+01,2.8837292987617888776e-04
5.2599944452128333694e+01,3.3336069209029272915e-04
5.2703691679844560269e+01,3.7807616127788170506e-04
5.2807438907560793950e+01,4.2250828471509231004e-04
5.2911186135277020526e+01,4.6664609636592839764e-04
5.3014933362993254207e+01,5.1047878014313398647e-04
5.3118680590709480782e+01,5.5399594521600794596e-04
5.3222427818425707358e+01,5.9718739453984415449e-04
5.3326175046141941039e+01,6.4004301049774153538e-04
5.3429922273858167614e+01,6.8255275405607409873e-04
5.3533669501574401295e+01,7.2470675634800558497e-04
5.3637416729290627870e+01,7.6649561235787074930e-04
5.3741163957006854446e+01,8.0791009131880896828e-04
5.3844911184723088127e+01,8.4894103360697991279e-04
5.3948658412439314702e+01,8.8957935005735825143e-04
5.4052405640155548383e+01,9.2981613248118637031e-04
5.4156152867871774959e+01,9.6964296632928443764e-04
5.4259900095588001534e+01,1.0090516031136275744e-03
5.4363647323304235215e+01,1.0480338573116332237e-03
5.4467394551020461790e+01,1.0865816057664817729e-03
5.4571141778736695471e+01,1.1246869009846911097e-03
5.4674889006452922047e+01,1.1623423144437627138e-03
5.4778636234169148622e+01,1.1995405893373228910e-03
5.4882383461885382303e+01,1.2362745237307827973e-03
5.4986130689601608879e+01,1.2725369700436704994e-03
5.5089877917317842559e+01,1.3083209331663924347e-03
5.5193625145034069135e+01,1.3436199543202396924e-03
5.5297372372750295710e+01,1.3784277712573440085e-03
5.5401119600466529391e+01,1.4127381686768018809e-03
5.5504866828182755967e+01,1.4465449777471574549e-03
5.5608614055898989648e+01,1.4798421454710146677e-03
5.5712361283615216223e+01,1.5126241513118612175e-03
5.5816108511331449904e+01,1.5448857235119783753e-03
5.5919855739047676479e+01,1.5766216302129311584e-03
5.6023602966763903055e+01,1.6078266783107286828e-03
5.6127350194480136736e+01,1.6384957500988964196e-03
5.6231097422196363311e+01,1.6686242162288059728e-03
5.6334844649912596992e+01,1.6982077820173315050e-03
5.6438591877628823568e+01,1.7272421898476225752e-03
5.6542339105345050143e+01,1.7557232133513412005e-03
5.6646086333061283824e+01,1.7836466687101758342e-03
5.6749833560777510399e+01,1.8110087620648368176e-03
5.6853580788493744080e+01,1.8378061469100197278e-03
5.6957328016209970656e+01,1.8640355249096892797e-03
5.7061075243926197231e+01,1.8896936217156720152e-03
5.7164822471642430912e+01,1.9147771875053941262e-03
5.7268569699358657488e+01,1.9392832178071594401e-03
5.7372316927074891169e+01,1.9632092583570935791e-03
5.7476064154791117744e+01,1.9865529496507533698e-03
5.7579811382507344319e+01,2.0093119491891072576e-03
5.7683558610223578000e+01,2.0314839313256075060e-03
5.7787305837939804576e+01,2.0530666762247663792e-03
5.7891053065656038257e+01,2.0740585217153884902e-03
5.7994800293372264832e+01,2.0944580211071993185e-03
5.8098547521088491408e+01,2.1142637384127167290e-03
5.8202294748804725089e+01,2.1334742478832089720e-03
5.8306041976520951664e+01,2.1520881508862417866e-03
5.8409789204237185345e+01,2.1701044567416804577e-03
5.8513536431953411920e+01,2.1875225838370025190e-03
5.8617283659669638496e+01,2.2043419725005825201e-03
5.8721030887385872177e+01,2.2205620670160664508e-03
5.8824778115102098752e+01,2.2361823156526261860e-03
5.8928525342818332433e+01,2.2512023434342509805e-03
5.9032272570534559009e+01,2.2656223254112622945e-03
5.9136019798250785584e+01,2.2794425435010276168e-03
5.9239767025967019265e+01,2.2926632776460163267e-03
5.9343514253683245840e+01,2.3052848058310601922e-03
5.9447261481399479521e+01,2.3173074347031192080e-03
5.9551008709115706097e+01,2.3287319120731011894e-03
5.9654755936831932672e+01,2.3395593142950948939e-03
5.9758503164548166353e+01,2.3497907184292922238e-03
5.9862250392264392929e+01,2.3594271940692722496e-03
5.9965997619980626610e+01,2.3684698034886044263e-03
6.0069744847696853185e+01,2.3769197713360955965e-03
6.0173492075413079760e+01,2.3847788398240685193e-03
6.0277239303129313441e+01,2.3920488407778404960e-03
6.0380986530845540017e+01,2.3987315934328825619e-03
6.0484733758561773698e+01,2.4048289045427969149e-03
6.0588480986278000273e+01,2.4103425855315969463e-03
6.0692228213994233954e+01,2.4152748107449085145e-03
6.0795975441710460530e+01,2.4196281056533962446e-03
6.0899722669426687105e+01,2.4234049937393812441e-03
6.1003469897142920786e+01,2.4266079813186672808e-03
6.1107217124859147361e+01,2.4292395576862653613e-03
6.1210964352575381042e+01,2.4313022797548089309e-03
6.1314711580291607618e+01,2.4327991734264561678e-03
6.1418458808007834193e+01,2.4337334177660795327e-03
6.1522206035724067874e+01,2.4341081706128662142e-03
6.1625953263440294450e+01,2.4339265685411259552e-03
6.1729700491156528130e+01,2.4331917279206724362e-03
6.1833447718872754706e+01,2.4319069432064228595e-03
6.1937194946588981281e+01,2.4300759362700392191e-03
6.2040942174305214962e+01,2.4277024657820261283e-03
6.2144689402021441538e+01,2.4247902653132904528e-03
6.2248436629737675219e+01,2.4213430435443099309e-03
6.2352183857453901794e+01,2.4173644951422622318e-03
6.2455931085170128370e+01,2.4128585943406994155e-03
6.2559678312886362050e+01,2.4078296295489804400e-03
6.2663425540602588626e+01,2.4022818787972680631e-03
6.2767172768318822307e+01,2.3962195918312686679e-03
6.2870919996035048882e+01,2.3896469903456102508e-03
6.2974667223751275458e+01,2.3825682987901868753e-03
6.3078414451467509139e+01,2.3749880752035839974e-03
6.3182161679183735714e+01,2.3669110835853003280e-03
6.3285908906899969395e+01,2.3583420607636669183e-03
6.3389656134616195970e+01,2.3492857125567315028e-03
6.3493403362332422546e+01,2.3397467140256083575e-03
6.3597150590048656227e+01,2.3297297621119469023e-03
6.3700897817764882802e+01,2.3192398958733367355e-03
6.3804645045481116483e+01,2.3082822831217144829e-03
6.3908392273197343059e+01,2.2968620587667013498e-03
6.4012139500913576740e+01,2.2849843244284410299e-03
6.4115886728629803315e+01,2.2726541487069363418e-03
6.4219633956346029890e+01,2.2598766341933827773e-03
6.4323381184062256466e+01,2.2466572058905598039e-03
6.4427128411778497252e+01,2.2330013716292725773e-03
6.4530875639494723828e+01,2.2189146038979782813e-03
6.4634622867210950403e+01,2.2044023400488235720e-03
6.4738370094927176979e+01,2.1894699825791880295e-03
6.4842117322643403554e+01,2.1741229676124598953e-03
6.4945864550359644340e+01,2.1583670218046570495e-03
6.5049611778075870916e+01,2.1422079321362138410e-03
6.5153359005792097491e+01,2.1256514487446300996e-03
6.5257106233508324067e+01,2.1087032852006152607e-03
6.5360853461224550642e+01,2.0913691187982941591e-03
6.5464600688940791429e+01,2.0736546478660206755e-03
6.5568347916657018004e+01,2.0555658246833295212e-03
6.5672095144373244580e+01,2.0371086558839033263e-03
6.5775842372089471155e+01,2.0182891102425021268e-03
6.5879589599805697731e+01,1.9991131189353605370e-03
6.5983336827521938517e+01,1.9795865758357729207e-03
6.6087084055238165092e+01,1.9597153761087694572e-03
6.6190831282954391668e+01,1.9395056266398133949e-03
6.6294578510670618243e+01,1.9189634953661733035e-03
6.6398325738386844819e+01,1.8980951119368738664e-03
6.6502072966103085605e+01,1.8769065677504510534e-03
6.6605820193819312180e+01,1.8554039162528722286e-03
6.6709567421535538756e+01,1.8335931925173884309e-03
6.6813314649251765331e+01,1.8114805912746898778e-03
6.6917061876967991907e+01,1.7890723842221838581e-03
6.7020809104684232693e+01,1.7663748056839312719e-03
6.7124556332400459269e+01,1.7433940514410993169e-03
6.7228303560116685844e+01,1.7201362790293392782e-03
6.7332050787832912420e+01,1.6966076140576150186e-03
6.7435798015549138995e+01,1.6728142794950621921e-03
6.7539545243265379781e+01,1.6487625931250072392e-03
6.7643292470981606357e+01,1.6244588396087764493e-03
6.7747039698697832932e+01,1.5999092651105815445e-03
6.7850786926414059508e+01,1.5751200775918562831e-03
6.7954534154130286083e+01,1.5500974476810825894e-03
6.8058281381846526870e+01,1.5248475795491900700e-03
6.8162028609562753445e+01,1.4993767783133004918e-03
6.8265775837278980021e+01,1.4736913267746835476e-03
6.8369523064995206596e+01,1.4477974695993058550e-03
6.8473270292711433171e+01,1.4217014136067274675e-03
6.8577017520427673958e+01,1.3954093280563806875e-03
6.8680764748143900533e+01,1.3689273683311759238e-03
6.8784511975860127109e+01,1.3422617677827624726e-03
6.8888259203576353684e+01,1.3154187575450538693e-03
6.8992006431292580260e+01,1.2884045312811078041e-03
6.9095753659008821046e+01,1.2612252454548545082e-03
6.9199500886725047621e+01,1.2338870196099665632e-03
6.9303248114441274197e+01,1.2063959400896769741e-03
6.9406995342157500772e+01,1.1787581194031065621e-03
6.9510742569873727348e+01,1.1509796880417738369e-03
6.9614489797589968134e+01,1.1230667417753089667e-03
6.9718237025306194710e+01,1.0950253400890616346e-03
6.9821984253022421285e+01,1.0668615064536512635e-03
6.9925731480738647861e+01,1.0385812286093560643e-03
7.0029478708454874436e+01,1.0101904753437561130e-03
7.0133225936171115222e+01,9.8169522740837737891e-04
7.0236973163887341798e+01,9.5310143861850494130e-04
7.0340720391603568373e+01,9.2441502766371088599e-04
7.0444467619319794949e+01,8.9564187836652260893e-04
7.0548214847036021524e+01,8.6678783993879749033e-04
7.0651962074752262311e+01,8.3785872814842678093e-04
7.0755709302468488886e+01,8.0886033773583257758e-04
7.0859456530184715461e+01,7.7979843928578640704e-04
7.0963203757900942037e+01,7.5067876987288577675e-04
7.1066950985617168612e+01,7.2150703307060888927e-04
7.1170698213333409399e+01,6.9228889919548976511e-04
7.1274445441049635974e+01,6.6303000554882268562e-04
7.1378192668765862550e+01,6.3373595245604151614e-04
7.1481939896482089125e+01,6.0441229309937650159e-04
7.1585687124198315701e+01,5.7506454528564651934e-04
7.1689434351914556487e+01,5.4569819488071600808e-04
7.1793181579630783062e+01,5.1631869604029862527e-04
7.1896928807347009638e+01,4.8693147143872135768e-04
7.2000676035063236213e+01,4.5754191169784000056e-04
7.2104423262779462789e+01,4.2815534844874468057e-04
7.2208170490495703575e+01,3.9877704805301128444e-04
7.2311917718211930151e+01,3.6941224449673948403e-04
7.2415664945928156726e+01,3.4006614177186869239e-04
7.2519412173644383302e+01,3.1074391409074422158e-04
7.2623159401360624088e+01,2.8145070609882023903e-04
7.2726906629076850663e+01,2.5219162630313156099e-04
7.2830653856793077239e+01,2.2297169011223008780e-04
7.2934401084509303814e+01,1.9379584923272865108e-04
7.3038148312225530390e+01,1.6466902687167948795e-04
7.3141895539941771176e+01,1.3559611830307914605e-04
7.3245642767657997751e+01,1.0658199106571066028e-04
7.3349389995374224327e+01,7.7631485159266523546e-05
7.3453137223090450902e+01,4.8749391358408398329e-05
7.3556884450806677478e+01,1.9940377506256383374e-05
7.3660631678522918264e+01,-8.7909411196430002383e-06
7.3764378906239144840e+01,-3.7439975207398421637e-05
7.3868126133955371415e+01,-6.6002161227746549213e-05
7.3971873361671597991e+01,-9.4472961253232637488e-05
7.4075620589387824566e+01,-1.2284786287425355990e-04
7.4179367817104065352e+01,-1.5112242354645898058e-04
7.4283115044820291928e+01,-1.7929234099409865704e-04
7.4386862272536518503e+01,-2.0735335536971967246e-04
7.4490609500252745079e+01,-2.3530123055757407925e-04
7.4594356727968971654e+01,-2.6313175400859004690e-04
7.4698103955685212441e+01,-2.9084073657671867270e-04
7.4801851183401439016e+01,-3.1842401297016876150e-04
7.4905598411117665592e+01,-3.4587750847171121020e-04
7.5009345638833892167e+01,-3.7319729839567906786e-04
7.5113092866550118742e+01,-4.0037949390117475628e-04
7.5216840094266359529e+01,-4.2742022760294964097e-04
7.5320587321982586104e+01,-4.5431565342362364296e-04
7.5424334549698812680e+01,-4.8106194644716062780e-04
7.5528081777415039255e+01,-5.0765530390551899965e-04
7.5631829005131265831e+01,-5.3409202752573170254e-04
7.5735576232847506617e+01,-5.6036857874271650982e-04
7.5839323460563733192e+01,-5.8648145158066036873e-04
7.5943070688279959768e+01,-6.1242715922207402544e-04
7.6046817915996186343e+01,-6.3820223387709253734e-04
7.6150565143712412919e+01,-6.6380322665386367383e-04
7.6254312371428653705e+01,-6.8922670843535858466e-04
7.6358059599144880281e+01,-7.1446935717492279609e-04
7.6461806826861106856e+01,-7.3952802498965599948e-04
7.6565554054577333432e+01,-7.6439959699977223350e-04
7.6669301282293560007e+01,-7.8908097518543538797e-04
7.6773048510009800793e+01,-8.1356907827284457527e-04
7.6876795737726027369e+01,-8.3786084162122383481e-04
7.6980542965442253944e+01,-8.6195321746295014594e-04
7.7084290193158480520e+01,-8.8584325341994017960e-04
7.7188037420874707095e+01,-9.0952819118638925360e-04
7.7291784648590947882e+01,-9.3300531169235149682e-04
7.7395531876307174457e+01,-9.5627191044731667865e-04
7.7499279104023401032e+01,-9.7932529744264285552e-04
7.7603026331739627608e+01,-1.0021627970547395022e-03
7.7706773559455854183e+01,-1.0247817479518324130e-03
7.7810520787172094970e+01,-1.0471795587811748383e-03
7.7914268014888321545e+01,-1.0693538507207105571e-03
7.8018015242604548121e+01,-1.0913023018359921217e-03
7.8121762470320774696e+01,-1.1130226025268669110e-03
7.8225509698037001272e+01,-1.1345124554456873043e-03
7.8329256925753242058e+01,-1.1557695754161715924e-03
7.8433004153469468633e+01,-1.1767916893528935097e-03
7.8536751381185695209e+01,-1.1975765640452698015e-03
7.8640498608901921784e+01,-1.2181221760563943745e-03
7.8744245836618148360e+01,-1.2384265983241265086e-03
7.8847993064334389146e+01,-1.2584879142739809326e-03
7.8951740292050615722e+01,-1.2783042174054307528e-03
7.9055487519766842297e+01,-1.2978736112258201264e-03
7.9159234747483068872e+01,-1.3171942091847734999e-03
7.9262981975199295448e+01,-1.3362641419766207659e-03
7.9366729202915536234e+01,-1.3550817073707960032e-03
7.9470476430631762810e+01,-1.3736453627741659032e-03
7.9574223658347989385e+01,-1.3919535797086448302e-03
7.9677970886064215961e+01,-1.4100048376569588454e-03
7.9781718113780442536e+01,-1.4277976240108848117e-03
7.9885465341496683322e+01,-1.4453304340198986754e-03
7.9989212569212909898e+01,-1.4626017709224654103e-03
8.0092959796929136473e+01,-1.4796102279641461675e-03
8.0196707024645363049e+01,-1.4963546172495644816e-03
8.0300454252361589624e+01,-1.5128337905792189465e-03
8.0404201480077830411e+01,-1.5290466056797956482e-03
8.0507948707794056986e+01,-1.5449919261659719391e-03
8.0611695935510283562e+01,-1.5606686215025422203e-03
8.0715443163226510137e+01,-1.5760755669668132569e-03
8.0819190390942736713e+01,-1.5912116634949945507e-03
8.0922937618658977499e+01,-1.6060760144342598951e-03
8.1026684846375204074e+01,-1.6206678400251979533e-03
8.1130432074091430650e+01,-1.6349863658118538468e-03
8.1234179301807657225e+01,-1.6490308212946183652e-03
8.1337926529523883801e+01,-1.6628004399049974970e-03
8.1441673757240124587e+01,-1.6762944589805751656e-03
8.1545420984956351163e+01,-1.6895121201974450977e-03
8.1649168212672577738e+01,-1.7024527629124069916e-03
8.1752915440388804313e+01,-1.7151159374592861093e-03
8.1856662668105030889e+01,-1.7275012242857110904e-03
8.1960409895821271675e+01,-1.7396082059636267057e-03
8.2064157123537498251e+01,-1.7514364671758599415e-03
8.2167904351253724826e+01,-1.7629855947027990581e-03
8.2271651578969951402e+01,-1.7742551774091654560e-03
8.2375398806686192188e+01,-1.7852448192536745156e-03
8.2479146034402418763e+01,-1.7959543056812793307e-03
8.2582893262118645339e+01,-1.8063835538783812578e-03
8.2686640489834871914e+01,-1.8165324844065778263e-03
8.2790387717551098490e+01,-1.8264010182256545586e-03
8.2894134945267339276e+01,-1.8359890766910917387e-03
8.2997882172983565852e+01,-1.8452965815515885283e-03
8.3101629400699792427e+01,-1.8543234549466154886e-03
8.3205376628416019003e+01,-1.8630696674631454842e-03
8.3309123856132245578e+01,-1.8715354025819203997e-03
8.3412871083848486364e+01,-1.8797209017205088969e-03
8.3516618311564712940e+01,-1.8876264050990130324e-03
8.3620365539280939515e+01,-1.8952521517453760781e-03
8.3724112766997166091e+01,-1.9025983795027724427e-03
8.3827859994713392666e+01,-1.9096653250369344940e-03
8.3931607222429633453e+01,-1.9164532245342696861e-03
8.4035354450145860028e+01,-1.9229624083144944771e-03
8.4139101677862086603e+01,-1.9291933966375715819e-03
8.4242848905578313179e+01,-1.9351467301489599579e-03
8.4346596133294539754e+01,-1.9408229468341174368e-03
8.4450343361010780541e+01,-1.9462225820348439884e-03
8.4554090588727007116e+01,-1.9513461684654974816e-03
8.4657837816443233692e+01,-1.9561942362290927859e-03
8.4761585044159460267e+01,-1.9607673169054909770e-03
8.4865332271875686843e+01,-1.9650660701269000684e-03
8.4969079499591927629e+01,-1.9690913074646913643e-03
8.5072826727308154204e+01,-1.9728438455627172327e-03
8.5176573955024380780e+01,-1.9763244970860622055e-03
8.5280321182740607355e+01,-1.9795340707452376006e-03
8.5384068410456833931e+01,-1.9824733713202130798e-03
8.5487815638173074717e+01,-1.9851431996842599896e-03
8.5591562865889301293e+01,-1.9875443609693411659e-03
8.5695310093605527868e+01,-1.9896778026841301264e-03
8.5799057321321754443e+01,-1.9915445942819769674e-03
8.5902804549037981019e+01,-1.9931458042271119752e-03
8.6006551776754221805e+01,-1.9944824958283350995e-03
8.6110299004470448381e+01,-1.9955557272700748771e-03
8.6214046232186674956e+01,-1.9963665516432149011e-03
8.6317793459902901532e+01,-1.9969160169757125579e-03
8.6421540687619128107e+01,-1.9972051759983224135e-03
8.6525287915335368893e+01,-1.9972352216336094512e-03
8.6629035143051595469e+01,-1.9970074526327202293e-03
8.6732782370767822044e+01,-1.9965231643910598403e-03
8.6836529598484048620e+01,-1.9957836461133872906e-03
8.6940276826200275195e+01,-1.9947901808507425593e-03
8.7044024053916515982e+01,-1.9935440455371251575e-03
8.7147771281632742557e+01,-1.9920465110259033721e-03
8.7251518509348969133e+01,-1.9902988498766080450e-03
8.7355265737065195708e+01,-1.9883024599236073966e-03
8.7459012964781422284e+01,-1.9860588418850076350e-03
8.7562760192497663070e+01,-1.9835694927209717928e-03
8.7666507420213889645e+01,-1.9808359023054679902e-03
8.7770254647930116221e+01,-1.9778595534681517321e-03
8.7874001875646342796e+01,-1.9746419220359467950e-03
8.7977749103362569372e+01,-1.9711844768743407540e-03
8.8081496331078810158e+01,-1.9674886837205362265e-03
8.8185243558795036733e+01,-1.9635561072769073913e-03
8.8288990786511263309e+01,-1.9593884222133613367e-03
8.8392738014227489884e+01,-1.9549873014382121092e-03
8.8496485241943716460e+01,-1.9503544100149614992e-03
8.8600232469659957246e+01,-1.9454914052082258446e-03
8.8703979697376183822e+01,-1.9403999365293477658e-03
8.8807726925092410397e+01,-1.9350816457816793874e-03
8.8911474152808636973e+01,-1.9295381678298790737e-03
8.9015221380524863548e+01,-1.9237712003453632473e-03
8.9118968608241104334e+01,-1.9177825613719435421e-03
8.9222715835957330910e+01,-1.9115740741182626113e-03
8.9326463063673557485e+01,-1.9051475533227800029e-03
8.9430210291389784061e+01,-1.8985048053029056001e-03
8.9533957519106010636e+01,-1.8916476280037852493e-03
8.9637704746822251423e+01,-1.8845778110467576588e-03
8.9741451974538477998e+01,-1.8772971357774743267e-03
8.9845199202254704574e+01,-1.8698074080434144012e-03
8.9948946429970931149e+01,-1.8621105534347792785e-03
9.0052693657687157724e+01,-1.8542085199908875728e-03
9.0156440885403398511e+01,-1.8461032467842555544e-03
9.0260188113119625086e+01,-1.8377966639721364343e-03
9.0363935340835851662e+01,-1.8292906928476942736e-03
9.0467682568552078237e+01,-1.8205872458908305134e-03
9.0571429796268304813e+01,-1.8116882268186626937e-03
9.0675177023984545599e+01,-1.8025955388609423476e-03
9.0778924251700772174e+01,-1.7933111740216984339e-03
9.0882671479416998750e+01,-1.7838371789689487414e-03
9.0986418707133225325e+01,-1.7741755921405284648e-03
9.1090165934849451901e+01,-1.7643284426875512332e-03
9.1193913162565692687e+01,-1.7542977505272310066e-03
9.1297660390281919263e+01,-1.7440855263953557262e-03
9.1401407617998145838e+01,-1.7336937718983838792e-03
9.1505154845714372414e+01,-1.7231244798860099760e-03
9.1608902073430598989e+01,-1.7123796795607082542e-03
9.1712649301146839775e+01,-1.7014614827726246438e-03
9.1816396528863066351e+01,-1.6903720029144159859e-03
9.1920143756579292926e+01,-1.6791133438374694371e-03
9.2023890984295519502e+01,-1.6676875999056925588e-03
9.2127638212011760288e+01,-1.6560968560489284888e-03
9.2231385439727986864e+01,-1.6443431878160241679e-03
9.2335132667444213439e+01,-1.6324286614275223487e-03
9.2438879895160440014e+01,-1.6203553419426796559e-03
9.2542627122876666590e+01,-1.6081253613965103364e-03
9.2646374350592907376e+01,-1.5957408840295411994e-03
9.2750121578309133952e+01,-1.5832040648271952094e-03
9.2853868806025360527e+01,-1.5705170491436837039e-03
9.2957616033741587103e+01,-1.5576819727557533312e-03
9.3061363261457813678e+01,-1.5447009619160749841e-03
9.3165110489174054464e+01,-1.5315761334062680081e-03
9.3268857716890281040e+01,-1.5183095946346963218e-03
9.3372604944606507615e+01,-1.5049034691137659885e-03
9.3476352172322734191e+01,-1.4913599387808452058e-03
9.3580099400038960766e+01,-1.4776811870737165469e-03
9.3683846627755201553e+01,-1.4638693877582437206e-03
9.3787593855471428128e+01,-1.4499267049818734786e-03
9.3891341083187654704e+01,-1.4358552933267636903e-03
9.3995088310903881279e+01,-1.4216572978625811700e-03
9.4098835538620107855e+01,-1.4073348541989375970e-03
9.4202582766336348641e+01,-1.3928900899247108336e-03
9.4306329994052575216e+01,-1.3783251611400673415e-03
9.4410077221768801792e+01,-1.3636422559649065845e-03
9.4513824449485028367e+01,-1.3488435550284302942e-03
9.4617571677201254943e+01,-1.3339312293956877807e-03
9.4721318904917495729e+01,-1.3189074406199502703e-03
9.4825066132633722304e+01,-1.3037743407947532601e-03
9.4928813360349948880e+01,-1.2885340726055780503e-03
9.5032560588066175455e+01,-1.2731887693812112688e-03
9.5136307815782402031e+01,-1.2577405588040961246e-03
9.5240055043498642817e+01,-1.2421915959548281497e-03
9.5343802271214869393e+01,-1.2265440476675881776e-03
9.5447549498931095968e+01,-1.2108000716105405715e-03
9.5551296726647322544e+01,-1.1949618160808810671e-03
9.5655043954363549119e+01,-1.1790314200556539781e-03
9.5758791182079789905e+01,-1.1630110132422382882e-03
9.5862538409796016481e+01,-1.1469027161285158534e-03
9.5966285637512243056e+01,-1.1307086400326954792e-03
9.6070032865228469632e+01,-1.1144308916503236923e-03
9.6173780092944696207e+01,-1.0980715954426521590e-03
9.6277527320660936994e+01,-1.0816328766391309843e-03
9.6381274548377163569e+01,-1.0651168513346215717e-03
9.6485021776093390145e+01,-1.0485256265225038202e-03
9.6588769003809616720e+01,-1.0318613001435660535e-03
9.6692516231525843295e+01,-1.0151259611345686031e-03
9.6796263459242084082e+01,-9.9832168947649449139e-04
9.6900010686958310657e+01,-9.8145055624250022476e-04
9.7003757914674537233e+01,-9.6451462666585535861e-04
9.7107505142390763808e+01,-9.4751597155082103313e-04
9.7211252370106990384e+01,-9.3045665714634978420e-04
9.7314999597823231170e+01,-9.1333874089083357667e-04
9.7418746825539457745e+01,-8.9616427145830057470e-04
9.7522494053255684321e+01,-8.7893528880501881322e-04
9.7626241280971910896e+01,-8.6165382421582675885e-04
9.7729988508688137472e+01,-8.4432190035015910155e-04
9.7833735736404378258e+01,-8.2694153128777742653e-04
9.7937482964120604834e+01,-8.0951472301131108776e-04
9.8041230191836831409e+01,-7.9204347517439926442e-04
9.8144977419553057985e+01,-7.7452977964271403286e-04
9.8248724647269284560e+01,-7.5697561986875811120e-04
9.8352471874985525346e+01,-7.3938297093604262843e-04
9.8456219102701751922e+01,-7.2175379960318954142e-04
9.8559966330417978497e+01,-7.0409006434773470373e-04
9.8663713558134205073e+01,-6.8639371540967332799e-04
9.8767460785850431648e+01,-6.6866669483472301362e-04
9.8871208013566672435e+01,-6.5091093515627423613e-04
9.8974955241282899010e+01,-6.3312835166758258711e-04
9.9078702468999125585e+01,-6.1532084787951414097e-04
9.9182449696715352161e+01,-5.9749031932677899512e-04
9.9286196924431578736e+01,-5.7963865362127520945e-04
9.9389944152147819523e+01,-5.6176773049343669934e-04
9.9493691379864046098e+01,-5.4387942183333566528e-04
9.9597438607580272674e+01,-5.2597559173150312990e-04
9.9701185835296499249e+01,-5.0805809651951810632e-04
9.9804933063012725825e+01,-4.9012878348348657819e-04
9.9908680290728966611e+01,-4.7218947541946467567e-04
1.0001242751844519319e+02,-4.5424197601383233935e-04
1.0011617474616141976e+02,-4.3628808124989587082e-04
1.0021992197387764634e+02,-4.1832957967418668869e-04
1.0032366920159387291e+02,-4.0036825243491272128e-04
1.0042741642931011370e+02,-3.8240587332017051585e-04
1.0053116365702634027e+02,-3.6444420879593243017e-04
1.0063491088474256685e+02,-3.4648501804377480808e-04
1.0073865811245879343e+02,-3.2853061701123469421e-04
1.0084240534017502000e+02,-3.1061012548736963677e-04
1.0094615256789126079e+02,-2.9279047702941745279e-04
1.0104989979560748736e+02,-2.7514120471410337615e-04
1.0115364702332371394e+02,-2.5773155635452254034e-04
1.0125739425103994051e+02,-2.4063049596154053190e-04
1.0136114147875616709e+02,-2.2390670519620528458e-04
1.0146488870647240788e+02,-2.0762858481325078891e-04
1.0156863593418863445e+02,-1.9186425609576303612e-04
1.0167238316190486103e+02,-1.7668156228086668116e-04
1.0177613038962108760e+02,-1.6213095778263517934e-04
1.0187987761733732839e+02,-1.4819475691332854818e-04
1.0198362484505355496e+02,-1.3483848987102332916e-04
1.0208737207276978154e+02,-1.2202782697479897206e-04
1.0219111930048600811e+02,-1.0972857795347234285e-04
1.0229486652820223469e+02,-9.7906691238650392101e-05
1.0239861375591847548e+02,-8.6528253262080844724e-05
1.0250236098363470205e+02,-7.5559487757278007277e-05
1.0260610821135092863e+02,-6.4966755065369455671e-05
1.0270985543906715520e+02,-5.4721778609926539612e-05
1.0281360266678338178e+02,-4.4893756978387733508e-05
1.0291734989449962256e+02,-3.5637709775745052450e-05
1.0302109712221584914e+02,-2.7111002815318790873e-05
1.0312484434993207572e+02,-1.9470368648209210099e-05
1.0322859157764830229e+02,-1.2871909745520838486e-05
1.0333233880536452887e+02,-7.4711016614102471938e-06
1.0343608603308076965e+02,-3.4227961770993714433e-06
1.0353983326079699623e+02,-8.8122442598942427775e-07
1.0364358048851322280e+02,0.0000000000000000000e+00
