1.0000000000000000479e-04,-4.3118016361286987115e-01
1.0384722771622945103e-01,-3.5274442576183262510e-01
2.0759445543245888532e-01,-3.1596513434566175782e-01
3.1134168314868831962e-01,-2.8188014025579916089e-01
4.1508891086491778166e-01,-2.5031962623207149043e-01
5.1883613858114718820e-01,-2.2112978138737793277e-01
6.2258336629737665024e-01,-1.9416615324183195135e-01
7.2633059401360611229e-01,-1.6929235705897938136e-01
8.3007782172983557434e-01,-1.4637947164231379649e-01
9.3382504944606503638e-01,-1.2530560142835445170e-01
1.0375722771622943874e+00,-1.0595550017076857396e-01
1.1413195048785238495e+00,-8.8220227095534300976e-02
1.2450667325947533115e+00,-7.1996825358174615372e-02
1.3488139603109827735e+00,-5.7188018452552280557e-02
1.4525611880272122356e+00,-4.3701922411045548977e-02
1.5563084157434416976e+00,-3.1451772194420718476e-02
1.6600556434596711597e+00,-2.0355661751706246448e-02
1.7638028711759006217e+00,-1.0336296355409207298e-02
1.8675500988921300838e+00,-1.3207572327972871840e-03
1.9712973266083595458e+00,6.7597227891480439130e-03
2.0750445543245890079e+00,1.3969972664937949092e-02
2.1787917820408186920e+00,2.0371086180992720865e-02
2.2825390097570479320e+00,2.6020615350755307155e-02
2.3862862374732776161e+00,3.0972754458336200500e-02
2.4900334651895068561e+00,3.5278515023055075084e-02
2.5937806929057365402e+00,3.8985892485618747760e-02
2.6975279206219657802e+00,4.2140024586420028740e-02
2.8012751483381954642e+00,4.4783342265946754490e-02
2.9050223760544247043e+00,4.6955712934601427644e-02
3.0087696037706543883e+00,4.8694576938312618408e-02
3.1125168314868836283e+00,5.0035077213219224246e-02
3.2162640592031133124e+00,5.1010182358614139519e-02
3.3200112869193425524e+00,5.1650804237998920732e-02
3.4237585146355717924e+00,5.1985909014260853200e-02
3.5275057423518014765e+00,5.2042623111121795454e-02
3.6312529700680307165e+00,5.1846333855826876036e-02
3.7350001977842604006e+00,5.1420784986216341861e-02
3.8387474255004896406e+00,5.0788167407756892868e-02
3.9424946532167193247e+00,4.9969205425071681892e-02
4.0462418809329481206e+00,4.8983238600206847890e-02
4.1499891086491773606e+00,4.7848299388080176020e-02
4.2537363363654074888e+00,4.6581186946588033770e-02
4.3574835640816367288e+00,4.5197537267749242351e-02
4.4612307917978659688e+00,4.3711889332592124280e-02
4.5649780195140952088e+00,4.2137748445186654078e-02
4.6687252472303253370e+00,4.0487645747594988577e-02
4.7724724749465545770e+00,3.8773195057332884850e-02
4.8762197026627838170e+00,3.7005146584247229635e-02
4.9799669303790130570e+00,3.5193437839819742552e-02
5.0837141580952422970e+00,3.3347241954825267152e-02
5.1874613858114724252e+00,3.1475013427793401000e-02
5.2912086135277016652e+00,2.9584531455466848981e-02
5.3949558412439309052e+00,2.7682940979883736282e-02
5.4987030689601601452e+00,2.5776791554151735203e-02
5.6024502966763902734e+00,2.3872074131975989236e-02
5.7061975243926195134e+00,2.1974255885584052100e-02
5.8099447521088487534e+00,2.0088313151880064084e-02
5.9136919798250779934e+00,1.8218762586979204282e-02
6.0174392075413081216e+00,1.6369690611088762167e-02
6.1211864352575373616e+00,1.4544781264310659846e-02
6.2249336629737666016e+00,1.2747342554309697149e-02
6.3286808906899958416e+00,1.0980331381966241047e-02
6.4324281184062259697e+00,9.2463769103229530300e-03
6.5361753461224552098e+00,7.5478027033355011080e-03
6.6399225738386844498e+00,5.8866479198534452100e-03
6.7436698015549136898e+00,4.2646868482485575033e-03
6.8474170292711429298e+00,2.6834474114688106755e-03
6.9511642569873730579e+00,1.1442292458193402231e-03
7.0549114847036022979e+00,-3.5188048428143277107e-04
7.1586587124198315379e+00,-1.8039907371231464830e-03
7.2624059401360607779e+00,-3.2113925525509611283e-03
7.3661531678522909061e+00,-4.5735446840096437640e-03
7.4699003955685201461e+00,-5.8900611110678235960e-03
7.5736476232847493861e+00,-7.1606982014922890625e-03
7.6773948510009786261e+00,-8.3853439811810252802e-03
7.7811420787172087543e+00,-9.5640063857620992438e-03
7.8848893064334379943e+00,-1.0696804108654251256e-02
7.9886365341496672343e+00,-1.1783956314630085818e-02
8.0923837618658964743e+00,-1.2825773927663436033e-02
8.1961309895821266025e+00,-1.3822651650710600021e-02
8.2998782172983549543e+00,-1.4775059469940522369e-02
8.4036254450145850825e+00,-1.5683535640593621735e-02
8.5073726727308152107e+00,-1.6548680066448887699e-02
8.6111199004470435625e+00,-1.7371147434373828550e-02
8.7148671281632736907e+00,-1.8151641272431889157e-02
8.8186143558795020425e+00,-1.8890908636038310220e-02
8.9223615835957321707e+00,-1.9589734763610432838e-02
9.0261088113119622989e+00,-2.0248938064386892699e-02
9.1298560390281906507e+00,-2.0869365630581726556e-02
9.2336032667444207789e+00,-2.1451889086329448825e-02
9.3373504944606509071e+00,-2.1997400751604487268e-02
9.4410977221768792589e+00,-2.2506809898868031239e-02
9.5448449498931093871e+00,-2.2981039374349823690e-02
9.6485921776093377389e+00,-2.3421022496879068814e-02
9.7523394053255678671e+00,-2.3827700187206795474e-02
9.8560866330417979952e+00,-2.4202018315357735206e-02
9.9598338607580263471e+00,-2.4544925255166317318e-02
1.0063581088474256475e+01,-2.4857369639283241614e-02
1.0167328316190484827e+01,-2.5140298278348287286e-02
1.0271075543906714955e+01,-2.5394654261181856536e-02
1.0374822771622945083e+01,-2.5621375226145680359e-02
1.0478569999339173435e+01,-2.5821391784685409493e-02
1.0582317227055403563e+01,-2.5995626087778028745e-02
1.0686064454771633692e+01,-2.6144990526558671562e-02
1.0789811682487862043e+01,-2.6270386558795551235e-02
1.0893558910204092172e+01,-2.6372703653272232260e-02
1.0997306137920320523e+01,-2.6452818344526500549e-02
1.1101053365636550652e+01,-2.6511593390790576946e-02
1.1204800593352780780e+01,-2.6549877028326469147e-02
1.1308547821069009132e+01,-2.6568502315739043335e-02
1.1412295048785239260e+01,-2.6568286562179521670e-02
1.1516042276501469388e+01,-2.6550030833720299900e-02
1.1619789504217697740e+01,-2.6514519532493136672e-02
1.1723536731933927868e+01,-2.6462520043532489905e-02
1.1827283959650156220e+01,-2.6394782444674039223e-02
1.1931031187366386348e+01,-2.6312039277899320483e-02
1.2034778415082616476e+01,-2.6215005372021118329e-02
1.2138525642798844828e+01,-2.6104377711217142261e-02
1.2242272870515074956e+01,-2.5980835352318727011e-02
1.2346020098231303308e+01,-2.5845039385021677941e-02
1.2449767325947533436e+01,-2.5697632931715320981e-02
1.2553514553663763564e+01,-2.5539241183978766969e-02
1.2657261781379991916e+01,-2.5370471472999811535e-02
1.2761009009096222044e+01,-2.5191913371882528050e-02
1.2864756236812452173e+01,-2.5004138824819083231e-02
1.2968503464528680524e+01,-2.4807702290584543459e-02
1.3072250692244910653e+01,-2.4603140916125653542e-02
1.3175997919961139004e+01,-2.4390974735444537896e-02
1.3279745147677369133e+01,-2.4171706889185805983e-02
1.3383492375393599261e+01,-2.3945823859644631282e-02
1.3487239603109827613e+01,-2.3713795699011143425e-02
1.3590986830826057741e+01,-2.3476076287744302579e-02
1.3694734058542286093e+01,-2.3233103617082188908e-02
1.3798481286258516221e+01,-2.2985300081920331805e-02
1.3902228513974746349e+01,-2.2733072772053230376e-02
1.4005975741690974701e+01,-2.2476813717871340498e-02
1.4109722969407204829e+01,-2.2216900220909802099e-02
1.4213470197123434957e+01,-2.1953695194575260918e-02
1.4317217424839663309e+01,-2.1687547493589531822e-02
1.4420964652555893437e+01,-2.1418792153035860759e-02
1.4524711880272121789e+01,-2.1147750705701434670e-02
1.4628459107988351917e+01,-2.0874731585359025676e-02
1.4732206335704582045e+01,-2.0600030469115619691e-02
1.4835953563420810397e+01,-2.0323930468559656820e-02
1.4939700791137040525e+01,-2.0046702475262023757e-02
1.5043448018853268877e+01,-1.9768605606953110893e-02
1.5147195246569499005e+01,-1.9489887506086104457e-02
1.5250942474285729133e+01,-1.9210784453133792488e-02
1.5354689702001957485e+01,-1.8931521858845463263e-02
1.5458436929718187614e+01,-1.8652314674113511239e-02
1.5562184157434417742e+01,-1.8373367481285415859e-02
1.5665931385150646094e+01,-1.8094874795544429319e-02
1.5769678612866876222e+01,-1.7817021619909244323e-02
1.5873425840583104574e+01,-1.7539983586763785439e-02
1.5977173068299334702e+01,-1.7263927053961344166e-02
1.6080920296015563054e+01,-1.6989009755104811372e-02
1.6184667523731793182e+01,-1.6715380982350661054e-02
1.6288414751448023310e+01,-1.6443181548608239856e-02
1.6392161979164253438e+01,-1.6172544492578714431e-02
1.6495909206880483566e+01,-1.5903595249860215388e-02
1.6599656434596710142e+01,-1.5636451553985252633e-02
1.6703403662312940270e+01,-1.5371224199700389210e-02
1.6807150890029170398e+01,-1.5108017102789543865e-02
1.6910898117745400526e+01,-1.4846927247133351324e-02
1.7014645345461630654e+01,-1.4588045492626310409e-02
1.7118392573177857230e+01,-1.4331456405421395470e-02
1.7222139800894087358e+01,-1.4077238435376950368e-02
1.7325887028610317486e+01,-1.3825464639543118966e-02
1.7429634256326547614e+01,-1.3576202257439978077e-02
1.7533381484042777743e+01,-1.3329513315261406689e-02
1.7637128711759004318e+01,-1.3085454956736148474e-02
1.7740875939475234446e+01,-1.2844079059095216133e-02
1.7844623167191464574e+01,-1.2605433169080138001e-02
1.7948370394907694703e+01,-1.2369560172594716227e-02
1.8052117622623924831e+01,-1.2136498554499150493e-02
1.8155864850340154959e+01,-1.1906282996863451831e-02
1.8259612078056381534e+01,-1.1678943803836012300e-02
1.8363359305772611663e+01,-1.1454507864804539669e-02
1.8467106533488841791e+01,-1.1232998278477967363e-02
1.8570853761205071919e+01,-1.1014434637720310617e-02
1.8674600988921302047e+01,-1.0798833513760135866e-02
1.8778348216637528623e+01,-1.0586207921094988732e-02
1.8882095444353758751e+01,-1.0376568316440779038e-02
1.8985842672069988879e+01,-1.0169921938596551345e-02
1.9089589899786219007e+01,-9.9662735206258526444e-03
1.9193337127502449135e+01,-9.7656251877716281073e-03
1.9297084355218675711e+01,-9.5679764508345369750e-03
1.9400831582934905839e+01,-9.3733247995577279044e-03
1.9504578810651135967e+01,-9.1816651019781467258e-03
1.9608326038367366095e+01,-8.9929905776066111633e-03
1.9712073266083596224e+01,-8.8072920370041597043e-03
1.9815820493799822799e+01,-8.6245587710169838158e-03
1.9919567721516052927e+01,-8.4447780441968909454e-03
2.0023314949232283055e+01,-8.2679355923131574169e-03
2.0127062176948513184e+01,-8.0940155501539306354e-03
2.0230809404664743312e+01,-7.9230004919062062274e-03
2.0334556632380969887e+01,-7.7548717748971143435e-03
2.0438303860097200015e+01,-7.5896092003199357515e-03
2.0542051087813430144e+01,-7.4271916599900180203e-03
2.0645798315529660272e+01,-7.2675965494511662879e-03
2.0749545543245890400e+01,-7.1108005817836356099e-03
2.0853292770962120528e+01,-6.9567790840385605733e-03
2.0957039998678347104e+01,-6.8055068608654286505e-03
2.1060787226394577232e+01,-6.6569574741542850843e-03
2.1164534454110807360e+01,-6.5111040786117596602e-03
2.1268281681827037488e+01,-6.3679187405492870128e-03
2.1372028909543267616e+01,-6.2273732115198194778e-03
2.1475776137259494192e+01,-6.0894383023969581373e-03
2.1579523364975724320e+01,-5.9540845937275004365e-03
2.1683270592691954448e+01,-5.8212818573028859981e-03
2.1787017820408184576e+01,-5.6909997178256699693e-03
2.1890765048124414704e+01,-5.5632071046706824125e-03
2.1994512275840641280e+01,-5.4378728837415225145e-03
2.2098259503556871408e+01,-5.3149653220365923253e-03
2.2202006731273101536e+01,-5.1944527051136328566e-03
2.2305753958989331664e+01,-5.0763028035615519185e-03
2.2409501186705561793e+01,-4.9604834822122032337e-03
2.2513248414421788368e+01,-4.8469621695003033482e-03
2.2616995642138018496e+01,-4.7357064500699423693e-03
2.2720742869854248625e+01,-4.6266835547795568534e-03
2.2824490097570478753e+01,-4.5198609100990877821e-03
2.2928237325286708881e+01,-4.4152056845605160834e-03
2.3031984553002939009e+01,-4.3126852530766795341e-03
2.3135731780719165585e+01,-4.2122668456911023169e-03
2.3239479008435395713e+01,-4.1139178809790960187e-03
2.3343226236151625841e+01,-4.0176057605981075477e-03
2.3446973463867855969e+01,-3.9232980347611180055e-03
2.3550720691584086097e+01,-3.8309623705999077889e-03
2.3654467919300312673e+01,-3.7405665347889269744e-03
2.3758215147016542801e+01,-3.6520785352110690485e-03
2.3861962374732772929e+01,-3.5654664402579947652e-03
2.3965709602449003057e+01,-3.4806986535955144677e-03
2.4069456830165233185e+01,-3.3977436334346861578e-03
2.4173204057881459761e+01,-3.3165702139586312157e-03
2.4276951285597689889e+01,-3.2371473312950106369e-03
2.4380698513313920017e+01,-3.1594442763200197843e-03
2.4484445741030150145e+01,-3.0834305364789414174e-03
2.4588192968746380274e+01,-3.0090758937777032679e-03
2.4691940196462606849e+01,-2.9363504335846927866e-03
2.4795687424178836977e+01,-2.8652244770584907839e-03
2.4899434651895067105e+01,-2.7956687280267624243e-03
2.5003181879611297234e+01,-2.7276541064205936209e-03
2.5106929107327527362e+01,-2.6611519347331290611e-03
2.5210676335043753937e+01,-2.5961337915014225976e-03
2.5314423562759984065e+01,-2.5325716209074443375e-03
2.5418170790476214194e+01,-2.4704376964369764713e-03
2.5521918018192444322e+01,-2.4097046066517214050e-03
2.5625665245908674450e+01,-2.3503453263743596079e-03
2.5729412473624904578e+01,-2.2923331266144647035e-03
2.5833159701341131154e+01,-2.2356416726980374819e-03
2.5936906929057361282e+01,-2.1802449540277422414e-03
2.6040654156773591410e+01,-2.1261173244759641772e-03
2.6144401384489821538e+01,-2.0732335031535594622e-03
2.6248148612206051666e+01,-2.0215685492069755333e-03
2.6351895839922278242e+01,-1.9710979016331776209e-03
2.6455643067638508370e+01,-1.9217973453507948816e-03
2.6559390295354738498e+01,-1.8736430316217370529e-03
2.6663137523070968626e+01,-1.8266114750886701303e-03
2.6766884750787198755e+01,-1.7806795467278299649e-03
2.6870631978503425330e+01,-1.7358244785892669188e-03
2.6974379206219655458e+01,-1.6920238681223259431e-03
2.7078126433935885586e+01,-1.6492556610785962402e-03
2.7181873661652115715e+01,-1.6074981692885928659e-03
2.7285620889368345843e+01,-1.5667300604366677253e-03
2.7389368117084572418e+01,-1.5269303427472202730e-03
2.7493115344800802546e+01,-1.4880784007140737853e-03
2.7596862572517032675e+01,-1.4501539446506253334e-03
2.7700609800233262803e+01,-1.4131370447248213593e-03
2.7804357027949492931e+01,-1.3770081249821375814e-03
2.7908104255665723059e+01,-1.3417479223424445128e-03
2.8011851483381949635e+01,-1.3073375530493784244e-03
2.8115598711098179763e+01,-1.2737584417820912129e-03
2.8219345938814409891e+01,-1.2409923484679738839e-03
2.8323093166530640019e+01,-1.2090213928058254206e-03
2.8426840394246870147e+01,-1.1778279751704179377e-03
2.8530587621963096723e+01,-1.1473948621951507096e-03
2.8634334849679326851e+01,-1.1177051292130964731e-03
2.8738082077395556979e+01,-1.0887421401950321976e-03
2.8841829305111787107e+01,-1.0604896283563998612e-03
2.8945576532828017235e+01,-1.0329315870986261784e-03
2.9049323760544243811e+01,-1.0060523311398307349e-03
2.9153070988260473939e+01,-9.7983650747064622230e-04
2.9256818215976704067e+01,-9.5426900268256119840e-04
2.9360565443692934195e+01,-9.2933505263751326354e-04
2.9464312671409164324e+01,-9.0502017100452421261e-04
2.9568059899125390899e+01,-8.8131011803232420666e-04
2.9671807126841621027e+01,-8.5819100634836357686e-04
2.9775554354557851156e+01,-8.3564917752337311216e-04
2.9879301582274081284e+01,-8.1367124470310735543e-04
2.9983048809990311412e+01,-7.9224414649143009692e-04
3.0086796037706537987e+01,-7.7135502139523523697e-04
3.0190543265422768116e+01,-7.5099130490900744585e-04
3.0294290493138998244e+01,-7.3114071578941734492e-04
3.0398037720855228372e+01,-7.1179116093904879273e-04
3.0501784948571458500e+01,-6.9293086008103321662e-04
3.0605532176287688628e+01,-6.7454827181247191056e-04
3.0709279404003915204e+01,-6.5663204301969868137e-04
3.0813026631720145332e+01,-6.3917113577119453582e-04
3.0916773859436375460e+01,-6.2215471228960087056e-04
3.1020521087152605588e+01,-6.0557212989328663283e-04
3.1124268314868835716e+01,-5.8941305053858341224e-04
3.1228015542585062292e+01,-5.7366730686043271564e-04
3.1331762770301292420e+01,-5.5832493450073039567e-04
3.1435509998017522548e+01,-5.4337625526327626522e-04
3.1539257225733752676e+01,-5.2881174056798227988e-04
3.1643004453449982805e+01,-5.1462206990144786396e-04
3.1746751681166209380e+01,-5.0079818826761839882e-04
3.1850498908882439508e+01,-4.8733117482366474079e-04
3.1954246136598669636e+01,-4.7421231756031897563e-04
3.2057993364314903317e+01,-4.6143315067544084544e-04
3.2161740592031129893e+01,-4.4898533048777901442e-04
3.2265487819747363574e+01,-4.3686071833163409939e-04
3.2369235047463590149e+01,-4.2505140559807923174e-04
3.2472982275179823830e+01,-4.1354959578907116201e-04
3.2576729502896050406e+01,-4.0234768921533828594e-04
3.2680476730612276981e+01,-3.9143830399411436117e-04
3.2784223958328510662e+01,-3.8081416166752961360e-04
3.2887971186044737237e+01,-3.7046816828622153740e-04
3.2991718413760970918e+01,-3.6039343940018927874e-04
3.3095465641477197494e+01,-3.5058318653691282951e-04
3.3199212869193424069e+01,-3.4103078960772504951e-04
3.3302960096909657750e+01,-3.3172983316421194655e-04
3.3406707324625884326e+01,-3.2267399192974742517e-04
3.3510454552342118006e+01,-3.1385708942981480453e-04
3.3614201780058344582e+01,-3.0527315132169687483e-04
3.3717949007774571157e+01,-2.9691629002586762166e-04
3.3821696235490804838e+01,-2.8878074452999482214e-04
3.3925443463207031414e+01,-2.8086095383642181115e-04
3.4029190690923265095e+01,-2.7315144367033626985e-04
3.4132937918639491670e+01,-2.6564684317906066789e-04
3.4236685146355718246e+01,-2.5834197656665234492e-04
3.4340432374071951926e+01,-2.5123175920628229444e-04
3.4444179601788178502e+01,-2.4431118889229594187e-04
3.4547926829504412183e+01,-2.3757544601551793635e-04
3.4651674057220638758e+01,-2.3101981266398718897e-04
3.4755421284936865334e+01,-2.2463963685757066895e-04
3.4859168512653099015e+01,-2.1843042666966382744e-04
3.4962915740369325590e+01,-2.1238780812609167744e-04
3.5066662968085559271e+01,-2.0650746270633180677e-04
3.5170410195801785846e+01,-2.0078520051963728117e-04
3.5274157423518012422e+01,-1.9521696779322417746e-04
3.5377904651234246103e+01,-1.8979876310847783078e-04
3.5481651878950472678e+01,-1.8452667818308839706e-04
3.5585399106666706359e+01,-1.7939695358042717405e-04
3.5689146334382932935e+01,-1.7440588753936446618e-04
3.5792893562099159510e+01,-1.6954984091228521141e-04
3.5896640789815393191e+01,-1.6482531931311333959e-04
3.6000388017531619766e+01,-1.6022890199527911148e-04
3.6104135245247853447e+01,-1.5575721265678396654e-04
3.6207882472964080023e+01,-1.5140699265574721261e-04
3.6311629700680313704e+01,-1.4717508264204973785e-04
3.6415376928396540279e+01,-1.4305836126632856379e-04
3.6519124156112766855e+01,-1.3905378583192772642e-04
3.6622871383829000536e+01,-1.3515843430830074457e-04
3.6726618611545227111e+01,-1.3136942792214682287e-04
3.6830365839261460792e+01,-1.2768393413709194241e-04
3.6934113066977687367e+01,-1.2409923782045825130e-04
3.7037860294693913943e+01,-1.2061268701369642366e-04
3.7141607522410147624e+01,-1.1722166120511531265e-04
3.7245354750126374199e+01,-1.1392362392175318377e-04
3.7349101977842607880e+01,-1.1071613123228723238e-04
3.7452849205558834456e+01,-1.0759676996392114406e-04
3.7556596433275061031e+01,-1.0456317248820099039e-04
3.7660343660991294712e+01,-1.0161307541604271858e-04
3.7764090888707521287e+01,-9.8744260448997779101e-05
3.7867838116423754968e+01,-9.5954535962525361044e-05
3.7971585344139981544e+01,-9.3241787403849232612e-05
3.8075332571856208119e+01,-9.0603975639788833789e-05
3.8179079799572441800e+01,-8.8039085926035616459e-05
3.8282827027288668376e+01,-8.5545141957525699028e-05
3.8386574255004902056e+01,-8.3120257544038575926e-05
3.8490321482721128632e+01,-8.0762584627830071244e-05
3.8594068710437355207e+01,-7.8470296366931090366e-05
3.8697815938153588888e+01,-7.6241627890191301172e-05
3.8801563165869815464e+01,-7.4074883070743261404e-05
3.8905310393586049145e+01,-7.1968386736493835071e-05
3.9009057621302275720e+01,-6.9920490830881602850e-05
3.9112804849018502296e+01,-6.7929622987086837557e-05
3.9216552076734735977e+01,-6.5994249954867966216e-05
3.9320299304450962552e+01,-6.4112854889975730310e-05
3.9424046532167196233e+01,-6.2283962400129207551e-05
3.9527793759883422808e+01,-6.0506164470997706795e-05
3.9631540987599649384e+01,-5.8778074144645093462e-05
3.9735288215315883065e+01,-5.7098321458226690428e-05
3.9839035443032109640e+01,-5.5465591759484152124e-05
3.9942782670748343321e+01,-5.3878617499056202680e-05
4.0046529898464569897e+01,-5.2336145240052882831e-05
4.0150277126180796472e+01,-5.0836942954750624515e-05
4.0254024353897030153e+01,-4.9379838704915931516e-05
4.0357771581613256728e+01,-4.7963689102871866297e-05
4.0461518809329490409e+01,-4.6587362552796899836e-05
4.0565266037045716985e+01,-4.5249756409932648238e-05
4.0669013264761943560e+01,-4.3949822329549759702e-05
4.0772760492478177241e+01,-4.2686529191050718668e-05
4.0876507720194403817e+01,-4.1458857008797663120e-05
4.0980254947910637497e+01,-4.0265821886837221695e-05
4.1084002175626864073e+01,-3.9106483193138862802e-05
4.1187749403343097754e+01,-3.7979911989235137749e-05
4.1291496631059324329e+01,-3.6885190769096825550e-05
4.1395243858775550905e+01,-3.5821442154985877753e-05
4.1498991086491784586e+01,-3.4787821111532538163e-05
4.1602738314208011161e+01,-3.3783491626986250536e-05
4.1706485541924244842e+01,-3.2807630006844862574e-05
4.1810232769640471417e+01,-3.1859453377578095994e-05
4.1913979997356697993e+01,-3.0938202546576049545e-05
4.2017727225072931674e+01,-3.0043125927741921351e-05
4.2121474452789158249e+01,-2.9173485187679671965e-05
4.2225221680505391930e+01,-2.8328581066713351508e-05
4.2328968908221618506e+01,-2.7507731928313140308e-05
4.2432716135937845081e+01,-2.6710262811019915203e-05
4.2536463363654078762e+01,-2.5935512515347261368e-05
4.2640210591370305337e+01,-2.5182855913120574679e-05
4.2743957819086539018e+01,-2.4451681593994362959e-05
4.2847705046802765594e+01,-2.3741384069782550811e-05
4.2951452274518992169e+01,-2.3051371403424023623e-05
4.3055199502235225850e+01,-2.2381084446502296057e-05
4.3158946729951452426e+01,-2.1729975377780220091e-05
4.3262693957667686107e+01,-2.1097501632087784813e-05
4.3366441185383912682e+01,-2.0483133195459463549e-05
4.3470188413100139257e+01,-1.9886369825948069581e-05
4.3573935640816372938e+01,-1.9306721227487797990e-05
4.3677682868532599514e+01,-1.8743701762637349982e-05
4.3781430096248833195e+01,-1.8196836691498308002e-05
4.3885177323965059770e+01,-1.7665678394026532763e-05
4.3988924551681286346e+01,-1.7149788557286533880e-05
4.4092671779397520027e+01,-1.6648732993631700319e-05
4.4196419007113746602e+01,-1.6162086362997640587e-05
4.4300166234829980283e+01,-1.5689447949979276235e-05
4.4403913462546206858e+01,-1.5230426364805819958e-05
4.4507660690262433434e+01,-1.4784633867120348141e-05
4.4611407917978667115e+01,-1.4351689448741604456e-05
4.4715155145694893690e+01,-1.3931234005758524064e-05
4.4818902373411127371e+01,-1.3522918447106219042e-05
4.4922649601127353947e+01,-1.3126396916345894848e-05
4.5026396828843580522e+01,-1.2741328420678782194e-05
4.5130144056559814203e+01,-1.2367390581909170423e-05
4.5233891284276040778e+01,-1.2004272340088066468e-05
4.5337638511992274459e+01,-1.1651665564579881924e-05
4.5441385739708501035e+01,-1.1309265588611436216e-05
4.5545132967424727610e+01,-1.0976782377248156519e-05
4.5648880195140961291e+01,-1.0653938879816607390e-05
4.5752627422857187867e+01,-1.0340460906789030455e-05
4.5856374650573421548e+01,-1.0036076876745048391e-05
4.5960121878289648123e+01,-9.7405254070402083421e-06
4.6063869106005881804e+01,-9.4535595416100255965e-06
4.6167616333722108379e+01,-9.1749355910746321398e-06
4.6271363561438334955e+01,-8.9044120526465079797e-06
4.6375110789154568636e+01,-8.6417534484841188307e-06
4.6478858016870795211e+01,-8.3867389533948078303e-06
4.6582605244587028892e+01,-8.1391522532608813310e-06
4.6686352472303255468e+01,-7.8987789567527496876e-06
4.6790099700019482043e+01,-7.6654078598033177264e-06
4.6893846927735715724e+01,-7.4388402036902345228e-06
4.6997594155451942299e+01,-7.2188841785089046221e-06
4.7101341383168175980e+01,-7.0053497004843240717e-06
4.7205088610884402556e+01,-6.7980485505940692079e-06
4.7308835838600629131e+01,-6.5968007725525135943e-06
4.7412583066316862812e+01,-6.4014360683644446048e-06
4.7516330294033089388e+01,-6.2117861201548334071e-06
4.7620077521749323068e+01,-6.0276840769779776259e-06
4.7723824749465549644e+01,-5.8489671060344548988e-06
4.7827571977181776219e+01,-5.6754829802127050145e-06
4.7931319204898009900e+01,-5.5070828472361259997e-06
4.8035066432614236476e+01,-5.3436191408062571435e-06
4.8138813660330470157e+01,-5.1849460319700643894e-06
4.8242560888046696732e+01,-5.0309256800674250512e-06
4.8346308115762923308e+01,-4.8814264939668133985e-06
4.8450055343479156988e+01,-4.7363181337185730950e-06
4.8553802571195383564e+01,-4.5954713781385708030e-06
4.8657549798911617245e+01,-4.4587608094489825330e-06
4.8761297026627843820e+01,-4.3260692747081628471e-06
4.8865044254344070396e+01,-4.1972818017537610438e-06
4.8968791482060304077e+01,-4.0722843927617927238e-06
4.9072538709776530652e+01,-3.9509644136077388642e-06
4.9176285937492764333e+01,-3.8332156452129414299e-06
4.9280033165208990908e+01,-3.7189367180023768607e-06
4.9383780392925217484e+01,-3.6080272027105397391e-06
4.9487527620641451165e+01,-3.5003875126470683674e-06
4.9591274848357677740e+01,-3.3959206743321887400e-06
4.9695022076073911421e+01,-3.2945363779504909267e-06
4.9798769303790137997e+01,-3.1961462680308047925e-06
4.9902516531506364572e+01,-3.1006627238653023929e-06
5.0006263759222598253e+01,-3.0079989824802161727e-06
5.0110010986938824828e+01,-2.9180725883657777792e-06
5.0213758214655058509e+01,-2.8308057112861295635e-06
5.0317505442371285085e+01,-2.7461213652107876998e-06
5.0421252670087511660e+01,-2.6639431977378786902e-06
5.0524999897803745341e+01,-2.5841961202106622552e-06
5.0628747125519971917e+01,-2.5068101077562934871e-06
5.0732494353236205598e+01,-2.4317176054149213791e-06
5.0836241580952432173e+01,-2.3588516168151927819e-06
5.0939988808668665854e+01,-2.2881456934524534535e-06
5.1043736036384892429e+01,-2.2195353961938627164e-06
5.1147483264101119005e+01,-2.1529608481676323026e-06
5.1251230491817352686e+01,-2.0883633456236213418e-06
5.1354977719533579261e+01,-2.0256846591845179524e-06
5.1458724947249812942e+01,-1.9648670833812920378e-06
5.1562472174966039518e+01,-1.9058556183061164171e-06
5.1666219402682266093e+01,-1.8485986909738556789e-06
5.1769966630398499774e+01,-1.7930453491193212086e-06
5.1873713858114726349e+01,-1.7391450480946673027e-06
5.1977461085830960030e+01,-1.6868478287798640316e-06
5.2081208313547186606e+01,-1.6361067654817499576e-06
5.2184955541263413181e+01,-1.5868772891975319930e-06
5.2288702768979646862e+01,-1.5391152332519102451e-06
5.2392449996695873438e+01,-1.4927767808039775972e-06
5.2496197224412107118e+01,-1.4478188001530007705e-06
5.2599944452128333694e+01,-1.4042011679028462102e-06
5.2703691679844560269e+01,-1.3618853395218090430e-06
5.2807438907560793950e+01,-1.3208330809738065206e-06
5.2911186135277020526e+01,-1.2810064580969924953e-06
5.3014933362993254207e+01,-1.2423682999765110891e-06
5.3118680590709480782e+01,-1.2048842046347861611e-06
5.3222427818425707358e+01,-1.1685208585557497247e-06
5.3326175046141941039e+01,-1.1332452080067556114e-06
5.3429922273858167614e+01,-1.0990244559827039790e-06
5.3533669501574401295e+01,-1.0658265852170630012e-06
5.3637416729290627870e+01,-1.0336220312480520329e-06
5.3741163957006854446e+01,-1.0023820362087080517e-06
5.3844911184723088127e+01,-9.7207806387476387404e-07
5.3948658412439314702e+01,-9.4268179753236860001e-07
5.4052405640155548383e+01,-9.1416564343968840741e-07
5.4156152867871774959e+01,-8.8650415338177377105e-07
5.4259900095588001534e+01,-8.5967253620302268898e-07
5.4363647323304235215e+01,-8.3364618999294823916e-07
5.4467394551020461790e+01,-8.0840070028385192156e-07
5.4571141778736695471e+01,-7.8391225882420733651e-07
5.4674889006452922047e+01,-7.6015893168992965578e-07
5.4778636234169148622e+01,-7.3711937739832559686e-07
5.4882383461885382303e+01,-7.1477241583868873260e-07
5.4986130689601608879e+01,-6.9309702674991881074e-07
5.5089877917317842559e+01,-6.7207264791550950164e-07
5.5193625145034069135e+01,-6.5168034163911980562e-07
5.5297372372750295710e+01,-6.3190176225134863579e-07
5.5401119600466529391e+01,-6.1271870162127002277e-07
5.5504866828182755967e+01,-5.9411308775327380380e-07
5.5608614055898989648e+01,-5.7606715996432219543e-07
5.5712361283615216223e+01,-5.5856452193041389983e-07
5.5816108511331449904e+01,-5.4158942437756080306e-07
5.5919855739047676479e+01,-5.2512623687316428008e-07
5.6023602966763903055e+01,-5.0915944476539684746e-07
5.6127350194480136736e+01,-4.9367372665659549853e-07
5.6231097422196363311e+01,-4.7865483069776934298e-07
5.6334844649912596992e+01,-4.6408924803918956130e-07
5.6438591877628823568e+01,-4.4996358080978637092e-07
5.6542339105345050143e+01,-4.3626452947131129499e-07
5.6646086333061283824e+01,-4.2297891274019606322e-07
5.6749833560777510399e+01,-4.1009429147810069567e-07
5.6853580788493744080e+01,-3.9759907144924190163e-07
5.6957328016209970656e+01,-3.8548178563635520488e-07
5.7061075243926197231e+01,-3.7373105041851622239e-07
5.7164822471642430912e+01,-3.6233556597180080089e-07
5.7268569699358657488e+01,-3.5128445419266263667e-07
5.7372316927074891169e+01,-3.4056772537666659597e-07
5.7476064154791117744e+01,-3.3017557998421460446e-07
5.7579811382507344319e+01,-3.2009828910289586986e-07
5.7683558610223578000e+01,-3.1032619381235415538e-07
5.7787305837939804576e+01,-3.0084982173720960323e-07
5.7891053065656038257e+01,-2.9166048081812005984e-07
5.7994800293372264832e+01,-2.8274980891380583071e-07
5.8098547521088491408e+01,-2.7410950409810193798e-07
5.8202294748804725089e+01,-2.6573132363851060729e-07
5.8306041976520951664e+01,-2.5760710273824110547e-07
5.8409789204237185345e+01,-2.4972918657426473920e-07
5.8513536431953411920e+01,-2.4209043114958887159e-07
5.8617283659669638496e+01,-2.3468376328326790765e-07
5.8721030887385872177e+01,-2.2750215978141578205e-07
5.8824778115102098752e+01,-2.2053864706064994495e-07
5.8928525342818332433e+01,-2.1378647113857932228e-07
5.9032272570534559009e+01,-2.0723946537260946234e-07
5.9136019798250785584e+01,-2.0089161300322200307e-07
5.9239767025967019265e+01,-1.9473693941975559018e-07
5.9343514253683245840e+01,-1.8876951179197431200e-07
5.9447261481399479521e+01,-1.8298346506552272078e-07
5.9551008709115706097e+01,-1.7737335690063534000e-07
5.9654755936831932672e+01,-1.7193407029329860335e-07
5.9758503164548166353e+01,-1.6666053082080851769e-07
5.9862250392264392929e+01,-1.6154769923837717866e-07
5.9965997619980626610e+01,-1.5659057123685506334e-07
6.0069744847696853185e+01,-1.5178430545796302627e-07
6.0173492075413079760e+01,-1.4712449182796699870e-07
6.0277239303129313441e+01,-1.4260682749532425638e-07
6.0380986530845540017e+01,-1.3822703918130683996e-07
6.0484733758561773698e+01,-1.3398088292637371202e-07
6.0588480986278000273e+01,-1.2986415522520423352e-07
6.0692228213994233954e+01,-1.2587293201341398076e-07
6.0795975441710460530e+01,-1.2200356047181344906e-07
6.0899722669426687105e+01,-1.1825242283996572907e-07
6.1003469897142920786e+01,-1.1461592596800885763e-07
6.1107217124859147361e+01,-1.1109050110773847654e-07
6.1210964352575381042e+01,-1.0767265382959825564e-07
6.1314711580291607618e+01,-1.0435920183584625212e-07
6.1418458808007834193e+01,-1.0114708731874843447e-07
6.1522206035724067874e+01,-9.8033273226013866930e-08
6.1625953263440294450e+01,-9.5014742956849615395e-08
6.1729700491156528130e+01,-9.2088500657353945421e-08
6.1833447718872754706e+01,-8.9251676042026558797e-08
6.1937194946588981281e+01,-8.6501656268123579878e-08
6.2040942174305214962e+01,-8.3835878665522340941e-08
6.2144689402021441538e+01,-8.1251797677062362956e-08
6.2248436629737675219e+01,-7.8746884715936281312e-08
6.2352183857453901794e+01,-7.6318633108250111348e-08
6.2455931085170128370e+01,-7.3964697731386295155e-08
6.2559678312886362050e+01,-7.1682911268556059689e-08
6.2663425540602588626e+01,-6.9471129342043807492e-08
6.2767172768318822307e+01,-6.7327221751814610934e-08
6.2870919996035048882e+01,-6.5249072358538154859e-08
6.2974667223751275458e+01,-6.3234592154962201871e-08
6.3078414451467509139e+01,-6.1281861741812308744e-08
6.3182161679183735714e+01,-5.9389076070372841618e-08
6.3285908906899969395e+01,-5.7554443682886597179e-08
6.3389656134616195970e+01,-5.5776184849616042105e-08
6.3493403362332422546e+01,-5.4052531473025417443e-08
6.3597150590048656227e+01,-5.2381747603681805145e-08
6.3700897817764882802e+01,-5.0762255240754193004e-08
6.3804645045481116483e+01,-4.9192550198026427848e-08
6.3908392273197343059e+01,-4.7671138314353383498e-08
6.4012139500913576740e+01,-4.6196535115194443331e-08
6.4115886728629803315e+01,-4.4767265734243881185e-08
6.4219633956346029890e+01,-4.3381888999246159178e-08
6.4323381184062256466e+01,-4.2039101675795290159e-08
6.4427128411778497252e+01,-4.0737651560535727827e-08
6.4530875639494723828e+01,-3.9476294530994489143e-08
6.4634622867210950403e+01,-3.8253794452631014481e-08
6.4738370094927176979e+01,-3.7068923114832009704e-08
6.4842117322643403554e+01,-3.5920483118211168841e-08
6.4945864550359644340e+01,-3.4807394170753314060e-08
6.5049611778075870916e+01,-3.3728615466028683528e-08
6.5153359005792097491e+01,-3.2683112832579651715e-08
6.5257106233508324067e+01,-3.1669858675545792855e-08
6.5360853461224550642e+01,-3.0687831924468506360e-08
6.5464600688940791429e+01,-2.9736036033848436414e-08
6.5568347916657018004e+01,-2.8813572577829248650e-08
6.5672095144373244580e+01,-2.7919577922468022716e-08
6.5775842372089471155e+01,-2.7053193894562003530e-08
6.5879589599805697731e+01,-2.6213567726715679072e-08
6.5983336827521938517e+01,-2.5399852014842255527e-08
6.6087084055238165092e+01,-2.4611216252524152986e-08
6.6190831282954391668e+01,-2.3846910302183116168e-08
6.6294578510670618243e+01,-2.3106218728435594651e-08
6.6398325738386844819e+01,-2.2388430646339835802e-08
6.6502072966103085605e+01,-2.1692839607046800855e-08
6.6605820193819312180e+01,-2.1018743563251619982e-08
6.6709567421535538756e+01,-2.0365450504405319483e-08
6.6813314649251765331e+01,-1.9732330675136633741e-08
6.6917061876967991907e+01,-1.9118792146631756701e-08
6.7020809104684232693e+01,-1.8524247084672623161e-08
6.7124556332400459269e+01,-1.7948111289250649357e-08
6.7228303560116685844e+01,-1.7389804166524516106e-08
6.7332050787832912420e+01,-1.6848750466500395262e-08
6.7435798015549138995e+01,-1.6324418059199363001e-08
6.7539545243265379781e+01,-1.5816317076487365589e-08
6.7643292470981606357e+01,-1.5323962307649351059e-08
6.7747039698697832932e+01,-1.4846871514159930118e-08
6.7850786926414059508e+01,-1.4384565406960541088e-08
6.7954534154130286083e+01,-1.3936567798722439921e-08
6.8058281381846526870e+01,-1.3502426918064274121e-08
6.8162028609562753445e+01,-1.3081735675371611530e-08
6.8265775837278980021e+01,-1.2674094296091791785e-08
6.8369523064995206596e+01,-1.2279105432221344230e-08
6.8473270292711433171e+01,-1.1896374143922993986e-08
6.8577017520427673958e+01,-1.1525507881309563298e-08
6.8680764748143900533e+01,-1.1166124143088936984e-08
6.8784511975860127109e+01,-1.0817880497696764832e-08
6.8888259203576353684e+01,-1.0480448167777944357e-08
6.8992006431292580260e+01,-1.0153500356730435960e-08
6.9095753659008821046e+01,-9.8367122306916779315e-09
6.9199500886725047621e+01,-9.5297609038255728746e-09
6.9303248114441274197e+01,-9.2323267585709794686e-09
6.9406995342157500772e+01,-8.9441163376756660674e-09
6.9510742569873727348e+01,-8.6648590524323815700e-09
6.9614489797589968134e+01,-8.3942866340242093331e-09
6.9718237025306194710e+01,-8.1321324104702392562e-09
6.9821984253022421285e+01,-7.8781312947618142185e-09
6.9925731480738647861e+01,-7.6320197824698638352e-09
7.0029478708454874436e+01,-7.3935449285297500809e-09
7.0133225936171115222e+01,-7.1624810216896593560e-09
7.0236973163887341798e+01,-6.9386082569301788842e-09
7.0340720391603568373e+01,-6.7217081260147576366e-09
7.0444467619319794949e+01,-6.5115634079405993367e-09
7.0548214847036021524e+01,-6.3079581594737037231e-09
7.0651962074752262311e+01,-6.1106789421780108783e-09
7.0755709302468488886e+01,-5.9195312940781136267e-09
7.0859456530184715461e+01,-5.7343351440646775722e-09
7.0963203757900942037e+01,-5.5549117936566421771e-09
7.1066950985617168612e+01,-5.3810835878662527228e-09
7.1170698213333409399e+01,-5.2126739075934282269e-09
7.1274445441049635974e+01,-5.0495071625173319092e-09
7.1378192668765862550e+01,-4.8914139080233766656e-09
7.1481939896482089125e+01,-4.7382435315204896692e-09
7.1585687124198315701e+01,-4.5898501767207282830e-09
7.1689434351914556487e+01,-4.4460888316549901485e-09
7.1793181579630783062e+01,-4.3068153225725495508e-09
7.1896928807347009638e+01,-4.1718863078931751739e-09
7.2000676035063236213e+01,-4.0411595414895489515e-09
7.2104423262779462789e+01,-3.9145030337152293304e-09
7.2208170490495703575e+01,-3.7917972396807498343e-09
7.2311917718211930151e+01,-3.6729240269744551105e-09
7.2415664945928156726e+01,-3.5577659401602835289e-09
7.2519412173644383302e+01,-3.4462061959353658489e-09
7.2623159401360624088e+01,-3.3381286783290627408e-09
7.2726906629076850663e+01,-3.2334190935821206008e-09
7.2830653856793077239e+01,-3.1319747400208812567e-09
7.2934401084509303814e+01,-3.0336995126987760795e-09
7.3038148312225530390e+01,-2.9384979151092085755e-09
7.3141895539941771176e+01,-2.8462749925689781718e-09
7.3245642767657997751e+01,-2.7569363283810633875e-09
7.3349389995374224327e+01,-2.6703880400298375155e-09
7.3453137223090450902e+01,-2.5865390384192784334e-09
7.3556884450806677478e+01,-2.5053086672600990264e-09
7.3660631678522918264e+01,-2.4266194414525676495e-09
7.3764378906239144840e+01,-2.3503943118915148952e-09
7.3868126133955371415e+01,-2.2765566623312950829e-09
7.3971873361671597991e+01,-2.2050303063503489808e-09
7.4075620589387824566e+01,-2.1357394908441327609e-09
7.4179367817104065352e+01,-2.0686119305289609803e-09
7.4283115044820291928e+01,-2.0035836198961204031e-09
7.4386862272536518503e+01,-1.9405921675773895748e-09
7.4490609500252745079e+01,-1.8795755297883141193e-09
7.4594356727968971654e+01,-1.8204720079110660819e-09
7.4698103955685212441e+01,-1.7632202460974496693e-09
7.4801851183401439016e+01,-1.7077592579634529145e-09
7.4905598411117665592e+01,-1.6540315932601991826e-09
7.5009345638833892167e+01,-1.6019861603463918313e-09
7.5113092866550118742e+01,-1.5515728208656428551e-09
7.5216840094266359529e+01,-1.5027417130866028357e-09
7.5320587321982586104e+01,-1.4554432499978618344e-09
7.5424334549698812680e+01,-1.4096281174185024032e-09
7.5528081777415039255e+01,-1.3652473106857257237e-09
7.5631829005131265831e+01,-1.3222549428387119555e-09
7.5735576232847506617e+01,-1.2806101284555346267e-09
7.5839323460563733192e+01,-1.2402726563922632963e-09
7.5943070688279959768e+01,-1.2012025352376884566e-09
7.6046817915996186343e+01,-1.1633599918144868063e-09
7.6150565143712412919e+01,-1.1267054696926103925e-09
7.6254312371428653705e+01,-1.0911996529559160717e-09
7.6358059599144880281e+01,-1.0568056596199881555e-09
7.6461806826861106856e+01,-1.0234907278306432536e-09
7.6565554054577333432e+01,-9.9122267353706929657e-10
7.6669301282293560007e+01,-9.5996948689147753782e-10
7.6773048510009800793e+01,-9.2969933107205463069e-10
7.6876795737726027369e+01,-9.0038054111546367850e-10
7.6980542965442253944e+01,-8.7198162939922858969e-10
7.7084290193158480520e+01,-8.4447276700254170033e-10
7.7188037420874707095e+01,-8.1782764529220228716e-10
7.7291784648590947882e+01,-7.9202055744068864033e-10
7.7395531876307174457e+01,-7.6702593445852857819e-10
7.7499279104023401032e+01,-7.4281834427166870617e-10
7.7603026331739627608e+01,-7.1937249080628106320e-10
7.7706773559455854183e+01,-6.9666321312100216570e-10
7.7810520787172094970e+01,-6.7466628632974360541e-10
7.7914268014888321545e+01,-6.5336047112036240484e-10
7.8018015242604548121e+01,-6.3272527698453014857e-10
7.8121762470320774696e+01,-6.1274032226110345106e-10
7.8225509698037001272e+01,-5.9338533341432480998e-10
7.8329256925753242058e+01,-5.7464014431775757892e-10
7.8433004153469468633e+01,-5.5648469554391835339e-10
7.8536751381185695209e+01,-5.3889934273437758113e-10
7.8640498608901921784e+01,-5.2186674135381614383e-10
7.8744245836618148360e+01,-5.0537058900987258752e-10
7.8847993064334389146e+01,-4.8939467294157339530e-10
7.8951740292050615722e+01,-4.7392286560603573331e-10
7.9055487519766842297e+01,-4.5893912411928007007e-10
7.9159234747483068872e+01,-4.4442748970146448976e-10
7.9262981975199295448e+01,-4.3037215085315687191e-10
7.9366729202915536234e+01,-4.1675873935769248384e-10
7.9470476430631762810e+01,-4.0357426595975234067e-10
7.9574223658347989385e+01,-3.9080586165030093818e-10
7.9677970886064215961e+01,-3.7844072444630955670e-10
7.9781718113780442536e+01,-3.6646611895495455272e-10
7.9885465341496683322e+01,-3.5486937594121277787e-10
7.9989212569212909898e+01,-3.4363789313930931964e-10
8.0092959796929136473e+01,-3.3275969339452404546e-10
8.0196707024645363049e+01,-3.2222430156181111470e-10
8.0300454252361589624e+01,-3.1202152502274684034e-10
8.0404201480077830411e+01,-3.0214122376590352976e-10
8.0507948707794056986e+01,-2.9257331004789263493e-10
8.0611695935510283562e+01,-2.8330774805701217729e-10
8.0715443163226510137e+01,-2.7433455357950129092e-10
8.0819190390942736713e+01,-2.6564390101570663109e-10
8.0922937618658977499e+01,-2.5722707749351000183e-10
8.1026684846375204074e+01,-2.4907602105176090895e-10
8.1130432074091430650e+01,-2.4118271806582224425e-10
8.1234179301807657225e+01,-2.3353919584906422765e-10
8.1337926529523883801e+01,-2.2613752239178022716e-10
8.1441673757240124587e+01,-2.1896980610209631691e-10
8.1545420984956351163e+01,-2.1202819752180008672e-10
8.1649168212672577738e+01,-2.0530529189842179049e-10
8.1752915440388804313e+01,-1.9879461784969650966e-10
8.1856662668105030889e+01,-1.9248985689050771846e-10
8.1960409895821271675e+01,-1.8638472252802894006e-10
8.2064157123537498251e+01,-1.8047296005950023969e-10
8.2167904351253724826e+01,-1.7474834637152864306e-10
8.2271651578969951402e+01,-1.6920468974091519398e-10
8.2375398806686192188e+01,-1.6383587484282516611e-10
8.2479146034402418763e+01,-1.5863644019527190128e-10
8.2582893262118645339e+01,-1.5360140533077054851e-10
8.2686640489834871914e+01,-1.4872582505140258022e-10
8.2790387717551098490e+01,-1.4400477894717910857e-10
8.2894134945267339276e+01,-1.3943337124092177310e-10
8.2997882172983565852e+01,-1.3500673063431054765e-10
8.3101629400699792427e+01,-1.3072001015507814879e-10
8.3205376628416019003e+01,-1.2656852211892026247e-10
8.3309123856132245578e+01,-1.2254820031005399681e-10
8.3412871083848486364e+01,-1.1865516419256103617e-10
8.3516618311564712940e+01,-1.1488555251863669420e-10
8.3620365539280939515e+01,-1.1123552320297160355e-10
8.3724112766997166091e+01,-1.0770125320402776209e-10
8.3827859994713392666e+01,-1.0427893840619269597e-10
8.3931607222429633453e+01,-1.0096479508540204428e-10
8.4035354450145860028e+01,-9.7755276518658199983e-11
8.4139101677862086603e+01,-9.4647292330450142017e-11
8.4242848905578313179e+01,-9.1637819939713475698e-11
8.4346596133294539754e+01,-8.8723851636613746225e-11
8.4450343361010780541e+01,-8.5902394491199474844e-11
8.4554090588727007116e+01,-8.3170470262729773726e-11
8.4657837816443233692e+01,-8.0525115309664558363e-11
8.4761585044159460267e+01,-7.7963388147248836871e-11
8.4865332271875686843e+01,-7.5482607016921420424e-11
8.4969079499591927629e+01,-7.3080394624199966516e-11
8.5072826727308154204e+01,-7.0754402230556235560e-11
8.5176573955024380780e+01,-6.8502292540753493573e-11
8.5280321182740607355e+01,-6.6321739633241357429e-11
8.5384068410456833931e+01,-6.4210428891056810023e-11
8.5487815638173074717e+01,-6.2166056933227973235e-11
8.5591562865889301293e+01,-6.0186344154917264583e-11
8.5695310093605527868e+01,-5.8269248512874754705e-11
8.5799057321321754443e+01,-5.6412933781153519544e-11
8.5902804549037981019e+01,-5.4615579073445174375e-11
8.6006551776754221805e+01,-5.2875372289372024844e-11
8.6110299004470448381e+01,-5.1190510061560833130e-11
8.6214046232186674956e+01,-4.9559197703096266471e-11
8.6317793459902901532e+01,-4.7979649155355772877e-11
8.6421540687619128107e+01,-4.6450099442967972257e-11
8.6525287915335368893e+01,-4.4968978642926311000e-11
8.6629035143051595469e+01,-4.3534867649492461002e-11
8.6732782370767822044e+01,-4.2146357818983234954e-11
8.6836529598484048620e+01,-4.0802047239577364169e-11
8.6940276826200275195e+01,-3.9500540691149068520e-11
8.7044024053916515982e+01,-3.8240449605388974723e-11
8.7147771281632742557e+01,-3.7020392026210670408e-11
8.7251518509348969133e+01,-3.5839000883411026078e-11
8.7355265737065195708e+01,-3.4695056449060886424e-11
8.7459012964781422284e+01,-3.3587462244895317415e-11
8.7562760192497663070e+01,-3.2515130587052266022e-11
8.7666507420213889645e+01,-3.1476978940463589850e-11
8.7770254647930116221e+01,-3.0471929888423993589e-11
8.7874001875646342796e+01,-2.9498911102376964673e-11
8.7977749103362569372e+01,-2.8556855311913853350e-11
8.8081496331078810158e+01,-2.7644703699176912121e-11
8.8185243558795036733e+01,-2.6761498019436814046e-11
8.8288990786511263309e+01,-2.5906390469986101779e-11
8.8392738014227489884e+01,-2.5078542737129250070e-11
8.8496485241943716460e+01,-2.4277120438297335575e-11
8.8600232469659957246e+01,-2.3501293099032007733e-11
8.8703979697376183822e+01,-2.2750234130131454557e-11
8.8807726925092410397e+01,-2.2023120804955571625e-11
8.8911474152808636973e+01,-2.1319134791790935403e-11
8.9015221380524863548e+01,-2.0637515528905541882e-11
8.9118968608241104334e+01,-1.9977604269103248386e-11
8.9222715835957330910e+01,-1.9338755763981011817e-11
8.9326463063673557485e+01,-1.8720327762801865169e-11
8.9430210291389784061e+01,-1.8121680995107445342e-11
8.9533957519106010636e+01,-1.7542179153450933895e-11
8.9637704746822251423e+01,-1.6981188876249984229e-11
8.9741451974538477998e+01,-1.6438079730765952136e-11
8.9845199202254704574e+01,-1.5912245757358584741e-11
8.9948946429970931149e+01,-1.5403168162697727911e-11
9.0052693657687157724e+01,-1.4910351178527201576e-11
9.0156440885403398511e+01,-1.4433301318605522946e-11
9.0260188113119625086e+01,-1.3971527365591140460e-11
9.0363935340835851662e+01,-1.3524540358017395829e-11
9.0467682568552078237e+01,-1.3091853577357713387e-11
9.0571429796268304813e+01,-1.2672982535179397942e-11
9.0675177023984545599e+01,-1.2267449686590558556e-11
9.0778924251700772174e+01,-1.1874835678198528749e-11
9.0882671479416998750e+01,-1.1494759707538003232e-11
9.0986418707133225325e+01,-1.1126843343718446761e-11
9.1090165934849451901e+01,-1.0770709879906150974e-11
9.1193913162565692687e+01,-1.0425984323517286064e-11
9.1297660390281919263e+01,-1.0092293386478051009e-11
9.1401407617998145838e+01,-9.7692654755506541404e-12
9.1505154845714372414e+01,-9.4565308466718577695e-12
9.1608902073430598989e+01,-9.1537446222366718711e-12
9.1712649301146839775e+01,-8.8606104143937463874e-12
9.1816396528863066351e+01,-8.5768388411714481865e-12
9.1920143756579292926e+01,-8.3021418270614870089e-12
9.2023890984295519502e+01,-8.0362325956545814031e-12
9.2127638212011760288e+01,-7.7788256623256343307e-12
9.2231385439727986864e+01,-7.5296368269685089105e-12
9.2335132667444213439e+01,-7.2883831667794301048e-12
9.2438879895160440014e+01,-7.0547868108499066008e-12
9.2542627122876666590e+01,-6.8286066634311230588e-12
9.2646374350592907376e+01,-6.6096221684538827721e-12
9.2750121578309133952e+01,-6.3976139562745592482e-12
9.2853868806025360527e+01,-6.1923636376713804333e-12
9.2957616033741587103e+01,-5.9936537983734278679e-12
9.3061363261457813678e+01,-5.8012679936261271094e-12
9.3165110489174054464e+01,-5.6149907427930048543e-12
9.3268857716890281040e+01,-5.4346075437301484722e-12
9.3372604944606507615e+01,-5.2599159909582815655e-12
9.3476352172322734191e+01,-5.0907442631422643587e-12
9.3580099400038960766e+01,-4.9269261906093171039e-12
9.3683846627755201553e+01,-4.7682963397641339879e-12
9.3787593855471428128e+01,-4.6146900090177529969e-12
9.3891341083187654704e+01,-4.4659432247431984828e-12
9.3995088310903881279e+01,-4.3218927372581169600e-12
9.4098835538620107855e+01,-4.1823760168338891433e-12
9.4202582766336348641e+01,-4.0472318418196132554e-12
9.4306329994052575216e+01,-3.9163158649723483916e-12
9.4410077221768801792e+01,-3.7895020850594193062e-12
9.4513824449485028367e+01,-3.6666659575881581620e-12
9.4617571677201254943e+01,-3.5476834843130912837e-12
9.4721318904917495729e+01,-3.4324312102444376449e-12
9.4825066132633722304e+01,-3.3207862206763102485e-12
9.4928813360349948880e+01,-3.2126261382342593166e-12
9.5032560588066175455e+01,-3.1078291199422994601e-12
9.5136307815782402031e+01,-3.0062754626121074044e-12
9.5240055043498642817e+01,-2.9078621009652031412e-12
9.5343802271214869393e+01,-2.8124957067238078096e-12
9.5447549498931095968e+01,-2.7200834694580553362e-12
9.5551296726647322544e+01,-2.6305329818231432730e-12
9.5655043954363549119e+01,-2.5437522373733904952e-12
9.5758791182079789905e+01,-2.4596496283905181234e-12
9.5862538409796016481e+01,-2.3781339437260736999e-12
9.5966285637512243056e+01,-2.2991143666577477991e-12
9.6070032865228469632e+01,-2.2225026873040799774e-12
9.6173780092944696207e+01,-2.1482243002179487295e-12
9.6277527320660936994e+01,-2.0762098087248595520e-12
9.6381274548377163569e+01,-2.0063901228326357051e-12
9.6485021776093390145e+01,-1.9386964497100204659e-12
9.6588769003809616720e+01,-1.8730602920907920799e-12
9.6692516231525843295e+01,-1.8094134466881084078e-12
9.6796263459242084082e+01,-1.7476880026190491585e-12
9.6900010686958310657e+01,-1.6878163398393165301e-12
9.7003757914674537233e+01,-1.6297331975601922042e-12
9.7107505142390763808e+01,-1.5733834607015305088e-12
9.7211252370106990384e+01,-1.5187151860714052264e-12
9.7314999597823231170e+01,-1.4656766524838807593e-12
9.7418746825539457745e+01,-1.4142163590773591956e-12
9.7522494053255684321e+01,-1.3642830241425976574e-12
9.7626241280971910896e+01,-1.3158255839582738733e-12
9.7729988508688137472e+01,-1.2687931916339337742e-12
9.7833735736404378258e+01,-1.2231352159602962691e-12
9.7937482964120604834e+01,-1.1788026273127130693e-12
9.8041230191836831409e+01,-1.1357534642390113889e-12
9.8144977419553057985e+01,-1.0939480600421336739e-12
9.8248724647269284560e+01,-1.0533469161867013637e-12
9.8352471874985525346e+01,-1.0139107007976471431e-12
9.8456219102701751922e+01,-9.7560024778215524952e-13
9.8559966330417978497e+01,-9.3837655595709073798e-13
9.8663713558134205073e+01,-9.0220078818198798161e-13
9.8767460785850431648e+01,-8.6703427049747996441e-13
9.8871208013566672435e+01,-8.3283914349901573567e-13
9.8974955241282899010e+01,-7.9958208523719463016e-13
9.9078702468999125585e+01,-7.6723171528165808213e-13
9.9182449696715352161e+01,-7.3575679010070577819e-13
9.9286196924431578736e+01,-7.0512619675198118956e-13
9.9389944152147819523e+01,-6.7530895220089302369e-13
9.9493691379864046098e+01,-6.4627420264332585772e-13
9.9597438607580272674e+01,-6.1799122283253978745e-13
9.9701185835296499249e+01,-5.9042941541031503152e-13
9.9804933063012725825e+01,-5.6355849519047547481e-13
9.9908680290728966611e+01,-5.3735064689278720766e-13
1.0001242751844519319e+02,-5.1177978007271685044e-13
1.0011617474616141976e+02,-4.8681994402574286601e-13
1.0021992197387764634e+02,-4.6244529550357283859e-13
1.0032366920159387291e+02,-4.3863009815852513557e-13
1.0042741642931011370e+02,-4.1534872199135257757e-13
1.0053116365702634027e+02,-3.9257564280250342168e-13
1.0063491088474256685e+02,-3.7028544164674246300e-13
1.0073865811245879343e+02,-3.4845338145864376611e-13
1.0084240534017502000e+02,-3.2708226571932974138e-13
1.0094615256789126079e+02,-3.0621370459753247896e-13
1.0104989979560748736e+02,-2.8589207881931128811e-13
1.0115364702332371394e+02,-2.6616158703612308651e-13
1.0125739425103994051e+02,-2.4706624675759233528e-13
1.0136114147875616709e+02,-2.2864989527853836952e-13
1.0146488870647240788e+02,-2.1095619060031545828e-13
1.0156863593418863445e+02,-1.9402861234651855482e-13
1.0167238316190486103e+02,-1.7791046267288696868e-13
1.0177613038962108760e+02,-1.6262810507490156429e-13
1.0187987761733732839e+02,-1.4814125094558876315e-13
1.0198362484505355496e+02,-1.3439326439645371185e-13
1.0208737207276978154e+02,-1.2132773976595918352e-13
1.0219111930048600811e+02,-1.0888850045086982384e-13
1.0229486652820223469e+02,-9.7019597744698038461e-14
1.0239861375591847548e+02,-8.5665309683211384621e-14
1.0250236098363470205e+02,-7.4770139896958906280e-14
1.0260610821135092863e+02,-6.4278816470743231761e-14
1.0270985543906715520e+02,-5.4142056410445905891e-14
1.0281360266678338178e+02,-4.4418165562730131361e-14
1.0291734989449962256e+02,-3.5260183639511617311e-14
1.0302109712221584914e+02,-2.6823810535549011514e-14
1.0312484434993207572e+02,-1.9264119587272140696e-14
1.0322859157764830229e+02,-1.2735560721318319574e-14
1.0333233880536452887e+02,-7.3919635840952787585e-15
1.0343608603308076965e+02,-3.3865406525110368375e-15
1.0353983326079699623e+02,-8.7189032600450243760e-16
1.0364358048851322280e+02,0.0000000000000000000e+00
