1.0000000000000000479e-04,2.5807013499842715051e-27
1.0384722771622945103e-01,1.7389847276539835791e-12
2.0759445543245888532e-01,5.4535088046749082959e-11
3.1134168314868831962e-01,4.0656544560004948137e-10
4.1508891086491778166e-01,1.6826946693283955449e-09
5.1883613858114718820e-01,5.0443185387941455319e-09
6.2258336629737665024e-01,1.2330558031433908265e-08
7.2633059401360611229e-01,2.6181876650281221897e-08
8.3007782172983557434e-01,5.0147151860286250895e-08
9.3382504944606503638e-01,8.8775190405108277357e-08
1.0375722771622943874e+00,1.4769163729614170053e-07
1.1413195048785238495e+00,2.3366219099442612234e-07
1.2450667325947533115e+00,3.5464299803607410158e-07
1.3488139603109827735e+00,5.1981906708816449208e-07
1.4525611880272122356e+00,7.3963149084872486059e-07
1.5563084157434416976e+00,1.0257942956174460880e-06
1.6600556434596711597e+00,1.3913015526961658339e-06
1.7638028711759006217e+00,1.8504256068507315455e-06
1.8675500988921300838e+00,2.4187069003925644754e-06
1.9712973266083595458e+00,3.1129362553175321061e-06
2.0750445543245890079e+00,3.9511300673047430477e-06
2.1787917820408186920e+00,4.9524990024357942126e-06
2.2825390097570479320e+00,6.1374108789396777708e-06
2.3862862374732776161e+00,7.5273482123957904323e-06
2.4900334651895068561e+00,9.1448607806575532933e-06
2.5937806929057365402e+00,1.1013513985128617613e-05
2.6975279206219657802e+00,1.3157833127446838718e-05
2.8012751483381954642e+00,1.5603244476119601834e-05
2.9050223760544247043e+00,1.8376012991319010521e-05
3.0087696037706543883e+00,2.1503177668821228191e-05
3.1125168314868836283e+00,2.5012484493659279826e-05
3.2162640592031133124e+00,2.8932317011814880358e-05
3.3200112869193425524e+00,3.3291626558090726409e-05
3.4237585146355717924e+00,3.8119859700363637823e-05
3.5275057423518014765e+00,4.3446885584194339092e-05
3.6312529700680307165e+00,4.9302922579540334235e-05
3.7350001977842604006e+00,5.5718464217440940298e-05
3.8387474255004896406e+00,6.2724205019050257464e-05
3.9424946532167193247e+00,7.0350966537060933398e-05
4.0462418809329481206e+00,7.8629623640013161551e-05
4.1499891086491773606e+00,8.7591030819464271999e-05
4.2537363363654074888e+00,9.7265949636932944088e-05
4.3574835640816367288e+00,1.0768497793669162214e-04
4.4612307917978659688e+00,1.1887847704977992376e-04
4.5649780195140952088e+00,1.3087650474539300909e-04
4.6687252472303253370e+00,1.4370874461686844958e-04
4.7724724749465545770e+00,1.5740444071938973361e-04
4.8762197026627838170e+00,1.7199233225576949016e-04
4.9799669303790130570e+00,1.8750058927903648668e-04
5.0837141580952422970e+00,2.0395675134893197461e-04
5.1874613858114724252e+00,2.2138766780460105983e-04
5.2912086135277016652e+00,2.3981943974257357438e-04
5.3949558412439309052e+00,2.5927736401759452801e-04
5.4987030689601601452e+00,2.7978587949363889226e-04
5.6024502966763902734e+00,3.0136851543086199149e-04
5.7061975243926195134e+00,3.2404784206771893506e-04
5.8099447521088487534e+00,3.4784542345943255922e-04
5.9136919798250779934e+00,3.7278177265765636943e-04
6.0174392075413081216e+00,3.9887630917832394162e-04
6.1211864352575373616e+00,4.2614731871839123560e-04
6.2249336629737666016e+00,4.5461191531235352770e-04
6.3286808906899958416e+00,4.8428600610333854236e-04
6.4324281184062259697e+00,5.1518425820714210204e-04
6.5361753461224552098e+00,5.4732006758771137214e-04
6.6399225738386844498e+00,5.8070553172629021336e-04
6.7436698015549136898e+00,6.1535142329468368524e-04
6.8474170292711429298e+00,6.5126716545271757727e-04
6.9511642569873730579e+00,6.8846081398785303768e-04
7.0549114847036022979e+00,7.2693903375167150203e-04
7.1586587124198315379e+00,7.6670708736134953517e-04
7.2624059401360607779e+00,8.0776881621142824705e-04
7.3661531678522909061e+00,8.5012663304547702627e-04
7.4699003955685201461e+00,8.9378150743489722871e-04
7.5736476232847493861e+00,9.3873296474814525974e-04
7.6773948510009786261e+00,9.8497907169190217387e-04
7.7811420787172087543e+00,1.0325164455285283822e-03
7.8848893064334379943e+00,1.0813402389309792473e-03
7.9886365341496672343e+00,1.1314441524124753315e-03
8.0923837618658964743e+00,1.1828204342683437331e-03
8.1961309895821266025e+00,1.2354598779975194730e-03
8.2998782172983549543e+00,1.2893518416121551792e-03
8.4036254450145850825e+00,1.3444842503445401938e-03
8.5073726727308152107e+00,1.4008436009319401999e-03
8.6111199004470435625e+00,1.4584149840849397299e-03
8.7148671281632736907e+00,1.5171820980160847809e-03
8.8186143558795020425e+00,1.5771272561343446360e-03
8.9223615835957321707e+00,1.6382314070194064354e-03
9.0261088113119622989e+00,1.7004741578264088390e-03
9.1298560390281906507e+00,1.7638337938169596723e-03
9.2336032667444207789e+00,1.8282872981117523521e-03
9.3373504944606509071e+00,1.8938103713667536494e-03
9.4410977221768792589e+00,1.9603774602452972951e-03
9.5448449498931093871e+00,2.0279617838983906436e-03
9.6485921776093377389e+00,2.0965353605088389924e-03
9.7523394053255678671e+00,2.1660690350902532531e-03
9.8560866330417979952e+00,2.2365325084836898926e-03
9.9598338607580263471e+00,2.3078943674107428932e-03
1.0063581088474256475e+01,2.3801221151679074692e-03
1.0167328316190484827e+01,2.4531822045342063440e-03
1.0271075543906714955e+01,2.5270400712933752119e-03
1.0374822771622945083e+01,2.6016601680793434090e-03
1.0478569999339173435e+01,2.6770059990253560270e-03
1.0582317227055403563e+01,2.7530401551570200455e-03
1.0686064454771633692e+01,2.8297243504705961621e-03
1.0789811682487862043e+01,2.9070194586381038933e-03
1.0893558910204092172e+01,2.9848855502823622675e-03
1.0997306137920320523e+01,3.0632819307673513770e-03
1.1101053365636550652e+01,3.1421671784538167914e-03
1.1204800593352780780e+01,3.2214991833697612794e-03
1.1308547821069009132e+01,3.3012351862510805507e-03
1.1412295048785239260e+01,3.3813318179079679231e-03
1.1516042276501469388e+01,3.4617451388768462339e-03
1.1619789504217697740e+01,3.5424306793180961907e-03
1.1723536731933927868e+01,3.6233434791240718038e-03
1.1827283959650156220e+01,3.7044381281660511245e-03
1.1931031187366386348e+01,3.7856688057771987165e-03
1.2034778415082616476e+01,3.8669893204981756717e-03
1.2138525642798844828e+01,3.9483531509574201074e-03
1.2242272870515074956e+01,4.0297134862773793459e-03
1.2346020098231303308e+01,4.1110232664572790920e-03
1.2449767325947533436e+01,4.1922352227356145596e-03
1.2553514553663763564e+01,4.2733019178949832942e-03
1.2657261781379991916e+01,4.3541757864658161420e-03
1.2761009009096222044e+01,4.4348091737049710401e-03
1.2864756236812452173e+01,4.5151543690683752091e-03
1.2968503464528680524e+01,4.5951636482224724259e-03
1.3072250692244910653e+01,4.6747893146361465047e-03
1.3175997919961139004e+01,4.7539837386754461510e-03
1.3279745147677369133e+01,4.8326993963284763101e-03
1.3383492375393599261e+01,4.9108889051194945172e-03
1.3487239603109827613e+01,4.9885050502875413411e-03
1.3590986830826057741e+01,5.0655008291971715534e-03
1.3694734058542286093e+01,5.1418294927641529368e-03
1.3798481286258516221e+01,5.2174445819211977618e-03
1.3902228513974746349e+01,5.2922999591638155217e-03
1.4005975741690974701e+01,5.3663498282875135223e-03
1.4109722969407204829e+01,5.4395487817847565024e-03
1.4213470197123434957e+01,5.5118518402191537045e-03
1.4317217424839663309e+01,5.5832144836781092551e-03
1.4420964652555893437e+01,5.6535926667619267397e-03
1.4524711880272121789e+01,5.7229428553321783080e-03
1.4628459107988351917e+01,5.7912220710761366793e-03
1.4732206335704582045e+01,5.8583879188877892655e-03
1.4835953563420810397e+01,5.9243985974938581998e-03
1.4939700791137040525e+01,5.9892129370522845591e-03
1.5043448018853268877e+01,6.0527904391378291316e-03
1.5147195246569499005e+01,6.1150912953917288886e-03
1.5250942474285729133e+01,6.1760763994653192915e-03
1.5354689702001957485e+01,6.2357073907733347531e-03
1.5458436929718187614e+01,6.2939466787065544151e-03
1.5562184157434417742e+01,6.3507574528600682987e-03
1.5665931385150646094e+01,6.4061037137274267836e-03
1.5769678612866876222e+01,6.4599502996979278266e-03
1.5873425840583104574e+01,6.5122628984112564121e-03
1.5977173068299334702e+01,6.5630080734758152253e-03
1.6080920296015563054e+01,6.6121532844691391709e-03
1.6184667523731793182e+01,6.6596668971848340876e-03
1.6288414751448023310e+01,6.7055182165992833696e-03
1.6392161979164253438e+01,6.7496774925895437411e-03
1.6495909206880483566e+01,6.7921159289189162248e-03
1.6599656434596710142e+01,6.8328057274756499873e-03
1.6703403662312940270e+01,6.8717200721651631665e-03
1.6807150890029170398e+01,6.9088331450081986659e-03
1.6910898117745400526e+01,6.9441201774590325183e-03
1.7014645345461630654e+01,6.9775574045496894376e-03
1.7118392573177857230e+01,7.0091221106203032906e-03
1.7222139800894087358e+01,7.0387926618334867648e-03
1.7325887028610317486e+01,7.0665484383477302627e-03
1.7429634256326547614e+01,7.0923699354441408285e-03
1.7533381484042777743e+01,7.1162387236441346228e-03
1.7637128711759004318e+01,7.1381374159339662164e-03
1.7740875939475234446e+01,7.1580497953216562848e-03
1.7844623167191464574e+01,7.1759606744482050747e-03
1.7948370394907694703e+01,7.1918559973697263402e-03
1.8052117622623924831e+01,7.2057228480113671987e-03
1.8155864850340154959e+01,7.2175493329434828663e-03
1.8259612078056381534e+01,7.2273247864719780686e-03
1.8363359305772611663e+01,7.2350395612735731582e-03
1.8467106533488841791e+01,7.2406851680780325714e-03
1.8570853761205071919e+01,7.2442542625596522896e-03
1.8674600988921302047e+01,7.2457405146294506793e-03
1.8778348216637528623e+01,7.2451388572357779475e-03
1.8882095444353758751e+01,7.2424451749008638898e-03
1.8985842672069988879e+01,7.2376565938204583811e-03
1.9089589899786219007e+01,7.2307712716846925249e-03
1.9193337127502449135e+01,7.2217884632194521977e-03
1.9297084355218675711e+01,7.2107086040360795359e-03
1.9400831582934905839e+01,7.1975330641887999908e-03
1.9504578810651135967e+01,7.1822645061575852987e-03
1.9608326038367366095e+01,7.1649064399521454269e-03
1.9712073266083596224e+01,7.1454636701448878341e-03
1.9815820493799822799e+01,7.1239418737105066753e-03
1.9919567721516052927e+01,7.1003479180847678398e-03
2.0023314949232283055e+01,7.0746896442575486763e-03
2.0127062176948513184e+01,7.0469759287860008271e-03
2.0230809404664743312e+01,7.0172167432900611761e-03
2.0334556632380969887e+01,6.9854229363494968821e-03
2.0438303860097200015e+01,6.9516065560963537923e-03
2.0542051087813430144e+01,6.9157803935743404969e-03
2.0645798315529660272e+01,6.8779585073917102328e-03
2.0749545543245890400e+01,6.8381556015188792522e-03
2.0853292770962120528e+01,6.7963876741463317283e-03
2.0957039998678347104e+01,6.7526713070316405838e-03
2.1060787226394577232e+01,6.7070243675170478428e-03
2.1164534454110807360e+01,6.6594652701108076817e-03
2.1268281681827037488e+01,6.6100136848651703039e-03
2.1372028909543267616e+01,6.5586898029796345325e-03
2.1475776137259494192e+01,6.5055150346110699952e-03
2.1579523364975724320e+01,6.4505112827781428339e-03
2.1683270592691954448e+01,6.3937016365615542343e-03
2.1787017820408184576e+01,6.3351096397693254167e-03
2.1890765048124414704e+01,6.2747599986577922912e-03
2.1994512275840641280e+01,6.2126778229533502138e-03
2.2098259503556871408e+01,6.1488893719603854998e-03
2.2202006731273101536e+01,6.0834212449599762290e-03
2.2305753958989331664e+01,6.0163011857179409664e-03
2.2409501186705561793e+01,5.9475572080674374287e-03
2.2513248414421788368e+01,5.8772184643560458281e-03
2.2616995642138018496e+01,5.8053143131606213534e-03
2.2720742869854248625e+01,5.7318752287518377753e-03
2.2824490097570478753e+01,5.6569318534105909185e-03
2.2928237325286708881e+01,5.5805158843006729200e-03
2.3031984553002939009e+01,5.5026591944256882452e-03
2.3135731780719165585e+01,5.4233945954607291201e-03
2.3239479008435395713e+01,5.3427551425860057496e-03
2.3343226236151625841e+01,5.2607746495532837355e-03
2.3446973463867855969e+01,5.1774873032532659628e-03
2.3550720691584086097e+01,5.0929278114034640806e-03
2.3654467919300312673e+01,5.0071314305264510297e-03
2.3758215147016542801e+01,4.9201336703391784083e-03
2.3861962374732772929e+01,4.8319707701995374960e-03
2.3965709602449003057e+01,4.7426789811293298613e-03
2.4069456830165233185e+01,4.6522953980360076676e-03
2.4173204057881459761e+01,4.5608570004305164919e-03
2.4276951285597689889e+01,4.4684015666821442353e-03
2.4380698513313920017e+01,4.3749668203199370761e-03
2.4484445741030150145e+01,4.2805910458004010552e-03
2.4588192968746380274e+01,4.1853127005172961403e-03
2.4691940196462606849e+01,4.0891704460510880370e-03
2.4795687424178836977e+01,3.9922034009387576126e-03
2.4899434651895067105e+01,3.8944505519351159221e-03
2.5003181879611297234e+01,3.7959515186369195347e-03
2.5106929107327527362e+01,3.6967456574128467958e-03
2.5210676335043753937e+01,3.5968728571100241041e-03
2.5314423562759984065e+01,3.4963729054434148844e-03
2.5418170790476214194e+01,3.3952857679245152661e-03
2.5521918018192444322e+01,3.2936516332012972554e-03
2.5625665245908674450e+01,3.1915104794431538478e-03
2.5729412473624904578e+01,3.0889027287146165676e-03
2.5833159701341131154e+01,2.9858684510129167126e-03
2.5936906929057361282e+01,2.8824480381831464430e-03
2.6040654156773591410e+01,2.7786817368738859872e-03
2.6144401384489821538e+01,2.6746097252254895718e-03
2.6248148612206051666e+01,2.5702723614369911952e-03
2.6351895839922278242e+01,2.4657096187972096096e-03
2.6455643067638508370e+01,2.3609617335554606947e-03
2.6559390295354738498e+01,2.2560686029152558774e-03
2.6663137523070968626e+01,2.1510700894467643836e-03
2.6766884750787198755e+01,2.0460060222529724214e-03
2.6870631978503425330e+01,1.9409158439214055022e-03
2.6974379206219655458e+01,1.8358391208045578974e-03
2.7078126433935885586e+01,1.7308150033477835532e-03
2.7181873661652115715e+01,1.6258825370304424030e-03
2.7285620889368345843e+01,1.5210806095801807786e-03
2.7389368117084572418e+01,1.4164476890508410564e-03
2.7493115344800802546e+01,1.3120222214816667020e-03
2.7596862572517032675e+01,1.2078422154017174998e-03
2.7700609800233262803e+01,1.1039454463482769719e-03
2.7804357027949492931e+01,1.0003694656478905566e-03
2.7908104255665723059e+01,8.9715135867317569000e-04
2.8011851483381949635e+01,7.9432803835254224036e-04
2.8115598711098179763e+01,6.9193599041885204236e-04
2.8219345938814409891e+01,5.9001132775692477668e-04
2.8323093166530640019e+01,4.8858987807323152330e-04
2.8426840394246870147e+01,3.8770698528911237430e-04
2.8530587621963096723e+01,2.8739765542713107977e-04
2.8634334849679326851e+01,1.8769648133428368285e-04
2.8738082077395556979e+01,8.8637590266051380947e-05
2.8841829305111787107e+01,-9.7452832920556437722e-06
2.8945576532828017235e+01,-1.0741887020575838435e-04
2.9049323760544243811e+01,-2.0435037310075751722e-04
2.9153070988260473939e+01,-3.0050745733651570502e-04
2.9256818215976704067e+01,-3.9585825605934426381e-04
2.9360565443692934195e+01,-4.9037143453400672960e-04
2.9464312671409164324e+01,-5.8401614143735393510e-04
2.9568059899125390899e+01,-6.7676200966167165962e-04
2.9671807126841621027e+01,-7.6857927941616568934e-04
2.9775554354557851156e+01,-8.5943864842570095747e-04
2.9879301582274081284e+01,-9.4931136458421914309e-04
2.9983048809990311412e+01,-1.0381693188916056407e-03
3.0086796037706537987e+01,-1.1259848278071336175e-03
3.0190543265422768116e+01,-1.2127308631766872161e-03
3.0294290493138998244e+01,-1.2983810212531571478e-03
3.0398037720855228372e+01,-1.3829093141887675422e-03
3.0501784948571458500e+01,-1.4662905250606632183e-03
3.0605532176287688628e+01,-1.5485000016089139202e-03
3.0709279404003915204e+01,-1.6295135322542263386e-03
3.0813026631720145332e+01,-1.7093077733618452368e-03
3.0916773859436375460e+01,-1.7878598682547288973e-03
3.1020521087152605588e+01,-1.8651474597433327553e-03
3.1124268314868835716e+01,-1.9411491178840259778e-03
3.1228015542585062292e+01,-2.0158438264016279202e-03
3.1331762770301292420e+01,-2.0892111480556346988e-03
3.1435509998017522548e+01,-2.1612315956775450532e-03
3.1539257225733752676e+01,-2.2318860370427679243e-03
3.1643004453449982805e+01,-2.3011560016341970659e-03
3.1746751681166209380e+01,-2.3690239706285064376e-03
3.1850498908882439508e+01,-2.4354727344550238660e-03
3.1954246136598669636e+01,-2.5004858183888256651e-03
3.2057993364314903317e+01,-2.5640476947835170313e-03
3.2161740592031129893e+01,-2.6261431086725215561e-03
3.2265487819747363574e+01,-2.6867575944365630278e-03
3.2369235047463590149e+01,-2.7458776351240981456e-03
3.2472982275179823830e+01,-2.8034899551793350872e-03
3.2576729502896050406e+01,-2.8595820973657268618e-03
3.2680476730612276981e+01,-2.9141425704066578790e-03
3.2784223958328510662e+01,-2.9671600964095829443e-03
3.2887971186044737237e+01,-3.0186242130691267119e-03
3.2991718413760970918e+01,-3.0685254634944805416e-03
3.3095465641477197494e+01,-3.1168545805152886828e-03
3.3199212869193424069e+01,-3.1636030719466847957e-03
3.3302960096909657750e+01,-3.2087635153253096613e-03
3.3406707324625884326e+01,-3.2523286635657770553e-03
3.3510454552342118006e+01,-3.2942919609377082843e-03
3.3614201780058344582e+01,-3.3346480072753538829e-03
3.3717949007774571157e+01,-3.3733915819687590974e-03
3.3821696235490804838e+01,-3.4105180284342501498e-03
3.3925443463207031414e+01,-3.4460239392334803682e-03
3.4029190690923265095e+01,-3.4799061224745696068e-03
3.4132937918639491670e+01,-3.5121617896405853132e-03
3.4236685146355718246e+01,-3.5427894711536050271e-03
3.4340432374071951926e+01,-3.5717879982385750126e-03
3.4444179601788178502e+01,-3.5991564403954870617e-03
3.4547926829504412183e+01,-3.6248951762666613632e-03
3.4651674057220638758e+01,-3.6490050458909532340e-03
3.4755421284936865334e+01,-3.6714869878826787188e-03
3.4859168512653099015e+01,-3.6923431144755096411e-03
3.4962915740369325590e+01,-3.7115762444463917986e-03
3.5066662968085559271e+01,-3.7291892070143647930e-03
3.5170410195801785846e+01,-3.7451857347737087245e-03
3.5274157423518012422e+01,-3.7595705635307305990e-03
3.5377904651234246103e+01,-3.7723484316256488715e-03
3.5481651878950472678e+01,-3.7835246158196720809e-03
3.5585399106666706359e+01,-3.7931056548115059737e-03
3.5689146334382932935e+01,-3.8010981901944501833e-03
3.5792893562099159510e+01,-3.8075090540753658667e-03
3.5896640789815393191e+01,-3.8123463944480110235e-03
3.6000388017531619766e+01,-3.8156187184979523282e-03
3.6104135245247853447e+01,-3.8173345092102663190e-03
3.6207882472964080023e+01,-3.8175032861223292570e-03
3.6311629700680313704e+01,-3.8161353509121045090e-03
3.6415376928396540279e+01,-3.8132409167804634693e-03
3.6519124156112766855e+01,-3.8088307344934769182e-03
3.6622871383829000536e+01,-3.8029167375526629763e-03
3.6726618611545227111e+01,-3.7955108796130392936e-03
3.6830365839261460792e+01,-3.7866251992133052005e-03
3.6934113066977687367e+01,-3.7762729612425337093e-03
3.7037860294693913943e+01,-3.7644678030862516530e-03
3.7141607522410147624e+01,-3.7512232399899824581e-03
3.7245354750126374199e+01,-3.7365535510925310808e-03
3.7349101977842607880e+01,-3.7204739300669949567e-03
3.7452849205558834456e+01,-3.7029994635843152540e-03
3.7556596433275061031e+01,-3.6841454004970649802e-03
3.7660343660991294712e+01,-3.6639281830119665821e-03
3.7764090888707521287e+01,-3.6423644248590276648e-03
3.7867838116423754968e+01,-3.6194706005700867830e-03
3.7971585344139981544e+01,-3.5952639679793008988e-03
3.8075332571856208119e+01,-3.5697625466312456720e-03
3.8179079799572441800e+01,-3.5429842005477102732e-03
3.8282827027288668376e+01,-3.5149469123130980264e-03
3.8386574255004902056e+01,-3.4856697631920909551e-03
3.8490321482721128632e+01,-3.4551719634458503798e-03
3.8594068710437355207e+01,-3.4234725428860489360e-03
3.8697815938153588888e+01,-3.3905911504883722886e-03
3.8801563165869815464e+01,-3.3565481937834653996e-03
3.8905310393586049145e+01,-3.3213639182323594252e-03
3.9009057621302275720e+01,-3.2850585395099198005e-03
3.9112804849018502296e+01,-3.2476532209895925957e-03
3.9216552076734735977e+01,-3.2091693509217573618e-03
3.9320299304450962552e+01,-3.1696280963746229810e-03
3.9424046532167196233e+01,-3.1290509219152468079e-03
3.9527793759883422808e+01,-3.0874601261195030663e-03
3.9631540987599649384e+01,-3.0448779029543524347e-03
3.9735288215315883065e+01,-3.0013262666712774152e-03
3.9839035443032109640e+01,-2.9568278536882294620e-03
3.9942782670748343321e+01,-2.9114057591238277564e-03
4.0046529898464569897e+01,-2.8650828590457018928e-03
4.0150277126180796472e+01,-2.8178819700551411935e-03
4.0254024353897030153e+01,-2.7698266655942038565e-03
4.0357771581613256728e+01,-2.7209406221253974560e-03
4.0461518809329490409e+01,-2.6712472746341199906e-03
4.0565266037045716985e+01,-2.6207701823098275215e-03
4.0669013264761943560e+01,-2.5695335656824281299e-03
4.0772760492478177241e+01,-2.5175615360494970826e-03
4.0876507720194403817e+01,-2.4648779737586707858e-03
4.0980254947910637497e+01,-2.4115070518293370630e-03
4.1084002175626864073e+01,-2.3574733905668255295e-03
4.1187749403343097754e+01,-2.3028014081961090120e-03
4.1291496631059324329e+01,-2.2475153200871436990e-03
4.1395243858775550905e+01,-2.1916397266874211754e-03
4.1498991086491784586e+01,-2.1351994608478073491e-03
4.1602738314208011161e+01,-2.0782191197751260885e-03
4.1706485541924244842e+01,-2.0207231341051261862e-03
4.1810232769640471417e+01,-1.9627363302134274298e-03
4.1913979997356697993e+01,-1.9042836001014131105e-03
4.2017727225072931674e+01,-1.8453895920420529831e-03
4.2121474452789158249e+01,-1.7860788193685610357e-03
4.2225221680505391930e+01,-1.7263761415581325726e-03
4.2328968908221618506e+01,-1.6663063730419042183e-03
4.2432716135937845081e+01,-1.6058940857284439464e-03
4.2536463363654078762e+01,-1.5451637333806409434e-03
4.2640210591370305337e+01,-1.4841400338135204550e-03
4.2743957819086539018e+01,-1.4228475944332256032e-03
4.2847705046802765594e+01,-1.3613107843259268127e-03
4.2951452274518992169e+01,-1.2995538522581203626e-03
4.3055199502235225850e+01,-1.2376012181674583400e-03
4.3158946729951452426e+01,-1.1754771561488170425e-03
4.3262693957667686107e+01,-1.1132057074674356865e-03
4.3366441185383912682e+01,-1.0508107746092334219e-03
4.3470188413100139257e+01,-9.8831633839339613767e-04
4.3573935640816372938e+01,-9.2574621552202077199e-04
4.3677682868532599514e+01,-8.6312399641298991494e-04
4.3781430096248833195e+01,-8.0047310587871031793e-04
4.3885177323965059770e+01,-7.3781695575250868212e-04
4.3988924551681286346e+01,-6.7517878385146455015e-04
4.4092671779397520027e+01,-6.1258160928428617275e-04
4.4196419007113746602e+01,-5.5004826023895899301e-04
4.4300166234829980283e+01,-4.8760146017242761126e-04
4.4403913462546206858e+01,-4.2526374967574086207e-04
4.4507660690262433434e+01,-3.6305745917225573649e-04
4.4611407917978667115e+01,-3.0100471296001828688e-04
4.4715155145694893690e+01,-2.3912743940594088921e-04
4.4818902373411127371e+01,-1.7744736725883151107e-04
4.4922649601127353947e+01,-1.1598602454549059645e-04
4.5026396828843580522e+01,-5.4764732112749248680e-05
4.5130144056559814203e+01,6.1954661991286889863e-06
4.5233891284276040778e+01,6.6873763337252654969e-05
4.5337638511992274459e+01,1.2724954313121663815e-04
4.5441385739708501035e+01,1.8730238553021626179e-04
4.5545132967424727610e+01,2.4701219964872486549e-04
4.5648880195140961291e+01,3.0635920214584658281e-04
4.5752627422857187867e+01,3.6532379332420474851e-04
4.5856374650573421548e+01,4.2388655341387061109e-04
4.5960121878289648123e+01,4.8202839413375234145e-04
4.6063869106005881804e+01,5.3973064248998535181e-04
4.6167616333722108379e+01,5.9697481443615003829e-04
4.6271363561438334955e+01,6.5374259173257701690e-04
4.6375110789154568636e+01,7.1001593461119500653e-04
4.6478858016870795211e+01,7.6577733644376470411e-04
4.6582605244587028892e+01,8.2100952197848358835e-04
4.6686352472303255468e+01,8.7569536952099985561e-04
4.6790099700019482043e+01,9.2981796158422597327e-04
4.6893846927735715724e+01,9.8336096101639099490e-04
4.6997594155451942299e+01,1.0363083863923151697e-03
4.7101341383168175980e+01,1.0886443985650684756e-03
4.7205088610884402556e+01,1.1403533080051508810e-03
4.7308835838600629131e+01,1.1914199168800983057e-03
4.7412583066316862812e+01,1.2418295932508116065e-03
4.7516330294033089388e+01,1.2915678593584669579e-03
4.7620077521749323068e+01,1.3406203636193417175e-03
4.7723824749465549644e+01,1.3889730547359993140e-03
4.7827571977181776219e+01,1.4366126317219914295e-03
4.7931319204898009900e+01,1.4835260493504208706e-03
4.8035066432614236476e+01,1.5297003750958896185e-03
4.8138813660330470157e+01,1.5751228276242683606e-03
4.8242560888046696732e+01,1.6197813102428080482e-03
4.8346308115762923308e+01,1.6636642624758954303e-03
4.8450055343479156988e+01,1.7067602334550190796e-03
4.8553802571195383564e+01,1.7490578706797568504e-03
4.8657549798911617245e+01,1.7905462014056110036e-03
4.8761297026627843820e+01,1.8312151001287854408e-03
4.8865044254344070396e+01,1.8710546515421000360e-03
4.8968791482060304077e+01,1.9100550243662292160e-03
4.9072538709776530652e+01,1.9482065211283931122e-03
4.9176285937492764333e+01,1.9855002189586245208e-03
4.9280033165208990908e+01,2.0219277715252332098e-03
4.9383780392925217484e+01,2.0574809138489175316e-03
4.9487527620641451165e+01,2.0921514503193260927e-03
4.9591274848357677740e+01,2.1259315238900265872e-03
4.9695022076073911421e+01,2.1588142310863581673e-03
4.9798769303790137997e+01,2.1907929082553454989e-03
4.9902516531506364572e+01,2.2218609471589077092e-03
5.0006263759222598253e+01,2.2520118178681182257e-03
5.0110010986938824828e+01,2.2812396895072555546e-03
5.0213758214655058509e+01,2.3095394881434971879e-03
5.0317505442371285085e+01,2.3369062180480025363e-03
5.0421252670087511660e+01,2.3633349246089643998e-03
5.0524999897803745341e+01,2.3888208282835791431e-03
5.0628747125519971917e+01,2.4133601276254373728e-03
5.0732494353236205598e+01,2.4369494527144573877e-03
5.0836241580952432173e+01,2.4595854626429992408e-03
5.0939988808668665854e+01,2.4812648442303370661e-03
5.1043736036384892429e+01,2.5019846726066345168e-03
5.1147483264101119005e+01,2.5217430402388243266e-03
5.1251230491817352686e+01,2.5405382243426522654e-03
5.1354977719533579261e+01,2.5583685160553201049e-03
5.1458724947249812942e+01,2.5752322357535314956e-03
5.1562472174966039518e+01,2.5911283551425003113e-03
5.1666219402682266093e+01,2.6060567037417339820e-03
5.1769966630398499774e+01,2.6200171714363036136e-03
5.1873713858114726349e+01,2.6330096489921928429e-03
5.1977461085830960030e+01,2.6450340875623958026e-03
5.2081208313547186606e+01,2.6560913005620107909e-03
5.2184955541263413181e+01,2.6661827436362923148e-03
5.2288702768979646862e+01,2.6753098767740273595e-03
5.2392449996695873438e+01,2.6834741483997511836e-03
5.2496197224412107118e+01,2.6906771219737338902e-03
5.2599944452128333694e+01,2.6969213447931772096e-03
5.2703691679844560269e+01,2.7022098156461262820e-03
5.2807438907560793950e+01,2.7065455125893033393e-03
5.2911186135277020526e+01,2.7099313903221657063e-03
5.3014933362993254207e+01,2.7123705779135039162e-03
5.3118680590709480782e+01,2.7138672297386330808e-03
5.3222427818425707358e+01,2.7144258151735084668e-03
5.3326175046141941039e+01,2.7140507690395004534e-03
5.3429922273858167614e+01,2.7127464917128304295e-03
5.3533669501574401295e+01,2.7105176002983691341e-03
5.3637416729290627870e+01,2.7073697287497760708e-03
5.3741163957006854446e+01,2.7033087435585660338e-03
5.3844911184723088127e+01,2.6983404660037351927e-03
5.3948658412439314702e+01,2.6924706725860369713e-03
5.4052405640155548383e+01,2.6857053656373182024e-03
5.4156152867871774959e+01,2.6780515350825267670e-03
5.4259900095588001534e+01,2.6695163645111120825e-03
5.4363647323304235215e+01,2.6601069826760635403e-03
5.4467394551020461790e+01,2.6498304640161633207e-03
5.4571141778736695471e+01,2.6386940790433348336e-03
5.4674889006452922047e+01,2.6267060493425343180e-03
5.4778636234169148622e+01,2.6138747874839291657e-03
5.4882383461885382303e+01,2.6002086424266879217e-03
5.4986130689601608879e+01,2.5857159001190900896e-03
5.5089877917317842559e+01,2.5704049805890388791e-03
5.5193625145034069135e+01,2.5542852043014159513e-03
5.5297372372750295710e+01,2.5373661167528501099e-03
5.5401119600466529391e+01,2.5196571920155994007e-03
5.5504866828182755967e+01,2.5011678333278705710e-03
5.5608614055898989648e+01,2.4819075003770013285e-03
5.5712361283615216223e+01,2.4618864665436009966e-03
5.5816108511331449904e+01,2.4411153056817839167e-03
5.5919855739047676479e+01,2.4196045145849632944e-03
5.6023602966763903055e+01,2.3973645122926630704e-03
5.6127350194480136736e+01,2.3744057019398820928e-03
5.6231097422196363311e+01,2.3507391543157187506e-03
5.6334844649912596992e+01,2.3263763552256594425e-03
5.6438591877628823568e+01,2.3013287150874086121e-03
5.6542339105345050143e+01,2.2756075605726306527e-03
5.6646086333061283824e+01,2.2492241527672369832e-03
5.6749833560777510399e+01,2.2221902098240845121e-03
5.6853580788493744080e+01,2.1945179942845362102e-03
5.6957328016209970656e+01,2.1662197150500738831e-03
5.7061075243926197231e+01,2.1373074922303178860e-03
5.7164822471642430912e+01,2.1077933589737354522e-03
5.7268569699358657488e+01,2.0776895621782156230e-03
5.7372316927074891169e+01,2.0470089772061175748e-03
5.7476064154791117744e+01,2.0157644909857756581e-03
5.7579811382507344319e+01,1.9839688975669175081e-03
5.7683558610223578000e+01,1.9516348989559078111e-03
5.7787305837939804576e+01,1.9187752143311671317e-03
5.7891053065656038257e+01,1.8854031306561793574e-03
5.7994800293372264832e+01,1.8515320874519485949e-03
5.8098547521088491408e+01,1.8171754286922627616e-03
5.8202294748804725089e+01,1.7823464032068719442e-03
5.8306041976520951664e+01,1.7470581838022697461e-03
5.8409789204237185345e+01,1.7113242783355906481e-03
5.8513536431953411920e+01,1.6751585318403453603e-03
5.8617283659669638496e+01,1.6385747105269695724e-03
5.8721030887385872177e+01,1.6015864833183594048e-03
5.8824778115102098752e+01,1.5642074227687778522e-03
5.8928525342818332433e+01,1.5264511676973428408e-03
5.9032272570534559009e+01,1.4883317735291344813e-03
5.9136019798250785584e+01,1.4498632982574001342e-03
5.9239767025967019265e+01,1.4110597013957397634e-03
5.9343514253683245840e+01,1.3719348448389509683e-03
5.9447261481399479521e+01,1.3325025179520384126e-03
5.9551008709115706097e+01,1.2927767650996648680e-03
5.9654755936831932672e+01,1.2527717972717772061e-03
5.9758503164548166353e+01,1.2125017332501981330e-03
5.9862250392264392929e+01,1.1719805939397510974e-03
5.9965997619980626610e+01,1.1312223032675762860e-03
6.0069744847696853185e+01,1.0902407979276422783e-03
6.0173492075413079760e+01,1.0490502562070548598e-03
6.0277239303129313441e+01,1.0076648240140918984e-03
6.0380986530845540017e+01,9.6609855003446315838e-04
6.0484733758561773698e+01,9.2436538656510145243e-04
6.0588480986278000273e+01,8.8247919858889503544e-04
6.0692228213994233954e+01,8.4045393792296218139e-04
6.0795975441710460530e+01,7.9830363826724644576e-04
6.0899722669426687105e+01,7.5604224505834282267e-04
6.1003469897142920786e+01,7.1368360886608591710e-04
6.1107217124859147361e+01,6.7124148619887905563e-04
6.1210964352575381042e+01,6.2872956693861418217e-04
6.1314711580291607618e+01,5.8616160162207721698e-04
6.1418458808007834193e+01,5.4355130260918085080e-04
6.1522206035724067874e+01,5.0091228983394704873e-04
6.1625953263440294450e+01,4.5825809151382734807e-04
6.1729700491156528130e+01,4.1560214503758155036e-04
6.1833447718872754706e+01,3.7295782405670659370e-04
6.1937194946588981281e+01,3.3033847235268464296e-04
6.2040942174305214962e+01,2.8775735265001577308e-04
6.2144689402021441538e+01,2.4522763910757799195e-04
6.2248436629737675219e+01,2.0276241805665330860e-04
6.2352183857453901794e+01,1.6037468801934027791e-04
6.2455931085170128370e+01,1.1807734084749156275e-04
6.2559678312886362050e+01,7.5883160142090674144e-05
6.2663425540602588626e+01,3.3804843641663157884e-05
6.2767172768318822307e+01,-8.1449948671334331646e-06
6.2870919996035048882e+01,-4.9953824856815488321e-05
6.2974667223751275458e+01,-9.1609207186493151007e-05
6.3078414451467509139e+01,-1.3309888871847520039e-04
6.3182161679183735714e+01,-1.7441076479232268471e-04
6.3285908906899969395e+01,-2.1553281129492877556e-04
6.3389656134616195970e+01,-2.5645308283064915163e-04
6.3493403362332422546e+01,-2.9715971207820626038e-04
6.3597150590048656227e+01,-3.3764093731132930037e-04
6.3700897817764882802e+01,-3.7788527375917153233e-04
6.3804645045481116483e+01,-4.1788139816912602638e-04
6.3908392273197343059e+01,-4.5761806116805328355e-04
6.4012139500913576740e+01,-4.9708408631219660676e-04
6.4115886728629803315e+01,-5.3626836949711726571e-04
6.4219633956346029890e+01,-5.7515993326810754306e-04
6.4323381184062256466e+01,-6.1374816323823673612e-04
6.4427128411778497252e+01,-6.5202261025246286037e-04
6.4530875639494723828e+01,-6.8997289241669041825e-04
6.4634622867210950403e+01,-7.2758869449416349942e-04
6.4738370094927176979e+01,-7.6485976737133032789e-04
6.4842117322643403554e+01,-8.0177600625086422204e-04
6.4945864550359644340e+01,-8.3832774634312308502e-04
6.5049611778075870916e+01,-8.7450549631397638418e-04
6.5153359005792097491e+01,-9.1029982530292511463e-04
6.5257106233508324067e+01,-9.4570136242305041004e-04
6.5360853461224550642e+01,-9.8070079628503740478e-04
6.5464600688940791429e+01,-1.0152889628538097448e-03
6.5568347916657018004e+01,-1.0494572053243340914e-03
6.5672095144373244580e+01,-1.0831970640503276945e-03
6.5775842372089471155e+01,-1.1165001328170744838e-03
6.5879589599805697731e+01,-1.1493580583623100571e-03
6.5983336827521938517e+01,-1.1817625399599364019e-03
6.6087084055238165092e+01,-1.2137054068039635976e-03
6.6190831282954391668e+01,-1.2451790444204424886e-03
6.6294578510670618243e+01,-1.2761760876505614647e-03
6.6398325738386844819e+01,-1.3066892178984291020e-03
6.6502072966103085605e+01,-1.3367111622379526485e-03
6.6605820193819312180e+01,-1.3662346930571422996e-03
6.6709567421535538756e+01,-1.3952526786174571875e-03
6.6813314649251765331e+01,-1.4237585519317917312e-03
6.6917061876967991907e+01,-1.4517460913507542874e-03
6.7020809104684232693e+01,-1.4792091176051281026e-03
6.7124556332400459269e+01,-1.5061414896282239364e-03
6.7228303560116685844e+01,-1.5325371042611234378e-03
6.7332050787832912420e+01,-1.5583899167021936227e-03
6.7435798015549138995e+01,-1.5836943843552228530e-03
6.7539545243265379781e+01,-1.6084454567809258144e-03
6.7643292470981606357e+01,-1.6326381339339484083e-03
6.7747039698697832932e+01,-1.6562674463970515973e-03
6.7850786926414059508e+01,-1.6793284551469371806e-03
6.7954534154130286083e+01,-1.7018162539630999914e-03
6.8058281381846526870e+01,-1.7237262915887285007e-03
6.8162028609562753445e+01,-1.7450546780495186650e-03
6.8265775837278980021e+01,-1.7657976201552534785e-03
6.8369523064995206596e+01,-1.7859513477395969148e-03
6.8473270292711433171e+01,-1.8055121134856711666e-03
6.8577017520427673958e+01,-1.8244761927532222433e-03
6.8680764748143900533e+01,-1.8428400304488978464e-03
6.8784511975860127109e+01,-1.8606008162323018143e-03
6.8888259203576353684e+01,-1.8777559787171228031e-03
6.8992006431292580260e+01,-1.8943029620443053822e-03
6.9095753659008821046e+01,-1.9102392257052817123e-03
6.9199500886725047621e+01,-1.9255622444268873875e-03
6.9303248114441274197e+01,-1.9402695400621676209e-03
6.9406995342157500772e+01,-1.9543592306995572448e-03
6.9510742569873727348e+01,-1.9678299519685625053e-03
6.9614489797589968134e+01,-1.9806803645798622474e-03
6.9718237025306194710e+01,-1.9929091372160789505e-03
6.9821984253022421285e+01,-2.0045149464725637266e-03
6.9925731480738647861e+01,-2.0154964770765690894e-03
7.0029478708454874436e+01,-2.0258526885348249365e-03
7.0133225936171115222e+01,-2.0355833101843245035e-03
7.0236973163887341798e+01,-2.0446882086409489364e-03
7.0340720391603568373e+01,-2.0531672513075150018e-03
7.0444467619319794949e+01,-2.0610203063679663656e-03
7.0548214847036021524e+01,-2.0682472427816351278e-03
7.0651962074752262311e+01,-2.0748479751958289266e-03
7.0755709302468488886e+01,-2.0808230626865658816e-03
7.0859456530184715461e+01,-2.0861735424951375478e-03
7.0963203757900942037e+01,-2.0909004574073963845e-03
7.1066950985617168612e+01,-2.0950048441199420508e-03
7.1170698213333409399e+01,-2.0984877332845060412e-03
7.1274445441049635974e+01,-2.1013501495709017639e-03
7.1378192668765862550e+01,-2.1035933373067692773e-03
7.1481939896482089125e+01,-2.1052193193481704911e-03
7.1585687124198315701e+01,-2.1062302777775741142e-03
7.1689434351914556487e+01,-2.1066283820460217011e-03
7.1793181579630783062e+01,-2.1064157890643927552e-03
7.1896928807347009638e+01,-2.1055946432938796656e-03
7.2000676035063236213e+01,-2.1041670910539587470e-03
7.2104423262779462789e+01,-2.1021357646411604862e-03
7.2208170490495703575e+01,-2.0995038982726120687e-03
7.2311917718211930151e+01,-2.0962747459610038721e-03
7.2415664945928156726e+01,-2.0924515430714133064e-03
7.2519412173644383302e+01,-2.0880375064546942074e-03
7.2623159401360624088e+01,-2.0830358345797182762e-03
7.2726906629076850663e+01,-2.0774497803320128575e-03
7.2830653856793077239e+01,-2.0712832636580538748e-03
7.2934401084509303814e+01,-2.0645405589586173639e-03
7.3038148312225530390e+01,-2.0572259202577400025e-03
7.3141895539941771176e+01,-2.0493435774431825909e-03
7.3245642767657997751e+01,-2.0408977364373731729e-03
7.3349389995374224327e+01,-2.0318925793668856164e-03
7.3453137223090450902e+01,-2.0223324311526035858e-03
7.3556884450806677478e+01,-2.0122223217530076263e-03
7.3660631678522918264e+01,-2.0015674525818236834e-03
7.3764378906239144840e+01,-1.9903729957956883302e-03
7.3868126133955371415e+01,-1.9786440944942148591e-03
7.3971873361671597991e+01,-1.9663858629237617077e-03
7.4075620589387824566e+01,-1.9536033872338933251e-03
7.4179367817104065352e+01,-1.9403019846386728581e-03
7.4283115044820291928e+01,-1.9264876141106021621e-03
7.4386862272536518503e+01,-1.9121663085494907276e-03
7.4490609500252745079e+01,-1.8973440672457278933e-03
7.4594356727968971654e+01,-1.8820268561139986713e-03
7.4698103955685212441e+01,-1.8662206079250614511e-03
7.4801851183401439016e+01,-1.8499312253694266510e-03
7.4905598411117665592e+01,-1.8331648901944315976e-03
7.5009345638833892167e+01,-1.8159283387859021831e-03
7.5113092866550118742e+01,-1.7982283357206333904e-03
7.5216840094266359529e+01,-1.7800716082536601533e-03
7.5320587321982586104e+01,-1.7614648465753112837e-03
7.5424334549698812680e+01,-1.7424147040661064866e-03
7.5528081777415039255e+01,-1.7229278017785261325e-03
7.5631829005131265831e+01,-1.7030110368589437830e-03
7.5735576232847506617e+01,-1.6826717895946983854e-03
7.5839323460563733192e+01,-1.6619174492999706609e-03
7.5943070688279959768e+01,-1.6407553649102183963e-03
7.6046817915996186343e+01,-1.6191928452576245107e-03
7.6150565143712412919e+01,-1.5972371593442756706e-03
7.6254312371428653705e+01,-1.5748955396666897925e-03
7.6358059599144880281e+01,-1.5521754480132717025e-03
7.6461806826861106856e+01,-1.5290847798965516349e-03
7.6565554054577333432e+01,-1.5056314364537057553e-03
7.6669301282293560007e+01,-1.4818232760553237334e-03
7.6773048510009800793e+01,-1.4576681145943690045e-03
7.6876795737726027369e+01,-1.4331737257728147193e-03
7.6980542965442253944e+01,-1.4083478422502976150e-03
7.7084290193158480520e+01,-1.3831983488994767807e-03
7.7188037420874707095e+01,-1.3577335255505356727e-03
7.7291784648590947882e+01,-1.3319616675266984090e-03
7.7395531876307174457e+01,-1.3058910256723127961e-03
7.7499279104023401032e+01,-1.2795298066505442734e-03
7.7603026331739627608e+01,-1.2528861732387210418e-03
7.7706773559455854183e+01,-1.2259682446267218970e-03
7.7810520787172094970e+01,-1.1987842052946914503e-03
7.7914268014888321545e+01,-1.1713425829788105380e-03
7.8018015242604548121e+01,-1.1436519461622627735e-03
7.8121762470320774696e+01,-1.1157208178117815692e-03
7.8225509698037001272e+01,-1.0875576756794826973e-03
7.8329256925753242058e+01,-1.0591709526022903554e-03
7.8433004153469468633e+01,-1.0305690367990135489e-03
7.8536751381185695209e+01,-1.0017603136598749597e-03
7.8640498608901921784e+01,-9.7275341917044675418e-04
7.8744245836618148360e+01,-9.4355707144496293436e-04
7.8847993064334389146e+01,-9.1417994322702056734e-04
7.8951740292050615722e+01,-8.8463066167425051176e-04
7.9055487519766842297e+01,-8.5491780865741009120e-04
7.9159234747483068872e+01,-8.2504992105717107898e-04
7.9262981975199295448e+01,-7.9503549890749282674e-04
7.9366729202915536234e+01,-7.6488316537803109543e-04
7.9470476430631762810e+01,-7.3460165920853593910e-04
7.9574223658347989385e+01,-7.0419968003210503364e-04
7.9677970886064215961e+01,-6.7368588217130783054e-04
7.9781718113780442536e+01,-6.4306887493278833221e-04
7.9885465341496683322e+01,-6.1235722289957120190e-04
7.9989212569212909898e+01,-5.8155944634202632031e-04
8.0092959796929136473e+01,-5.5068407595016506326e-04
8.0196707024645363049e+01,-5.1973973863319439508e-04
8.0300454252361589624e+01,-4.8873503897858730071e-04
8.0404201480077830411e+01,-4.5767853716309345657e-04
8.0507948707794056986e+01,-4.2657874923890761777e-04
8.0611695935510283562e+01,-3.9544414741758573788e-04
8.0715443163226510137e+01,-3.6428316035181382629e-04
8.0819190390942736713e+01,-3.3310417887932582213e-04
8.0922937618658977499e+01,-3.0191560488464187165e-04
8.1026684846375204074e+01,-2.7072582808296746576e-04
8.1130432074091430650e+01,-2.3954319563676296787e-04
8.1234179301807657225e+01,-2.0837601206659134984e-04
8.1337926529523883801e+01,-1.7723253952306512629e-04
8.1441673757240124587e+01,-1.4612099805671346399e-04
8.1545420984956351163e+01,-1.1504956583688444359e-04
8.1649168212672577738e+01,-8.4026369427720332952e-05
8.1752915440388804313e+01,-5.3059471927183754774e-05
8.1856662668105030889e+01,-2.2156892577622811532e-05
8.1960409895821271675e+01,8.6733899823276383985e-06
8.2064157123537498251e+01,3.9423437461069022619e-05
8.2167904351253724826e+01,7.0085351659348414243e-05
8.2271651578969951402e+01,1.0065127421745293955e-04
8.2375398806686192188e+01,1.3111339271109666359e-04
8.2479146034402418763e+01,1.6146402150133608256e-04
8.2582893262118645339e+01,1.9169557725027072280e-04
8.2686640489834871914e+01,2.2180051612173231810e-04
8.2790387717551098490e+01,2.5177133209322219692e-04
8.2894134945267339276e+01,2.8160055671928423951e-04
8.2997882172983565852e+01,3.1128075889663226394e-04
8.3101629400699792427e+01,3.4080454463107770274e-04
8.3205376628416019003e+01,3.7016459865792214652e-04
8.3309123856132245578e+01,3.9935382742053624448e-04
8.3412871083848486364e+01,4.2836522390211337124e-04
8.3516618311564712940e+01,4.5719181590511801146e-04
8.3620365539280939515e+01,4.8582666583346081554e-04
8.3724112766997166091e+01,5.1426287047810141477e-04
8.3827859994713392666e+01,5.4249356080426068029e-04
8.3931607222429633453e+01,5.7051190261176419356e-04
8.4035354450145860028e+01,5.9831121567864586647e-04
8.4139101677862086603e+01,6.2588509441311107953e-04
8.4242848905578313179e+01,6.5322719372937882408e-04
8.4346596133294539754e+01,6.8033119975976466716e-04
8.4450343361010780541e+01,7.0719082966292821316e-04
8.4554090588727007116e+01,7.3379983143351300637e-04
8.4657837816443233692e+01,7.6015198371322180871e-04
8.4761585044159460267e+01,7.8624110237797786328e-04
8.4865332271875686843e+01,8.1206125090296939727e-04
8.4969079499591927629e+01,8.3760677989099159308e-04
8.5072826727308154204e+01,8.6287208252787904982e-04
8.5176573955024380780e+01,8.8785157931644523212e-04
8.5280321182740607355e+01,9.1253971791030528537e-04
8.5384068410456833931e+01,9.3693097294893082968e-04
8.5487815638173074717e+01,9.6101984589390377321e-04
8.5591562865889301293e+01,9.8480088181107389850e-04
8.5695310093605527868e+01,1.0082689566150901915e-03
8.5799057321321754443e+01,1.0314192343369300679e-03
8.5902804549037981019e+01,1.0542469110636555098e-03
8.6006551776754221805e+01,1.0767472060616188004e-03
8.6110299004470448381e+01,1.0989153616368172849e-03
8.6214046232186674956e+01,1.1207466429962850609e-03
8.6317793459902901532e+01,1.1422363381104543804e-03
8.6421540687619128107e+01,1.1633797820997072384e-03
8.6525287915335368893e+01,1.1841726983174878651e-03
8.6629035143051595469e+01,1.2046111115797059413e-03
8.6732782370767822044e+01,1.2246910729224848649e-03
8.6836529598484048620e+01,1.2444086522539147405e-03
8.6940276826200275195e+01,1.2637599382414512611e-03
8.7044024053916515982e+01,1.2827410382001238395e-03
8.7147771281632742557e+01,1.3013480779815295683e-03
8.7251518509348969133e+01,1.3195772249796598481e-03
8.7355265737065195708e+01,1.3374250564536652522e-03
8.7459012964781422284e+01,1.3548884925322615593e-03
8.7562760192497663070e+01,1.3719644779452424502e-03
8.7666507420213889645e+01,1.3886499718851934640e-03
8.7770254647930116221e+01,1.4049419479220325805e-03
8.7874001875646342796e+01,1.4208373939181252136e-03
8.7977749103362569372e+01,1.4363333119440187171e-03
8.8081496331078810158e+01,1.4514267313862213530e-03
8.8185243558795036733e+01,1.4661150638660045385e-03
8.8288990786511263309e+01,1.4803961412892712238e-03
8.8392738014227489884e+01,1.4942678269627143132e-03
8.8496485241943716460e+01,1.5077279942126797872e-03
8.8600232469659957246e+01,1.5207745263265037752e-03
8.8703979697376183822e+01,1.5334053164942562045e-03
8.8807726925092410397e+01,1.5456182677509066378e-03
8.8911474152808636973e+01,1.5574112958282031616e-03
8.9015221380524863548e+01,1.5687826090586766588e-03
8.9118968608241104334e+01,1.5797309393597118703e-03
8.9222715835957330910e+01,1.5902550792563565230e-03
8.9326463063673557485e+01,1.6003538268832978326e-03
8.9430210291389784061e+01,1.6100259859523145377e-03
8.9533957519106010636e+01,1.6192703657199691934e-03
8.9637704746822251423e+01,1.6280857809555216408e-03
8.9741451974538477998e+01,1.6364710519091052888e-03
8.9845199202254704574e+01,1.6444251551392720118e-03
8.9948946429970931149e+01,1.6519476622509645346e-03
9.0052693657687157724e+01,1.6590382911975526652e-03
9.0156440885403398511e+01,1.6656967612306604679e-03
9.0260188113119625086e+01,1.6719227928927067345e-03
9.0363935340835851662e+01,1.6777161080094994509e-03
9.0467682568552078237e+01,1.6830764296828703772e-03
9.0571429796268304813e+01,1.6880034822833722957e-03
9.0675177023984545599e+01,1.6924970348327044844e-03
9.0778924251700772174e+01,1.6965573716029797371e-03
9.0882671479416998750e+01,1.7001851119116569155e-03
9.0986418707133225325e+01,1.7033808780787778724e-03
9.1090165934849451901e+01,1.7061452895892161626e-03
9.1193913162565692687e+01,1.7084789631088054176e-03
9.1297660390281919263e+01,1.7103825125003545293e-03
9.1401407617998145838e+01,1.7118565488395591848e-03
9.1505154845714372414e+01,1.7129016823694744737e-03
9.1608902073430598989e+01,1.7135187948102209229e-03
9.1712649301146839775e+01,1.7137093188339469832e-03
9.1816396528863066351e+01,1.7134747476415940204e-03
9.1920143756579292926e+01,1.7128165676927981868e-03
9.2023890984295519502e+01,1.7117362587438904060e-03
9.2127638212011760288e+01,1.7102352938856383181e-03
9.2231385439727986864e+01,1.7083151395807384242e-03
9.2335132667444213439e+01,1.7059772557010497579e-03
9.2438879895160440014e+01,1.7032231520461239751e-03
9.2542627122876666590e+01,1.7000548622811883972e-03
9.2646374350592907376e+01,1.6964747015982856605e-03
9.2750121578309133952e+01,1.6924849778117226091e-03
9.2853868806025360527e+01,1.6880879884215635716e-03
9.2957616033741587103e+01,1.6832860206711871848e-03
9.3061363261457813678e+01,1.6780813516044581091e-03
9.3165110489174054464e+01,1.6724762481225168877e-03
9.3268857716890281040e+01,1.6664729674060814631e-03
9.3372604944606507615e+01,1.6600739631859675900e-03
9.3476352172322734191e+01,1.6532822286294823755e-03
9.3580099400038960766e+01,1.6461008342789572832e-03
9.3683846627755201553e+01,1.6385328370752212570e-03
9.3787593855471428128e+01,1.6305812804328322085e-03
9.3891341083187654704e+01,1.6222491943148058691e-03
9.3995088310903881279e+01,1.6135395953068504618e-03
9.4098835538620107855e+01,1.6044554866911143499e-03
9.4202582766336348641e+01,1.5949998719158612823e-03
9.4306329994052575216e+01,1.5851761069565531957e-03
9.4410077221768801792e+01,1.5749879337727062077e-03
9.4513824449485028367e+01,1.5644390983359894587e-03
9.4617571677201254943e+01,1.5535333301883893879e-03
9.4721318904917495729e+01,1.5422743425321852866e-03
9.4825066132633722304e+01,1.5306658323193389482e-03
9.4928813360349948880e+01,1.5187114803402869227e-03
9.5032560588066175455e+01,1.5064149513121631325e-03
9.5136307815782402031e+01,1.4937799377723575810e-03
9.5240055043498642817e+01,1.4808105551349141048e-03
9.5343802271214869393e+01,1.4675111538928649335e-03
9.5447549498931095968e+01,1.4538860686766467718e-03
9.5551296726647322544e+01,1.4399396152909634677e-03
9.5655043954363549119e+01,1.4256760908168710205e-03
9.5758791182079789905e+01,1.4110997737132092468e-03
9.5862538409796016481e+01,1.3962149239173742531e-03
9.5966285637512243056e+01,1.3810257829454252072e-03
9.6070032865228469632e+01,1.3655366463697950208e-03
9.6173780092944696207e+01,1.3497522234230121489e-03
9.6277527320660936994e+01,1.3336773627681136351e-03
9.6381274548377163569e+01,1.3173168924488266613e-03
9.6485021776093390145e+01,1.3006756197431153851e-03
9.6588769003809616720e+01,1.2837583312747099986e-03
9.6692516231525843295e+01,1.2665697931239139253e-03
9.6796263459242084082e+01,1.2491147509376932748e-03
9.6900010686958310657e+01,1.2313979300390711074e-03
9.7003757914674537233e+01,1.2134241161153263948e-03
9.7107505142390763808e+01,1.1951984584958545276e-03
9.7211252370106990384e+01,1.1767261988435467803e-03
9.7314999597823231170e+01,1.1580125564882729275e-03
9.7418746825539457745e+01,1.1390627285263676353e-03
9.7522494053255684321e+01,1.1198818899388770197e-03
9.7626241280971910896e+01,1.1004751937090772717e-03
9.7729988508688137472e+01,1.0808477709392349912e-03
9.7833735736404378258e+01,1.0610047309666209396e-03
9.7937482964120604834e+01,1.0409512262022594265e-03
9.8041230191836831409e+01,1.0206927073847927960e-03
9.8144977419553057985e+01,1.0002347010058670884e-03
9.8248724647269284560e+01,9.7958271024269983132e-04
9.8352471874985525346e+01,9.5874221505237212666e-04
9.8456219102701751922e+01,9.3771867229418021539e-04
9.8559966330417978497e+01,9.1651751585118581677e-04
9.8663713558134205073e+01,8.9514415675102704164e-04
9.8767460785850431648e+01,8.7360398328595431812e-04
9.8871208013566672435e+01,8.5190239744074457064e-04
9.8974955241282899010e+01,8.3004502230673118165e-04
9.9078702468999125585e+01,8.0803755773487591797e-04
9.9182449696715352161e+01,7.8588568003915720318e-04
9.9286196924431578736e+01,7.6359504180812667277e-04
9.9389944152147819523e+01,7.4117127202873427788e-04
9.9493691379864046098e+01,7.1861997620939401400e-04
9.9597438607580272674e+01,6.9594673650224918304e-04
9.9701185835296499249e+01,6.7315711182470430122e-04
9.9804933063012725825e+01,6.5025665002006564908e-04
9.9908680290728966611e+01,6.2725102848610204270e-04
1.0001242751844519319e+02,6.0414600583399101757e-04
1.0011617474616141976e+02,5.8094731886170955775e-04
1.0021992197387764634e+02,5.5766068061240364577e-04
1.0032366920159387291e+02,5.3429178049721351516e-04
1.0042741642931011370e+02,5.1084628441733638364e-04
1.0053116365702634027e+02,4.8732983488534916414e-04
1.0063491088474256685e+02,4.6374805114574919494e-04
1.0073865811245879343e+02,4.4010729271028577137e-04
1.0084240534017502000e+02,4.1645018596620609697e-04
1.0094615256789126079e+02,3.9287052665119452178e-04
1.0104989979560748736e+02,3.6946561592906114555e-04
1.0115364702332371394e+02,3.4633235577973957601e-04
1.0125739425103994051e+02,3.2356725104429659825e-04
1.0136114147875616709e+02,3.0126641145736753839e-04
1.0146488870647240788e+02,2.7952555366712330230e-04
1.0156863593418863445e+02,2.5844000324287149219e-04
1.0167238316190486103e+02,2.3810469667010110677e-04
1.0177613038962108760e+02,2.1859109734484900031e-04
1.0187987761733732839e+02,1.9987872730939883659e-04
1.0198362484505355496e+02,1.8192445146788822213e-04
1.0208737207276978154e+02,1.6468531007019331634e-04
1.0219111930048600811e+02,1.4811851782186045761e-04
1.0229486652820223469e+02,1.3218146299944034190e-04
1.0239861375591847548e+02,1.1683170657120136183e-04
1.0250236098363470205e+02,1.0202698132319288726e-04
1.0260610821135092863e+02,8.7725190990589247439e-05
1.0270985543906715520e+02,7.3891377880908843214e-05
1.0281360266678338178e+02,6.0620520246290131685e-05
1.0291734989449962256e+02,4.8121995855088912312e-05
1.0302109712221584914e+02,3.6608299331825093134e-05
1.0312484434993207572e+02,2.6291070192689659329e-05
1.0322859157764830229e+02,1.7381097142574144685e-05
1.0333233880536452887e+02,1.0088322346205824768e-05
1.0343608603308076965e+02,4.6218456735801315201e-06
1.0353983326079699623e+02,1.1899289198728052064e-06
1.0364358048851322280e+02,0.0000000000000000000e+00
