1.0000000000000000479e-04,5.9662694694506354985e-34
1.0384722771622945103e-01,3.8087994932234580027e-16
2.0759445543245888532e-01,2.3936985686742545685e-14
3.1134168314868831962e-01,2.6831900055040376827e-13
4.1508891086491778166e-01,1.4844022610266850127e-12
5.1883613858114718820e-01,5.5766423386647616754e-12
6.2258336629737665024e-01,1.6400913922734956209e-11
7.2633059401360611229e-01,4.0736455451215535929e-11
8.3007782172983557434e-01,8.9409987872984656797e-11
9.3382504944606503638e-01,1.7855145588068925884e-10
1.0375722771622943874e+00,3.3096215502707087836e-10
1.1413195048785238495e+00,5.7757727086960207744e-10
1.2450667325947533115e+00,9.5900604463667626098e-10
1.3488139603109827735e+00,1.5271339386330162642e-09
1.4525611880272122356e+00,2.3467721315142499919e-09
1.5563084157434416976e+00,3.4973412294824791449e-09
1.6600556434596711597e+00,5.0745758294955396646e-09
1.7638028711759006217e+00,7.1922396362495734638e-09
1.8675500988921300838e+00,9.9838386148487573262e-09
1.9712973266083595458e+00,1.3604324457917285400e-08
2.0750445543245890079e+00,1.8231777789927619590e-08
2.1787917820408186920e+00,2.4069062548175882701e-08
2.2825390097570479320e+00,3.1345445583926315871e-08
2.3862862374732776161e+00,4.0318174143514850269e-08
2.4900334651895068561e+00,5.1274002531194022038e-08
2.5937806929057365402e+00,6.4530666730580915457e-08
2.6975279206219657802e+00,8.0438296518000666670e-08
2.8012751483381954642e+00,9.9380768194966629679e-08
2.9050223760544247043e+00,1.2177698389669007879e-07
3.0087696037706543883e+00,1.4808208492786477443e-07
3.1125168314868836283e+00,1.7878858904547562903e-07
3.2162640592031133124e+00,2.1442743833960255302e-07
3.3200112869193425524e+00,2.5556900003561458921e-07
3.4237585146355717924e+00,3.0282394769461405882e-07
3.5275057423518014765e+00,3.5684408168459912475e-07
3.6312529700680307165e+00,4.1832306747700306852e-07
3.7350001977842604006e+00,4.8799708130838884222e-07
3.8387474255004896406e+00,5.6664537241942408908e-07
3.9424946532167193247e+00,6.5509074614144590400e-07
4.0462418809329481206e+00,7.5419996242480405453e-07
4.1499891086491773606e+00,8.6488402900406909668e-07
4.2537363363654074888e+00,9.8809842614352583681e-07
4.3574835640816367288e+00,1.1248433021951705454e-06
4.4612307917978659688e+00,1.2761634244996558880e-06
4.5649780195140952088e+00,1.4431482982735989167e-06
4.6687252472303253370e+00,1.6269319267118272412e-06
4.7724724749465545770e+00,1.8286927169326025492e-06
4.8762197026627838170e+00,2.0496532246512935680e-06
4.9799669303790130570e+00,2.2910797635865804134e-06
5.0837141580952422970e+00,2.5542820255056707948e-06
5.1874613858114724252e+00,2.8406126177418398069e-06
5.2912086135277016652e+00,3.1514665094575051310e-06
5.3949558412439309052e+00,3.4882804030675808196e-06
5.4987030689601601452e+00,3.8525320547773072937e-06
5.6024502966763902734e+00,4.2457395299091860993e-06
5.7061975243926195134e+00,4.6694603940716200683e-06
5.8099447521088487534e+00,5.1252908411179400183e-06
5.9136919798250779934e+00,5.6148647762969963672e-06
6.0174392075413081216e+00,6.1398528590974473947e-06
6.1211864352575373616e+00,6.7019614666759680106e-06
6.2249336629737666016e+00,7.3029315879552078564e-06
6.3286808906899958416e+00,7.9445376417844477799e-06
6.4324281184062259697e+00,8.6285864351175460308e-06
6.5361753461224552098e+00,9.3569159828712528967e-06
6.6399225738386844498e+00,1.0131393986020530482e-05
6.7436698015549136898e+00,1.0953916766229228609e-05
6.8474170292711429298e+00,1.1826408063694903388e-05
6.9511642569873730579e+00,1.2750817152186153623e-05
7.0549114847036022979e+00,1.3729118207299676930e-05
7.1586587124198315379e+00,1.4763308115811457210e-05
7.2624059401360607779e+00,1.5855405697332397406e-05
7.3661531678522909061e+00,1.7007449676001162333e-05
7.4699003955685201461e+00,1.8221497736601917908e-05
7.5736476232847493861e+00,1.9499624377891593927e-05
7.6773948510009786261e+00,2.0843920216341596622e-05
7.7811420787172087543e+00,2.2256489418525856483e-05
7.8848893064334379943e+00,2.3739449249220903983e-05
7.9886365341496672343e+00,2.5294927656785326818e-05
8.0923837618658964743e+00,2.6925061945404640611e-05
8.1961309895821266025e+00,2.8631997662376103633e-05
8.2998782172983549543e+00,3.0417886249971136148e-05
8.4036254450145850825e+00,3.2284883846894298130e-05
8.5073726727308152107e+00,3.4235150021355147685e-05
8.6111199004470435625e+00,3.6270845641993600930e-05
8.7148671281632736907e+00,3.8394131358441904050e-05
8.8186143558795020425e+00,4.0607166400764809616e-05
8.9223615835957321707e+00,4.2912106861815347701e-05
9.0261088113119622989e+00,4.5311103939410227106e-05
9.1298560390281906507e+00,4.7806302435422519989e-05
9.2336032667444207789e+00,5.0399839299945654023e-05
9.3373504944606509071e+00,5.3093842220036301333e-05
9.4410977221768792589e+00,5.5890427946835976388e-05
9.5448449498931093871e+00,5.8791700773420446028e-05
9.6485921776093377389e+00,6.1799751069089933092e-05
9.7523394053255678671e+00,6.4916653824331345640e-05
9.8560866330417979952e+00,6.8144467208927948310e-05
9.9598338607580263471e+00,7.1485231147488069708e-05
1.0063581088474256475e+01,7.4940965922670296404e-05
1.0167328316190484827e+01,7.8513670765716528734e-05
1.0271075543906714955e+01,8.2205322480569120464e-05
1.0374822771622945083e+01,8.6017874104784891511e-05
1.0478569999339173435e+01,8.9953253593903035744e-05
1.0582317227055403563e+01,9.4013362529917865289e-05
1.0686064454771633692e+01,9.8200074855252220325e-05
1.0789811682487862043e+01,1.0251523563318655030e-04
1.0893558910204092172e+01,1.0696065983548691427e-04
1.0997306137920320523e+01,1.1153813115806391709e-04
1.1101053365636550652e+01,1.1624940086531848312e-04
1.1204800593352780780e+01,1.2109618666367559926e-04
1.1308547821069009132e+01,1.2608017160492892856e-04
1.1412295048785239260e+01,1.3120300301980167756e-04
1.1516042276501469388e+01,1.3646629148231112462e-04
1.1619789504217697740e+01,1.4187160980534262601e-04
1.1723536731933927868e+01,1.4742049206825275673e-04
1.1827283959650156220e+01,1.5311443267702852175e-04
1.1931031187366386348e+01,1.5895488546042443401e-04
1.2034778415082616476e+01,1.6494326279170595404e-04
1.2138525642798844828e+01,1.7108093473794689786e-04
1.2242272870515074956e+01,1.7736922824639604233e-04
1.2346020098231303308e+01,1.8380942636515525991e-04
1.2449767325947533436e+01,1.9040276749947488734e-04
1.2553514553663763564e+01,1.9715044470537438043e-04
1.2657261781379991916e+01,2.0405360502269545607e-04
1.2761009009096222044e+01,2.1111334884008073278e-04
1.2864756236812452173e+01,2.1833072922840008213e-04
1.2968503464528680524e+01,2.2570675135177696189e-04
1.3072250692244910653e+01,2.3324237194585965122e-04
1.3175997919961139004e+01,2.4093849883110340687e-04
1.3279745147677369133e+01,2.4879599047744832899e-04
1.3383492375393599261e+01,2.5681565557180043155e-04
1.3487239603109827613e+01,2.6499825235563802695e-04
1.3590986830826057741e+01,2.7334448832149453200e-04
1.3694734058542286093e+01,2.8185502000416256954e-04
1.3798481286258516221e+01,2.9053045276907418434e-04
1.3902228513974746349e+01,2.9937134051615855480e-04
1.4005975741690974701e+01,3.0837818483503328651e-04
1.4109722969407204829e+01,3.1755143511987292187e-04
1.4213470197123434957e+01,3.2689148871458198475e-04
1.4317217424839663309e+01,3.3639869091793496610e-04
1.4420964652555893437e+01,3.4607333397428395637e-04
1.4524711880272121789e+01,3.5591565694063551344e-04
1.4628459107988351917e+01,3.6592584653486365546e-04
1.4732206335704582045e+01,3.7610403734656441517e-04
1.4835953563420810397e+01,3.8645031031229125883e-04
1.4939700791137040525e+01,3.9696469294468609071e-04
1.5043448018853268877e+01,4.0764716085195699339e-04
1.5147195246569499005e+01,4.1849763763309366562e-04
1.5250942474285729133e+01,4.2951599244526333671e-04
1.5354689702001957485e+01,4.4070204221088291096e-04
1.5458436929718187614e+01,4.5205555309300155496e-04
1.5562184157434417742e+01,4.6357623794145890253e-04
1.5665931385150646094e+01,4.7526375625792105246e-04
1.5769678612866876222e+01,4.8711771781375805051e-04
1.5873425840583104574e+01,4.9913768096427994780e-04
1.5977173068299334702e+01,5.1132314999562979152e-04
1.6080920296015563054e+01,5.2367358044819319832e-04
1.6184667523731793182e+01,5.3618837825977598305e-04
1.6288414751448023310e+01,5.4886689523115782686e-04
1.6392161979164253438e+01,5.6170843572602260126e-04
1.6495909206880483566e+01,5.7471225591935266776e-04
1.6599656434596710142e+01,5.8787755823437896560e-04
1.6703403662312940270e+01,6.0120349974690143711e-04
1.6807150890029170398e+01,6.1468918988573080595e-04
1.6910898117745400526e+01,6.2833368543991664767e-04
1.7014645345461630654e+01,6.4213600079415778226e-04
1.7118392573177857230e+01,6.5609510166511142773e-04
1.7222139800894087358e+01,6.7020990408550292026e-04
1.7325887028610317486e+01,6.8447928447991682709e-04
1.7429634256326547614e+01,6.9890206813079250921e-04
1.7533381484042777743e+01,7.1347703673902015085e-04
1.7637128711759004318e+01,7.2820293212106366239e-04
1.7740875939475234446e+01,7.4307844440398853302e-04
1.7844623167191464574e+01,7.5810222795577868367e-04
1.7948370394907694703e+01,7.7327289138053305773e-04
1.8052117622623924831e+01,7.8858899893257826310e-04
1.8155864850340154959e+01,8.0404908125854593869e-04
1.8259612078056381534e+01,8.1965161836671115124e-04
1.8363359305772611663e+01,8.3539505881420237591e-04
1.8467106533488841791e+01,8.5127780791039722123e-04
1.8570853761205071919e+01,8.6729823052926285042e-04
1.8674600988921302047e+01,8.8345466112143406206e-04
1.8778348216637528623e+01,8.9974538575644520504e-04
1.8882095444353758751e+01,9.1616866595019079943e-04
1.8985842672069988879e+01,9.3272271755896600000e-04
1.9089589899786219007e+01,9.4940572702083302938e-04
1.9193337127502449135e+01,9.6621584631687614918e-04
1.9297084355218675711e+01,9.8315118851531949073e-04
1.9400831582934905839e+01,1.0002098439724216306e-03
1.9504578810651135967e+01,1.0173898575788621439e-03
1.9608326038367366095e+01,1.0346892576724414214e-03
1.9712073266083596224e+01,1.0521060278225224157e-03
1.9815820493799822799e+01,1.0696381338297449547e-03
1.9919567721516052927e+01,1.0872835038821602582e-03
2.0023314949232283055e+01,1.1050400425601468717e-03
2.0127062176948513184e+01,1.1229056266259726787e-03
2.0230809404664743312e+01,1.1408781024333527164e-03
2.0334556632380969887e+01,1.1589552980239242568e-03
2.0438303860097200015e+01,1.1771350054763842635e-03
2.0542051087813430144e+01,1.1954150062112459466e-03
2.0645798315529660272e+01,1.2137930423698553573e-03
2.0749545543245890400e+01,1.2322668507188040861e-03
2.0853292770962120528e+01,1.2508341277794755159e-03
2.0957039998678347104e+01,1.2694925678147261135e-03
2.1060787226394577232e+01,1.2882398257550262567e-03
2.1164534454110807360e+01,1.3070735559038335581e-03
2.1268281681827037488e+01,1.3259913751927762584e-03
2.1372028909543267616e+01,1.3449909009343387518e-03
2.1475776137259494192e+01,1.3640697152659422668e-03
2.1579523364975724320e+01,1.3832254017639980179e-03
2.1683270592691954448e+01,1.4024555107432432055e-03
2.1787017820408184576e+01,1.4217575954396119518e-03
2.1890765048124414704e+01,1.4411291772024026857e-03
2.1994512275840641280e+01,1.4605677823480891619e-03
2.2098259503556871408e+01,1.4800709061014057089e-03
2.2202006731273101536e+01,1.4996360511986589654e-03
2.2305753958989331664e+01,1.5192606896674294269e-03
2.2409501186705561793e+01,1.5389423037998780069e-03
2.2513248414421788368e+01,1.5586783455689410573e-03
2.2616995642138018496e+01,1.5784662795966023213e-03
2.2720742869854248625e+01,1.5983035413096348398e-03
2.2824490097570478753e+01,1.6181875799350208932e-03
2.2928237325286708881e+01,1.6381158182847094067e-03
2.3031984553002939009e+01,1.6580856920271240876e-03
2.3135731780719165585e+01,1.6780946155641675473e-03
2.3239479008435395713e+01,1.6981400125857355147e-03
2.3343226236151625841e+01,1.7182192933247425297e-03
2.3446973463867855969e+01,1.7383298711049731400e-03
2.3550720691584086097e+01,1.7584691559115012919e-03
2.3654467919300312673e+01,1.7786345527618617479e-03
2.3758215147016542801e+01,1.7988234745090140709e-03
2.3861962374732772929e+01,1.8190333209142854447e-03
2.3965709602449003057e+01,1.8392615094022200795e-03
2.4069456830165233185e+01,1.8595054391541876362e-03
2.4173204057881459761e+01,1.8797625318064707049e-03
2.4276951285597689889e+01,1.9000301924023818220e-03
2.4380698513313920017e+01,1.9203058452463524827e-03
2.4484445741030150145e+01,1.9405869077583461427e-03
2.4588192968746380274e+01,1.9608708064625815851e-03
2.4691940196462606849e+01,1.9811549755229191164e-03
2.4795687424178836977e+01,2.0014368458252224624e-03
2.4899434651895067105e+01,2.0217138693779776633e-03
2.5003181879611297234e+01,2.0419834871323295188e-03
2.5106929107327527362e+01,2.0622431660347051441e-03
2.5210676335043753937e+01,2.0824903656822858766e-03
2.5314423562759984065e+01,2.1027225643504721814e-03
2.5418170790476214194e+01,2.1229372471564689900e-03
2.5521918018192444322e+01,2.1431319038892450782e-03
2.5625665245908674450e+01,2.1633040467136017450e-03
2.5729412473624904578e+01,2.1834511827361967155e-03
2.5833159701341131154e+01,2.2035708467607415667e-03
2.5936906929057361282e+01,2.2236605729721845882e-03
2.6040654156773591410e+01,2.2437179141101956312e-03
2.6144401384489821538e+01,2.2637404379170439697e-03
2.6248148612206051666e+01,2.2837257165051632647e-03
2.6351895839922278242e+01,2.3036713496799535866e-03
2.6455643067638508370e+01,2.3235749373921995783e-03
2.6559390295354738498e+01,2.3434341048748520003e-03
2.6663137523070968626e+01,2.3632464893208852963e-03
2.6766884750787198755e+01,2.3830097396303792472e-03
2.6870631978503425330e+01,2.4027215311198044101e-03
2.6974379206219655458e+01,2.4223795431926155655e-03
2.7078126433935885586e+01,2.4419814825310322444e-03
2.7181873661652115715e+01,2.4615250689590389976e-03
2.7285620889368345843e+01,2.4810080376239992267e-03
2.7389368117084572418e+01,2.5004281502369208462e-03
2.7493115344800802546e+01,2.5197831766762763053e-03
2.7596862572517032675e+01,2.5390709138761180519e-03
2.7700609800233262803e+01,2.5582891756151106104e-03
2.7804357027949492931e+01,2.5774357919892644173e-03
2.7908104255665723059e+01,2.5965086206588615207e-03
2.8011851483381949635e+01,2.6155055316379434774e-03
2.8115598711098179763e+01,2.6344244203125358715e-03
2.8219345938814409891e+01,2.6532632036564049970e-03
2.8323093166530640019e+01,2.6720198152121125285e-03
2.8426840394246870147e+01,2.6906922162205980202e-03
2.8530587621963096723e+01,2.7092783854565333050e-03
2.8634334849679326851e+01,2.7277763245094955626e-03
2.8738082077395556979e+01,2.7461840603699582027e-03
2.8841829305111787107e+01,2.7644996383208815180e-03
2.8945576532828017235e+01,2.7827211296516250923e-03
2.9049323760544243811e+01,2.8008466284775855766e-03
2.9153070988260473939e+01,2.8188742504834107816e-03
2.9256818215976704067e+01,2.8368021373280914200e-03
2.9360565443692934195e+01,2.8546284531541219788e-03
2.9464312671409164324e+01,2.8723513860129858827e-03
2.9568059899125390899e+01,2.8899691490656097270e-03
2.9671807126841621027e+01,2.9074799793684050903e-03
2.9775554354557851156e+01,2.9248821383148788239e-03
2.9879301582274081284e+01,2.9421739124272667382e-03
2.9983048809990311412e+01,2.9593536136240318653e-03
3.0086796037706537987e+01,2.9764195774523070047e-03
3.0190543265422768116e+01,2.9933701659534467029e-03
3.0294290493138998244e+01,3.0102037669494916862e-03
3.0398037720855228372e+01,3.0269187911720783421e-03
3.0501784948571458500e+01,3.0435136780232368084e-03
3.0605532176287688628e+01,3.0599868918269688273e-03
3.0709279404003915204e+01,3.0763369197365024975e-03
3.0813026631720145332e+01,3.0925622797709855470e-03
3.0916773859436375460e+01,3.1086615132034072645e-03
3.1020521087152605588e+01,3.1246331849141082554e-03
3.1124268314868835716e+01,3.1404758922111211672e-03
3.1228015542585062292e+01,3.1561882537677245913e-03
3.1331762770301292420e+01,3.1717689133073079764e-03
3.1435509998017522548e+01,3.1872165477397529539e-03
3.1539257225733752676e+01,3.2025298536027296988e-03
3.1643004453449982805e+01,3.2177075541910842883e-03
3.1746751681166209380e+01,3.2327484061949640810e-03
3.1850498908882439508e+01,3.2476511844181129955e-03
3.1954246136598669636e+01,3.2624146920489697186e-03
3.2057993364314903317e+01,3.2770377656683403675e-03
3.2161740592031129893e+01,3.2915192586445499168e-03
3.2265487819747363574e+01,3.3058580540024909075e-03
3.2369235047463590149e+01,3.3200530682709100856e-03
3.2472982275179823830e+01,3.3341032335624629264e-03
3.2576729502896050406e+01,3.3480075123364580469e-03
3.2680476730612276981e+01,3.3617649010598345434e-03
3.2784223958328510662e+01,3.3753744106645180122e-03
3.2887971186044737237e+01,3.3888350823270099905e-03
3.2991718413760970918e+01,3.4021459923397308692e-03
3.3095465641477197494e+01,3.4153062304616505288e-03
3.3199212869193424069e+01,3.4283149155869404798e-03
3.3302960096909657750e+01,3.4411712035564644661e-03
3.3406707324625884326e+01,3.4538742629416762514e-03
3.3510454552342118006e+01,3.4664232891375395922e-03
3.3614201780058344582e+01,3.4788175169943201179e-03
3.3717949007774571157e+01,3.4910561938872107339e-03
3.3821696235490804838e+01,3.5031385904217438726e-03
3.3925443463207031414e+01,3.5150640194986162990e-03
3.4029190690923265095e+01,3.5268318072683574327e-03
3.4132937918639491670e+01,3.5384412984698705891e-03
3.4236685146355718246e+01,3.5498918824304766771e-03
3.4340432374071951926e+01,3.5611829639282327822e-03
3.4444179601788178502e+01,3.5723139614246570382e-03
3.4547926829504412183e+01,3.5832843380686420394e-03
3.4651674057220638758e+01,3.5940935769722980909e-03
3.4755421284936865334e+01,3.6047411706336511539e-03
3.4859168512653099015e+01,3.6152266526595176060e-03
3.4962915740369325590e+01,3.6255495838465896102e-03
3.5066662968085559271e+01,3.6357095315046432382e-03
3.5170410195801785846e+01,3.6457060963161940295e-03
3.5274157423518012422e+01,3.6555389152592341305e-03
3.5377904651234246103e+01,3.6652076313245531523e-03
3.5481651878950472678e+01,3.6747119099623951413e-03
3.5585399106666706359e+01,3.6840514612733101657e-03
3.5689146334382932935e+01,3.6932260042377611578e-03
3.5792893562099159510e+01,3.7022352695072133222e-03
3.5896640789815393191e+01,3.7110790347124980072e-03
3.6000388017531619766e+01,3.7197570942972633251e-03
3.6104135245247853447e+01,3.7282692474341558309e-03
3.6207882472964080023e+01,3.7366153320604008660e-03
3.6311629700680313704e+01,3.7447952166182580346e-03
3.6415376928396540279e+01,3.7528087719830818987e-03
3.6519124156112766855e+01,3.7606558920267722269e-03
3.6622871383829000536e+01,3.7683365147936067827e-03
3.6726618611545227111e+01,3.7758505841331813611e-03
3.6830365839261460792e+01,3.7831980519478628812e-03
3.6934113066977687367e+01,3.7903789166939269931e-03
3.7037860294693913943e+01,3.7973931944554084085e-03
3.7141607522410147624e+01,3.8042409021859045076e-03
3.7245354750126374199e+01,3.8109220884191517820e-03
3.7349101977842607880e+01,3.8174368384322702324e-03
3.7452849205558834456e+01,3.8237852386887242855e-03
3.7556596433275061031e+01,3.8299673864691033409e-03
3.7660343660991294712e+01,3.8359834267132075780e-03
3.7764090888707521287e+01,3.8418335153754209522e-03
3.7867838116423754968e+01,3.8475178082863553328e-03
3.7971585344139981544e+01,3.8530364951980494541e-03
3.8075332571856208119e+01,3.8583897989180114367e-03
3.8179079799572441800e+01,3.8635779413237420279e-03
3.8282827027288668376e+01,3.8686011538510943486e-03
3.8386574255004902056e+01,3.8734597149834575254e-03
3.8490321482721128632e+01,3.8781539130279354434e-03
3.8594068710437355207e+01,3.8826840342319752890e-03
3.8697815938153588888e+01,3.8870503945746381208e-03
3.8801563165869815464e+01,3.8912533452528769683e-03
3.8905310393586049145e+01,3.8952932359332969638e-03
3.9009057621302275720e+01,3.8991704202826120776e-03
3.9112804849018502296e+01,3.9028852965582948829e-03
3.9216552076734735977e+01,3.9064382774732031925e-03
3.9320299304450962552e+01,3.9098297715809615313e-03
3.9424046532167196233e+01,3.9130602058351296457e-03
3.9527793759883422808e+01,3.9161300489253571266e-03
3.9631540987599649384e+01,3.9190397702565920451e-03
3.9735288215315883065e+01,3.9217898367273759316e-03
3.9839035443032109640e+01,3.9243807495497233864e-03
3.9942782670748343321e+01,3.9268130366541375426e-03
4.0046529898464569897e+01,3.9290872214332670659e-03
4.0150277126180796472e+01,3.9312038305130189014e-03
4.0254024353897030153e+01,3.9331634335390613585e-03
4.0357771581613256728e+01,3.9349666111686484871e-03
4.0461518809329490409e+01,3.9366139381733049329e-03
4.0565266037045716985e+01,3.9381060024568786959e-03
4.0669013264761943560e+01,3.9394434330303684452e-03
4.0772760492478177241e+01,3.9406268596743785834e-03
4.0876507720194403817e+01,3.9416569065561833998e-03
4.0980254947910637497e+01,3.9425342216727436717e-03
4.1084002175626864073e+01,3.9432594854798821635e-03
4.1187749403343097754e+01,3.9438333741712780500e-03
4.1291496631059324329e+01,3.9442565597672596053e-03
4.1395243858775550905e+01,3.9445297462441927458e-03
4.1498991086491784586e+01,3.9446536600225160299e-03
4.1602738314208011161e+01,3.9446290210201247206e-03
4.1706485541924244842e+01,3.9444565473344718465e-03
4.1810232769640471417e+01,3.9441369935544878106e-03
4.1913979997356697993e+01,3.9436711280823660494e-03
4.2017727225072931674e+01,3.9430597118759059400e-03
4.2121474452789158249e+01,3.9423035067351602095e-03
4.2225221680505391930e+01,3.9414033123459169330e-03
4.2328968908221618506e+01,3.9403599359090031237e-03
4.2432716135937845081e+01,3.9391741767433119739e-03
4.2536463363654078762e+01,3.9378468372839470907e-03
4.2640210591370305337e+01,3.9363787572258982297e-03
4.2743957819086539018e+01,3.9347707797434640017e-03
4.2847705046802765594e+01,3.9330237398454816547e-03
4.2951452274518992169e+01,3.9311384769515449189e-03
4.3055199502235225850e+01,3.9291158662752706521e-03
4.3158946729951452426e+01,3.9269567842572005237e-03
4.3262693957667686107e+01,3.9246620989328573348e-03
4.3366441185383912682e+01,3.9222326827251935422e-03
4.3470188413100139257e+01,3.9196694423549232819e-03
4.3573935640816372938e+01,3.9169732848452791171e-03
4.3677682868532599514e+01,3.9141451086021593342e-03
4.3781430096248833195e+01,3.9111858150618298430e-03
4.3885177323965059770e+01,3.9080963386487798175e-03
4.3988924551681286346e+01,3.9048776142985527383e-03
4.4092671779397520027e+01,3.9015305681473180961e-03
4.4196419007113746602e+01,3.8980561269312996760e-03
4.4300166234829980283e+01,3.8944552489246272303e-03
4.4403913462546206858e+01,3.8907288943199813333e-03
4.4507660690262433434e+01,3.8868780143574118216e-03
4.4611407917978667115e+01,3.8829035578895974151e-03
4.4715155145694893690e+01,3.8788065029383665683e-03
4.4818902373411127371e+01,3.8745878322964484239e-03
4.4922649601127353947e+01,3.8702485196978890676e-03
4.5026396828843580522e+01,3.8657895335737603795e-03
4.5130144056559814203e+01,3.8612118673585025391e-03
4.5233891284276040778e+01,3.8565165236873824584e-03
4.5337638511992274459e+01,3.8517044961980735802e-03
4.5441385739708501035e+01,3.8467767709601794791e-03
4.5545132967424727610e+01,3.8417343525365080931e-03
4.5648880195140961291e+01,3.8365782603397421621e-03
4.5752627422857187867e+01,3.8313095053432721926e-03
4.5856374650573421548e+01,3.8259290896817399474e-03
4.5960121878289648123e+01,3.8204380254050745308e-03
4.6063869106005881804e+01,3.8148373449978082751e-03
4.6167616333722108379e+01,3.8091280742264823321e-03
4.6271363561438334955e+01,3.8033112296606474620e-03
4.6375110789154568636e+01,3.7973878287454057925e-03
4.6478858016870795211e+01,3.7913589122327362793e-03
4.6582605244587028892e+01,3.7852255181683321615e-03
4.6686352472303255468e+01,3.7789886753708361311e-03
4.6790099700019482043e+01,3.7726494070255043277e-03
4.6893846927735715724e+01,3.7662087559812212553e-03
4.6997594155451942299e+01,3.7596677699814440125e-03
4.7101341383168175980e+01,3.7530274876366683835e-03
4.7205088610884402556e+01,3.7462889389787831437e-03
4.7308835838600629131e+01,3.7394531638476609207e-03
4.7412583066316862812e+01,3.7325212160188238515e-03
4.7516330294033089388e+01,3.7254941414690259313e-03
4.7620077521749323068e+01,3.7183729770601044347e-03
4.7723824749465549644e+01,3.7111587582965063076e-03
4.7827571977181776219e+01,3.7038525391222304646e-03
4.7931319204898009900e+01,3.6964553704923234188e-03
4.8035066432614236476e+01,3.6889682942823245719e-03
4.8138813660330470157e+01,3.6813923448343727728e-03
4.8242560888046696732e+01,3.6737285685558523744e-03
4.8346308115762923308e+01,3.6659780186438987830e-03
4.8450055343479156988e+01,3.6581417396609329333e-03
4.8553802571195383564e+01,3.6502207672568852230e-03
4.8657549798911617245e+01,3.6422161369927220573e-03
4.8761297026627843820e+01,3.6341288989135459540e-03
4.8865044254344070396e+01,3.6259600979853708058e-03
4.8968791482060304077e+01,3.6177107703185837698e-03
4.9072538709776530652e+01,3.6093819446011070166e-03
4.9176285937492764333e+01,3.6009746591555212396e-03
4.9280033165208990908e+01,3.5924899568167542249e-03
4.9383780392925217484e+01,3.5839288719529396529e-03
4.9487527620641451165e+01,3.5752924302596736893e-03
4.9591274848357677740e+01,3.5665816549964131019e-03
4.9695022076073911421e+01,3.5577975810951478243e-03
4.9798769303790137997e+01,3.5489412390139860216e-03
4.9902516531506364572e+01,3.5400136506417516878e-03
5.0006263759222598253e+01,3.5310158298489545056e-03
5.0110010986938824828e+01,3.5219487948083320027e-03
5.0213758214655058509e+01,3.5128135692323548753e-03
5.0317505442371285085e+01,3.5036111691063428694e-03
5.0421252670087511660e+01,3.4943426020536128007e-03
5.0524999897803745341e+01,3.4850088697131152704e-03
5.0628747125519971917e+01,3.4756109815271773143e-03
5.0732494353236205598e+01,3.4661499455103865312e-03
5.0836241580952432173e+01,3.4566267614742933120e-03
5.0939988808668665854e+01,3.4470424210928853753e-03
5.1043736036384892429e+01,3.4373979133135294274e-03
5.1147483264101119005e+01,3.4276942337304315035e-03
5.1251230491817352686e+01,3.4179323723761145803e-03
5.1354977719533579261e+01,3.4081133112828544685e-03
5.1458724947249812942e+01,3.3982380247602863091e-03
5.1562472174966039518e+01,3.3883074874032229409e-03
5.1666219402682266093e+01,3.3783226768030493771e-03
5.1769966630398499774e+01,3.3682845634665017909e-03
5.1873713858114726349e+01,3.3581941101362773779e-03
5.1977461085830960030e+01,3.3480522725187361090e-03
5.2081208313547186606e+01,3.3378600081212803433e-03
5.2184955541263413181e+01,3.3276182739241833182e-03
5.2288702768979646862e+01,3.3173280194863171040e-03
5.2392449996695873438e+01,3.3069901868453131961e-03
5.2496197224412107118e+01,3.2966057117643421046e-03
5.2599944452128333694e+01,3.2861755318579028914e-03
5.2703691679844560269e+01,3.2757005817287496857e-03
5.2807438907560793950e+01,3.2651817886613079475e-03
5.2911186135277020526e+01,3.2546200726672022858e-03
5.3014933362993254207e+01,3.2440163480841610610e-03
5.3118680590709480782e+01,3.2333715302270342289e-03
5.3222427818425707358e+01,3.2226865299609954406e-03
5.3326175046141941039e+01,3.2119622510645364118e-03
5.3429922273858167614e+01,3.2011995902965261276e-03
5.3533669501574401295e+01,3.1903994390419603520e-03
5.3637416729290627870e+01,3.1795626884097219489e-03
5.3741163957006854446e+01,3.1686902243638140342e-03
5.3844911184723088127e+01,3.1577829260400181420e-03
5.3948658412439314702e+01,3.1468416658115556765e-03
5.4052405640155548383e+01,3.1358673106784105966e-03
5.4156152867871774959e+01,3.1248607260636078117e-03
5.4259900095588001534e+01,3.1138227719826883089e-03
5.4363647323304235215e+01,3.1027543018861988670e-03
5.4467394551020461790e+01,3.0916561627222214660e-03
5.4571141778736695471e+01,3.0805291958834629153e-03
5.4674889006452922047e+01,3.0693742399415060475e-03
5.4778636234169148622e+01,3.0581921280124560458e-03
5.4882383461885382303e+01,3.0469836869128725729e-03
5.4986130689601608879e+01,3.0357497372192096367e-03
5.5089877917317842559e+01,3.0244910937553565883e-03
5.5193625145034069135e+01,3.0132085673218226250e-03
5.5297372372750295710e+01,3.0019029632780244894e-03
5.5401119600466529391e+01,2.9905750809509083939e-03
5.5504866828182755967e+01,2.9792257136911515919e-03
5.5608614055898989648e+01,2.9678556490284569921e-03
5.5712361283615216223e+01,2.9564656693214651402e-03
5.5816108511331449904e+01,2.9450565514082859345e-03
5.5919855739047676479e+01,2.9336290663631212593e-03
5.6023602966763903055e+01,2.9221839795485187591e-03
5.6127350194480136736e+01,2.9107220506262533252e-03
5.6231097422196363311e+01,2.8992440331413620903e-03
5.6334844649912596992e+01,2.8877506747474628902e-03
5.6438591877628823568e+01,2.8762427175945174361e-03
5.6542339105345050143e+01,2.8647208983855203430e-03
5.6646086333061283824e+01,2.8531859483866489971e-03
5.6749833560777510399e+01,2.8416385922842781094e-03
5.6853580788493744080e+01,2.8300795480359921229e-03
5.6957328016209970656e+01,2.8185095282867935092e-03
5.7061075243926197231e+01,2.8069292404988197519e-03
5.7164822471642430912e+01,2.7953393869941931850e-03
5.7268569699358657488e+01,2.7837406637774286811e-03
5.7372316927074891169e+01,2.7721337588919765793e-03
5.7476064154791117744e+01,2.7605193549868406108e-03
5.7579811382507344319e+01,2.7488981297910356112e-03
5.7683558610223578000e+01,2.7372707561578377145e-03
5.7787305837939804576e+01,2.7256379014387486712e-03
5.7891053065656038257e+01,2.7140002241292770363e-03
5.7994800293372264832e+01,2.7023583764827071793e-03
5.8098547521088491408e+01,2.6907130060906019400e-03
5.8202294748804725089e+01,2.6790647559271235124e-03
5.8306041976520951664e+01,2.6674142642304048134e-03
5.8409789204237185345e+01,2.6557621609578497927e-03
5.8513536431953411920e+01,2.6441090678150187473e-03
5.8617283659669638496e+01,2.6324556019382654160e-03
5.8721030887385872177e+01,2.6208023761025624893e-03
5.8824778115102098752e+01,2.6091499987592292435e-03
5.8928525342818332433e+01,2.5974990721273827007e-03
5.9032272570534559009e+01,2.5858501880263694284e-03
5.9136019798250785584e+01,2.5742039329047458097e-03
5.9239767025967019265e+01,2.5625608891028553264e-03
5.9343514253683245840e+01,2.5509216348887408035e-03
5.9447261481399479521e+01,2.5392867440924373791e-03
5.9551008709115706097e+01,2.5276567807330030738e-03
5.9654755936831932672e+01,2.5160323005301147604e-03
5.9758503164548166353e+01,2.5044138552370331409e-03
5.9862250392264392929e+01,2.4928019927820451590e-03
5.9965997619980626610e+01,2.4811972573003247995e-03
6.0069744847696853185e+01,2.4696001866245688439e-03
6.0173492075413079760e+01,2.4580113069954706746e-03
6.0277239303129313441e+01,2.4464311395080325096e-03
6.0380986530845540017e+01,2.4348602016758544644e-03
6.0484733758561773698e+01,2.4232990074618452302e-03
6.0588480986278000273e+01,2.4117480670201277455e-03
6.0692228213994233954e+01,2.4002078806642959501e-03
6.0795975441710460530e+01,2.3886789390986417139e-03
6.0899722669426687105e+01,2.3771617294260239533e-03
6.1003469897142920786e+01,2.3656567354356831077e-03
6.1107217124859147361e+01,2.3541644376313705482e-03
6.1210964352575381042e+01,2.3426853116564642573e-03
6.1314711580291607618e+01,2.3312198207108441629e-03
6.1418458808007834193e+01,2.3197684215715860638e-03
6.1522206035724067874e+01,2.3083315679305071479e-03
6.1625953263440294450e+01,2.2969097104242664799e-03
6.1729700491156528130e+01,2.2855032966413815244e-03
6.1833447718872754706e+01,2.2741127669557666992e-03
6.1937194946588981281e+01,2.2627385492799741845e-03
6.2040942174305214962e+01,2.2513810673588747699e-03
6.2144689402021441538e+01,2.2400407421076656833e-03
6.2248436629737675219e+01,2.2287179916354463508e-03
6.2352183857453901794e+01,2.2174132310172757314e-03
6.2455931085170128370e+01,2.2061268654081397748e-03
6.2559678312886362050e+01,2.1948592892555344146e-03
6.2663425540602588626e+01,2.1836108939703260425e-03
6.2767172768318822307e+01,2.1723820683755426866e-03
6.2870919996035048882e+01,2.1611731987277301922e-03
6.2974667223751275458e+01,2.1499846679367239088e-03
6.3078414451467509139e+01,2.1388168469215879629e-03
6.3182161679183735714e+01,2.1276700979823443688e-03
6.3285908906899969395e+01,2.1165447809366540362e-03
6.3389656134616195970e+01,2.1054412532465886267e-03
6.3493403362332422546e+01,2.0943598700378651678e-03
6.3597150590048656227e+01,2.0833009825880531921e-03
6.3700897817764882802e+01,2.0722649289947043909e-03
6.3804645045481116483e+01,2.0612520404361292341e-03
6.3908392273197343059e+01,2.0502626459210000244e-03
6.4012139500913576740e+01,2.0392970723250311918e-03
6.4115886728629803315e+01,2.0283556444082441288e-03
6.4219633956346029890e+01,2.0174386826491601601e-03
6.4323381184062256466e+01,2.0065464938375460538e-03
6.4427128411778497252e+01,1.9956793789353355698e-03
6.4530875639494723828e+01,1.9848376369664823098e-03
6.4634622867210950403e+01,1.9740215650350394390e-03
6.4738370094927176979e+01,1.9632314583405527549e-03
6.4842117322643403554e+01,1.9524676076820342979e-03
6.4945864550359644340e+01,1.9417302900236839067e-03
6.5049611778075870916e+01,1.9310197769963908035e-03
6.5153359005792097491e+01,1.9203363385002886980e-03
6.5257106233508324067e+01,1.9096802427191416317e-03
6.5360853461224550642e+01,1.8990517561339617745e-03
6.5464600688940791429e+01,1.8884511411525496932e-03
6.5568347916657018004e+01,1.8778786463973116874e-03
6.5672095144373244580e+01,1.8673345150747445824e-03
6.5775842372089471155e+01,1.8568189888553451438e-03
6.5879589599805697731e+01,1.8463323078872766626e-03
6.5983336827521938517e+01,1.8358747108083385471e-03
6.6087084055238165092e+01,1.8254464329184581263e-03
6.6190831282954391668e+01,1.8150476960999376453e-03
6.6294578510670618243e+01,1.8046787160784537925e-03
6.6398325738386844819e+01,1.7943397072188497186e-03
6.6502072966103085605e+01,1.7840308825482784159e-03
6.6605820193819312180e+01,1.7737524537666290569e-03
6.6709567421535538756e+01,1.7635046301759150795e-03
6.6813314649251765331e+01,1.7532876087282117921e-03
6.6917061876967991907e+01,1.7431015786868791703e-03
6.7020809104684232693e+01,1.7329467280614960396e-03
6.7124556332400459269e+01,1.7228232436993032046e-03
6.7228303560116685844e+01,1.7127313112941580913e-03
6.7332050787832912420e+01,1.7026711149924842869e-03
6.7435798015549138995e+01,1.6926428287737846877e-03
6.7539545243265379781e+01,1.6826466166490095140e-03
6.7643292470981606357e+01,1.6726826412458394022e-03
6.7747039698697832932e+01,1.6627510641957635781e-03
6.7850786926414059508e+01,1.6528520461417030990e-03
6.7954534154130286083e+01,1.6429857466978988433e-03
6.8058281381846526870e+01,1.6331523186396805242e-03
6.8162028609562753445e+01,1.6233519023790899446e-03
6.8265775837278980021e+01,1.6135846361548049875e-03
6.8369523064995206596e+01,1.6038506573664249467e-03
6.8473270292711433171e+01,1.5941501025808254687e-03
6.8577017520427673958e+01,1.5844831075384558164e-03
6.8680764748143900533e+01,1.5748498046636047552e-03
6.8784511975860127109e+01,1.5652503133037609911e-03
6.8888259203576353684e+01,1.5556847483186647327e-03
6.8992006431292580260e+01,1.5461532238761474187e-03
6.9095753659008821046e+01,1.5366558534583478826e-03
6.9199500886725047621e+01,1.5271927498668577596e-03
6.9303248114441274197e+01,1.5177640247111246451e-03
6.9406995342157500772e+01,1.5083697795469407435e-03
6.9510742569873727348e+01,1.4990101071500681711e-03
6.9614489797589968134e+01,1.4896850994696032681e-03
6.9718237025306194710e+01,1.4803948479073314806e-03
6.9821984253022421285e+01,1.4711394433217868296e-03
6.9925731480738647861e+01,1.4619189760279745725e-03
7.0029478708454874436e+01,1.4527335316654029981e-03
7.0133225936171115222e+01,1.4435831835241045695e-03
7.0236973163887341798e+01,1.4344680023570190348e-03
7.0340720391603568373e+01,1.4253880584996648367e-03
7.0444467619319794949e+01,1.4163434218732130418e-03
7.0548214847036021524e+01,1.4073341619875345994e-03
7.0651962074752262311e+01,1.3983603472687896468e-03
7.0755709302468488886e+01,1.3894220360591825157e-03
7.0859456530184715461e+01,1.3805192791199103180e-03
7.0963203757900942037e+01,1.3716521267407412801e-03
7.1066950985617168612e+01,1.3628206289177785798e-03
7.1170698213333409399e+01,1.3540248353556059817e-03
7.1274445441049635974e+01,1.3452647954691281627e-03
7.1378192668765862550e+01,1.3365405550661865839e-03
7.1481939896482089125e+01,1.3278521481268996604e-03
7.1585687124198315701e+01,1.3191996059189489785e-03
7.1689434351914556487e+01,1.3105829595290139928e-03
7.1793181579630783062e+01,1.3020022398640875971e-03
7.1896928807347009638e+01,1.2934574776527626386e-03
7.2000676035063236213e+01,1.2849487032399054941e-03
7.2104423262779462789e+01,1.2764759395540261656e-03
7.2208170490495703575e+01,1.2680392004249375990e-03
7.2311917718211930151e+01,1.2596384990456951664e-03
7.2415664945928156726e+01,1.2512738485337474015e-03
7.2519412173644383302e+01,1.2429452619314776667e-03
7.2623159401360624088e+01,1.2346527522067432189e-03
7.2726906629076850663e+01,1.2263963312004366908e-03
7.2830653856793077239e+01,1.2181760007515360540e-03
7.2934401084509303814e+01,1.2099917572292379683e-03
7.3038148312225530390e+01,1.2018435969667197287e-03
7.3141895539941771176e+01,1.1937315163179605670e-03
7.3245642767657997751e+01,1.1856555116576009221e-03
7.3349389995374224327e+01,1.1776155793807897842e-03
7.3453137223090450902e+01,1.1696117134735552808e-03
7.3556884450806677478e+01,1.1616438973072707678e-03
7.3660631678522918264e+01,1.1537121114303442154e-03
7.3764378906239144840e+01,1.1458163365005401280e-03
7.3868126133955371415e+01,1.1379565532842839202e-03
7.3971873361671597991e+01,1.1301327426559034089e-03
7.4075620589387824566e+01,1.1223448855886271162e-03
7.4179367817104065352e+01,1.1145929593014357838e-03
7.4283115044820291928e+01,1.1068769311516559080e-03
7.4386862272536518503e+01,1.0991967670844001066e-03
7.4490609500252745079e+01,1.0915524332345038008e-03
7.4594356727968971654e+01,1.0839438959252024886e-03
7.4698103955685212441e+01,1.0763711216668237630e-03
7.4801851183401439016e+01,1.0688340771119692139e-03
7.4905598411117665592e+01,1.0613327243095800959e-03
7.5009345638833892167e+01,1.0538670164743882580e-03
7.5113092866550118742e+01,1.0464369060749776144e-03
7.5216840094266359529e+01,1.0390423458421715278e-03
7.5320587321982586104e+01,1.0316832887672326008e-03
7.5424334549698812680e+01,1.0243596881000655019e-03
7.5528081777415039255e+01,1.0170714972793338474e-03
7.5631829005131265831e+01,1.0098186649674242236e-03
7.5735576232847506617e+01,1.0026011317180881423e-03
7.5839323460563733192e+01,9.9541883761456806737e-04
7.5943070688279959768e+01,9.8827172306751730375e-04
7.6046817915996186343e+01,9.8115972881277066162e-04
7.6150565143712412919e+01,9.7408279590912693734e-04
7.6254312371428653705e+01,9.6704086568359312603e-04
7.6358059599144880281e+01,9.6003387515878940619e-04
7.6461806826861106856e+01,9.5306175353657455671e-04
7.6565554054577333432e+01,9.4612442956912962654e-04
7.6669301282293560007e+01,9.3922183239428073953e-04
7.6773048510009800793e+01,9.3235389153289017876e-04
7.6876795737726027369e+01,9.2552053688627772005e-04
7.6980542965442253944e+01,9.1872169871735594789e-04
7.7084290193158480520e+01,9.1195730401057086435e-04
7.7188037420874707095e+01,9.0522727189894887020e-04
7.7291784648590947882e+01,8.9853152081967953193e-04
7.7395531876307174457e+01,8.9186996964728845576e-04
7.7499279104023401032e+01,8.8524253769070462925e-04
7.7603026331739627608e+01,8.7864914469036158994e-04
7.7706773559455854183e+01,8.7208971081519700425e-04
7.7810520787172094970e+01,8.6556415434307519465e-04
7.7914268014888321545e+01,8.5907238573366062010e-04
7.8018015242604548121e+01,8.5261431408578084064e-04
7.8121762470320774696e+01,8.4618984898113898310e-04
7.8225509698037001272e+01,8.3979890048111035736e-04
7.8329256925753242058e+01,8.3344137912356400927e-04
7.8433004153469468633e+01,8.2711719591971636593e-04
7.8536751381185695209e+01,8.2082626129986833042e-04
7.8640498608901921784e+01,8.1456847869809071317e-04
7.8744245836618148360e+01,8.0834374882401602812e-04
7.8847993064334389146e+01,8.0215197289683316199e-04
7.8951740292050615722e+01,7.9599305265494956722e-04
7.9055487519766842297e+01,7.8986689035257710931e-04
7.9159234747483068872e+01,7.8377338875635705392e-04
7.9262981975199295448e+01,7.7771245088705139286e-04
7.9366729202915536234e+01,7.7168397482906155287e-04
7.9470476430631762810e+01,7.6568785398229506547e-04
7.9574223658347989385e+01,7.5972398209252776143e-04
7.9677970886064215961e+01,7.5379225345894207595e-04
7.9781718113780442536e+01,7.4789256293052988264e-04
7.9885465341496683322e+01,7.4202480590252015581e-04
7.9989212569212909898e+01,7.3618887830700409109e-04
8.0092959796929136473e+01,7.3038467398178676809e-04
8.0196707024645363049e+01,7.2461208053977940215e-04
8.0300454252361589624e+01,7.1887098510029813492e-04
8.0404201480077830411e+01,7.1316127536526783062e-04
8.0507948707794056986e+01,7.0748283961547051967e-04
8.0611695935510283562e+01,7.0183556670681628530e-04
8.0715443163226510137e+01,6.9621934606665079621e-04
8.0819190390942736713e+01,6.9063406709654530814e-04
8.0922937618658977499e+01,6.8507961389140125969e-04
8.1026684846375204074e+01,6.7955586778749126065e-04
8.1130432074091430650e+01,6.7406271068881065591e-04
8.1234179301807657225e+01,6.6860002510265388511e-04
8.1337926529523883801e+01,6.6316769413576838379e-04
8.1441673757240124587e+01,6.5776560149053298759e-04
8.1545420984956351163e+01,6.5239363144835890544e-04
8.1649168212672577738e+01,6.4705166624913891624e-04
8.1752915440388804313e+01,6.4173958291149034699e-04
8.1856662668105030889e+01,6.3645725829740472726e-04
8.1960409895821271675e+01,6.3120456989235597216e-04
8.2064157123537498251e+01,6.2598139580136180106e-04
8.2167904351253724826e+01,6.2078761474506835832e-04
8.2271651578969951402e+01,6.1562310605587115472e-04
8.2375398806686192188e+01,6.1048774932907410272e-04
8.2479146034402418763e+01,6.0538142001082082422e-04
8.2582893262118645339e+01,6.0030399071174316786e-04
8.2686640489834871914e+01,5.9525533460341565912e-04
8.2790387717551098490e+01,5.9023532549314365776e-04
8.2894134945267339276e+01,5.8524383781998401063e-04
8.2997882172983565852e+01,5.8028074665079953150e-04
8.3101629400699792427e+01,5.7534592767633592394e-04
8.3205376628416019003e+01,5.7043925599605557579e-04
8.3309123856132245578e+01,5.6556060196952034555e-04
8.3412871083848486364e+01,5.6070983511802437692e-04
8.3516618311564712940e+01,5.5588682561115204585e-04
8.3620365539280939515e+01,5.5109144426280349226e-04
8.3724112766997166091e+01,5.4632356252720724963e-04
8.3827859994713392666e+01,5.4158305249495585984e-04
8.3931607222429633453e+01,5.3686978687239681612e-04
8.4035354450145860028e+01,5.3218363669404284907e-04
8.4139101677862086603e+01,5.2752446900617658721e-04
8.4242848905578313179e+01,5.2289215095607289880e-04
8.4346596133294539754e+01,5.1828655034464720525e-04
8.4450343361010780541e+01,5.1370753562244122255e-04
8.4554090588727007116e+01,5.0915497588563884360e-04
8.4657837816443233692e+01,5.0462874087210684865e-04
8.4761585044159460267e+01,5.0012870086266745552e-04
8.4865332271875686843e+01,4.9565472373083773253e-04
8.4969079499591927629e+01,4.9120667438323079024e-04
8.5072826727308154204e+01,4.8678441817519849588e-04
8.5176573955024380780e+01,4.8238782111809368636e-04
8.5280321182740607355e+01,4.7801674987528155114e-04
8.5384068410456833931e+01,4.7367107175817877059e-04
8.5487815638173074717e+01,4.6935065472231948846e-04
8.5591562865889301293e+01,4.6505536717927735153e-04
8.5695310093605527868e+01,4.6078507486888660351e-04
8.5799057321321754443e+01,4.5653964131812778144e-04
8.5902804549037981019e+01,4.5231893061877323373e-04
8.6006551776754221805e+01,4.4812280751836350030e-04
8.6110299004470448381e+01,4.4395113741625951559e-04
8.6214046232186674956e+01,4.3980378635971649568e-04
8.6317793459902901532e+01,4.3568062103999333299e-04
8.6421540687619128107e+01,4.3158150857269860293e-04
8.6525287915335368893e+01,4.2750631349145796784e-04
8.6629035143051595469e+01,4.2345489850644337567e-04
8.6732782370767822044e+01,4.1942712692135655696e-04
8.6836529598484048620e+01,4.1542286269316682987e-04
8.6940276826200275195e+01,4.1144197042821312226e-04
8.7044024053916515982e+01,4.0748431537833288210e-04
8.7147771281632742557e+01,4.0354976343702270072e-04
8.7251518509348969133e+01,3.9963818096567675425e-04
8.7355265737065195708e+01,3.9574943208118862651e-04
8.7459012964781422284e+01,3.9188337914392408967e-04
8.7562760192497663070e+01,3.8803988509301766538e-04
8.7666507420213889645e+01,3.8421881351641327777e-04
8.7770254647930116221e+01,3.8042002864702715356e-04
8.7874001875646342796e+01,3.7664339535894167605e-04
8.7977749103362569372e+01,3.7288877916362553116e-04
8.8081496331078810158e+01,3.6915604612300823191e-04
8.8185243558795036733e+01,3.6544506060751742651e-04
8.8288990786511263309e+01,3.6175568505195565463e-04
8.8392738014227489884e+01,3.5808778240317012693e-04
8.8496485241943716460e+01,3.5444121625069480424e-04
8.8600232469659957246e+01,3.5081585082298724024e-04
8.8703979697376183822e+01,3.4721155098369448078e-04
8.8807726925092410397e+01,3.4362818222793929191e-04
8.8911474152808636973e+01,3.4006561066253710238e-04
8.9015221380524863548e+01,3.3652370145288820931e-04
8.9118968608241104334e+01,3.3300231754064741653e-04
8.9222715835957330910e+01,3.2950132220215943169e-04
8.9326463063673557485e+01,3.2602057934895265412e-04
8.9430210291389784061e+01,3.2255995352405597738e-04
8.9533957519106010636e+01,3.1911930989833993226e-04
8.9637704746822251423e+01,3.1569851426688292891e-04
8.9741451974538477998e+01,3.1229743304536454994e-04
8.9845199202254704574e+01,3.0891593251713734018e-04
8.9948946429970931149e+01,3.0555387665022937151e-04
9.0052693657687157724e+01,3.0221112932241338440e-04
9.0156440885403398511e+01,2.9888755503802987316e-04
9.0260188113119625086e+01,2.9558301892438883576e-04
9.0363935340835851662e+01,2.9229738672819065987e-04
9.0467682568552078237e+01,2.8903052481197606541e-04
9.0571429796268304813e+01,2.8578230015059897812e-04
9.0675177023984545599e+01,2.8255258012993724045e-04
9.0778924251700772174e+01,2.7934123039822389032e-04
9.0882671479416998750e+01,2.7614811568399502987e-04
9.0986418707133225325e+01,2.7297310130619761945e-04
9.1090165934849451901e+01,2.6981605319735893229e-04
9.1193913162565692687e+01,2.6667683790009607397e-04
9.1297660390281919263e+01,2.6355532256365119762e-04
9.1401407617998145838e+01,2.6045137494044618039e-04
9.1505154845714372414e+01,2.5736486337436315693e-04
9.1608902073430598989e+01,2.5429565563133853029e-04
9.1712649301146839775e+01,2.5124361769929617894e-04
9.1816396528863066351e+01,2.4820861588494209145e-04
9.1920143756579292926e+01,2.4519051709856129213e-04
9.2023890984295519502e+01,2.4218918885061832503e-04
9.2127638212011760288e+01,2.3920449924837560037e-04
9.2231385439727986864e+01,2.3623631699253990293e-04
9.2335132667444213439e+01,2.3328451137392500095e-04
9.2438879895160440014e+01,2.3034895203710446300e-04
9.2542627122876666590e+01,2.2742950702184653905e-04
9.2646374350592907376e+01,2.2452604375986659154e-04
9.2750121578309133952e+01,2.2163843026372744612e-04
9.2853868806025360527e+01,2.1876653513587816834e-04
9.2957616033741587103e+01,2.1591022756536397084e-04
9.3061363261457813678e+01,2.1306937732455563618e-04
9.3165110489174054464e+01,2.1024385476590168082e-04
9.3268857716890281040e+01,2.0743353081720716964e-04
9.3372604944606507615e+01,2.0463827613526690253e-04
9.3476352172322734191e+01,2.0185795970093317283e-04
9.3580099400038960766e+01,1.9909245070543453242e-04
9.3683846627755201553e+01,1.9634161891943937672e-04
9.3787593855471428128e+01,1.9360533468985258805e-04
9.3891341083187654704e+01,1.9088346893662971600e-04
9.3995088310903881279e+01,1.8817589314961579621e-04
9.4098835538620107855e+01,1.8548247938540352226e-04
9.4202582766336348641e+01,1.8280310020819608868e-04
9.4306329994052575216e+01,1.8013762721364321904e-04
9.4410077221768801792e+01,1.7748593088616514742e-04
9.4513824449485028367e+01,1.7484788219337830039e-04
9.4617571677201254943e+01,1.7222335266883011425e-04
9.4721318904917495729e+01,1.6961221440889938232e-04
9.4825066132633722304e+01,1.6701434006971836764e-04
9.4928813360349948880e+01,1.6442960286411253392e-04
9.5032560588066175455e+01,1.6185787655856263812e-04
9.5136307815782402031e+01,1.5929903527599572786e-04
9.5240055043498642817e+01,1.5675295174190023522e-04
9.5343802271214869393e+01,1.5421949811423167381e-04
9.5447549498931095968e+01,1.5169854709324705829e-04
9.5551296726647322544e+01,1.4918997193207937202e-04
9.5655043954363549119e+01,1.4669364643373885367e-04
9.5758791182079789905e+01,1.4420944494813409749e-04
9.5862538409796016481e+01,1.4173724236911397034e-04
9.5966285637512243056e+01,1.3927691413152524960e-04
9.6070032865228469632e+01,1.3682833585407374417e-04
9.6173780092944696207e+01,1.3439138157700424112e-04
9.6277527320660936994e+01,1.3196592510177689527e-04
9.6381274548377163569e+01,1.2955184077196557862e-04
9.6485021776093390145e+01,1.2714900347160027080e-04
9.6588769003809616720e+01,1.2475728862226595083e-04
9.6692516231525843295e+01,1.2237657218021832125e-04
9.6796263459242084082e+01,1.2000673063351831597e-04
9.6900010686958310657e+01,1.1764764099918613731e-04
9.7003757914674537233e+01,1.1529918036311954911e-04
9.7107505142390763808e+01,1.1296122415693620876e-04
9.7211252370106990384e+01,1.1063364769534026898e-04
9.7314999597823231170e+01,1.0831632682463140200e-04
9.7418746825539457745e+01,1.0600913791998612203e-04
9.7522494053255684321e+01,1.0371195788264245101e-04
9.7626241280971910896e+01,1.0142466413710603799e-04
9.7729988508688137472e+01,9.9147134628372446787e-05
9.7833735736404378258e+01,9.6879247819167061805e-05
9.7937482964120604834e+01,9.4620882236975354393e-05
9.8041230191836831409e+01,9.2371914696518479674e-05
9.8144977419553057985e+01,9.0132221846110285998e-05
9.8248724647269284560e+01,8.7901680854885245217e-05
9.8352471874985525346e+01,8.5680169410250604681e-05
9.8456219102701751922e+01,8.3467565715157192871e-05
9.8559966330417978497e+01,8.1263748485384062169e-05
9.8663713558134205073e+01,7.9068596946843446851e-05
9.8767460785850431648e+01,7.6881990832901198085e-05
9.8871208013566672435e+01,7.4703810046006393188e-05
9.8974955241282899010e+01,7.2533932738403120947e-05
9.9078702468999125585e+01,7.0372236645213105937e-05
9.9182449696715352161e+01,6.8218600010244048021e-05
9.9286196924431578736e+01,6.6072901586210948670e-05
9.9389944152147819523e+01,6.3935020632079693666e-05
9.9493691379864046098e+01,6.1804836910428823300e-05
9.9597438607580272674e+01,5.9682230684824699241e-05
9.9701185835296499249e+01,5.7567082717216193821e-05
9.9804933063012725825e+01,5.5459274101637802477e-05
9.9908680290728966611e+01,5.3358684351141402063e-05
1.0001242751844519319e+02,5.1265192054153956936e-05
1.0011617474616141976e+02,4.9178676274396924614e-05
1.0021992197387764634e+02,4.7099016576362845205e-05
1.0032366920159387291e+02,4.5026093022725812603e-05
1.0042741642931011370e+02,4.2959786171767917350e-05
1.0053116365702634027e+02,4.0899977074823111261e-05
1.0063491088474256685e+02,3.8846547273733946957e-05
1.0073865811245879343e+02,3.6799441460754716128e-05
1.0084240534017502000e+02,3.4761583549989920339e-05
1.0094615256789126079e+02,3.2740099885378751263e-05
1.0104989979560748736e+02,3.0742406893535010692e-05
1.0115364702332371394e+02,2.8775890574736187638e-05
1.0125739425103994051e+02,2.6847906658796971886e-05
1.0136114147875616709e+02,2.4965780759984224421e-05
1.0146488870647240788e+02,2.3136808530981556548e-05
1.0156863593418863445e+02,2.1368255815911530647e-05
1.0167238316190486103e+02,1.9667358802399063689e-05
1.0177613038962108760e+02,1.8039423636051031411e-05
1.0187987761733732839e+02,1.6482189810017969402e-05
1.0198362484505355496e+02,1.4991533924026582627e-05
1.0208737207276978154e+02,1.3563349339576238794e-05
1.0219111930048600811e+02,1.2193546094854803563e-05
1.0229486652820223469e+02,1.0878050820171060830e-05
1.0239861375591847548e+02,9.6128066539013701019e-06
1.0250236098363470205e+02,8.3937731589475726224e-06
1.0260610821135092863e+02,7.2169262397000018852e-06
1.0270985543906715520e+02,6.0788464857255609009e-06
1.0281360266678338178e+02,4.9870882994100919358e-06
1.0291734989449962256e+02,3.9588679743516783275e-06
1.0302109712221584914e+02,3.0116668629119882711e-06
1.0312484434993207572e+02,2.1628959700260692033e-06
1.0322859157764830229e+02,1.4298963067072297420e-06
1.0333233880536452887e+02,8.2993924142166372657e-07
1.0343608603308076965e+02,3.8022684934858006650e-07
1.0353983326079699623e+02,9.7892259540847530950e-08
1.0364358048851322280e+02,0.0000000000000000000e+00
