1.0000000000000000479e-04,-9.6393679562945882897e-11
1.0384722771622945103e-01,-7.5637366426239185371e-05
2.0759445543245888532e-01,-2.9181107679833196431e-04
3.1134168314868831962e-01,-6.3368817666672474197e-04
4.1508891086491778166e-01,-1.0874006257600556200e-03
5.1883613858114718820e-01,-1.6399953400204189333e-03
6.2258336629737665024e-01,-2.2793864058548727117e-03
7.2633059401360611229e-01,-2.9943094692604912618e-03
8.3007782172983557434e-01,-3.7742782092430723559e-03
9.3382504944606503638e-01,-4.6095428089237026545e-03
1.0375722771622943874e+00,-5.4910503409988792312e-03
1.1413195048785238495e+00,-6.4104069867493987736e-03
1.2450667325947533115e+00,-7.3598420125739558856e-03
1.3488139603109827735e+00,-8.3321734289983108435e-03
1.4525611880272122356e+00,-9.3207752654045194357e-03
1.5563084157434416976e+00,-1.0319546377347497620e-02
1.6600556434596711597e+00,-1.1322880749675428083e-02
1.7638028711759006217e+00,-1.2325639194459692485e-02
1.8675500988921300838e+00,-1.3323122423861714567e-02
1.9712973266083595458e+00,-1.4311045401034238472e-02
2.0750445543245890079e+00,-1.5285512942138756998e-02
2.1787917820408186920e+00,-1.6242996506324731271e-02
2.2825390097570479320e+00,-1.7180312114978443100e-02
2.3862862374732776161e+00,-1.8094599358992064647e-02
2.4900334651895068561e+00,-1.8983301450097290336e-02
2.5937806929057365402e+00,-1.9844146258527019244e-02
2.6975279206219657802e+00,-2.0675128305622004349e-02
2.8012751483381954642e+00,-2.1474491659914565767e-02
2.9050223760544247043e+00,-2.2240713704366085052e-02
3.0087696037706543883e+00,-2.2972489731119163925e-02
3.1125168314868836283e+00,-2.3668718330540027689e-02
3.2162640592031133124e+00,-2.4328487527679586860e-02
3.3200112869193425524e+00,-2.4951061660764075473e-02
3.4237585146355717924e+00,-2.5535868927040517029e-02
3.5275057423518014765e+00,-2.6082489599150895931e-02
3.6312529700680307165e+00,-2.6590644872977707569e-02
3.7350001977842604006e+00,-2.7060186308922592330e-02
3.8387474255004896406e+00,-2.7491085846251307051e-02
3.9424946532167193247e+00,-2.7883426368484249408e-02
4.0462418809329481206e+00,-2.8237392789652485808e-02
4.1499891086491773606e+00,-2.8553263619123570721e-02
4.2537363363654074888e+00,-2.8831403014038161498e-02
4.3574835640816367288e+00,-2.9072253325999018736e-02
4.4612307917978659688e+00,-2.9276327945495176502e-02
4.5649780195140952088e+00,-2.9444204756568830017e-02
4.6687252472303253370e+00,-2.9576519759871546661e-02
4.7724724749465545770e+00,-2.9673961243014738975e-02
4.8762197026627838170e+00,-2.9737264235975134630e-02
4.9799669303790130570e+00,-2.9767205261712142983e-02
5.0837141580952422970e+00,-2.9764597468123474289e-02
5.1874613858114724252e+00,-2.9730286053719263278e-02
5.2912086135277016652e+00,-2.9665143967224659460e-02
5.3949558412439309052e+00,-2.9570067878326496830e-02
5.4987030689601601452e+00,-2.9445974418839778591e-02
5.6024502966763902734e+00,-2.9293796670227117279e-02
5.7061975243926195134e+00,-2.9114480884580663800e-02
5.8099447521088487534e+00,-2.8908983426879475420e-02
5.9136919798250779934e+00,-2.8678267935001524463e-02
6.0174392075413081216e+00,-2.8423302685549014374e-02
6.1211864352575373616e+00,-2.8145058135929875570e-02
6.2249336629737666016e+00,-2.7844504639786400030e-02
6.3286808906899958416e+00,-2.7522610325710007012e-02
6.4324281184062259697e+00,-2.7180339210117580862e-02
6.5361753461224552098e+00,-2.6818649414034209655e-02
6.6399225738386844498e+00,-2.6438491424567431287e-02
6.7436698015549136898e+00,-2.6040806675109360452e-02
6.8474170292711429298e+00,-2.5626526196795916535e-02
6.9511642569873730579e+00,-2.5196569203840089163e-02
7.0549114847036022979e+00,-2.4751842180945483884e-02
7.1586587124198315379e+00,-2.4293237623574073097e-02
7.2624059401360607779e+00,-2.3821633296551989606e-02
7.3661531678522909061e+00,-2.3337891247683765356e-02
7.4699003955685201461e+00,-2.2842857202913919440e-02
7.5736476232847493861e+00,-2.2337359756577749442e-02
7.6773948510009786261e+00,-2.1822209975293629242e-02
7.7811420787172087543e+00,-2.1298200682636655307e-02
7.8848893064334379943e+00,-2.0766106240086262824e-02
7.9886365341496672343e+00,-2.0226682021688268537e-02
8.0923837618658964743e+00,-1.9680664156715231561e-02
8.1961309895821266025e+00,-1.9128769351477403066e-02
8.2998782172983549543e+00,-1.8571694582103916854e-02
8.4036254450145850825e+00,-1.8010117011887340904e-02
8.5073726727308152107e+00,-1.7444693930101364682e-02
8.6111199004470435625e+00,-1.6876062634507107280e-02
8.7148671281632736907e+00,-1.6304840434498760887e-02
8.8186143558795020425e+00,-1.5731624712734468274e-02
8.9223615835957321707e+00,-1.5156992968932220256e-02
9.0261088113119622989e+00,-1.4581502899915830748e-02
9.1298560390281906507e+00,-1.4005692531228774653e-02
9.2336032667444207789e+00,-1.3430080374902793328e-02
9.3373504944606509071e+00,-1.2855165609167018906e-02
9.4410977221768792589e+00,-1.2281428270161728541e-02
9.5448449498931093871e+00,-1.1709329473751408854e-02
9.6485921776093377389e+00,-1.1139311657712426887e-02
9.7523394053255678671e+00,-1.0571798840469900579e-02
9.8560866330417979952e+00,-1.0007196895061333530e-02
9.9598338607580263471e+00,-9.4458938369217301800e-03
1.0063581088474256475e+01,-8.8882601237125456739e-03
1.0167328316190484827e+01,-8.3346489674412972681e-03
1.0271075543906714955e+01,-7.7853966570832627836e-03
1.0374822771622945083e+01,-7.2408228895730281441e-03
1.0478569999339173435e+01,-6.7012311083050673730e-03
1.0582317227055403563e+01,-6.1669088480802419089e-03
1.0686064454771633692e+01,-5.6381280854986785128e-03
1.0789811682487862043e+01,-5.1151455938437595181e-03
1.0893558910204092172e+01,-4.5982033015563635731e-03
1.0997306137920320523e+01,-4.0875286534531813168e-03
1.1101053365636550652e+01,-3.5833349739022245760e-03
1.1204800593352780780e+01,-3.0858218312211586204e-03
1.1308547821069009132e+01,-2.5951754026248318244e-03
1.1412295048785239260e+01,-2.1115688391002722032e-03
1.1516042276501469388e+01,-1.6351626296459925800e-03
1.1619789504217697740e+01,-1.1661049643613527645e-03
1.1723536731933927868e+01,-7.0453209592591077917e-04
1.1827283959650156220e+01,-2.5056869893455476763e-04
1.1931031187366386348e+01,1.9567177651386602911e-04
1.2034778415082616476e+01,6.3408675399202990390e-04
1.2138525642798844828e+01,1.0645841792941304702e-03
1.2242272870515074956e+01,1.4870821741233281998e-03
1.2346020098231303308e+01,1.9015086935418648844e-03
1.2449767325947533436e+01,2.3078011872450748636e-03
1.2553514553663763564e+01,2.7059062648107962308e-03
1.2657261781379991916e+01,3.0957793650579958772e-03
1.2761009009096222044e+01,3.4773844345367226072e-03
1.2864756236812452173e+01,3.8506936362121459844e-03
1.2968503464528680524e+01,4.2156870257275460417e-03
1.3072250692244910653e+01,4.5723522313279455279e-03
1.3175997919961139004e+01,4.9206841478297170395e-03
1.3279745147677369133e+01,5.2606846352100918376e-03
1.3383492375393599261e+01,5.5923622345276152376e-03
1.3487239603109827613e+01,5.9157319429825752991e-03
1.3590986830826057741e+01,6.2308149001998715602e-03
1.3694734058542286093e+01,6.5376380866919445514e-03
1.3798481286258516221e+01,6.8362340483697093402e-03
1.3902228513974746349e+01,7.1266406517810441251e-03
1.4005975741690974701e+01,7.4089009255604307627e-03
1.4109722969407204829e+01,7.6830627385520277456e-03
1.4213470197123434957e+01,7.9491785138928964388e-03
1.4317217424839663309e+01,8.2073049887473620984e-03
1.4420964652555893437e+01,8.4575031065627671867e-03
1.4524711880272121789e+01,8.6998377743624320108e-03
1.4628459107988351917e+01,8.9343775345185963421e-03
1.4732206335704582045e+01,9.1611943486373682149e-03
1.4835953563420810397e+01,9.3803635584201981723e-03
1.4939700791137040525e+01,9.5919636373431056003e-03
1.5043448018853268877e+01,9.7960758586949775450e-03
1.5147195246569499005e+01,9.9927841514036008091e-03
1.5250942474285729133e+01,1.0182175129428667343e-02
1.5354689702001957485e+01,1.0364337715791024919e-02
1.5458436929718187614e+01,1.0539362891653638113e-02
1.5562184157434417742e+01,1.0707343752011710958e-02
1.5665931385150646094e+01,1.0868375330983918656e-02
1.5769678612866876222e+01,1.1022554218710504947e-02
1.5873425840583104574e+01,1.1169978569667496013e-02
1.5977173068299334702e+01,1.1310748116814326250e-02
1.6080920296015563054e+01,1.1444963719188660720e-02
1.6184667523731793182e+01,1.1572727332210637138e-02
1.6288414751448023310e+01,1.1694142125873802085e-02
1.6392161979164253438e+01,1.1809312008842784772e-02
1.6495909206880483566e+01,1.1918341604900116806e-02
1.6599656434596710142e+01,1.2021336403554712738e-02
1.6703403662312940270e+01,1.2118402265400703491e-02
1.6807150890029170398e+01,1.2209645475915062440e-02
1.6910898117745400526e+01,1.2295172844674779819e-02
1.7014645345461630654e+01,1.2375091209146945812e-02
1.7118392573177857230e+01,1.2449507635451530219e-02
1.7222139800894087358e+01,1.2518529346794470339e-02
1.7325887028610317486e+01,1.2582263317226293625e-02
1.7429634256326547614e+01,1.2640816612519870793e-02
1.7533381484042777743e+01,1.2694296047478664108e-02
1.7637128711759004318e+01,1.2742808052965091947e-02
1.7740875939475234446e+01,1.2786458953235551803e-02
1.7844623167191464574e+01,1.2825354452952481693e-02
1.7948370394907694703e+01,1.2859599892711768426e-02
1.8052117622623924831e+01,1.2889300127465492390e-02
1.8155864850340154959e+01,1.2914559249283674366e-02
1.8259612078056381534e+01,1.2935480938901200779e-02
1.8363359305772611663e+01,1.2952167982259881612e-02
1.8467106533488841791e+01,1.2964722519954481952e-02
1.8570853761205071919e+01,1.2973245918596124082e-02
1.8674600988921302047e+01,1.2977838579459961138e-02
1.8778348216637528623e+01,1.2978600221201987142e-02
1.8882095444353758751e+01,1.2975629437091582355e-02
1.8985842672069988879e+01,1.2969024037055847109e-02
1.9089589899786219007e+01,1.2958880740076294397e-02
1.9193337127502449135e+01,1.2945295263354366852e-02
1.9297084355218675711e+01,1.2928362331074335148e-02
1.9400831582934905839e+01,1.2908175469842016886e-02
1.9504578810651135967e+01,1.2884827258699804373e-02
1.9608326038367366095e+01,1.2858408980431989058e-02
1.9712073266083596224e+01,1.2829010925348830613e-02
1.9815820493799822799e+01,1.2796722084111441728e-02
1.9919567721516052927e+01,1.2761630352293867191e-02
2.0023314949232283055e+01,1.2723822366544472809e-02
2.0127062176948513184e+01,1.2683383561936680678e-02
2.0230809404664743312e+01,1.2640398154367123856e-02
2.0334556632380969887e+01,1.2594949076925128842e-02
2.0438303860097200015e+01,1.2547118064394938500e-02
2.0542051087813430144e+01,1.2496985520268909936e-02
2.0645798315529660272e+01,1.2444630650226504512e-02
2.0749545543245890400e+01,1.2390131308796955428e-02
2.0853292770962120528e+01,1.2333564138999405721e-02
2.0957039998678347104e+01,1.2275004432909660326e-02
2.1060787226394577232e+01,1.2214526251350419500e-02
2.1164534454110807360e+01,1.2152202315871255336e-02
2.1268281681827037488e+01,1.2088104097775092399e-02
2.1372028909543267616e+01,1.2022301746188530230e-02
2.1475776137259494192e+01,1.1954864145268596573e-02
2.1579523364975724320e+01,1.1885858876923951002e-02
2.1683270592691954448e+01,1.1815352248097526350e-02
2.1787017820408184576e+01,1.1743409286092203539e-02
2.1890765048124414704e+01,1.1670093736784780195e-02
2.1994512275840641280e+01,1.1595468092609006669e-02
2.2098259503556871408e+01,1.1519593559963792195e-02
2.2202006731273101536e+01,1.1442530122560065631e-02
2.2305753958989331664e+01,1.1364336474059221621e-02
2.2409501186705561793e+01,1.1285070120873508595e-02
2.2513248414421788368e+01,1.1204787276064883533e-02
2.2616995642138018496e+01,1.1123543003771250298e-02
2.2720742869854248625e+01,1.1041391074843030437e-02
2.2824490097570478753e+01,1.0958384147674948492e-02
2.2928237325286708881e+01,1.0874573596505834536e-02
2.3031984553002939009e+01,1.0790009710532812853e-02
2.3135731780719165585e+01,1.0704741520281753700e-02
2.3239479008435395713e+01,1.0618816981795734661e-02
2.3343226236151625841e+01,1.0532282841115904806e-02
2.3446973463867855969e+01,1.0445184757549094354e-02
2.3550720691584086097e+01,1.0357567255630627592e-02
2.3654467919300312673e+01,1.0269473737553812612e-02
2.3758215147016542801e+01,1.0180946568326429066e-02
2.3861962374732772929e+01,1.0092026941180141236e-02
2.3965709602449003057e+01,1.0002755115147520318e-02
2.4069456830165233185e+01,9.9131701392841681947e-03
2.4173204057881459761e+01,9.8233102017489162122e-03
2.4276951285597689889e+01,9.7332122945895226812e-03
2.4380698513313920017e+01,9.6429125540082351320e-03
2.4484445741030150145e+01,9.5524460131564715992e-03
2.4588192968746380274e+01,9.4618467785174530799e-03
2.4691940196462606849e+01,9.3711480106880903213e-03
2.4795687424178836977e+01,9.2803818309619492966e-03
2.4899434651895067105e+01,9.1895795831543197751e-03
2.5003181879611297234e+01,9.0987714892687057006e-03
2.5106929107327527362e+01,9.0079870822867558200e-03
2.5210676335043753937e+01,8.9172548150119254617e-03
2.5314423562759984065e+01,8.8266023944440791943e-03
2.5418170790476214194e+01,8.7360566292028641461e-03
2.5521918018192444322e+01,8.6456434212874126721e-03
2.5625665245908674450e+01,8.5553880001318204779e-03
2.5729412473624904578e+01,8.4653145584014273528e-03
2.5833159701341131154e+01,8.3754467231776773967e-03
2.5936906929057361282e+01,8.2858071440916076372e-03
2.6040654156773591410e+01,8.1964177989568929444e-03
2.6144401384489821538e+01,8.1072999333806437111e-03
2.6248148612206051666e+01,8.0184739087926400203e-03
2.6351895839922278242e+01,7.9299595865133815781e-03
2.6455643067638508370e+01,7.8417758660134524035e-03
2.6559390295354738498e+01,7.7539411380527006531e-03
2.6663137523070968626e+01,7.6664730381093377717e-03
2.6766884750787198755e+01,7.5793884606174585089e-03
2.6870631978503425330e+01,7.4927038389867566676e-03
2.6974379206219655458e+01,7.4064347074313972505e-03
2.7078126433935885586e+01,7.3205961907486785320e-03
2.7181873661652115715e+01,7.2352026940745032060e-03
2.7285620889368345843e+01,7.1502679709010939779e-03
2.7389368117084572418e+01,7.0658053764316806206e-03
2.7493115344800802546e+01,6.9818274315098663788e-03
2.7596862572517032675e+01,6.8983463066167411901e-03
2.7700609800233262803e+01,6.8153735432891354717e-03
2.7804357027949492931e+01,6.7329200599670138705e-03
2.7908104255665723059e+01,6.6509964676653788099e-03
2.8011851483381949635e+01,6.5696126107770711280e-03
2.8115598711098179763e+01,6.4887779967712196430e-03
2.8219345938814409891e+01,6.4085016506860532567e-03
2.8323093166530640019e+01,6.3287919547536696310e-03
2.8426840394246870147e+01,6.2496570685812167026e-03
2.8530587621963096723e+01,6.1711044991965852829e-03
2.8634334849679326851e+01,6.0931413594556898747e-03
2.8738082077395556979e+01,6.0157744671595026961e-03
2.8841829305111787107e+01,5.9390099781484392838e-03
2.8945576532828017235e+01,5.8628538440462681092e-03
2.9049323760544243811e+01,5.7873115649704817004e-03
2.9153070988260473939e+01,5.7123881316155297738e-03
2.9256818215976704067e+01,5.6380883823329355775e-03
2.9360565443692934195e+01,5.5644165922312744180e-03
2.9464312671409164324e+01,5.4913767213546280099e-03
2.9568059899125390899e+01,5.4189725270836633722e-03
2.9671807126841621027e+01,5.3472071938547071149e-03
2.9775554354557851156e+01,5.2760837417341922839e-03
2.9879301582274081284e+01,5.2056048879897814929e-03
2.9983048809990311412e+01,5.1357728656888403107e-03
3.0086796037706537987e+01,5.0665898152572191870e-03
3.0190543265422768116e+01,4.9980574862873456549e-03
3.0294290493138998244e+01,4.9301772702094260117e-03
3.0398037720855228372e+01,4.8629504803929064424e-03
3.0501784948571458500e+01,4.7963779894668817985e-03
3.0605532176287688628e+01,4.7304604325417330332e-03
3.0709279404003915204e+01,4.6651983482693228436e-03
3.0813026631720145332e+01,4.6005918273995397363e-03
3.0916773859436375460e+01,4.5366408182813339547e-03
3.1020521087152605588e+01,4.4733451399663901396e-03
3.1124268314868835716e+01,4.4107041917753747606e-03
3.1228015542585062292e+01,4.3487172946718218730e-03
3.1331762770301292420e+01,4.2873836088081181475e-03
3.1435509998017522548e+01,4.2267019212407011541e-03
3.1539257225733752676e+01,4.1666709797470976098e-03
3.1643004453449982805e+01,4.1072893503262949619e-03
3.1746751681166209380e+01,4.0485552750388091245e-03
3.1850498908882439508e+01,3.9904669804490854393e-03
3.1954246136598669636e+01,3.9330225029340984411e-03
3.2057993364314903317e+01,3.8762195983065989013e-03
3.2161740592031129893e+01,3.8200560220070572601e-03
3.2265487819747363574e+01,3.7645293426469281575e-03
3.2369235047463590149e+01,3.7096368824652884398e-03
3.2472982275179823830e+01,3.6553759737632087259e-03
3.2576729502896050406e+01,3.6017437754267277346e-03
3.2680476730612276981e+01,3.5487372243637759807e-03
3.2784223958328510662e+01,3.4963532751980403585e-03
3.2887971186044737237e+01,3.4445887309089242602e-03
3.2991718413760970918e+01,3.3934401880060410285e-03
3.3095465641477197494e+01,3.3429042659954507667e-03
3.3199212869193424069e+01,3.2929774614095319932e-03
3.3302960096909657750e+01,3.2436560728143328317e-03
3.3406707324625884326e+01,3.1949364240856188354e-03
3.3510454552342118006e+01,3.1468147501908620700e-03
3.3614201780058344582e+01,3.0992870924468449330e-03
3.3717949007774571157e+01,3.0523495156611381296e-03
3.3821696235490804838e+01,3.0059980330174179697e-03
3.3925443463207031414e+01,2.9602284682350319886e-03
3.4029190690923265095e+01,2.9150366611952025116e-03
3.4132937918639491670e+01,2.8704184370440641479e-03
3.4236685146355718246e+01,2.8263694412937068884e-03
3.4340432374071951926e+01,2.7828853213697868178e-03
3.4444179601788178502e+01,2.7399617410573560636e-03
3.4547926829504412183e+01,2.6975942073368271677e-03
3.4651674057220638758e+01,2.6557782060113348591e-03
3.4755421284936865334e+01,2.6145092610502965007e-03
3.4859168512653099015e+01,2.5737827781689807949e-03
3.4962915740369325590e+01,2.5335941116874437055e-03
3.5066662968085559271e+01,2.4939386650368682539e-03
3.5170410195801785846e+01,2.4548117737497568598e-03
3.5274157423518012422e+01,2.4162086917095134363e-03
3.5377904651234246103e+01,2.3781247209350210060e-03
3.5481651878950472678e+01,2.3405551486347891781e-03
3.5585399106666706359e+01,2.3034951615106195703e-03
3.5689146334382932935e+01,2.2669399812146463595e-03
3.5792893562099159510e+01,2.2308848564873058097e-03
3.5896640789815393191e+01,2.1953249433707289900e-03
3.6000388017531619766e+01,2.1602554057894851613e-03
3.6104135245247853447e+01,2.1256714562397282728e-03
3.6207882472964080023e+01,2.0915682540353975651e-03
3.6311629700680313704e+01,2.0579409289030580615e-03
3.6415376928396540279e+01,2.0247846633610054080e-03
3.6519124156112766855e+01,1.9920946386397164404e-03
3.6622871383829000536e+01,1.9598659787402909413e-03
3.6726618611545227111e+01,1.9280938494728051130e-03
3.6830365839261460792e+01,1.8967734542163917476e-03
3.6934113066977687367e+01,1.8658999454408860263e-03
3.7037860294693913943e+01,1.8354684898191353775e-03
3.7141607522410147624e+01,1.8054743059349920211e-03
3.7245354750126374199e+01,1.7759126026128857403e-03
3.7349101977842607880e+01,1.7467785679385334878e-03
3.7452849205558834456e+01,1.7180674390864551174e-03
3.7556596433275061031e+01,1.6897744856316314864e-03
3.7660343660991294712e+01,1.6618949455459372522e-03
3.7764090888707521287e+01,1.6344240874694502923e-03
3.7867838116423754968e+01,1.6073572295517775561e-03
3.7971585344139981544e+01,1.5806896885075564455e-03
3.8075332571856208119e+01,1.5544167802322818653e-03
3.8179079799572441800e+01,1.5285338693327061872e-03
3.8282827027288668376e+01,1.5030363556303419272e-03
3.8386574255004902056e+01,1.4779196264146162061e-03
3.8490321482721128632e+01,1.4531791025902155920e-03
3.8594068710437355207e+01,1.4288102532007832327e-03
3.8697815938153588888e+01,1.4048085612468302723e-03
3.8801563165869815464e+01,1.3811695172869546070e-03
3.8905310393586049145e+01,1.3578886576408933685e-03
3.9009057621302275720e+01,1.3349615593808128976e-03
3.9112804849018502296e+01,1.3123838043409869099e-03
3.9216552076734735977e+01,1.2901510048247224506e-03
3.9320299304450962552e+01,1.2682588192981679096e-03
3.9424046532167196233e+01,1.2467029359478599363e-03
3.9527793759883422808e+01,1.2254790556934084568e-03
3.9631540987599649384e+01,1.2045829205125594547e-03
3.9735288215315883065e+01,1.1840103155367151262e-03
3.9839035443032109640e+01,1.1637570482767721925e-03
3.9942782670748343321e+01,1.1438189522605935172e-03
4.0046529898464569897e+01,1.1241919036792406752e-03
4.0150277126180796472e+01,1.1048718178268779420e-03
4.0254024353897030153e+01,1.0858546323755874710e-03
4.0357771581613256728e+01,1.0671363198988758313e-03
4.0461518809329490409e+01,1.0487128942555335939e-03
4.0565266037045716985e+01,1.0305804048314783604e-03
4.0669013264761943560e+01,1.0127349283129258219e-03
4.0772760492478177241e+01,9.9517257933691622741e-04
4.0876507720194403817e+01,9.7788951186463272600e-04
4.0980254947910637497e+01,9.6088191412662716812e-04
4.1084002175626864073e+01,9.4414600680465773138e-04
4.1187749403343097754e+01,9.2767804825673338444e-04
4.1291496631059324329e+01,9.1147433433236507792e-04
4.1395243858775550905e+01,8.9553119635026382211e-04
4.1498991086491784586e+01,8.7984500104711050802e-04
4.1602738314208011161e+01,8.6441215136953621252e-04
4.1706485541924244842e+01,8.4922908638178818026e-04
4.1810232769640471417e+01,8.3429228315482276395e-04
4.1913979997356697993e+01,8.1959825493920087595e-04
4.2017727225072931674e+01,8.0514354943126776112e-04
4.2121474452789158249e+01,7.9092474965701206353e-04
4.2225221680505391930e+01,7.7693847938924544359e-04
4.2328968908221618506e+01,7.6318139792570913096e-04
4.2432716135937845081e+01,7.4965019723793196744e-04
4.2536463363654078762e+01,7.3634160428149002947e-04
4.2640210591370305337e+01,7.2325238905964427637e-04
4.2743957819086539018e+01,7.1037935582357809080e-04
4.2847705046802765594e+01,6.9771933977624941894e-04
4.2951452274518992169e+01,6.8526921085487009153e-04
4.3055199502235225850e+01,6.7302588378389334618e-04
4.3158946729951452426e+01,6.6098630616571020600e-04
4.3262693957667686107e+01,6.4914745488308723577e-04
4.3366441185383912682e+01,6.3750634098840334388e-04
4.3470188413100139257e+01,6.2606002166509517985e-04
4.3573935640816372938e+01,6.1480558581311975375e-04
4.3677682868532599514e+01,6.0374014999149455598e-04
4.3781430096248833195e+01,5.9286086372671499990e-04
4.3885177323965059770e+01,5.8216492376486617382e-04
4.3988924551681286346e+01,5.7164955785054161370e-04
4.4092671779397520027e+01,5.6131201982009251619e-04
4.4196419007113746602e+01,5.5114959449890899533e-04
4.4300166234829980283e+01,5.4115961465995567840e-04
4.4403913462546206858e+01,5.3133944409042613809e-04
4.4507660690262433434e+01,5.2168647115763920868e-04
4.4611407917978667115e+01,5.1219811258208444715e-04
4.4715155145694893690e+01,5.0287183291464036556e-04
4.4818902373411127371e+01,4.9370512886829102852e-04
4.4922649601127353947e+01,4.8469552029371804200e-04
4.5026396828843580522e+01,4.7584055244844300102e-04
4.5130144056559814203e+01,4.6713781669788597859e-04
4.5233891284276040778e+01,4.5858493921720802069e-04
4.5337638511992274459e+01,4.5017956803470920903e-04
4.5441385739708501035e+01,4.4191937379965820021e-04
4.5545132967424727610e+01,4.3380206921547509891e-04
4.5648880195140961291e+01,4.2582540595927109196e-04
4.5752627422857187867e+01,4.1798715671286884544e-04
4.5856374650573421548e+01,4.1028511456945925906e-04
4.5960121878289648123e+01,4.0271710811372524782e-04
4.6063869106005881804e+01,3.9528100974752715217e-04
4.6167616333722108379e+01,3.8797471310053789758e-04
4.6271363561438334955e+01,3.8079613069597664224e-04
4.6375110789154568636e+01,3.7374320254065438980e-04
4.6478858016870795211e+01,3.6681391562959109491e-04
4.6582605244587028892e+01,3.6000628068705878239e-04
4.6686352472303255468e+01,3.5331832611974457953e-04
4.6790099700019482043e+01,3.4674810112005375815e-04
4.6893846927735715724e+01,3.4029369928290109128e-04
4.6997594155451942299e+01,3.3395324436400489415e-04
4.7101341383168175980e+01,3.2772487674266587545e-04
4.7205088610884402556e+01,3.2160675370295773541e-04
4.7308835838600629131e+01,3.1559706768919819396e-04
4.7412583066316862812e+01,3.0969405019057332949e-04
4.7516330294033089388e+01,3.0389594955762690804e-04
4.7620077521749323068e+01,2.9820102940614017471e-04
4.7723824749465549644e+01,2.9260757666935323243e-04
4.7827571977181776219e+01,2.8711392257298808421e-04
4.7931319204898009900e+01,2.8171841937551692732e-04
4.8035066432614236476e+01,2.7641943357073153363e-04
4.8138813660330470157e+01,2.7121534738682915276e-04
4.8242560888046696732e+01,2.6610458088705132244e-04
4.8346308115762923308e+01,2.6108558569205500685e-04
4.8450055343479156988e+01,2.5615682712550172156e-04
4.8553802571195383564e+01,2.5131678364657668388e-04
4.8657549798911617245e+01,2.4656395729954778268e-04
4.8761297026627843820e+01,2.4189689114208556896e-04
4.8865044254344070396e+01,2.3731414526193564353e-04
4.8968791482060304077e+01,2.3281429194946484489e-04
4.9072538709776530652e+01,2.2839591729848743740e-04
4.9176285937492764333e+01,2.2405764298622808986e-04
4.9280033165208990908e+01,2.1979811941503029867e-04
4.9383780392925217484e+01,2.1561600871127062731e-04
4.9487527620641451165e+01,2.1150998422228491384e-04
4.9591274848357677740e+01,2.0747873886457128632e-04
4.9695022076073911421e+01,2.0352100431897604950e-04
4.9798769303790137997e+01,1.9963552855294068177e-04
4.9902516531506364572e+01,1.9582106994579838791e-04
5.0006263759222598253e+01,1.9207639786203922153e-04
5.0110010986938824828e+01,1.8840031058035277569e-04
5.0213758214655058509e+01,1.8479163688500557620e-04
5.0317505442371285085e+01,1.8124921627514967073e-04
5.0421252670087511660e+01,1.7777189780136476243e-04
5.0524999897803745341e+01,1.7435854360177774087e-04
5.0628747125519971917e+01,1.7100805053456313333e-04
5.0732494353236205598e+01,1.6771933531128254921e-04
5.0836241580952432173e+01,1.6449132352729987461e-04
5.0939988808668665854e+01,1.6132294954367064582e-04
5.1043736036384892429e+01,1.5821316554552765561e-04
5.1147483264101119005e+01,1.5516095740610456248e-04
5.1251230491817352686e+01,1.5216532350178279339e-04
5.1354977719533579261e+01,1.4922527030285687470e-04
5.1458724947249812942e+01,1.4633981266126358262e-04
5.1562472174966039518e+01,1.4350798859587336970e-04
5.1666219402682266093e+01,1.4072886414936256632e-04
5.1769966630398499774e+01,1.3800151426059394338e-04
5.1873713858114726349e+01,1.3532502126890549681e-04
5.1977461085830960030e+01,1.3269847618759144270e-04
5.2081208313547186606e+01,1.3012099678452696970e-04
5.2184955541263413181e+01,1.2759172252902275559e-04
5.2288702768979646862e+01,1.2510980007985532479e-04
5.2392449996695873438e+01,1.2267438285492714839e-04
5.2496197224412107118e+01,1.2028463369211649678e-04
5.2599944452128333694e+01,1.1793974351637990356e-04
5.2703691679844560269e+01,1.1563891979218110647e-04
5.2807438907560793950e+01,1.1338137627327988578e-04
5.2911186135277020526e+01,1.1116633288006215073e-04
5.3014933362993254207e+01,1.0899301971774493847e-04
5.3118680590709480782e+01,1.0686069458484132033e-04
5.3222427818425707358e+01,1.0476862824104207165e-04
5.3326175046141941039e+01,1.0271609712572645813e-04
5.3429922273858167614e+01,1.0070238329815187062e-04
5.3533669501574401295e+01,9.8726779370795185323e-05
5.3637416729290627870e+01,9.6788604358861616509e-05
5.3741163957006854446e+01,9.4887188025063917327e-05
5.3844911184723088127e+01,9.3021865297734359973e-05
5.3948658412439314702e+01,9.1191976221146429514e-05
5.4052405640155548383e+01,8.9396871109155426815e-05
5.4156152867871774959e+01,8.7635925157427945072e-05
5.4259900095588001534e+01,8.5908523099018343420e-05
5.4363647323304235215e+01,8.4214054363666485700e-05
5.4467394551020461790e+01,8.2551913033068017602e-05
5.4571141778736695471e+01,8.0921502485283288244e-05
5.4674889006452922047e+01,7.9322249508411107975e-05
5.4778636234169148622e+01,7.7753589985461688829e-05
5.4882383461885382303e+01,7.6214964064972356224e-05
5.4986130689601608879e+01,7.4705816120767263352e-05
5.5089877917317842559e+01,7.3225598329395704214e-05
5.5193625145034069135e+01,7.1773784727511451883e-05
5.5297372372750295710e+01,7.0349858729080303106e-05
5.5401119600466529391e+01,6.8953307619043426469e-05
5.5504866828182755967e+01,6.7583622515718884470e-05
5.5608614055898989648e+01,6.6240300639136011807e-05
5.5712361283615216223e+01,6.4922859043033091385e-05
5.5816108511331449904e+01,6.3630825229295527893e-05
5.5919855739047676479e+01,6.2363730231927049430e-05
5.6023602966763903055e+01,6.1121108558747033832e-05
5.6127350194480136736e+01,5.9902499268346802192e-05
5.6231097422196363311e+01,5.8707458326870934253e-05
5.6334844649912596992e+01,5.7535553980401513629e-05
5.6438591877628823568e+01,5.6386357814165292436e-05
5.6542339105345050143e+01,5.5259444557711742739e-05
5.6646086333061283824e+01,5.4154392373900748830e-05
5.6749833560777510399e+01,5.3070792365561013956e-05
5.6853580788493744080e+01,5.2008250129003773113e-05
5.6957328016209970656e+01,5.0966374786481112439e-05
5.7061075243926197231e+01,4.9944778302987178156e-05
5.7164822471642430912e+01,4.8943075479546151976e-05
5.7268569699358657488e+01,4.7960889511775450127e-05
5.7372316927074891169e+01,4.6997859671531190637e-05
5.7476064154791117744e+01,4.6053629781416321955e-05
5.7579811382507344319e+01,4.5127846231073472311e-05
5.7683558610223578000e+01,4.4220157954100266140e-05
5.7787305837939804576e+01,4.3330218491859384428e-05
5.7891053065656038257e+01,4.2457696555237653283e-05
5.7994800293372264832e+01,4.1602267993009693474e-05
5.8098547521088491408e+01,4.0763610977959640876e-05
5.8202294748804725089e+01,3.9941405977535825536e-05
5.8306041976520951664e+01,3.9135336103884961945e-05
5.8409789204237185345e+01,3.8345095409800400855e-05
5.8513536431953411920e+01,3.7570388895035479189e-05
5.8617283659669638496e+01,3.6810924036944333898e-05
5.8721030887385872177e+01,3.6066410380175449254e-05
5.8824778115102098752e+01,3.5336559519774887760e-05
5.8928525342818332433e+01,3.4621088619772936968e-05
5.9032272570534559009e+01,3.3919728035459058822e-05
5.9136019798250785584e+01,3.3232212226658619948e-05
5.9239767025967019265e+01,3.2558277513370175956e-05
5.9343514253683245840e+01,3.1897662059505461072e-05
5.9447261481399479521e+01,3.1250106447108947293e-05
5.9551008709115706097e+01,3.0615361617058086112e-05
5.9654755936831932672e+01,2.9993186680587996084e-05
5.9758503164548166353e+01,2.9383342579572517973e-05
5.9862250392264392929e+01,2.8785591913131556012e-05
5.9965997619980626610e+01,2.8199698924793629518e-05
6.0069744847696853185e+01,2.7625432588762856371e-05
6.0173492075413079760e+01,2.7062573086711806550e-05
6.0277239303129313441e+01,2.6510903970832171270e-05
6.0380986530845540017e+01,2.5970210280927077555e-05
6.0484733758561773698e+01,2.5440278531652620590e-05
6.0588480986278000273e+01,2.4920896996694192021e-05
6.0692228213994233954e+01,2.4411861932473945827e-05
6.0795975441710460530e+01,2.3912977358550828731e-05
6.0899722669426687105e+01,2.3424048894987967601e-05
6.1003469897142920786e+01,2.2944883484158843371e-05
6.1107217124859147361e+01,2.2475289379522322335e-05
6.1210964352575381042e+01,2.2015077543961359411e-05
6.1314711580291607618e+01,2.1564068331699912990e-05
6.1418458808007834193e+01,2.1122086206742291296e-05
6.1522206035724067874e+01,2.0688956820785026850e-05
6.1625953263440294450e+01,2.0264506999585483777e-05
6.1729700491156528130e+01,1.9848564747268051330e-05
6.1833447718872754706e+01,1.9440962421086951142e-05
6.1937194946588981281e+01,1.9041540726781926038e-05
6.2040942174305214962e+01,1.8650142427298520899e-05
6.2144689402021441538e+01,1.8266611335577688204e-05
6.2248436629737675219e+01,1.7890792305805693736e-05
6.2352183857453901794e+01,1.7522531391071854225e-05
6.2455931085170128370e+01,1.7161680407786591345e-05
6.2559678312886362050e+01,1.6808097463503348339e-05
6.2663425540602588626e+01,1.6461641886359742277e-05
6.2767172768318822307e+01,1.6122173934553709761e-05
6.2870919996035048882e+01,1.5789554788669940685e-05
6.2974667223751275458e+01,1.5463647009438763290e-05
6.3078414451467509139e+01,1.5144319562027318103e-05
6.3182161679183735714e+01,1.4831445862643820131e-05
6.3285908906899969395e+01,1.4524900219469764152e-05
6.3389656134616195970e+01,1.4224557763545114334e-05
6.3493403362332422546e+01,1.3930294442045493519e-05
6.3597150590048656227e+01,1.3641987796159740448e-05
6.3700897817764882802e+01,1.3359521746579243118e-05
6.3804645045481116483e+01,1.3082783388012341911e-05
6.3908392273197343059e+01,1.2811660558124530733e-05
6.4012139500913576740e+01,1.2546041821726520288e-05
6.4115886728629803315e+01,1.2285816464891321519e-05
6.4219633956346029890e+01,1.2030875481296355415e-05
6.4323381184062256466e+01,1.1781115849937603591e-05
6.4427128411778497252e+01,1.1536436964083385346e-05
6.4530875639494723828e+01,1.1296738865145188686e-05
6.4634622867210950403e+01,1.1061922236322104294e-05
6.4738370094927176979e+01,1.0831888397458429212e-05
6.4842117322643403554e+01,1.0606540316586687348e-05
6.4945864550359644340e+01,1.0385786430285006953e-05
6.5049611778075870916e+01,1.0169537203059070553e-05
6.5153359005792097491e+01,9.9577036699532975095e-06
6.5257106233508324067e+01,9.7501974317661717367e-06
6.5360853461224550642e+01,9.5469306505600878636e-06
6.5464600688940791429e+01,9.3478169079756897545e-06
6.5568347916657018004e+01,9.1527747205452974143e-06
6.5672095144373244580e+01,8.9617245111653541447e-06
6.5775842372089471155e+01,8.7745872053666160666e-06
6.5879589599805697731e+01,8.5912842267859732773e-06
6.5983336827521938517e+01,8.4117374932505047265e-06
6.6087084055238165092e+01,8.2358700099050438469e-06
6.6190831282954391668e+01,8.0636091407752374661e-06
6.6294578510670618243e+01,7.8948842520289893286e-06
6.6398325738386844819e+01,7.7296251553678972771e-06
6.6502072966103085605e+01,7.5677621004853828519e-06
6.6605820193819312180e+01,7.4092257716556430256e-06
6.6709567421535538756e+01,7.2539475998928444007e-06
6.6813314649251765331e+01,7.1018626677625133802e-06
6.6917061876967991907e+01,6.9529083483335295563e-06
6.7020809104684232693e+01,6.8070224263561392793e-06
6.7124556332400459269e+01,6.6641430712184205010e-06
6.7228303560116685844e+01,6.5242088339782581521e-06
6.7332050787832912420e+01,6.3871587504829740496e-06
6.7435798015549138995e+01,6.2529346095091197001e-06
6.7539545243265379781e+01,6.1214808999599365348e-06
6.7643292470981606357e+01,5.9927425505466672343e-06
6.7747039698697832932e+01,5.8666648273232689382e-06
6.7850786926414059508e+01,5.7431933311074232312e-06
6.7954534154130286083e+01,5.6222740062606458929e-06
6.8058281381846526870e+01,5.5038545219789257470e-06
6.8162028609562753445e+01,5.3878855855974108806e-06
6.8265775837278980021e+01,5.2743185180331419575e-06
6.8369523064995206596e+01,5.1631049356751762802e-06
6.8473270292711433171e+01,5.0541967481461507605e-06
6.8577017520427673958e+01,4.9475461560841601293e-06
6.8680764748143900533e+01,4.8431061865724922544e-06
6.8784511975860127109e+01,4.7408327947062456410e-06
6.8888259203576353684e+01,4.6406830126979349143e-06
6.8992006431292580260e+01,4.5426141314330075247e-06
6.9095753659008821046e+01,4.4465836983077243876e-06
6.9199500886725047621e+01,4.3525495153063502001e-06
6.9303248114441274197e+01,4.2604697380626857677e-06
6.9406995342157500772e+01,4.1703046066299812771e-06
6.9510742569873727348e+01,4.0820161957018341706e-06
6.9614489797589968134e+01,3.9955668595199516759e-06
6.9718237025306194710e+01,3.9109191764076441404e-06
6.9821984253022421285e+01,3.8280359471049733028e-06
6.9925731480738647861e+01,3.7468801938840890606e-06
7.0029478708454874436e+01,3.6674158934097117204e-06
7.0133225936171115222e+01,3.5896093386249956489e-06
7.0236973163887341798e+01,3.5134273952841647926e-06
7.0340720391603568373e+01,3.4388371246234170933e-06
7.0444467619319794949e+01,3.3658057819214720387e-06
7.0548214847036021524e+01,3.2943008150727864377e-06
7.0651962074752262311e+01,3.2242899723494779917e-06
7.0755709302468488886e+01,3.1557427562829384440e-06
7.0859456530184715461e+01,3.0886300181762156781e-06
7.0963203757900942037e+01,3.0229228080117377999e-06
7.1066950985617168612e+01,2.9585923448228947361e-06
7.1170698213333409399e+01,2.8956100154618801585e-06
7.1274445441049635974e+01,2.8339473734194417042e-06
7.1378192668765862550e+01,2.7735766267024390509e-06
7.1481939896482089125e+01,2.7144718481613567724e-06
7.1585687124198315701e+01,2.6566076315720186599e-06
7.1689434351914556487e+01,2.5999587177793488213e-06
7.1793181579630783062e+01,2.5444999936347688484e-06
7.1896928807347009638e+01,2.4902064909427141415e-06
7.2000676035063236213e+01,2.4370534132036455877e-06
7.2104423262779462789e+01,2.3850170805367767963e-06
7.2208170490495703575e+01,2.3340751550742996132e-06
7.2311917718211930151e+01,2.2842055021038364252e-06
7.2415664945928156726e+01,2.2353861137593020815e-06
7.2519412173644383302e+01,2.1875951081135935406e-06
7.2623159401360624088e+01,2.1408107282790116578e-06
7.2726906629076850663e+01,2.0950114709370917692e-06
7.2830653856793077239e+01,2.0501771763492016991e-06
7.2934401084509303814e+01,2.0062884704943636423e-06
7.3038148312225530390e+01,1.9633260963941491183e-06
7.3141895539941771176e+01,1.9212709063294223915e-06
7.3245642767657997751e+01,1.8801038610665809558e-06
7.3349389995374224327e+01,1.8398060290902946682e-06
7.3453137223090450902e+01,1.8003588590855483154e-06
7.3556884450806677478e+01,1.7617451020376960664e-06
7.3660631678522918264e+01,1.7239479341427643841e-06
7.3764378906239144840e+01,1.6869506262542074476e-06
7.3868126133955371415e+01,1.6507365432093052591e-06
7.3971873361671597991e+01,1.6152891431701120836e-06
7.4075620589387824566e+01,1.5805919778196909013e-06
7.4179367817104065352e+01,1.5466290886399679083e-06
7.4283115044820291928e+01,1.5133856354613101003e-06
7.4386862272536518503e+01,1.4808470251724064461e-06
7.4490609500252745079e+01,1.4489987459605120872e-06
7.4594356727968971654e+01,1.4178263667460849741e-06
7.4698103955685212441e+01,1.3873155366221347587e-06
7.4801851183401439016e+01,1.3574519884111741786e-06
7.4905598411117665592e+01,1.3282219864535539253e-06
7.5009345638833892167e+01,1.2996127257020017561e-06
7.5113092866550118742e+01,1.2716115667868629615e-06
7.5216840094266359529e+01,1.2442059400728357659e-06
7.5320587321982586104e+01,1.2173833451787288458e-06
7.5424334549698812680e+01,1.1911313505011361637e-06
7.5528081777415039255e+01,1.1654375986508886056e-06
7.5631829005131265831e+01,1.1402902365704210615e-06
7.5735576232847506617e+01,1.1156782040139488246e-06
7.5839323460563733192e+01,1.0915905702958416613e-06
7.5943070688279959768e+01,1.0680164644609028024e-06
7.6046817915996186343e+01,1.0449450748769446134e-06
7.6150565143712412919e+01,1.0223656488306789161e-06
7.6254312371428653705e+01,1.0002674963175179421e-06
7.6358059599144880281e+01,9.7864035404538031366e-07
7.6461806826861106856e+01,9.5747466522949578655e-07
7.6565554054577333432e+01,9.3676099133126741253e-07
7.6669301282293560007e+01,9.1648994490019652524e-07
7.6773048510009800793e+01,8.9665218922869119146e-07
7.6876795737726027369e+01,8.7723843800968363537e-07
7.6980542965442253944e+01,8.5823945619205812937e-07
7.7084290193158480520e+01,8.3964632644732783173e-07
7.7188037420874707095e+01,8.2145078406552157071e-07
7.7291784648590947882e+01,8.0364469159518997290e-07
7.7395531876307174457e+01,7.8621995521728190155e-07
7.7499279104023401032e+01,7.6916852445307955542e-07
7.7603026331739627608e+01,7.5248239187450113058e-07
7.7706773559455854183e+01,7.3615359282453865499e-07
7.7810520787172094970e+01,7.2017436160383598399e-07
7.7914268014888321545e+01,7.0453753131512110966e-07
7.8018015242604548121e+01,6.8923609726155824153e-07
7.8121762470320774696e+01,6.7426309195581229973e-07
7.8225509698037001272e+01,6.5961158487329773537e-07
7.8329256925753242058e+01,6.4527468220739151458e-07
7.8433004153469468633e+01,6.3124552662659724280e-07
7.8536751381185695209e+01,6.1751736246559728173e-07
7.8640498608901921784e+01,6.0408393464178418196e-07
7.8744245836618148360e+01,5.9093922231069942058e-07
7.8847993064334389146e+01,5.7807723712719960763e-07
7.8951740292050615722e+01,5.6549202222229627232e-07
7.9055487519766842297e+01,5.5317765199660963175e-07
7.9159234747483068872e+01,5.4112823191546380350e-07
7.9262981975199295448e+01,5.2933791294569444167e-07
7.9366729202915536234e+01,5.1780118921366164189e-07
7.9470476430631762810e+01,5.0651288315285935394e-07
7.9574223658347989385e+01,4.9546785626069866940e-07
7.9677970886064215961e+01,4.8466099679759275910e-07
7.9781718113780442536e+01,4.7408721961294411851e-07
7.9885465341496683322e+01,4.6374146597248743638e-07
7.9989212569212909898e+01,4.5361870369634183031e-07
8.0092959796929136473e+01,4.4371406628800345742e-07
8.0196707024645363049e+01,4.3402307155736391939e-07
8.0300454252361589624e+01,4.2454131743574569850e-07
8.0404201480077830411e+01,4.1526442457479595730e-07
8.0507948707794056986e+01,4.0618803620009844006e-07
8.0611695935510283562e+01,3.9730781796590224014e-07
8.0715443163226510137e+01,3.8861945781098410917e-07
8.0819190390942736713e+01,3.8011869488629426672e-07
8.0922937618658977499e+01,3.7180157788498540706e-07
8.1026684846375204074e+01,3.6366433992557982657e-07
8.1130432074091430650e+01,3.5570323531696213532e-07
8.1234179301807657225e+01,3.4791453750307022183e-07
8.1337926529523883801e+01,3.4029453894086056936e-07
8.1441673757240124587e+01,3.3283955097920340261e-07
8.1545420984956351163e+01,3.2554590431903090118e-07
8.1649168212672577738e+01,3.1841006738178113066e-07
8.1752915440388804313e+01,3.1142879000142437344e-07
8.1856662668105030889e+01,3.0459887381236500299e-07
8.1960409895821271675e+01,2.9791713664324306418e-07
8.2064157123537498251e+01,2.9138041241457208847e-07
8.2167904351253724826e+01,2.8498555103714437417e-07
8.2271651578969951402e+01,2.7872941831121198980e-07
8.2375398806686192188e+01,2.7260891027525560562e-07
8.2479146034402418763e+01,2.6662113773394434399e-07
8.2582893262118645339e+01,2.6076337098188573678e-07
8.2686640489834871914e+01,2.5503289729722846858e-07
8.2790387717551098490e+01,2.4942701755570799175e-07
8.2894134945267339276e+01,2.4394304614555433767e-07
8.2997882172983565852e+01,2.3857831088304282604e-07
8.3101629400699792427e+01,2.3333015292866840217e-07
8.3205376628416019003e+01,2.2819597364447578652e-07
8.3309123856132245578e+01,2.2317339513237702167e-07
8.3412871083848486364e+01,2.1826010880445521319e-07
8.3516618311564712940e+01,2.1345381754609974153e-07
8.3620365539280939515e+01,2.0875223564275673203e-07
8.3724112766997166091e+01,2.0415308870929971558e-07
8.3827859994713392666e+01,1.9965411361992110859e-07
8.3931607222429633453e+01,1.9525305903657433713e-07
8.4035354450145860028e+01,1.9094776723618468059e-07
8.4139101677862086603e+01,1.8673625697226260041e-07
8.4242848905578313179e+01,1.8261657662364976277e-07
8.4346596133294539754e+01,1.7858678417124850920e-07
8.4450343361010780541e+01,1.7464494713904078202e-07
8.4554090588727007116e+01,1.7078914253554393338e-07
8.4657837816443233692e+01,1.6701745679569116256e-07
8.4761585044159460267e+01,1.6332798886865875845e-07
8.4865332271875686843e+01,1.5971894791969553167e-07
8.4969079499591927629e+01,1.5618867171212584517e-07
8.5072826727308154204e+01,1.5273551309387851997e-07
8.5176573955024380780e+01,1.4935783293797311016e-07
8.5280321182740607355e+01,1.4605400009370719417e-07
8.5384068410456833931e+01,1.4282239133819759332e-07
8.5487815638173074717e+01,1.3966139132827408851e-07
8.5591562865889301293e+01,1.3656939820334571537e-07
8.5695310093605527868e+01,1.3354491938027273484e-07
8.5799057321321754443e+01,1.3058655730958009761e-07
8.5902804549037981019e+01,1.2769292409243241040e-07
8.6006551776754221805e+01,1.2486263852672368769e-07
8.6110299004470448381e+01,1.2209432606673698408e-07
8.6214046232186674956e+01,1.1938661878309170021e-07
8.6317793459902901532e+01,1.1673815532298375037e-07
8.6421540687619128107e+01,1.1414758698566625188e-07
8.6525287915335368893e+01,1.1161366276756058476e-07
8.6629035143051595469e+01,1.0913520772032805542e-07
8.6732782370767822044e+01,1.0671105431278629740e-07
8.6836529598484048620e+01,1.0434004059334622827e-07
8.6940276826200275195e+01,1.0202101015672071665e-07
8.7044024053916515982e+01,9.9752812110871265475e-08
8.7147771281632742557e+01,9.7534301044192288066e-08
8.7251518509348969133e+01,9.5364341433084305339e-08
8.7355265737065195708e+01,9.3241878378582133040e-08
8.7459012964781422284e+01,9.1165924726493633539e-08
8.7562760192497663070e+01,8.9135499922763841017e-08
8.7666507420213889645e+01,8.7149628055009320661e-08
8.7770254647930116221e+01,8.5207337825083525885e-08
8.7874001875646342796e+01,8.3307662521839103957e-08
8.7977749103362569372e+01,8.1449639994081869295e-08
8.8081496331078810158e+01,7.9632314621892154480e-08
8.8185243558795036733e+01,7.7854791063894700409e-08
8.8288990786511263309e+01,7.6116240006881072513e-08
8.8392738014227489884e+01,7.4415839245725311240e-08
8.8496485241943716460e+01,7.2752770430889699406e-08
8.8600232469659957246e+01,7.1126219045850923867e-08
8.8703979697376183822e+01,6.9535374384685611739e-08
8.8807726925092410397e+01,6.7979429529810900110e-08
8.8911474152808636973e+01,6.6457581684259274982e-08
8.9015221380524863548e+01,6.4969066250984470395e-08
8.9118968608241104334e+01,6.3513184953474363301e-08
8.9222715835957330910e+01,6.2089249427033603512e-08
8.9326463063673557485e+01,6.0696574504940289065e-08
8.9430210291389784061e+01,5.9334478199897155669e-08
8.9533957519106010636e+01,5.8002281685610509305e-08
8.9637704746822251423e+01,5.6699309278497385067e-08
8.9741451974538477998e+01,5.5424888419525094594e-08
8.9845199202254704574e+01,5.4178364685955835663e-08
8.9948946429970931149e+01,5.2959145487114375308e-08
9.0052693657687157724e+01,5.1766655346861284420e-08
9.0156440885403398511e+01,5.0600321437966044627e-08
9.0260188113119625086e+01,4.9459573566884112612e-08
9.0363935340835851662e+01,4.8343844158637289359e-08
9.0467682568552078237e+01,4.7252568241799531770e-08
9.0571429796268304813e+01,4.6185183433585380992e-08
9.0675177023984545599e+01,4.5141133515561234251e-08
9.0778924251700772174e+01,4.4119907361883875648e-08
9.0882671479416998750e+01,4.3121024013216222490e-08
9.0986418707133225325e+01,4.2144005186087535180e-08
9.1090165934849451901e+01,4.1188374775992669244e-08
9.1193913162565692687e+01,4.0253658844997356190e-08
9.1297660390281919263e+01,3.9339385609428717056e-08
9.1401407617998145838e+01,3.8445085427648255788e-08
9.1505154845714372414e+01,3.7570290923095193731e-08
9.1608902073430598989e+01,3.6714555959564836435e-08
9.1712649301146839775e+01,3.5877475116217069625e-08
9.1816396528863066351e+01,3.5058649476887795053e-08
9.1920143756579292926e+01,3.4257681926386483462e-08
9.2023890984295519502e+01,3.3474177140344703094e-08
9.2127638212011760288e+01,3.2707741575132311563e-08
9.2231385439727986864e+01,3.1957983457842594891e-08
9.2335132667444213439e+01,3.1224512776343726580e-08
9.2438879895160440014e+01,3.0506944634956634834e-08
9.2542627122876666590e+01,2.9804927482932229458e-08
9.2646374350592907376e+01,2.9118128662314514280e-08
9.2750121578309133952e+01,2.8446217181180299542e-08
9.2853868806025360527e+01,2.7788863526898036863e-08
9.2957616033741587103e+01,2.7145739657873244940e-08
9.3061363261457813678e+01,2.6516518995348621811e-08
9.3165110489174054464e+01,2.5900876415259015743e-08
9.3268857716890281040e+01,2.5298488259032772829e-08
9.3372604944606507615e+01,2.4709042972868625043e-08
9.3476352172322734191e+01,2.4132258800868374612e-08
9.3580099400038960766e+01,2.3567859916987500215e-08
9.3683846627755201553e+01,2.3015571717000880887e-08
9.3787593855471428128e+01,2.2475120811745276361e-08
9.3891341083187654704e+01,2.1946235020405826639e-08
9.3995088310903881279e+01,2.1428643363847768574e-08
9.4098835538620107855e+01,2.0922076057991887143e-08
9.4202582766336348641e+01,2.0426265115183221618e-08
9.4306329994052575216e+01,1.9940960325020954832e-08
9.4410077221768801792e+01,1.9465930762904961202e-08
9.4513824449485028367e+01,1.9000947445873003853e-08
9.4617571677201254943e+01,1.8545782395273032937e-08
9.4721318904917495729e+01,1.8100208631263086380e-08
9.4825066132633722304e+01,1.7664000167347530324e-08
9.4928813360349948880e+01,1.7236932004948646653e-08
9.5032560588066175455e+01,1.6818780128014265737e-08
9.5136307815782402031e+01,1.6409323271282403788e-08
9.5240055043498642817e+01,1.6008358906548511375e-08
9.5343802271214869393e+01,1.5615695630289806791e-08
9.5447549498931095968e+01,1.5231142994765063539e-08
9.5551296726647322544e+01,1.4854511379366870756e-08
9.5655043954363549119e+01,1.4485611986135979994e-08
9.5758791182079789905e+01,1.4124256835304932534e-08
9.5862538409796016481e+01,1.3770258760870790222e-08
9.5966285637512243056e+01,1.3423431406196119493e-08
9.6070032865228469632e+01,1.3083591876461269228e-08
9.6173780092944696207e+01,1.2750573930839641756e-08
9.6277527320660936994e+01,1.2424217908303977749e-08
9.6381274548377163569e+01,1.2104364844734669551e-08
9.6485021776093390145e+01,1.1790856459727916213e-08
9.6588769003809616720e+01,1.1483535152923949808e-08
9.6692516231525843295e+01,1.1182244000358697442e-08
9.6796263459242084082e+01,1.0886826750838910372e-08
9.6900010686958310657e+01,1.0597127822340748661e-08
9.7003757914674537233e+01,1.0312995028450216578e-08
9.7107505142390763808e+01,1.0034289846145313167e-08
9.7211252370106990384e+01,9.7608782167435531272e-09
9.7314999597823231170e+01,9.4926266539001701261e-09
9.7418746825539457745e+01,9.2294022399018645810e-09
9.7522494053255684321e+01,8.9710726226419282371e-09
9.7626241280971910896e+01,8.7175060126150556422e-09
9.7729988508688137472e+01,8.4685711799311030222e-09
9.7833735736404378258e+01,8.2241374513478541115e-09
9.7937482964120604834e+01,7.9840767731450572007e-09
9.8041230191836831409e+01,7.7482718516487156491e-09
9.8144977419553057985e+01,7.5166090426228400268e-09
9.8248724647269284560e+01,7.2889751827649428331e-09
9.8352471874985525346e+01,7.0652575862542899009e-09
9.8456219102701751922e+01,6.8453440422363465469e-09
9.8559966330417978497e+01,6.6291228123227664450e-09
9.8663713558134205073e+01,6.4164826281074542736e-09
9.8767460785850431648e+01,6.2073126886981570248e-09
9.8871208013566672435e+01,6.0015037788525167444e-09
9.8974955241282899010e+01,5.7989546642763771435e-09
9.9078702468999125585e+01,5.5995676306048744985e-09
9.9182449696715352161e+01,5.4032453819406281951e-09
9.9286196924431578736e+01,5.2098910290562625303e-09
9.9389944152147819523e+01,5.0194080872718951747e-09
9.9493691379864046098e+01,4.8317004743460185170e-09
9.9597438607580272674e+01,4.6466725083793263837e-09
9.9701185835296499249e+01,4.4642289057318558865e-09
9.9804933063012725825e+01,4.2842751514753176923e-09
9.9908680290728966611e+01,4.1067218447691313157e-09
1.0001242751844519319e+02,3.9314831974196943899e-09
1.0011617474616141976e+02,3.7584738404666815419e-09
1.0021992197387764634e+02,3.5876087584440981235e-09
1.0032366920159387291e+02,3.4188032875524691370e-09
1.0042741642931011370e+02,3.2519731138423584689e-09
1.0053116365702634027e+02,3.0870342714092539978e-09
1.0063491088474256685e+02,2.9239031405993797588e-09
1.0073865811245879343e+02,2.7625010855260476802e-09
1.0084240534017502000e+02,2.6029703478518783983e-09
1.0094615256789126079e+02,2.4457646071016249989e-09
1.0104989979560748736e+02,2.2913593230809583779e-09
1.0115364702332371394e+02,2.1402280049930800821e-09
1.0125739425103994051e+02,1.9928422214316427219e-09
1.0136114147875616709e+02,1.8496716103121870827e-09
1.0146488870647240788e+02,1.7111838887426598660e-09
1.0156863593418863445e+02,1.5778448628335249114e-09
1.0167238316190486103e+02,1.4501184374462099660e-09
1.0177613038962108760e+02,1.3283277764916912119e-09
1.0187987761733732839e+02,1.2122435021499410765e-09
1.0198362484505355496e+02,1.1015003987112773120e-09
1.0208737207276978154e+02,9.9573473508122058857e-10
1.0219111930048600811e+02,8.9458425724444960031e-10
1.0229486652820223469e+02,7.9768818077453276046e-10
1.0239861375591847548e+02,7.0468718338919505122e-10
1.0250236098363470205e+02,6.1522339755086422379e-10
1.0260610821135092863e+02,5.2894040311197377659e-10
1.0270985543906715520e+02,4.4552800736160309521e-10
1.0281360266678338178e+02,3.6551147772873387287e-10
1.0291734989449962256e+02,2.9015168542546829463e-10
1.0302109712221584914e+02,2.2072987579577766558e-10
1.0312484434993207572e+02,1.5852213827172476534e-10
1.0322859157764830229e+02,1.0479943228258543240e-10
1.0333233880536452887e+02,6.0827613007839097026e-11
1.0343608603308076965e+02,2.7867456975183455931e-11
1.0353983326079699623e+02,7.1746875046735972869e-12
1.0364358048851322280e+02,0.0000000000000000000e+00
