1.0000000000000000479e-04,5.3462707092524869820e-11
1.0384722771622945103e-01,4.1949243497993518321e-05
2.0759445543245888532e-01,1.6182486912415255812e-04
3.1134168314868831962e-01,3.5135386033442527831e-04
4.1508891086491778166e-01,6.0277282535419743001e-04
5.1883613858114718820e-01,9.0880439699699564274e-04
6.2258336629737665024e-01,1.2626344921892267668e-03
7.2633059401360611229e-01,1.6578904538828121654e-03
8.3007782172983557434e-01,2.0886200452441125094e-03
9.3382504944606503638e-01,2.5492712671883396847e-03
1.0375722771622943874e+00,3.0346729711624186900e-03
1.1413195048785238495e+00,3.5400162395256089785e-03
1.2450667325947533115e+00,4.0608365076696779569e-03
1.3488139603109827735e+00,4.5929964016612973357e-03
1.4525611880272122356e+00,5.1326692691245918293e-03
1.5563084157434416976e+00,5.6763233706492626299e-03
1.6600556434596711597e+00,6.2207067252801062640e-03
1.7638028711759006217e+00,6.7628325653010749191e-03
1.8675500988921300838e+00,7.2999654022746860577e-03
1.9712973266083595458e+00,7.8296076604053542469e-03
2.0750445543245890079e+00,8.3494868736987432750e-03
2.1787917820408186920e+00,8.8575434214241220016e-03
2.2825390097570479320e+00,9.3519187784055820417e-03
2.3862862374732776161e+00,9.8309442663447720728e-03
2.4900334651895068561e+00,1.0293130290080266392e-02
2.5937806929057365402e+00,1.0737156034286560874e-02
2.6975279206219657802e+00,1.1161859610726056202e-02
2.8012751483381954642e+00,1.1566228634488332980e-02
2.9050223760544247043e+00,1.1949391217437264553e-02
3.0087696037706543883e+00,1.2310607361284574626e-02
3.1125168314868836283e+00,1.2649260737267293067e-02
3.2162640592031133124e+00,1.2964850830364716208e-02
3.3200112869193425524e+00,1.3256985454931270382e-02
3.4237585146355717924e+00,1.3525373597521027705e-02
3.5275057423518014765e+00,1.3769818599373963297e-02
3.6312529700680307165e+00,1.3990211659035077171e-02
3.7350001977842604006e+00,1.4186525636593031938e-02
3.8387474255004896406e+00,1.4358809152930486139e-02
3.9424946532167193247e+00,1.4507180975681169266e-02
4.0462418809329481206e+00,1.4631824677554321548e-02
4.1499891086491773606e+00,1.4732983543888949346e-02
4.2537363363654074888e+00,1.4810955741651123108e-02
4.3574835640816367288e+00,1.4866089760252269858e-02
4.4612307917978659688e+00,1.4898779992297982513e-02
4.5649780195140952088e+00,1.4909462677545667203e-02
4.6687252472303253370e+00,1.4898611906071702882e-02
4.7724724749465545770e+00,1.4866735950056973042e-02
4.8762197026627838170e+00,1.4814373745055234993e-02
4.9799669303790130570e+00,1.4742091531566118082e-02
5.0837141580952422970e+00,1.4650479721228876206e-02
5.1874613858114724252e+00,1.4540149929745579613e-02
5.2912086135277016652e+00,1.4411732165881006862e-02
5.3949558412439309052e+00,1.4265872177685373981e-02
5.4987030689601601452e+00,1.4103228958434471316e-02
5.6024502966763902734e+00,1.3924472398099772136e-02
5.7061975243926195134e+00,1.3730281073857146523e-02
5.8099447521088487534e+00,1.3521340173472930213e-02
5.9136919798250779934e+00,1.3298339551392526423e-02
6.0174392075413081216e+00,1.3061971911238730651e-02
6.1211864352575373616e+00,1.2812931095754492503e-02
6.2249336629737666016e+00,1.2551910484027529319e-02
6.3286808906899958416e+00,1.2279601490698264371e-02
6.4324281184062259697e+00,1.1996692218896929868e-02
6.5361753461224552098e+00,1.1703866175951007506e-02
6.6399225738386844498e+00,1.1401801012004782188e-02
6.7436698015549136898e+00,1.1091167476160120747e-02
6.8474170292711429298e+00,1.0772628415754232495e-02
6.9511642569873730579e+00,1.0446837725459857601e-02
7.0549114847036022979e+00,1.0114439643416567663e-02
7.1586587124198315379e+00,9.7760678029230035219e-03
7.2624059401360607779e+00,9.4323446431021553543e-03
7.3661531678522909061e+00,9.0838806493320975455e-03
7.4699003955685201461e+00,8.7312738568908580816e-03
7.5736476232847493861e+00,8.3751092163818589842e-03
7.6773948510009786261e+00,8.0159582408585033919e-03
7.7811420787172087543e+00,7.6543784437930854903e-03
7.8848893064334379943e+00,7.2909131084008269377e-03
7.9886365341496672343e+00,6.9260908625013656650e-03
8.0923837618658964743e+00,6.5604254329825629349e-03
8.1961309895821266025e+00,6.1944154537644756375e-03
8.2998782172983549543e+00,5.8285442037433188300e-03
8.4036254450145850825e+00,5.4632794891704807363e-03
8.5073726727308152107e+00,5.0990735430977611811e-03
8.6111199004470435625e+00,4.7363629051839000947e-03
8.7148671281632736907e+00,4.3755683797267949653e-03
8.8186143558795020425e+00,4.0170950298059372729e-03
8.9223615835957321707e+00,3.6613321739183070543e-03
9.0261088113119622989e+00,3.3086534145644400096e-03
9.1298560390281906507e+00,2.9594167010813083284e-03
9.2336032667444207789e+00,2.6139644130978292522e-03
9.3373504944606509071e+00,2.2726234611640809720e-03
9.4410977221768792589e+00,1.9357054090436821934e-03
9.5448449498931093871e+00,1.6035066172670265402e-03
9.6485921776093377389e+00,1.2763084034052730315e-03
9.7523394053255678671e+00,9.5437721787747730427e-04
9.8560866330417979952e+00,6.3796483430759239226e-04
9.9598338607580263471e+00,3.2730855328413200169e-04
1.0063581088474256475e+01,2.2631417655123217935e-05
1.0167328316190484827e+01,-2.7585755816820074467e-04
1.0271075543906714955e+01,-5.6796314840358889334e-04
1.0374822771622945083e+01,-8.5350366756634999440e-04
1.0478569999339173435e+01,-1.1323107135900801253e-03
1.0582317227055403563e+01,-1.4042289032482036491e-03
1.0686064454771633692e+01,-1.6691156007045361218e-03
1.0789811682487862043e+01,-1.9268406399896894753e-03
1.0893558910204092172e+01,-2.1772860421622282009e-03
1.0997306137920320523e+01,-2.4203457278757010800e-03
1.1101053365636550652e+01,-2.6559252260334649011e-03
1.1204800593352780780e+01,-2.8839413791692997992e-03
1.1308547821069009132e+01,-3.1043220461519547247e-03
1.1412295048785239260e+01,-3.3170058027667519845e-03
1.1516042276501469388e+01,-3.5219416406871654340e-03
1.1619789504217697740e+01,-3.7190886653067313158e-03
1.1723536731933927868e+01,-3.9084157928642839289e-03
1.1827283959650156220e+01,-4.0899014473995140909e-03
1.1931031187366386348e+01,-4.2635332618023939061e-03
1.2034778415082616476e+01,-4.4293077791111232222e-03
1.2138525642798844828e+01,-4.5872301500157570617e-03
1.2242272870515074956e+01,-4.7373138335831998028e-03
1.2346020098231303308e+01,-4.8795802994609982148e-03
1.2449767325947533436e+01,-5.0140587316246706256e-03
1.2553514553663763564e+01,-5.1407857338571930420e-03
1.2657261781379991916e+01,-5.2598050371413978057e-03
1.2761009009096222044e+01,-5.3711672148288149356e-03
1.2864756236812452173e+01,-5.4749294297420829716e-03
1.2968503464528680524e+01,-5.5711551403720520337e-03
1.3072250692244910653e+01,-5.6599138089608140578e-03
1.3175997919961139004e+01,-5.7412806233496744765e-03
1.3279745147677369133e+01,-5.8153362216346177194e-03
1.3383492375393599261e+01,-5.8821664341183067110e-03
1.3487239603109827613e+01,-5.9418620892514395840e-03
1.3590986830826057741e+01,-5.9945187158121446963e-03
1.3694734058542286093e+01,-6.0402362576111763570e-03
1.3798481286258516221e+01,-6.0791188159603241556e-03
1.3902228513974746349e+01,-6.1112744245263176182e-03
1.4005975741690974701e+01,-6.1368149167373639563e-03
1.4109722969407204829e+01,-6.1558556087961254985e-03
1.4213470197123434957e+01,-6.1685150228273722198e-03
1.4317217424839663309e+01,-6.1749146596870576817e-03
1.4420964652555893437e+01,-6.1751789138467507931e-03
1.4524711880272121789e+01,-6.1694348366645758441e-03
1.4628459107988351917e+01,-6.1578118077881809772e-03
1.4732206335704582045e+01,-6.1404413292420146828e-03
1.4835953563420810397e+01,-6.1174570058160088887e-03
1.4939700791137040525e+01,-6.0889942967426655129e-03
1.5043448018853268877e+01,-6.0551901818971859068e-03
1.5147195246569499005e+01,-6.0161830287537125528e-03
1.5250942474285729133e+01,-5.9721126343600626496e-03
1.5354689702001957485e+01,-5.9231198418157318328e-03
1.5458436929718187614e+01,-5.8693462945402586142e-03
1.5562184157434417742e+01,-5.8109345023710070113e-03
1.5665931385150646094e+01,-5.7480276634602539207e-03
1.5769678612866876222e+01,-5.6807692835248082414e-03
1.5873425840583104574e+01,-5.6093031917468930483e-03
1.5977173068299334702e+01,-5.5337735487491759509e-03
1.6080920296015563054e+01,-5.4543244010589802748e-03
1.6184667523731793182e+01,-5.3710996582437163169e-03
1.6288414751448023310e+01,-5.2842431953955644117e-03
1.6392161979164253438e+01,-5.1938983942998902255e-03
1.6495909206880483566e+01,-5.1002081256335176501e-03
1.6599656434596710142e+01,-5.0033148715421032690e-03
1.6703403662312940270e+01,-4.9033602650309397394e-03
1.6807150890029170398e+01,-4.8004851403217205577e-03
1.6910898117745400526e+01,-4.6948295968630643707e-03
1.7014645345461630654e+01,-4.5865325611315716989e-03
1.7118392573177857230e+01,-4.4757319543348049115e-03
1.7222139800894087358e+01,-4.3625646029184081062e-03
1.7325887028610317486e+01,-4.2471659066610047487e-03
1.7429634256326547614e+01,-4.1296700944992237661e-03
1.7533381484042777743e+01,-4.0102099297682700096e-03
1.7637128711759004318e+01,-3.8889166157440153114e-03
1.7740875939475234446e+01,-3.7659199640413341253e-03
1.7844623167191464574e+01,-3.6413480193405556133e-03
1.7948370394907694703e+01,-3.5153272283531041692e-03
1.8052117622623924831e+01,-3.3879823183650416805e-03
1.8155864850340154959e+01,-3.2594361336135495820e-03
1.8259612078056381534e+01,-3.1298098059040733998e-03
1.8363359305772611663e+01,-2.9992224684475795107e-03
1.8467106533488841791e+01,-2.8677913832876752130e-03
1.8570853761205071919e+01,-2.7356318302224473006e-03
1.8674600988921302047e+01,-2.6028570393209268102e-03
1.8778348216637528623e+01,-2.4695782518947334214e-03
1.8882095444353758751e+01,-2.3359045656650393070e-03
1.8985842672069988879e+01,-2.2019430168843841245e-03
1.9089589899786219007e+01,-2.0677984678778059749e-03
1.9193337127502449135e+01,-1.9335736402998728641e-03
1.9297084355218675711e+01,-1.7993690506787369133e-03
1.9400831582934905839e+01,-1.6652830338192829186e-03
1.9504578810651135967e+01,-1.5314116691411735604e-03
1.9608326038367366095e+01,-1.3978488406759163962e-03
1.9712073266083596224e+01,-1.2646861352838005468e-03
1.9815820493799822799e+01,-1.1320129232440657822e-03
1.9919567721516052927e+01,-9.9991627451842144889e-04
2.0023314949232283055e+01,-8.6848099474132634413e-04
2.0127062176948513184e+01,-7.3778962826826085478e-04
2.0230809404664743312e+01,-6.0792238668161912261e-04
2.0334556632380969887e+01,-4.7895728777861605683e-04
2.0438303860097200015e+01,-3.5096994375397760251e-04
2.0542051087813430144e+01,-2.2403385057422436325e-04
2.0645798315529660272e+01,-9.8220037885246702495e-05
2.0749545543245890400e+01,2.6402508464505751776e-05
2.0853292770962120528e+01,1.4976730664226022656e-04
2.0957039998678347104e+01,2.7180985935072927463e-04
2.1060787226394577232e+01,3.9246818517598336309e-04
2.1164534454110807360e+01,5.1168224033512144447e-04
2.1268281681827037488e+01,6.2939448881881205917e-04
2.1372028909543267616e+01,7.4554928991023251220e-04
2.1475776137259494192e+01,8.6009349274933507516e-04
2.1579523364975724320e+01,9.7297579481052495938e-04
2.1683270592691954448e+01,1.0841473647877197112e-03
2.1787017820408184576e+01,1.1935611610901055487e-03
2.1890765048124414704e+01,1.3011726005048521865e-03
2.1994512275840641280e+01,1.4069388150888589763e-03
2.2098259503556871408e+01,1.5108193914442902273e-03
2.2202006731273101536e+01,1.6127755408111548591e-03
2.2305753958989331664e+01,1.7127709327817096895e-03
2.2409501186705561793e+01,1.8107707599458750664e-03
2.2513248414421788368e+01,1.9067426764637727000e-03
2.2616995642138018496e+01,2.0006557604530187527e-03
2.2720742869854248625e+01,2.0924815362379383700e-03
2.2824490097570478753e+01,2.1821928793395221034e-03
2.2928237325286708881e+01,2.2697650510548716789e-03
2.3031984553002939009e+01,2.3551746449463838683e-03
2.3135731780719165585e+01,2.4384005097577805474e-03
2.3239479008435395713e+01,2.5194228837725671753e-03
2.3343226236151625841e+01,2.5982240430998610262e-03
2.3446973463867855969e+01,2.6747877965794400815e-03
2.3550720691584086097e+01,2.7490996876374808842e-03
2.3654467919300312673e+01,2.8211470082482397424e-03
2.3758215147016542801e+01,2.8909184257111860544e-03
2.3861962374732772929e+01,2.9584045956079817533e-03
2.3965709602449003057e+01,3.0235972055505876653e-03
2.4069456830165233185e+01,3.0864900978534882264e-03
2.4173204057881459761e+01,3.1470779452965188736e-03
2.4276951285597689889e+01,3.2053575304009803391e-03
2.4380698513313920017e+01,3.2613265245177115378e-03
2.4484445741030150145e+01,3.3149843840239476105e-03
2.4588192968746380274e+01,3.3663317666074079465e-03
2.4691940196462606849e+01,3.4153705946614251743e-03
2.4795687424178836977e+01,3.4621044152786713960e-03
2.4899434651895067105e+01,3.5065375194347036918e-03
2.5003181879611297234e+01,3.5486761120128080572e-03
2.5106929107327527362e+01,3.5885269116973346828e-03
2.5210676335043753937e+01,3.6260984221103205634e-03
2.5314423562759984065e+01,3.6613998971789197753e-03
2.5418170790476214194e+01,3.6944418188482566930e-03
2.5521918018192444322e+01,3.7252359539071831958e-03
2.5625665245908674450e+01,3.7537946400255772089e-03
2.5729412473624904578e+01,3.7801319055646570577e-03
2.5833159701341131154e+01,3.8042620784095077142e-03
2.5936906929057361282e+01,3.8262010043639219786e-03
2.6040654156773591410e+01,3.8459651822000903189e-03
2.6144401384489821538e+01,3.8635719353994628540e-03
2.6248148612206051666e+01,3.8790398673475795337e-03
2.6351895839922278242e+01,3.8923877864593370811e-03
2.6455643067638508370e+01,3.9036359987577396238e-03
2.6559390295354738498e+01,3.9128050797437386246e-03
2.6663137523070968626e+01,3.9199165425963201567e-03
2.6766884750787198755e+01,3.9249928210694862499e-03
2.6870631978503425330e+01,3.9280565259721079638e-03
2.6974379206219655458e+01,3.9291316065120894530e-03
2.7078126433935885586e+01,3.9282420899784745161e-03
2.7181873661652115715e+01,3.9254128766212153731e-03
2.7285620889368345843e+01,3.9206695852229819441e-03
2.7389368117084572418e+01,3.9140379155516357920e-03
2.7493115344800802546e+01,3.9055447390984308377e-03
2.7596862572517032675e+01,3.8952169213890288323e-03
2.7700609800233262803e+01,3.8830819940097148490e-03
2.7804357027949492931e+01,3.8691681562647486231e-03
2.7908104255665723059e+01,3.8535035260634860517e-03
2.8011851483381949635e+01,3.8361172181896581804e-03
2.8115598711098179763e+01,3.8170383616428740954e-03
2.8219345938814409891e+01,3.7962964260732363735e-03
2.8323093166530640019e+01,3.7739215953389556105e-03
2.8426840394246870147e+01,3.7499438331869538316e-03
2.8530587621963096723e+01,3.7243938248335403327e-03
2.8634334849679326851e+01,3.6973024293692948600e-03
2.8738082077395556979e+01,3.6687004621192755710e-03
2.8841829305111787107e+01,3.6386194724432052716e-03
2.8945576532828017235e+01,3.6070907985620232275e-03
2.9049323760544243811e+01,3.5741460659411555811e-03
2.9153070988260473939e+01,3.5398173144342969659e-03
2.9256818215976704067e+01,3.5041362880564152354e-03
2.9360565443692934195e+01,3.4671352316657686951e-03
2.9464312671409164324e+01,3.4288464249731943727e-03
2.9568059899125390899e+01,3.3893019636720453196e-03
2.9671807126841621027e+01,3.3485344457270618292e-03
2.9775554354557851156e+01,3.3065762337753648245e-03
2.9879301582274081284e+01,3.2634596926934822392e-03
2.9983048809990311412e+01,3.2192175127627362628e-03
3.0086796037706537987e+01,3.1738820386242538006e-03
3.0190543265422768116e+01,3.1274857593738348074e-03
3.0294290493138998244e+01,3.0800612637463275524e-03
3.0398037720855228372e+01,3.0316407868162440452e-03
3.0501784948571458500e+01,2.9822567685037454192e-03
3.0605532176287688628e+01,2.9319415522585964666e-03
3.0709279404003915204e+01,2.8807271682513282615e-03
3.0813026631720145332e+01,2.8286458347846908830e-03
3.0916773859436375460e+01,2.7757295361894476597e-03
3.1020521087152605588e+01,2.7220099955804571111e-03
3.1124268314868835716e+01,2.6675190543314574419e-03
3.1228015542585062292e+01,2.6122882412740362768e-03
3.1331762770301292420e+01,2.5563488627680921658e-03
3.1435509998017522548e+01,2.4997322533644719331e-03
3.1539257225733752676e+01,2.4424693984516168167e-03
3.1643004453449982805e+01,2.3845910764218104273e-03
3.1746751681166209380e+01,2.3261280080383115593e-03
3.1850498908882439508e+01,2.2671105517542197022e-03
3.1954246136598669636e+01,2.2075688532429849770e-03
3.2057993364314903317e+01,2.1475329283864286710e-03
3.2161740592031129893e+01,2.0870324297839102333e-03
3.2265487819747363574e+01,2.0260967760960283887e-03
3.2369235047463590149e+01,1.9647551985421886529e-03
3.2472982275179823830e+01,1.9030365702310089900e-03
3.2576729502896050406e+01,1.8409695004748373795e-03
3.2680476730612276981e+01,1.7785823647124040636e-03
3.2784223958328510662e+01,1.7159031887934641115e-03
3.2887971186044737237e+01,1.6529597025575952854e-03
3.2991718413760970918e+01,1.5897793618336621396e-03
3.3095465641477197494e+01,1.5263892834533508095e-03
3.3199212869193424069e+01,1.4628162595799081621e-03
3.3302960096909657750e+01,1.3990867694171728926e-03
3.3406707324625884326e+01,1.3352269646752284917e-03
3.3510454552342118006e+01,1.2712626529032954471e-03
3.3614201780058344582e+01,1.2072192867758140770e-03
3.3717949007774571157e+01,1.1431220018060510735e-03
3.3821696235490804838e+01,1.0789955839139420656e-03
3.3925443463207031414e+01,1.0148644176271994031e-03
3.4029190690923265095e+01,9.5075257576918788174e-04
3.4132937918639491670e+01,8.8668379273418990432e-04
3.4236685146355718246e+01,8.2268135394985403806e-04
3.4340432374071951926e+01,7.5876822792933582961e-04
3.4444179601788178502e+01,6.9496706965827069035e-04
3.4547926829504412183e+01,6.3130004894225292319e-04
3.4651674057220638758e+01,5.6778899360276132574e-04
3.4755421284936865334e+01,5.0445544922574710352e-04
3.4859168512653099015e+01,4.4132046896999557826e-04
3.4962915740369325590e+01,3.7840471041650236301e-04
3.5066662968085559271e+01,3.1572857690173844036e-04
3.5170410195801785846e+01,2.5331201448131372093e-04
3.5274157423518012422e+01,1.9117449250626180300e-04
3.5377904651234246103e+01,1.2933523843959549536e-04
3.5481651878950472678e+01,6.7813100009458948669e-05
3.5585399106666706359e+01,6.6263600298743975618e-06
3.5689146334382932935e+01,-5.4206957933026544483e-05
3.5792893562099159510e+01,-1.1466911644977528784e-04
3.5896640789815393191e+01,-1.7474298551328122675e-04
3.6000388017531619766e+01,-2.3441176328646852445e-04
3.6104135245247853447e+01,-2.9365886420432027416e-04
3.6207882472964080023e+01,-3.5246824956152800548e-04
3.6311629700680313704e+01,-4.1082434430373337367e-04
3.6415376928396540279e+01,-4.6871176009180185546e-04
3.6519124156112766855e+01,-5.2611550554764244508e-04
3.6622871383829000536e+01,-5.8302120244028662107e-04
3.6726618611545227111e+01,-6.3941468766973022855e-04
3.6830365839261460792e+01,-6.9528203768366421498e-04
3.6934113066977687367e+01,-7.5060998124661820231e-04
3.7037860294693913943e+01,-8.0538558560239561016e-04
3.7141607522410147624e+01,-8.5959607420517912535e-04
3.7245354750126374199e+01,-9.1322916787055046211e-04
3.7349101977842607880e+01,-9.6627314046582215689e-04
3.7452849205558834456e+01,-1.0187164196030443902e-03
3.7556596433275061031e+01,-1.0705476963389489939e-03
3.7660343660991294712e+01,-1.1217563475384528891e-03
3.7764090888707521287e+01,-1.1723320119909072870e-03
3.7867838116423754968e+01,-1.2222644607503695309e-03
3.7971585344139981544e+01,-1.2715439972753467008e-03
3.8075332571856208119e+01,-1.3201614454074438176e-03
3.8179079799572441800e+01,-1.3681077463424552026e-03
3.8282827027288668376e+01,-1.4153740836531326572e-03
3.8386574255004902056e+01,-1.4619523333727580880e-03
3.8490321482721128632e+01,-1.5078346137000183183e-03
3.8594068710437355207e+01,-1.5530131403332818937e-03
3.8697815938153588888e+01,-1.5974806144003219320e-03
3.8801563165869815464e+01,-1.6412302880689586936e-03
3.8905310393586049145e+01,-1.6842555126358267539e-03
3.9009057621302275720e+01,-1.7265498059956005221e-03
3.9112804849018502296e+01,-1.7681073551501663189e-03
3.9216552076734735977e+01,-1.8089226404576204486e-03
3.9320299304450962552e+01,-1.8489902029916675374e-03
3.9424046532167196233e+01,-1.8883049260969069980e-03
3.9527793759883422808e+01,-1.9268623267106432372e-03
3.9631540987599649384e+01,-1.9646580392617568091e-03
3.9735288215315883065e+01,-2.0016877740610321094e-03
3.9839035443032109640e+01,-2.0379477813563576759e-03
3.9942782670748343321e+01,-2.0734347539424864346e-03
4.0046529898464569897e+01,-2.1081454306789404983e-03
4.0150277126180796472e+01,-2.1420766939448817288e-03
4.0254024353897030153e+01,-2.1752260738227770405e-03
4.0357771581613256728e+01,-2.2075913401217160149e-03
4.0461518809329490409e+01,-2.2391702864120455185e-03
4.0565266037045716985e+01,-2.2699609710571228526e-03
4.0669013264761943560e+01,-2.2999620723749177043e-03
4.0772760492478177241e+01,-2.3291723735049435669e-03
4.0876507720194403817e+01,-2.3575906798882296025e-03
4.0980254947910637497e+01,-2.3852161933990744316e-03
4.1084002175626864073e+01,-2.4120486211738241533e-03
4.1187749403343097754e+01,-2.4380877063638920973e-03
4.1291496631059324329e+01,-2.4633332280821341846e-03
4.1395243858775550905e+01,-2.4877854601458248250e-03
4.1498991086491784586e+01,-2.5114450489075648004e-03
4.1602738314208011161e+01,-2.5343126437362942412e-03
4.1706485541924244842e+01,-2.5563889553070376186e-03
4.1810232769640471417e+01,-2.5776752404879695740e-03
4.1913979997356697993e+01,-2.5981730136668862614e-03
4.2017727225072931674e+01,-2.6178837761106337617e-03
4.2121474452789158249e+01,-2.6368091194940500126e-03
4.2225221680505391930e+01,-2.6549511922140641221e-03
4.2328968908221618506e+01,-2.6723123153053291931e-03
4.2432716135937845081e+01,-2.6888947872597168849e-03
4.2536463363654078762e+01,-2.7047010208164704026e-03
4.2640210591370305337e+01,-2.7197339695974047553e-03
4.2743957819086539018e+01,-2.7339967042015306774e-03
4.2847705046802765594e+01,-2.7474922654989741844e-03
4.2951452274518992169e+01,-2.7602238197894728676e-03
4.3055199502235225850e+01,-2.7721950472963528996e-03
4.3158946729951452426e+01,-2.7834097124817720748e-03
4.3262693957667686107e+01,-2.7938715437234059973e-03
4.3366441185383912682e+01,-2.8035843894398801077e-03
4.3470188413100139257e+01,-2.8125525842160746699e-03
4.3573935640816372938e+01,-2.8207805309984589071e-03
4.3677682868532599514e+01,-2.8282725909057043062e-03
4.3781430096248833195e+01,-2.8350332234859548265e-03
4.3885177323965059770e+01,-2.8410673486322294938e-03
4.3988924551681286346e+01,-2.8463799527208518726e-03
4.4092671779397520027e+01,-2.8509759751976534829e-03
4.4196419007113746602e+01,-2.8548604199387381600e-03
4.4300166234829980283e+01,-2.8580387233585920204e-03
4.4403913462546206858e+01,-2.8605164006864198210e-03
4.4507660690262433434e+01,-2.8622989157298214975e-03
4.4611407917978667115e+01,-2.8633917571402622317e-03
4.4715155145694893690e+01,-2.8638008073634379363e-03
4.4818902373411127371e+01,-2.8635320563039079467e-03
4.4922649601127353947e+01,-2.8625914387689992656e-03
4.5026396828843580522e+01,-2.8609848770090109960e-03
4.5130144056559814203e+01,-2.8587186280167441871e-03
4.5233891284276040778e+01,-2.8557991015990113332e-03
4.5337638511992274459e+01,-2.8522326509557742111e-03
4.5441385739708501035e+01,-2.8480255881659574668e-03
4.5545132967424727610e+01,-2.8431844760796972683e-03
4.5648880195140961291e+01,-2.8377160869506260626e-03
4.5752627422857187867e+01,-2.8316271406608451398e-03
4.5856374650573421548e+01,-2.8249242996721186418e-03
4.5960121878289648123e+01,-2.8176143736392557891e-03
4.6063869106005881804e+01,-2.8097044339912111317e-03
4.6167616333722108379e+01,-2.8012015166146804132e-03
4.6271363561438334955e+01,-2.7921125943229352893e-03
4.6375110789154568636e+01,-2.7824446834378642641e-03
4.6478858016870795211e+01,-2.7722050816257250844e-03
4.6582605244587028892e+01,-2.7614010912642393547e-03
4.6686352472303255468e+01,-2.7500399498212482578e-03
4.6790099700019482043e+01,-2.7381288664468888920e-03
4.6893846927735715724e+01,-2.7256752815637184072e-03
4.6997594155451942299e+01,-2.7126867147976409592e-03
4.7101341383168175980e+01,-2.6991706205318349854e-03
4.7205088610884402556e+01,-2.6851343930788052275e-03
4.7308835838600629131e+01,-2.6705855483445052785e-03
4.7412583066316862812e+01,-2.6555317644032495027e-03
4.7516330294033089388e+01,-2.6399806661696069952e-03
4.7620077521749323068e+01,-2.6239398121133336583e-03
4.7723824749465549644e+01,-2.6074167675615524987e-03
4.7827571977181776219e+01,-2.5904192921024234673e-03
4.7931319204898009900e+01,-2.5729551362939644295e-03
4.8035066432614236476e+01,-2.5550319837348697480e-03
4.8138813660330470157e+01,-2.5366574648428385878e-03
4.8242560888046696732e+01,-2.5178393333869682202e-03
4.8346308115762923308e+01,-2.4985854187704000830e-03
4.8450055343479156988e+01,-2.4789034868171041723e-03
4.8553802571195383564e+01,-2.4588012371074001623e-03
4.8657549798911617245e+01,-2.4382863779052826002e-03
4.8761297026627843820e+01,-2.4173667499774250007e-03
4.8865044254344070396e+01,-2.3960501601421116402e-03
4.8968791482060304077e+01,-2.3743443490582844674e-03
4.9072538709776530652e+01,-2.3522570025495659861e-03
4.9176285937492764333e+01,-2.3297958868511501988e-03
4.9280033165208990908e+01,-2.3069688079398135289e-03
4.9383780392925217484e+01,-2.2837835085478168720e-03
4.9487527620641451165e+01,-2.2602476664891186196e-03
4.9591274848357677740e+01,-2.2363689401291211162e-03
4.9695022076073911421e+01,-2.2121550712286487846e-03
4.9798769303790137997e+01,-2.1876137672837076345e-03
4.9902516531506364572e+01,-2.1627526716948273534e-03
5.0006263759222598253e+01,-2.1375793674616610542e-03
5.0110010986938824828e+01,-2.1121014580468473222e-03
5.0213758214655058509e+01,-2.0863265755700468110e-03
5.0317505442371285085e+01,-2.0602622938992072588e-03
5.0421252670087511660e+01,-2.0339161245660330318e-03
5.0524999897803745341e+01,-2.0072955305026531775e-03
5.0628747125519971917e+01,-1.9804080049807904276e-03
5.0732494353236205598e+01,-1.9532610190052673849e-03
5.0836241580952432173e+01,-1.9258619827397240824e-03
5.0939988808668665854e+01,-1.8982182460155791297e-03
5.1043736036384892429e+01,-1.8703371241442399379e-03
5.1147483264101119005e+01,-1.8422259424667514118e-03
5.1251230491817352686e+01,-1.8138919788321242795e-03
5.1354977719533579261e+01,-1.7853424522785918405e-03
5.1458724947249812942e+01,-1.7565845243262961928e-03
5.1562472174966039518e+01,-1.7276253277334848758e-03
5.1666219402682266093e+01,-1.6984719764296892820e-03
5.1769966630398499774e+01,-1.6691315299901608293e-03
5.1873713858114726349e+01,-1.6396109915136614348e-03
5.1977461085830960030e+01,-1.6099173095600919584e-03
5.2081208313547186606e+01,-1.5800573972202362500e-03
5.2184955541263413181e+01,-1.5500381275863981539e-03
5.2288702768979646862e+01,-1.5198663195696243775e-03
5.2392449996695873438e+01,-1.4895487380698956090e-03
5.2496197224412107118e+01,-1.4590920948510477471e-03
5.2599944452128333694e+01,-1.4285030514117199544e-03
5.2703691679844560269e+01,-1.3977882180700384410e-03
5.2807438907560793950e+01,-1.3669541532043856785e-03
5.2911186135277020526e+01,-1.3360073637549855011e-03
5.3014933362993254207e+01,-1.3049543024938037566e-03
5.3118680590709480782e+01,-1.2738013545943195886e-03
5.3222427818425707358e+01,-1.2425548497557242170e-03
5.3326175046141941039e+01,-1.2112210684152358887e-03
5.3429922273858167614e+01,-1.1798062422300741470e-03
5.3533669501574401295e+01,-1.1483165458852841612e-03
5.3637416729290627870e+01,-1.1167580699335678644e-03
5.3741163957006854446e+01,-1.0851368483609771711e-03
5.3844911184723088127e+01,-1.0534588686488979923e-03
5.3948658412439314702e+01,-1.0217300722212211816e-03
5.4052405640155548383e+01,-9.8995634078057385095e-04
5.4156152867871774959e+01,-9.5814345699673944632e-04
5.4259900095588001534e+01,-9.2629714641056680111e-04
5.4363647323304235215e+01,-8.9442309085656693766e-04
5.4467394551020461790e+01,-8.6252692887916939789e-04
5.4571141778736695471e+01,-8.3061423871383485880e-04
5.4674889006452922047e+01,-7.9869048606261128752e-04
5.4778636234169148622e+01,-7.6676107755331850309e-04
5.4882383461885382303e+01,-7.3483137893197620922e-04
5.4986130689601608879e+01,-7.0290671544848875099e-04
5.5089877917317842559e+01,-6.7099235502426088709e-04
5.5193625145034069135e+01,-6.3909344154565396381e-04
5.5297372372750295710e+01,-6.0721505445487640538e-04
5.5401119600466529391e+01,-5.7536223513917294191e-04
5.5504866828182755967e+01,-5.4353998729324770004e-04
5.5608614055898989648e+01,-5.1175326382153091005e-04
5.5712361283615216223e+01,-4.8000688682383842914e-04
5.5816108511331449904e+01,-4.4830560251992834352e-04
5.5919855739047676479e+01,-4.1665412175752926946e-04
5.6023602966763903055e+01,-3.8505712048925709069e-04
5.6127350194480136736e+01,-3.5351923238207799130e-04
5.6231097422196363311e+01,-3.2204496297929624754e-04
5.6334844649912596992e+01,-2.9063872198067318116e-04
5.6438591877628823568e+01,-2.5930488551782358755e-04
5.6542339105345050143e+01,-2.2804779760401546157e-04
5.6646086333061283824e+01,-1.9687176785020170855e-04
5.6749833560777510399e+01,-1.6578099439921694237e-04
5.6853580788493744080e+01,-1.3477955138160811473e-04
5.6957328016209970656e+01,-1.0387147795174162901e-04
5.7061075243926197231e+01,-7.3060783888360955672e-05
5.7164822471642430912e+01,-4.2351449683426388611e-05
5.7268569699358657488e+01,-1.1747374799913132140e-05
5.7372316927074891169e+01,1.8747693843476212819e-05
5.7476064154791117744e+01,4.9130054507126363949e-05
5.7579811382507344319e+01,7.9396032130586436911e-05
5.7683558610223578000e+01,1.0954197809264349913e-04
5.7787305837939804576e+01,1.3956429200259458335e-04
5.7891053065656038257e+01,1.6945953320390984937e-04
5.7994800293372264832e+01,1.9922433598830953708e-04
5.8098547521088491408e+01,2.2885535877954611499e-04
5.8202294748804725089e+01,2.5834928382718658256e-04
5.8306041976520951664e+01,2.8770282138245622302e-04
5.8409789204237185345e+01,3.1691280799001720963e-04
5.8513536431953411920e+01,3.4597620659193031260e-04
5.8617283659669638496e+01,3.7489000624034256315e-04
5.8721030887385872177e+01,4.0365121726614820296e-04
5.8824778115102098752e+01,4.3225687110890625726e-04
5.8928525342818332433e+01,4.6070406673140142312e-04
5.9032272570534559009e+01,4.8899007110572126518e-04
5.9136019798250785584e+01,5.1711219953330515332e-04
5.9239767025967019265e+01,5.4506778612255603941e-04
5.9343514253683245840e+01,5.7285418362443849081e-04
5.9447261481399479521e+01,6.0046877186016600365e-04
5.9551008709115706097e+01,6.2790907334710785535e-04
5.9654755936831932672e+01,6.5517272152151092169e-04
5.9758503164548166353e+01,6.8225736855045580279e-04
5.9862250392264392929e+01,7.0916068287712802007e-04
5.9965997619980626610e+01,7.3588034910397311442e-04
6.0069744847696853185e+01,7.6241411737127729766e-04
6.0173492075413079760e+01,7.8875990688560425248e-04
6.0277239303129313441e+01,8.1491568083986336887e-04
6.0380986530845540017e+01,8.4087941642560948708e-04
6.0484733758561773698e+01,8.6664910471299851525e-04
6.0588480986278000273e+01,8.9222275570574019650e-04
6.0692228213994233954e+01,9.1759850693129136993e-04
6.0795975441710460530e+01,9.4277461971205593280e-04
6.0899722669426687105e+01,9.6774937183832744278e-04
6.1003469897142920786e+01,9.9252105281609276019e-04
6.1107217124859147361e+01,1.0170879637675731954e-03
6.1210964352575381042e+01,1.0414484440159201082e-03
6.1314711580291607618e+01,1.0656009976952860764e-03
6.1418458808007834193e+01,1.0895441938721375438e-03
6.1522206035724067874e+01,1.1132766113340058362e-03
6.1625953263440294450e+01,1.1367968384388563510e-03
6.1729700491156528130e+01,1.1601034733247517911e-03
6.1833447718872754706e+01,1.1831951890100081155e-03
6.1937194946588981281e+01,1.2060708152877685616e-03
6.2040942174305214962e+01,1.2287292100762645629e-03
6.2144689402021441538e+01,1.2511692389203014041e-03
6.2248436629737675219e+01,1.2733897749277135660e-03
6.2352183857453901794e+01,1.2953897023714017970e-03
6.2455931085170128370e+01,1.3171680173959185445e-03
6.2559678312886362050e+01,1.3387238397737830607e-03
6.2663425540602588626e+01,1.3600563012966455142e-03
6.2767172768318822307e+01,1.3811645394963731857e-03
6.2870919996035048882e+01,1.4020476975976775558e-03
6.2974667223751275458e+01,1.4227049354677138212e-03
6.3078414451467509139e+01,1.4431355484724761075e-03
6.3182161679183735714e+01,1.4633389214476801021e-03
6.3285908906899969395e+01,1.4833144447260189318e-03
6.3389656134616195970e+01,1.5030615126314476881e-03
6.3493403362332422546e+01,1.5225795234465868896e-03
6.3597150590048656227e+01,1.5418678991856499174e-03
6.3700897817764882802e+01,1.5609262065364153810e-03
6.3804645045481116483e+01,1.5797540760723106142e-03
6.3908392273197343059e+01,1.5983511410131994064e-03
6.4012139500913576740e+01,1.6167170369567765518e-03
6.4115886728629803315e+01,1.6348514018593189243e-03
6.4219633956346029890e+01,1.6527539026765000318e-03
6.4323381184062256466e+01,1.6704243504430036065e-03
6.4427128411778497252e+01,1.6878626044523003212e-03
6.4530875639494723828e+01,1.7050685249337628122e-03
6.4634622867210950403e+01,1.7220419730141758516e-03
6.4738370094927176979e+01,1.7387828107105320410e-03
6.4842117322643403554e+01,1.7552909298942176788e-03
6.4945864550359644340e+01,1.7715663612972742426e-03
6.5049611778075870916e+01,1.7876091765997284468e-03
6.5153359005792097491e+01,1.8034194470321748480e-03
6.5257106233508324067e+01,1.8189972433722294189e-03
6.5360853461224550642e+01,1.8343426359481297509e-03
6.5464600688940791429e+01,1.8494557206226380167e-03
6.5568347916657018004e+01,1.8643367247858490341e-03
6.5672095144373244580e+01,1.8789859162920449602e-03
6.5775842372089471155e+01,1.8934035613227780722e-03
6.5879589599805697731e+01,1.9075899243828691940e-03
6.5983336827521938517e+01,1.9215452683135933291e-03
6.6087084055238165092e+01,1.9352698732325527686e-03
6.6190831282954391668e+01,1.9487641403864381165e-03
6.6294578510670618243e+01,1.9620285175690949965e-03
6.6398325738386844819e+01,1.9750634499047865951e-03
6.6502072966103085605e+01,1.9878693797400915494e-03
6.6605820193819312180e+01,2.0004467466655387678e-03
6.6709567421535538756e+01,2.0127959980284952993e-03
6.6813314649251765331e+01,2.0249176856487792822e-03
6.6917061876967991907e+01,2.0368124206960229808e-03
6.7020809104684232693e+01,2.0484808113501607602e-03
6.7124556332400459269e+01,2.0599234620311290302e-03
6.7228303560116685844e+01,2.0711409734278886027e-03
6.7332050787832912420e+01,2.0821339462107992836e-03
6.7435798015549138995e+01,2.0929030599375537426e-03
6.7539545243265379781e+01,2.1034490713477300983e-03
6.7643292470981606357e+01,2.1137727359854356635e-03
6.7747039698697832932e+01,2.1238748047666478405e-03
6.7850786926414059508e+01,2.1337560240145907707e-03
6.7954534154130286083e+01,2.1434171359043015931e-03
6.8058281381846526870e+01,2.1528589284886172697e-03
6.8162028609562753445e+01,2.1620822832669884909e-03
6.8265775837278980021e+01,2.1710880877211205693e-03
6.8369523064995206596e+01,2.1798772239458863442e-03
6.8473270292711433171e+01,2.1884505686901381538e-03
6.8577017520427673958e+01,2.1968089933971451065e-03
6.8680764748143900533e+01,2.2049533843531460460e-03
6.8784511975860127109e+01,2.2128847214118465246e-03
6.8888259203576353684e+01,2.2206040088868844382e-03
6.8992006431292580260e+01,2.2281122450591673775e-03
6.9095753659008821046e+01,2.2354104222139328274e-03
6.9199500886725047621e+01,2.2424995266856870453e-03
6.9303248114441274197e+01,2.2493805427928866350e-03
6.9406995342157500772e+01,2.2560545196391259583e-03
6.9510742569873727348e+01,2.2625225616053363381e-03
6.9614489797589968134e+01,2.2687857685489451302e-03
6.9718237025306194710e+01,2.2748452337806161251e-03
6.9821984253022421285e+01,2.2807020441128933626e-03
6.9925731480738647861e+01,2.2863572799386071635e-03
7.0029478708454874436e+01,2.2918120442662975010e-03
7.0133225936171115222e+01,2.2970675165798013634e-03
7.0236973163887341798e+01,2.3021248841407970440e-03
7.0340720391603568373e+01,2.3069853272064868438e-03
7.0444467619319794949e+01,2.3116500190811621607e-03
7.0548214847036021524e+01,2.3161201261673392340e-03
7.0651962074752262311e+01,2.3203968124019700922e-03
7.0755709302468488886e+01,2.3244812977645905316e-03
7.0859456530184715461e+01,2.3283748420947136468e-03
7.0963203757900942037e+01,2.3320786989979363710e-03
7.1066950985617168612e+01,2.3355941147595428789e-03
7.1170698213333409399e+01,2.3389223283978581754e-03
7.1274445441049635974e+01,2.3420645717188021129e-03
7.1378192668765862550e+01,2.3450220892188775035e-03
7.1481939896482089125e+01,2.3477961873092194345e-03
7.1585687124198315701e+01,2.3503881798700053049e-03
7.1689434351914556487e+01,2.3527993731757485853e-03
7.1793181579630783062e+01,2.3550310659502531226e-03
7.1896928807347009638e+01,2.3570845494210925647e-03
7.2000676035063236213e+01,2.3589611085033999720e-03
7.2104423262779462789e+01,2.3606620603144326184e-03
7.2208170490495703575e+01,2.3621887634325171648e-03
7.2311917718211930151e+01,2.3635425716870659026e-03
7.2415664945928156726e+01,2.3647248311491693602e-03
7.2519412173644383302e+01,2.3657368801870870718e-03
7.2623159401360624088e+01,2.3665800495212730055e-03
7.2726906629076850663e+01,2.3672556674964946762e-03
7.2830653856793077239e+01,2.3677651041148499618e-03
7.2934401084509303814e+01,2.3681097486347654768e-03
7.3038148312225530390e+01,2.3682909827018811325e-03
7.3141895539941771176e+01,2.3683101801227185966e-03
7.3245642767657997751e+01,2.3681687069202054553e-03
7.3349389995374224327e+01,2.3678679213887227593e-03
7.3453137223090450902e+01,2.3674091849352455093e-03
7.3556884450806677478e+01,2.3667938985641855804e-03
7.3660631678522918264e+01,2.3660234683364686492e-03
7.3764378906239144840e+01,2.3650992924030504044e-03
7.3868126133955371415e+01,2.3640227610601176160e-03
7.3971873361671597991e+01,2.3627952568041682077e-03
7.4075620589387824566e+01,2.3614181544189699093e-03
7.4179367817104065352e+01,2.3598928361334013844e-03
7.4283115044820291928e+01,2.3582207156169713441e-03
7.4386862272536518503e+01,2.3564032049032878832e-03
7.4490609500252745079e+01,2.3544417081594881669e-03
7.4594356727968971654e+01,2.3523376217409420683e-03
7.4698103955685212441e+01,2.3500923342454982726e-03
7.4801851183401439016e+01,2.3477072267150899364e-03
7.4905598411117665592e+01,2.3451836888007736130e-03
7.5009345638833892167e+01,2.3425231331772960151e-03
7.5113092866550118742e+01,2.3397269681260796093e-03
7.5216840094266359529e+01,2.3367965941587243162e-03
7.5320587321982586104e+01,2.3337334040705267658e-03
7.5424334549698812680e+01,2.3305387829935437539e-03
7.5528081777415039255e+01,2.3272141086442769270e-03
7.5631829005131265831e+01,2.3237607655896132079e-03
7.5735576232847506617e+01,2.3201801548367170444e-03
7.5839323460563733192e+01,2.3164736720055144857e-03
7.5943070688279959768e+01,2.3126427050895988560e-03
7.6046817915996186343e+01,2.3086886345082572800e-03
7.6150565143712412919e+01,2.3046128331580669965e-03
7.6254312371428653705e+01,2.3004166665861651778e-03
7.6358059599144880281e+01,2.2961015036581842140e-03
7.6461806826861106856e+01,2.2916687247721669388e-03
7.6565554054577333432e+01,2.2871197047803575562e-03
7.6669301282293560007e+01,2.2824558110933197523e-03
7.6773048510009800793e+01,2.2776784037302185218e-03
7.6876795737726027369e+01,2.2727888353686960705e-03
7.6980542965442253944e+01,2.2677884514232067234e-03
7.7084290193158480520e+01,2.2626785965391524487e-03
7.7188037420874707095e+01,2.2574606227395606350e-03
7.7291784648590947882e+01,2.2521358767904849953e-03
7.7395531876307174457e+01,2.2467056982367226634e-03
7.7499279104023401032e+01,2.2411714194501500957e-03
7.7603026331739627608e+01,2.2355343656776708282e-03
7.7706773559455854183e+01,2.2297958550889125651e-03
7.7810520787172094970e+01,2.2239572016231382544e-03
7.7914268014888321545e+01,2.2180197221954539404e-03
7.8018015242604548121e+01,2.2119847289362227528e-03
7.8121762470320774696e+01,2.2058535270056685122e-03
7.8225509698037001272e+01,2.1996274146400991711e-03
7.8329256925753242058e+01,2.1933076831977551223e-03
7.8433004153469468633e+01,2.1868956172043062247e-03
7.8536751381185695209e+01,2.1803924950614611902e-03
7.8640498608901921784e+01,2.1737995931392288355e-03
7.8744245836618148360e+01,2.1671181831219741773e-03
7.8847993064334389146e+01,2.1603495300092129434e-03
7.8951740292050615722e+01,2.1534948921513312643e-03
7.9055487519766842297e+01,2.1465555212932048608e-03
7.9159234747483068872e+01,2.1395326626174925380e-03
7.9262981975199295448e+01,2.1324275547973145332e-03
7.9366729202915536234e+01,2.1252414302369484339e-03
7.9470476430631762810e+01,2.1179755151043587122e-03
7.9574223658347989385e+01,2.1106310291809197988e-03
7.9677970886064215961e+01,2.1032091858949860178e-03
7.9781718113780442536e+01,2.0957111923632014243e-03
7.9885465341496683322e+01,2.0881382494314774424e-03
7.9989212569212909898e+01,2.0804915517123280175e-03
8.0092959796929136473e+01,2.0727722861209663986e-03
8.0196707024645363049e+01,2.0649816295526773717e-03
8.0300454252361589624e+01,2.0571207522055408659e-03
8.0404201480077830411e+01,2.0491908182379112331e-03
8.0507948707794056986e+01,2.0411929858073366365e-03
8.0611695935510283562e+01,2.0331284071091679233e-03
8.0715443163226510137e+01,2.0249982284148812690e-03
8.0819190390942736713e+01,2.0168035893962802177e-03
8.0922937618658977499e+01,2.0085456168165462254e-03
8.1026684846375204074e+01,2.0002254276364167355e-03
8.1130432074091430650e+01,1.9918441330560765663e-03
8.1234179301807657225e+01,1.9834028385990881693e-03
8.1337926529523883801e+01,1.9749026441485953084e-03
8.1441673757240124587e+01,1.9663446439832452800e-03
8.1545420984956351163e+01,1.9577299267890873810e-03
8.1649168212672577738e+01,1.9490595708429778697e-03
8.1752915440388804313e+01,1.9403346381588022166e-03
8.1856662668105030889e+01,1.9315561839199039008e-03
8.1960409895821271675e+01,1.9227252579669309313e-03
8.2064157123537498251e+01,1.9138429048316132983e-03
8.2167904351253724826e+01,1.9049101637702713259e-03
8.2271651578969951402e+01,1.8959280687970815962e-03
8.2375398806686192188e+01,1.8868976478447062762e-03
8.2479146034402418763e+01,1.8778199116497710543e-03
8.2582893262118645339e+01,1.8686958571168517471e-03
8.2686640489834871914e+01,1.8595264759489864032e-03
8.2790387717551098490e+01,1.8503127548782785997e-03
8.2894134945267339276e+01,1.8410556756969988657e-03
8.2997882172983565852e+01,1.8317562152884686155e-03
8.3101629400699792427e+01,1.8224153456576897264e-03
8.3205376628416019003e+01,1.8130340300520609263e-03
8.3309123856132245578e+01,1.8036132096133237947e-03
8.3412871083848486364e+01,1.7941538160133932954e-03
8.3516618311564712940e+01,1.7846567762945931938e-03
8.3620365539280939515e+01,1.7751230128985444074e-03
8.3724112766997166091e+01,1.7655534436946712824e-03
8.3827859994713392666e+01,1.7559489820084977531e-03
8.3931607222429633453e+01,1.7463105365838186601e-03
8.4035354450145860028e+01,1.7366390025851238463e-03
8.4139101677862086603e+01,1.7269352524858572803e-03
8.4242848905578313179e+01,1.7172001522722734560e-03
8.4346596133294539754e+01,1.7074345636699358921e-03
8.4450343361010780541e+01,1.6976393441698891217e-03
8.4554090588727007116e+01,1.6878153470546418142e-03
8.4657837816443233692e+01,1.6779634214239443329e-03
8.4761585044159460267e+01,1.6680844117746289508e-03
8.4865332271875686843e+01,1.6581791441720506765e-03
8.4969079499591927629e+01,1.6482484236622452038e-03
8.5072826727308154204e+01,1.6382930503755753233e-03
8.5176573955024380780e+01,1.6283138205440861757e-03
8.5280321182740607355e+01,1.6183115265252171876e-03
8.5384068410456833931e+01,1.6082869568253455213e-03
8.5487815638173074717e+01,1.5982408961231491136e-03
8.5591562865889301293e+01,1.5881741242841753217e-03
8.5695310093605527868e+01,1.5780873992759861246e-03
8.5799057321321754443e+01,1.5679814597251459478e-03
8.5902804549037981019e+01,1.5578570401724694660e-03
8.6006551776754221805e+01,1.5477148716145497972e-03
8.6110299004470448381e+01,1.5375556815251125147e-03
8.6214046232186674956e+01,1.5273801938762039936e-03
8.6317793459902901532e+01,1.5171891291592424968e-03
8.6421540687619128107e+01,1.5069832030523734601e-03
8.6525287915335368893e+01,1.4967631076079868872e-03
8.6629035143051595469e+01,1.4865295160550952465e-03
8.6732782370767822044e+01,1.4762830980041107953e-03
8.6836529598484048620e+01,1.4660245198654013946e-03
8.6940276826200275195e+01,1.4557544448683822254e-03
8.7044024053916515982e+01,1.4454735330804702447e-03
8.7147771281632742557e+01,1.4351824414259137415e-03
8.7251518509348969133e+01,1.4248818225004137184e-03
8.7355265737065195708e+01,1.4145723053990092583e-03
8.7459012964781422284e+01,1.4042544992184636220e-03
8.7562760192497663070e+01,1.3939290096477170017e-03
8.7666507420213889645e+01,1.3835964395085503884e-03
8.7770254647930116221e+01,1.3732573887725229786e-03
8.7874001875646342796e+01,1.3629124545778011600e-03
8.7977749103362569372e+01,1.3525622312458680189e-03
8.8081496331078810158e+01,1.3422073096406041647e-03
8.8185243558795036733e+01,1.3318482594904305048e-03
8.8288990786511263309e+01,1.3214856275040262352e-03
8.8392738014227489884e+01,1.3111199567656026382e-03
8.8496485241943716460e+01,1.3007517878126729008e-03
8.8600232469659957246e+01,1.2903816586509583766e-03
8.8703979697376183822e+01,1.2800101047692031241e-03
8.8807726925092410397e+01,1.2696376591538641957e-03
8.8911474152808636973e+01,1.2592648521632984326e-03
8.9015221380524863548e+01,1.2488921980296308154e-03
8.9118968608241104334e+01,1.2385201837217204614e-03
8.9222715835957330910e+01,1.2281492913028412180e-03
8.9326463063673557485e+01,1.2177800005967161570e-03
8.9430210291389784061e+01,1.2074127892005106534e-03
8.9533957519106010636e+01,1.1970481324977330900e-03
8.9637704746822251423e+01,1.1866865036710438387e-03
8.9741451974538477998e+01,1.1763283737149790240e-03
8.9845199202254704574e+01,1.1659742043198765161e-03
8.9948946429970931149e+01,1.1556244271508158642e-03
9.0052693657687157724e+01,1.1452794650613786452e-03
9.0156440885403398511e+01,1.1349397389587543867e-03
9.0260188113119625086e+01,1.1246056678149345207e-03
9.0363935340835851662e+01,1.1142776686778120120e-03
9.0467682568552078237e+01,1.1039561566822183192e-03
9.0571429796268304813e+01,1.0936415450608812094e-03
9.0675177023984545599e+01,1.0833342431263370213e-03
9.0778924251700772174e+01,1.0730346342754820167e-03
9.0882671479416998750e+01,1.0627430844266190155e-03
9.0986418707133225325e+01,1.0524599575566081708e-03
9.1090165934849451901e+01,1.0421856159841013430e-03
9.1193913162565692687e+01,1.0319204203789753092e-03
9.1297660390281919263e+01,1.0216647297717033893e-03
9.1401407617998145838e+01,1.0114189015626524806e-03
9.1505154845714372414e+01,1.0011832914406226108e-03
9.1608902073430598989e+01,9.9095824065198413397e-04
9.1712649301146839775e+01,9.8074406293449851481e-04
9.1816396528863066351e+01,9.7054106747293175921e-04
9.1920143756579292926e+01,9.6034956205617969145e-04
9.2023890984295519502e+01,9.5016985308514208090e-04
9.2127638212011760288e+01,9.4000224558053323450e-04
9.2231385439727986864e+01,9.2984704319065214842e-04
9.2335132667444213439e+01,9.1970454819908370458e-04
9.2438879895160440014e+01,9.0957505885669526560e-04
9.2542627122876666590e+01,8.9945884693939232284e-04
9.2646374350592907376e+01,8.8935616923758098115e-04
9.2750121578309133952e+01,8.7926728125150210510e-04
9.2853868806025360527e+01,8.6919243733949303875e-04
9.2957616033741587103e+01,8.5913189072436564175e-04
9.3061363261457813678e+01,8.4908589349973499424e-04
9.3165110489174054464e+01,8.3905469663630343272e-04
9.3268857716890281040e+01,8.2903854997032886721e-04
9.3372604944606507615e+01,8.1903769218667635613e-04
9.3476352172322734191e+01,8.0905233416155182807e-04
9.3580099400038960766e+01,7.9908268143000465815e-04
9.3683846627755201553e+01,7.8912893861662978395e-04
9.3787593855471428128e+01,7.7919130944060848668e-04
9.3891341083187654704e+01,7.6926999672070244321e-04
9.3995088310903881279e+01,7.5936520238022891301e-04
9.4098835538620107855e+01,7.4947712745199505067e-04
9.4202582766336348641e+01,7.3960597140484236542e-04
9.4306329994052575216e+01,7.2975191430959889752e-04
9.4410077221768801792e+01,7.1991511515340840966e-04
9.4513824449485028367e+01,7.1009573119019757902e-04
9.4617571677201254943e+01,7.0029391898418405071e-04
9.4721318904917495729e+01,6.9050983441365249710e-04
9.4825066132633722304e+01,6.8074363267471018572e-04
9.4928813360349948880e+01,6.7099546828500969582e-04
9.5032560588066175455e+01,6.6126549508745504670e-04
9.5136307815782402031e+01,6.5155386389991582462e-04
9.5240055043498642817e+01,6.4186070129471539843e-04
9.5343802271214869393e+01,6.3218611969845586729e-04
9.5447549498931095968e+01,6.2253023088489046165e-04
9.5551296726647322544e+01,6.1289314614232902074e-04
9.5655043954363549119e+01,6.0327497627626913441e-04
9.5758791182079789905e+01,5.9367583161201069666e-04
9.5862538409796016481e+01,5.8409582199725907509e-04
9.5966285637512243056e+01,5.7453505680469933205e-04
9.6070032865228469632e+01,5.6499364071377876102e-04
9.6173780092944696207e+01,5.5547165274847591209e-04
9.6277527320660936994e+01,5.4596916227744570274e-04
9.6381274548377163569e+01,5.3648623835564519802e-04
9.6485021776093390145e+01,5.2702294974101796411e-04
9.6588769003809616720e+01,5.1757936489609337495e-04
9.6692516231525843295e+01,5.0815555198957019795e-04
9.6796263459242084082e+01,4.9875157889789107236e-04
9.6900010686958310657e+01,4.8936751320681048244e-04
9.7003757914674537233e+01,4.8000341695798821526e-04
9.7107505142390763808e+01,4.7065932687946312107e-04
9.7211252370106990384e+01,4.6133527208744301703e-04
9.7314999597823231170e+01,4.5203128157270203993e-04
9.7418746825539457745e+01,4.4274738420252261490e-04
9.7522494053255684321e+01,4.3348360872134337465e-04
9.7626241280971910896e+01,4.2423998375141764965e-04
9.7729988508688137472e+01,4.1501653779346073681e-04
9.7833735736404378258e+01,4.0581329922729293984e-04
9.7937482964120604834e+01,3.9663029140761096175e-04
9.8041230191836831409e+01,3.8746751332964393753e-04
9.8144977419553057985e+01,3.7832495650556960572e-04
9.8248724647269284560e+01,3.6920261248124254224e-04
9.8352471874985525346e+01,3.6010047283818670712e-04
9.8456219102701751922e+01,3.5101852919341394905e-04
9.8559966330417978497e+01,3.4195677319922912008e-04
9.8663713558134205073e+01,3.3291519654304933904e-04
9.8767460785850431648e+01,3.2389379094721843042e-04
9.8871208013566672435e+01,3.1489254476556652589e-04
9.8974955241282899010e+01,3.0591142355315112172e-04
9.9078702468999125585e+01,2.9695038360693737454e-04
9.9182449696715352161e+01,2.8800938137752953245e-04
9.9286196924431578736e+01,2.7908837349755654051e-04
9.9389944152147819523e+01,2.7018731678072027387e-04
9.9493691379864046098e+01,2.6130616822085688975e-04
9.9597438607580272674e+01,2.5244488499099086102e-04
9.9701185835296499249e+01,2.4360342444240792913e-04
9.9804933063012725825e+01,2.3478174257825996430e-04
9.9908680290728966611e+01,2.2597977625004290829e-04
1.0001242751844519319e+02,2.1719744929666728178e-04
1.0011617474616141976e+02,2.0843468561215024084e-04
1.0021992197387764634e+02,1.9969140940564862022e-04
1.0032366920159387291e+02,1.9096754519982799513e-04
1.0042741642931011370e+02,1.8226301782924217844e-04
1.0053116365702634027e+02,1.7357775243872892675e-04
1.0063491088474256685e+02,1.6491167448180304436e-04
1.0073865811245879343e+02,1.5626497633539318164e-04
1.0084240534017502000e+02,1.4765052462010233537e-04
1.0094615256789126079e+02,1.3909906471894925247e-04
1.0104989979560748736e+02,1.3064257451770227908e-04
1.0115364702332371394e+02,1.2231290071092976797e-04
1.0125739425103994051e+02,1.1414175947409012065e-04
1.0136114147875616709e+02,1.0616073713148845763e-04
1.0146488870647240788e+02,9.8401290820135790642e-05
1.0156863593418863445e+02,9.0894749149544550840e-05
1.0167238316190486103e+02,8.3672312857391558456e-05
1.0177613038962108760e+02,7.6756962370337563110e-05
1.0187987761733732839e+02,7.0139455328244496544e-05
1.0198362484505355496e+02,6.3802615016084429601e-05
1.0208737207276978154e+02,5.7729334542802981153e-05
1.0219111930048600811e+02,5.1902576486887204020e-05
1.0229486652820223469e+02,4.6305372544085151416e-05
1.0239861375591847548e+02,4.0920823177267488064e-05
1.0250236098363470205e+02,3.5732097268419023273e-05
1.0260610821135092863e+02,3.0722431772734084101e-05
1.0270985543906715520e+02,2.5877626362177283913e-05
1.0281360266678338178e+02,2.1230009593421890582e-05
1.0291734989449962256e+02,1.6852876232113854997e-05
1.0302109712221584914e+02,1.2820643728146702644e-05
1.0312484434993207572e+02,9.2074300651033873981e-06
1.0322859157764830229e+02,6.0870552651130640316e-06
1.0333233880536452887e+02,3.5330428846394713517e-06
1.0343608603308076965e+02,1.6186215012679671477e-06
1.0353983326079699623e+02,4.1672619155515407584e-07
1.0364358048851322280e+02,0.0000000000000000000e+00
