1.0000000000000000479e-04,6.1676949864068140939e-11
1.0384722771622945103e-01,4.8394187691839763126e-05
2.0759445543245888532e-01,1.8668338427502753065e-04
3.1134168314868831962e-01,4.0531302127894217741e-04
4.1508891086491778166e-01,6.9531068796468682800e-04
5.1883613858114718820e-01,1.0482598410341613208e-03
6.2258336629737665024e-01,1.4562744301289001856e-03
7.2633059401360611229e-01,1.9119744696231054729e-03
8.3007782172983557434e-01,2.4084625261124432104e-03
9.3382504944606503638e-01,2.9393010921742548404e-03
1.0375722771622943874e+00,3.4984908177550437351e-03
1.1413195048785238495e+00,4.0804495708770148130e-03
1.2450667325947533115e+00,4.6799923012636962874e-03
1.3488139603109827735e+00,5.2923116798985992901e-03
1.4525611880272122356e+00,5.9129594919490923235e-03
1.5563084157434416976e+00,6.5378287481793126434e-03
1.6600556434596711597e+00,7.1631365104228364449e-03
1.7638028711759006217e+00,7.7854073818788881514e-03
1.8675500988921300838e+00,8.4014576673139291368e-03
1.9712973266083595458e+00,9.0083801546474388117e-03
2.0750445543245890079e+00,9.6035295163534768748e-03
2.1787917820408186920e+00,1.0184508303377803884e-02
2.2825390097570479320e+00,1.0749153506524522853e-02
2.3862862374732776161e+00,1.1295523671425859377e-02
2.4900334651895068561e+00,1.1821886550375804159e-02
2.5937806929057365402e+00,1.2326707264507663284e-02
2.6975279206219657802e+00,1.2808636966582850197e-02
2.8012751483381954642e+00,1.3266501981168936017e-02
2.9050223760544247043e+00,1.3699293409965776144e-02
3.0087696037706543883e+00,1.4106157183608025729e-02
3.1125168314868836283e+00,1.4486384546133872220e-02
3.2162640592031133124e+00,1.4839402947546634706e-02
3.3200112869193425524e+00,1.5164767354941832006e-02
3.4237585146355717924e+00,1.5462151930187847254e-02
3.5275057423518014765e+00,1.5731342091382955611e-02
3.6312529700680307165e+00,1.5972226935974165318e-02
3.7350001977842604006e+00,1.6184792004780842317e-02
3.8387474255004896406e+00,1.6369112380479167168e-02
3.9424946532167193247e+00,1.6525346111930742238e-02
4.0462418809329481206e+00,1.6653727948391258001e-02
4.1499891086491773606e+00,1.6754563356967806104e-02
4.2537363363654074888e+00,1.6828222839267874267e-02
4.3574835640816367288e+00,1.6875136560879990671e-02
4.4612307917978659688e+00,1.6895789135705541889e-02
4.5649780195140952088e+00,1.6890714835454911230e-02
4.6687252472303253370e+00,1.6860492858624891166e-02
4.7724724749465545770e+00,1.6805742984799452305e-02
4.8762197026627838170e+00,1.6727121399085241593e-02
4.9799669303790130570e+00,1.6625316700549331445e-02
5.0837141580952422970e+00,1.6501046172996927663e-02
5.1874613858114724252e+00,1.6355052248989875724e-02
5.2912086135277016652e+00,1.6188099154940925606e-02
5.3949558412439309052e+00,1.6000969739309263418e-02
5.4987030689601601452e+00,1.5794462487507165277e-02
5.6024502966763902734e+00,1.5569388706973307998e-02
5.7061975243926195134e+00,1.5326569875116748121e-02
5.8099447521088487534e+00,1.5066835143202632688e-02
5.9136919798250779934e+00,1.4791018996425034024e-02
6.0174392075413081216e+00,1.4499959062997450771e-02
6.1211864352575373616e+00,1.4194494049827874674e-02
6.2249336629737666016e+00,1.3875461804986924733e-02
6.3286808906899958416e+00,1.3543697500990171598e-02
6.4324281184062259697e+00,1.3200032001249365626e-02
6.5361753461224552098e+00,1.2845290300598768626e-02
6.6399225738386844498e+00,1.2480289992828448239e-02
6.7436698015549136898e+00,1.2105839998525614806e-02
6.8474170292711429298e+00,1.1722739343958442707e-02
6.9511642569873730579e+00,1.1331775880914312510e-02
7.0549114847036022979e+00,1.0933725420755009000e-02
7.1586587124198315379e+00,1.0529350578216316661e-02
7.2624059401360607779e+00,1.0119400043358735622e-02
7.3661531678522909061e+00,9.7046076526283667901e-03
7.4699003955685201461e+00,9.2856917733369834234e-03
7.5736476232847493861e+00,8.8633545269139746292e-03
7.6773948510009786261e+00,8.4382813453833371148e-03
7.7811420787172087543e+00,8.0111402858380614811e-03
7.8848893064334379943e+00,7.5825817333663699318e-03
7.9886365341496672343e+00,7.1532378816758154794e-03
8.0923837618658964743e+00,6.7237224246624394466e-03
8.1961309895821266025e+00,6.2946303113364772755e-03
8.2998782172983549543e+00,5.8665374263636221527e-03
8.4036254450145850825e+00,5.4400004374013273545e-03
8.5073726727308152107e+00,5.0155566638764087148e-03
8.6111199004470435625e+00,4.5937239307682307954e-03
8.7148671281632736907e+00,4.1750005129465479758e-03
8.8186143558795020425e+00,3.7598651206026414105e-03
8.9223615835957321707e+00,3.3487768938111951190e-03
9.0261088113119622989e+00,2.9421754377020135213e-03
9.1298560390281906507e+00,2.5404808975402603383e-03
9.2336032667444207789e+00,2.1440940592037192186e-03
9.3373504944606509071e+00,1.7533964707510995076e-03
9.4410977221768792589e+00,1.3687505948665453035e-03
9.5448449498931093871e+00,9.9049998648500711673e-04
9.6485921776093377389e+00,6.1896949110106815311e-04
9.7523394053255678671e+00,2.5446546291501951926e-04
9.8560866330417979952e+00,-1.0272399839456129158e-04
9.9598338607580263471e+00,-4.5232879372022143484e-04
1.0063581088474256475e+01,-7.9409655586332682491e-04
1.0167328316190484827e+01,-1.1277923623765416083e-03
1.0271075543906714955e+01,-1.4531984349476988975e-03
1.0374822771622945083e+01,-1.7701138278687295405e-03
1.0478569999339173435e+01,-2.0783541053305920436e-03
1.0582317227055403563e+01,-2.3777510086032062515e-03
1.0686064454771633692e+01,-2.6681521141405481652e-03
1.0789811682487862043e+01,-2.9494204836122755661e-03
1.0893558910204092172e+01,-3.2214343068184092371e-03
1.0997306137920320523e+01,-3.4840865383968331465e-03
1.1101053365636550652e+01,-3.7372845291863965311e-03
1.1204800593352780780e+01,-3.9809496530540866219e-03
1.1308547821069009132e+01,-4.2150169299462261763e-03
1.1412295048785239260e+01,-4.4394346458679311007e-03
1.1516042276501469388e+01,-4.6541639704460726831e-03
1.1619789504217697740e+01,-4.8591785726785352573e-03
1.1723536731933927868e+01,-5.0544642354270179901e-03
1.1827283959650156220e+01,-5.2400184693531162011e-03
1.1931031187366386348e+01,-5.4158501319381364622e-03
1.2034778415082616476e+01,-5.5819790464188244472e-03
1.2138525642798844828e+01,-5.7384356153103860398e-03
1.2242272870515074956e+01,-5.8852604378504206478e-03
1.2346020098231303308e+01,-6.0225039290369144704e-03
1.2449767325947533436e+01,-6.1502259403533997978e-03
1.2553514553663763564e+01,-6.2684953824436121655e-03
1.2657261781379991916e+01,-6.3773898499920990759e-03
1.2761009009096222044e+01,-6.4769952564997426009e-03
1.2864756236812452173e+01,-6.5674055103861735463e-03
1.2968503464528680524e+01,-6.6487221370721489092e-03
1.3072250692244910653e+01,-6.7210539034623225860e-03
1.3175997919961139004e+01,-6.7845164602812870272e-03
1.3279745147677369133e+01,-6.8392319879266531141e-03
1.3383492375393599261e+01,-6.8853288646244991886e-03
1.3487239603109827613e+01,-6.9229414168503122448e-03
1.3590986830826057741e+01,-6.9522095348604536630e-03
1.3694734058542286093e+01,-6.9732783049314527729e-03
1.3798481286258516221e+01,-6.9862976777295892825e-03
1.3902228513974746349e+01,-6.9914221783381998512e-03
1.4005975741690974701e+01,-6.9888107340048549743e-03
1.4109722969407204829e+01,-6.9786262649840424474e-03
1.4213470197123434957e+01,-6.9610353281496385042e-03
1.4317217424839663309e+01,-6.9362078247378706683e-03
1.4420964652555893437e+01,-6.9043168878338660732e-03
1.4524711880272121789e+01,-6.8655385756735401101e-03
1.4628459107988351917e+01,-6.8200514504785317987e-03
1.4732206335704582045e+01,-6.7680363142782048666e-03
1.4835953563420810397e+01,-6.7096761775716192225e-03
1.4939700791137040525e+01,-6.6451559385133918134e-03
1.5043448018853268877e+01,-6.5746619585104913372e-03
1.5147195246569499005e+01,-6.4983818906661260442e-03
1.5250942474285729133e+01,-6.4165047216513670936e-03
1.5354689702001957485e+01,-6.3292202858450039016e-03
1.5458436929718187614e+01,-6.2367189559249733288e-03
1.5562184157434417742e+01,-6.1391917148766366255e-03
1.5665931385150646094e+01,-6.0368299238918550140e-03
1.5769678612866876222e+01,-5.9298248500324803739e-03
1.5873425840583104574e+01,-5.8183676777816759063e-03
1.5977173068299334702e+01,-5.7026495022700100443e-03
1.6080920296015563054e+01,-5.5828607837771866348e-03
1.6184667523731793182e+01,-5.4591913138011972234e-03
1.6288414751448023310e+01,-5.3318303181163874752e-03
1.6392161979164253438e+01,-5.2009659039361395838e-03
1.6495909206880483566e+01,-5.0667850330263176570e-03
1.6599656434596710142e+01,-4.9294736426968438492e-03
1.6703403662312940270e+01,-4.7892161036753632189e-03
1.6807150890029170398e+01,-4.6461952709538276163e-03
1.6910898117745400526e+01,-4.5005925310799069217e-03
1.7014645345461630654e+01,-4.3525873040521512874e-03
1.7118392573177857230e+01,-4.2023572179686382450e-03
1.7222139800894087358e+01,-4.0500779838342302469e-03
1.7325887028610317486e+01,-3.8959230371537613251e-03
1.7429634256326547614e+01,-3.7400637870743783965e-03
1.7533381484042777743e+01,-3.5826692869552643692e-03
1.7637128711759004318e+01,-3.4239061401467184471e-03
1.7740875939475234446e+01,-3.2639386304395691211e-03
1.7844623167191464574e+01,-3.1029283527598972708e-03
1.7948370394907694703e+01,-2.9410343587598867382e-03
1.8052117622623924831e+01,-2.7784130080639657043e-03
1.8155864850340154959e+01,-2.6152178385465850094e-03
1.8259612078056381534e+01,-2.4515996573882805828e-03
1.8363359305772611663e+01,-2.2877063163441548922e-03
1.8467106533488841791e+01,-2.1236827874604219564e-03
1.8570853761205071919e+01,-1.9596710392892745939e-03
1.8674600988921302047e+01,-1.7958100289714347408e-03
1.8778348216637528623e+01,-1.6322356400203944307e-03
1.8882095444353758751e+01,-1.4690806694393604946e-03
1.8985842672069988879e+01,-1.3064747682987134549e-03
1.9089589899786219007e+01,-1.1445444241824761968e-03
1.9193337127502449135e+01,-9.8341296600345270811e-04
1.9297084355218675711e+01,-8.2320044395678513161e-04
1.9400831582934905839e+01,-6.6402379185165111199e-04
1.9504578810651135967e+01,-5.0599654802709114008e-04
1.9608326038367366095e+01,-3.4922916825899565779e-04
1.9712073266083596224e+01,-1.9382866568434974010e-04
1.9815820493799822799e+01,-3.9898935653624270658e-05
1.9919567721516052927e+01,1.1245951314803516062e-04
2.0023314949232283055e+01,2.6314939709172523521e-04
2.0127062176948513184e+01,4.1207668617052945663e-04
2.0230809404664743312e+01,5.5915071750248278651e-04
2.0334556632380969887e+01,7.0428391345206549888e-04
2.0438303860097200015e+01,8.4739220100653008579e-04
2.0542051087813430144e+01,9.8839442559158570585e-04
2.0645798315529660272e+01,1.1272130404190742938e-03
2.0749545543245890400e+01,1.2637732761042520281e-03
2.0853292770962120528e+01,1.3980040246159902359e-03
2.0957039998678347104e+01,1.5298368489932991868e-03
2.1060787226394577232e+01,1.6592069777563421291e-03
2.1164534454110807360e+01,1.7860522322618709729e-03
2.1268281681827037488e+01,1.9103140684746571301e-03
2.1372028909543267616e+01,2.0319364678683528129e-03
2.1475776137259494192e+01,2.1508670005720548733e-03
2.1579523364975724320e+01,2.2670556883367747568e-03
2.1683270592691954448e+01,2.3804560966261016294e-03
2.1787017820408184576e+01,2.4910241499057593495e-03
2.1890765048124414704e+01,2.5987192829577689633e-03
2.1994512275840641280e+01,2.7035031717454979273e-03
2.2098259503556871408e+01,2.8053409851466330240e-03
2.2202006731273101536e+01,2.9041999903923971030e-03
2.2305753958989331664e+01,3.0000509429839181466e-03
2.2409501186705561793e+01,3.0928665381585746658e-03
2.2513248414421788368e+01,3.1826229533819827035e-03
2.2616995642138018496e+01,3.2692981538678302783e-03
2.2720742869854248625e+01,3.3528735504283089727e-03
2.2824490097570478753e+01,3.4333322338645734170e-03
2.2928237325286708881e+01,3.5106606318684252868e-03
2.3031984553002939009e+01,3.5848468308408701008e-03
2.3135731780719165585e+01,3.6558820356682453223e-03
2.3239479008435395713e+01,3.7237592076300863979e-03
2.3343226236151625841e+01,3.7884740755215590667e-03
2.3446973463867855969e+01,3.8500243527419897652e-03
2.3550720691584086097e+01,3.9084100417690285229e-03
2.3654467919300312673e+01,3.9636334640565052886e-03
2.3758215147016542801e+01,4.0156986737444524266e-03
2.3861962374732772929e+01,4.0646124067592170198e-03
2.3965709602449003057e+01,4.1103826093592376462e-03
2.4069456830165233185e+01,4.1530201522595022040e-03
2.4173204057881459761e+01,4.1925368174209071831e-03
2.4276951285597689889e+01,4.2289472290432785287e-03
2.4380698513313920017e+01,4.2622670179059069309e-03
2.4484445741030150145e+01,4.2925141568041867007e-03
2.4588192968746380274e+01,4.3197080951686093325e-03
2.4691940196462606849e+01,4.3438698428682328764e-03
2.4795687424178836977e+01,4.3650225088670913456e-03
2.4899434651895067105e+01,4.3831899947154055394e-03
2.5003181879611297234e+01,4.3983987126985290769e-03
2.5106929107327527362e+01,4.4106755373962388059e-03
2.5210676335043753937e+01,4.4200496491391873949e-03
2.5314423562759984065e+01,4.4265510389666067742e-03
2.5418170790476214194e+01,4.4302111867253451266e-03
2.5521918018192444322e+01,4.4310631480631024193e-03
2.5625665245908674450e+01,4.4291405247287489802e-03
2.5729412473624904578e+01,4.4244790575566688914e-03
2.5833159701341131154e+01,4.4171146545500953109e-03
2.5936906929057361282e+01,4.4070850992945411612e-03
2.6040654156773591410e+01,4.3944288426749937224e-03
2.6144401384489821538e+01,4.3791852303854779047e-03
2.6248148612206051666e+01,4.3613951381821797898e-03
2.6351895839922278242e+01,4.3410994810019207582e-03
2.6455643067638508370e+01,4.3183409822740402573e-03
2.6559390295354738498e+01,4.2931624988338150731e-03
2.6663137523070968626e+01,4.2656079155443255013e-03
2.6766884750787198755e+01,4.2357221268118560795e-03
2.6870631978503425330e+01,4.2035500294412058916e-03
2.6974379206219655458e+01,4.1691380668867662751e-03
2.7078126433935885586e+01,4.1325325599456319212e-03
2.7181873661652115715e+01,4.0937807396388874517e-03
2.7285620889368345843e+01,4.0529305500931278941e-03
2.7389368117084572418e+01,4.0100298106809685594e-03
2.7493115344800802546e+01,3.9651276161381835902e-03
2.7596862572517032675e+01,3.9182728315409068656e-03
2.7700609800233262803e+01,3.8695149302129705667e-03
2.7804357027949492931e+01,3.8189040000438470059e-03
2.7908104255665723059e+01,3.7664897996707281079e-03
2.8011851483381949635e+01,3.7123230829323242141e-03
2.8115598711098179763e+01,3.6564543982156726305e-03
2.8219345938814409891e+01,3.5989344687534507994e-03
2.8323093166530640019e+01,3.5398146428917954230e-03
2.8426840394246870147e+01,3.4791457782106247412e-03
2.8530587621963096723e+01,3.4169793336564272500e-03
2.8634334849679326851e+01,3.3533667392167576700e-03
2.8738082077395556979e+01,3.2883591322906895009e-03
2.8841829305111787107e+01,3.2220082325410655602e-03
2.8945576532828017235e+01,3.1543652870832388120e-03
2.9049323760544243811e+01,3.0854816009535418649e-03
2.9153070988260473939e+01,3.0154086782469675075e-03
2.9256818215976704067e+01,2.9441974574930750673e-03
2.9360565443692934195e+01,2.8718991297664521641e-03
2.9464312671409164324e+01,2.7985646659921883939e-03
2.9568059899125390899e+01,2.7242445817652976257e-03
2.9671807126841621027e+01,2.6489896047367173307e-03
2.9775554354557851156e+01,2.5728499666630489685e-03
2.9879301582274081284e+01,2.4958756070309804330e-03
2.9983048809990311412e+01,2.4181164681704222369e-03
3.0086796037706537987e+01,2.3396218956470041066e-03
3.0190543265422768116e+01,2.2604410377237622344e-03
3.0294290493138998244e+01,2.1806228141656347659e-03
3.0398037720855228372e+01,2.1002155444966347404e-03
3.0501784948571458500e+01,2.0192673534620768187e-03
3.0605532176287688628e+01,1.9378259601748695252e-03
3.0709279404003915204e+01,1.8559385134342182202e-03
3.0813026631720145332e+01,1.7736518981060771412e-03
3.0916773859436375460e+01,1.6910124886109784842e-03
3.1020521087152605588e+01,1.6080661135360399538e-03
3.1124268314868835716e+01,1.5248582324963123793e-03
3.1228015542585062292e+01,1.4414337502916916168e-03
3.1331762770301292420e+01,1.3578370255660832978e-03
3.1435509998017522548e+01,1.2741119413472792865e-03
3.1539257225733752676e+01,1.1903018183317827083e-03
3.1643004453449982805e+01,1.1064494048246540682e-03
3.1746751681166209380e+01,1.0225968829781109486e-03
3.1850498908882439508e+01,9.3878588309122420162e-04
3.1954246136598669636e+01,8.5505741977284983098e-04
3.2057993364314903317e+01,7.7145186901464977459e-04
3.2161740592031129893e+01,6.8800907349901877993e-04
3.2265487819747363574e+01,6.0476821081998884729e-04
3.2369235047463590149e+01,5.2176775988556540770e-04
3.2472982275179823830e+01,4.3904568852242320705e-04
3.2576729502896050406e+01,3.5663925451256988557e-04
3.2680476730612276981e+01,2.7458496085171045118e-04
3.2784223958328510662e+01,1.9291882346290825222e-04
3.2887971186044737237e+01,1.1167611742918807016e-04
3.2991718413760970918e+01,3.0891302443587494251e-05
3.3095465641477197494e+01,-4.9401624985070908625e-05
3.3199212869193424069e+01,-1.2916941664735569141e-04
3.3302960096909657750e+01,-2.0837971148192677802e-04
3.3406707324625884326e+01,-2.8700059159639636566e-04
3.3510454552342118006e+01,-3.6500086325798683116e-04
3.3614201780058344582e+01,-4.4235030532934968561e-04
3.3717949007774571157e+01,-5.1901913053341015673e-04
3.3821696235490804838e+01,-5.9497821485287986660e-04
3.3925443463207031414e+01,-6.7019950056932287453e-04
3.4029190690923265095e+01,-7.4465537575826802521e-04
3.4132937918639491670e+01,-8.1831879702394180742e-04
3.4236685146355718246e+01,-8.9116386949108573109e-04
3.4340432374071951926e+01,-9.6316519197149521713e-04
3.4444179601788178502e+01,-1.0342978210772198807e-03
3.4547926829504412183e+01,-1.1045379916681801347e-03
3.4651674057220638758e+01,-1.1738625386175773144e-03
3.4755421284936865334e+01,-1.2422486506349439753e-03
3.4859168512653099015e+01,-1.3096746308286682028e-03
3.4962915740369325590e+01,-1.3761195602909938058e-03
3.5066662968085559271e+01,-1.4415627998652471350e-03
3.5170410195801785846e+01,-1.5059846496669223974e-03
3.5274157423518012422e+01,-1.5693664192879216469e-03
3.5377904651234246103e+01,-1.6316896807832530908e-03
3.5481651878950472678e+01,-1.6929366799167794820e-03
3.5585399106666706359e+01,-1.7530908906260884040e-03
3.5689146334382932935e+01,-1.8121361170621126061e-03
3.5792893562099159510e+01,-1.8700565647459940419e-03
3.5896640789815393191e+01,-1.9268377354943217340e-03
3.6000388017531619766e+01,-1.9824656600292383905e-03
3.6104135245247853447e+01,-2.0369265902511319265e-03
3.6207882472964080023e+01,-2.0902078696510431946e-03
3.6311629700680313704e+01,-2.1422977203281214076e-03
3.6415376928396540279e+01,-2.1931845225452886554e-03
3.6519124156112766855e+01,-2.2428573429732106062e-03
3.6622871383829000536e+01,-2.2913064786213984889e-03
3.6726618611545227111e+01,-2.3385224675950264973e-03
3.6830365839261460792e+01,-2.3844961460404668838e-03
3.6934113066977687367e+01,-2.4292196401572512497e-03
3.7037860294693913943e+01,-2.4726856186936727565e-03
3.7141607522410147624e+01,-2.5148868593522382721e-03
3.7245354750126374199e+01,-2.5558170390058377805e-03
3.7349101977842607880e+01,-2.5954708655708032955e-03
3.7452849205558834456e+01,-2.6338431605241528592e-03
3.7556596433275061031e+01,-2.6709291047635249500e-03
3.7660343660991294712e+01,-2.7067251832138226886e-03
3.7764090888707521287e+01,-2.7412282430559231118e-03
3.7867838116423754968e+01,-2.7744352064505749603e-03
3.7971585344139981544e+01,-2.8063439376917868363e-03
3.8075332571856208119e+01,-2.8369532200728745513e-03
3.8179079799572441800e+01,-2.8662618881563728217e-03
3.8282827027288668376e+01,-2.8942690914600826581e-03
3.8386574255004902056e+01,-2.9209752408281466213e-03
3.8490321482721128632e+01,-2.9463810667977371333e-03
3.8594068710437355207e+01,-2.9704873180379991020e-03
3.8697815938153588888e+01,-2.9932955544937859399e-03
3.8801563165869815464e+01,-3.0148082835029094140e-03
3.8905310393586049145e+01,-3.0350280410028616408e-03
3.9009057621302275720e+01,-3.0539575260716258706e-03
3.9112804849018502296e+01,-3.0716005996924149353e-03
3.9216552076734735977e+01,-3.0879615417693123160e-03
3.9320299304450962552e+01,-3.1030445918131845107e-03
3.9424046532167196233e+01,-3.1168544944985532817e-03
3.9527793759883422808e+01,-3.1293970640678299422e-03
3.9631540987599649384e+01,-3.1406781900673651046e-03
3.9735288215315883065e+01,-3.1507037574538846944e-03
3.9839035443032109640e+01,-3.1594805205869117871e-03
3.9942782670748343321e+01,-3.1670159220947920360e-03
4.0046529898464569897e+01,-3.1733173496429484262e-03
4.0150277126180796472e+01,-3.1783923153929733926e-03
4.0254024353897030153e+01,-3.1822493799633219322e-03
4.0357771581613256728e+01,-3.1848974079664990264e-03
4.0461518809329490409e+01,-3.1863451746863497363e-03
4.0565266037045716985e+01,-3.1866017965953940920e-03
4.0669013264761943560e+01,-3.1856773649181907571e-03
4.0772760492478177241e+01,-3.1835820307348806912e-03
4.0876507720194403817e+01,-3.1803258592700066158e-03
4.0980254947910637497e+01,-3.1759194783913839363e-03
4.1084002175626864073e+01,-3.1703742683407286525e-03
4.1187749403343097754e+01,-3.1637015518702592265e-03
4.1291496631059324329e+01,-3.1559125939580314965e-03
4.1395243858775550905e+01,-3.1470193732007359713e-03
4.1498991086491784586e+01,-3.1370343782343096742e-03
4.1602738314208011161e+01,-3.1259699890031416789e-03
4.1706485541924244842e+01,-3.1138385724722768971e-03
4.1810232769640471417e+01,-3.1006532725520920962e-03
4.1913979997356697993e+01,-3.0864275420325886119e-03
4.2017727225072931674e+01,-3.0711747038226194090e-03
4.2121474452789158249e+01,-3.0549081149742335350e-03
4.2225221680505391930e+01,-3.0376419011908860172e-03
4.2328968908221618506e+01,-3.0193903542424333983e-03
4.2432716135937845081e+01,-3.0001676263727342607e-03
4.2536463363654078762e+01,-2.9799879389487793184e-03
4.2640210591370305337e+01,-2.9588662305035811663e-03
4.2743957819086539018e+01,-2.9368175153454707110e-03
4.2847705046802765594e+01,-2.9138566623814142996e-03
4.2951452274518992169e+01,-2.8899986223699459034e-03
4.3055199502235225850e+01,-2.8652589950569416592e-03
4.3158946729951452426e+01,-2.8396534044499888334e-03
4.3262693957667686107e+01,-2.8131973247218101247e-03
4.3366441185383912682e+01,-2.7859062989977608979e-03
4.3470188413100139257e+01,-2.7577964508094629688e-03
4.3573935640816372938e+01,-2.7288839029445885465e-03
4.3677682868532599514e+01,-2.6991846250126088139e-03
4.3781430096248833195e+01,-2.6687146206242642020e-03
4.3885177323965059770e+01,-2.6374904085377523857e-03
4.3988924551681286346e+01,-2.6055285014088803118e-03
4.4092671779397520027e+01,-2.5728452564805740117e-03
4.4196419007113746602e+01,-2.5394570163034774039e-03
4.4300166234829980283e+01,-2.5053805712646590349e-03
4.4403913462546206858e+01,-2.4706327173090875116e-03
4.4507660690262433434e+01,-2.4352300937794486499e-03
4.4611407917978667115e+01,-2.3991892740828743742e-03
4.4715155145694893690e+01,-2.3625272000017908530e-03
4.4818902373411127371e+01,-2.3252608465777644883e-03
4.4922649601127353947e+01,-2.2874070323172543233e-03
4.5026396828843580522e+01,-2.2489824665275983014e-03
4.5130144056559814203e+01,-2.2100041279460871067e-03
4.5233891284276040778e+01,-2.1704890680583521952e-03
4.5337638511992274459e+01,-2.1304541845163773792e-03
4.5441385739708501035e+01,-2.0899162373938938615e-03
4.5545132967424727610e+01,-2.0488921393995098048e-03
4.5648880195140961291e+01,-2.0073989159913202020e-03
4.5752627422857187867e+01,-1.9654534471702077986e-03
4.5856374650573421548e+01,-1.9230724631709200829e-03
4.5960121878289648123e+01,-1.8802727261192058849e-03
4.6063869106005881804e+01,-1.8370711322347099605e-03
4.6167616333722108379e+01,-1.7934844505853421784e-03
4.6271363561438334955e+01,-1.7495292998658098019e-03
4.6375110789154568636e+01,-1.7052222305425036517e-03
4.6478858016870795211e+01,-1.6605799067317763857e-03
4.6582605244587028892e+01,-1.6156188970829301645e-03
4.6686352472303255468e+01,-1.5703556229687137824e-03
4.6790099700019482043e+01,-1.5248063823520903882e-03
4.6893846927735715724e+01,-1.4789875118526453045e-03
4.6997594155451942299e+01,-1.4329152936488260585e-03
4.7101341383168175980e+01,-1.3866058670896515542e-03
4.7205088610884402556e+01,-1.3400752321366198559e-03
4.7308835838600629131e+01,-1.2933393336219680628e-03
4.7412583066316862812e+01,-1.2464140810049609276e-03
4.7516330294033089388e+01,-1.1993152511498932598e-03
4.7620077521749323068e+01,-1.1520584834331455866e-03
4.7723824749465549644e+01,-1.1046593004766860902e-03
4.7827571977181776219e+01,-1.0571331591098871890e-03
4.7931319204898009900e+01,-1.0094953977516888007e-03
4.8035066432614236476e+01,-9.6176122230797877078e-04
4.8138813660330470157e+01,-9.1394570804770704567e-04
4.8242560888046696732e+01,-8.6606380704777900705e-04
4.8346308115762923308e+01,-8.1813034792227847317e-04
4.8450055343479156988e+01,-7.7016003239339264098e-04
4.8553802571195383564e+01,-7.2216743649522257501e-04
4.8657549798911617245e+01,-6.7416699340627848479e-04
4.8761297026627843820e+01,-6.2617296407126751389e-04
4.8865044254344070396e+01,-5.7819948018418370044e-04
4.8968791482060304077e+01,-5.3026055367914686454e-04
4.9072538709776530652e+01,-4.8237007153611625521e-04
4.9176285937492764333e+01,-4.3454171521468894527e-04
4.9280033165208990908e+01,-3.8678898703194358830e-04
4.9383780392925217484e+01,-3.3912527441033182233e-04
4.9487527620641451165e+01,-2.9156385249810325144e-04
4.9591274848357677740e+01,-2.4411783705313529528e-04
4.9695022076073911421e+01,-1.9680007544542357616e-04
4.9798769303790137997e+01,-1.4962327537036796093e-04
4.9902516531506364572e+01,-1.0260003884627011362e-04
5.0006263759222598253e+01,-5.5742858086377373680e-05
5.0110010986938824828e+01,-9.0639782782520813837e-06
5.0213758214655058509e+01,3.7424614358034835647e-05
5.0317505442371285085e+01,8.3711040550696588281e-05
5.0421252670087511660e+01,1.2978351879954611622e-04
5.0524999897803745341e+01,1.7563039938904231613e-04
5.0628747125519971917e+01,2.2124037276826085535e-04
5.0732494353236205598e+01,2.6660232624695198635e-04
5.0836241580952432173e+01,3.1170523824217133673e-04
5.0939988808668665854e+01,3.5653817710973491209e-04
5.1043736036384892429e+01,4.0109040645471802410e-04
5.1147483264101119005e+01,4.4535156947072857426e-04
5.1251230491817352686e+01,4.8931144304812984516e-04
5.1354977719533579261e+01,5.3295988668810212376e-04
5.1458724947249812942e+01,5.7628684669427238368e-04
5.1562472174966039518e+01,6.1928255759034452673e-04
5.1666219402682266093e+01,6.6193760846514711118e-04
5.1769966630398499774e+01,7.0424268302175351952e-04
5.1873713858114726349e+01,7.4618853949345951421e-04
5.1977461085830960030e+01,7.8776603093767675647e-04
5.2081208313547186606e+01,8.2896638795579877072e-04
5.2184955541263413181e+01,8.6978114019185045081e-04
5.2288702768979646862e+01,9.1020189013387884595e-04
5.2392449996695873438e+01,9.5022030678474202550e-04
5.2496197224412107118e+01,9.8982817313120674205e-04
5.2599944452128333694e+01,1.0290177160202273934e-03
5.2703691679844560269e+01,1.0677814029232050690e-03
5.2807438907560793950e+01,1.1061117615847402672e-03
5.2911186135277020526e+01,1.1440013783552403261e-03
5.3014933362993254207e+01,1.1814429779386922612e-03
5.3118680590709480782e+01,1.2184297688047922206e-03
5.3222427818425707358e+01,1.2549551536612123161e-03
5.3326175046141941039e+01,1.2910125866484351443e-03
5.3429922273858167614e+01,1.3265955727484676514e-03
5.3533669501574401295e+01,1.3616977758360360781e-03
5.3637416729290627870e+01,1.3963133642779050874e-03
5.3741163957006854446e+01,1.4304366709224582057e-03
5.3844911184723088127e+01,1.4640620722959874715e-03
5.3948658412439314702e+01,1.4971839881825297486e-03
5.4052405640155548383e+01,1.5297970052728484050e-03
5.4156152867871774959e+01,1.5618962263534319924e-03
5.4259900095588001534e+01,1.5934769051429587688e-03
5.4363647323304235215e+01,1.6245343315911982534e-03
5.4467394551020461790e+01,1.6550638315339432846e-03
5.4571141778736695471e+01,1.6850608879807934398e-03
5.4674889006452922047e+01,1.7145215080381806354e-03
5.4778636234169148622e+01,1.7434418523449804906e-03
5.4882383461885382303e+01,1.7718181105711033625e-03
5.4986130689601608879e+01,1.7996465011436120832e-03
5.5089877917317842559e+01,1.8269233724086746899e-03
5.5193625145034069135e+01,1.8536455976580553263e-03
5.5297372372750295710e+01,1.8798102259178306548e-03
5.5401119600466529391e+01,1.9054143283586406476e-03
5.5504866828182755967e+01,1.9304549980488703957e-03
5.5608614055898989648e+01,1.9549294191929904307e-03
5.5712361283615216223e+01,1.9788352818610019553e-03
5.5816108511331449904e+01,2.0021704999730826312e-03
5.5919855739047676479e+01,2.0249330037033861501e-03
5.6023602966763903055e+01,2.0471207385580878803e-03
5.6127350194480136736e+01,2.0687317009705349577e-03
5.6231097422196363311e+01,2.0897643373520057367e-03
5.6334844649912596992e+01,2.1102173958510270398e-03
5.6438591877628823568e+01,2.1300896391211530771e-03
5.6542339105345050143e+01,2.1493798388973668102e-03
5.6646086333061283824e+01,2.1680867868066255530e-03
5.6749833560777510399e+01,2.1862096211550446564e-03
5.6853580788493744080e+01,2.2037478810673903108e-03
5.6957328016209970656e+01,2.2207011313885704346e-03
5.7061075243926197231e+01,2.2370689401282517657e-03
5.7164822471642430912e+01,2.2528508791248400174e-03
5.7268569699358657488e+01,2.2680467267045616685e-03
5.7372316927074891169e+01,2.2826567473931943034e-03
5.7476064154791117744e+01,2.2966812744491362300e-03
5.7579811382507344319e+01,2.3101206387289327342e-03
5.7683558610223578000e+01,2.3229751687088686166e-03
5.7787305837939804576e+01,2.3352452703315688780e-03
5.7891053065656038257e+01,2.3469318319344479977e-03
5.7994800293372264832e+01,2.3580359178730064124e-03
5.8098547521088491408e+01,2.3685585852310482927e-03
5.8202294748804725089e+01,2.3785008835552467338e-03
5.8306041976520951664e+01,2.3878638697894605594e-03
5.8409789204237185345e+01,2.3966489420935324466e-03
5.8513536431953411920e+01,2.4048578409642477199e-03
5.8617283659669638496e+01,2.4124923101923761472e-03
5.8721030887385872177e+01,2.4195540812450995992e-03
5.8824778115102098752e+01,2.4260448734305536077e-03
5.8928525342818332433e+01,2.4319665422114621761e-03
5.9032272570534559009e+01,2.4373213994791738043e-03
5.9136019798250785584e+01,2.4421118336099322324e-03
5.9239767025967019265e+01,2.4463402162488265441e-03
5.9343514253683245840e+01,2.4500089024560431014e-03
5.9447261481399479521e+01,2.4531202565570781396e-03
5.9551008709115706097e+01,2.4556769987630231930e-03
5.9654755936831932672e+01,2.4576821106995832764e-03
5.9758503164548166353e+01,2.4591385601584084090e-03
5.9862250392264392929e+01,2.4600492943572358114e-03
5.9965997619980626610e+01,2.4604172401853446027e-03
6.0069744847696853185e+01,2.4602454439592220427e-03
6.0173492075413079760e+01,2.4595373638081246062e-03
6.0277239303129313441e+01,2.4582965176600407066e-03
6.0380986530845540017e+01,2.4565263992648014510e-03
6.0484733758561773698e+01,2.4542304784014347396e-03
6.0588480986278000273e+01,2.4514122148218656268e-03
6.0692228213994233954e+01,2.4480753471163617732e-03
6.0795975441710460530e+01,2.4442238833222635665e-03
6.0899722669426687105e+01,2.4398618164329184330e-03
6.1003469897142920786e+01,2.4349931122785036484e-03
6.1107217124859147361e+01,2.4296217097566036140e-03
6.1210964352575381042e+01,2.4237515877410333899e-03
6.1314711580291607618e+01,2.4173870819472111776e-03
6.1418458808007834193e+01,2.4105326358020606921e-03
6.1522206035724067874e+01,2.4031926629322479007e-03
6.1625953263440294450e+01,2.3953715472430922931e-03
6.1729700491156528130e+01,2.3870736438490942379e-03
6.1833447718872754706e+01,2.3783034322876444970e-03
6.1937194946588981281e+01,2.3690657091421270242e-03
6.2040942174305214962e+01,2.3593652865470811884e-03
6.2144689402021441538e+01,2.3492069445026487855e-03
6.2248436629737675219e+01,2.3385954311423537595e-03
6.2352183857453901794e+01,2.3275354710490911599e-03
6.2455931085170128370e+01,2.3160319868773984568e-03
6.2559678312886362050e+01,2.3040901255740025427e-03
6.2663425540602588626e+01,2.2917150135971851681e-03
6.2767172768318822307e+01,2.2789117435113382185e-03
6.2870919996035048882e+01,2.2656853742666245577e-03
6.2974667223751275458e+01,2.2520409539810268447e-03
6.3078414451467509139e+01,2.2379837635585118037e-03
6.3182161679183735714e+01,2.2235192228523686930e-03
6.3285908906899969395e+01,2.2086527191702946815e-03
6.3389656134616195970e+01,2.1933896045512545590e-03
6.3493403362332422546e+01,2.1777351960536183058e-03
6.3597150590048656227e+01,2.1616948135634015717e-03
6.3700897817764882802e+01,2.1452740092736967935e-03
6.3804645045481116483e+01,2.1284784149638545647e-03
6.3908392273197343059e+01,2.1113136263123423453e-03
6.4012139500913576740e+01,2.0937852027209961567e-03
6.4115886728629803315e+01,2.0758986676085318911e-03
6.4219633956346029890e+01,2.0576595550620292024e-03
6.4323381184062256466e+01,2.0390736102782508650e-03
6.4427128411778497252e+01,2.0201466232521495502e-03
6.4530875639494723828e+01,2.0008843467980343828e-03
6.4634622867210950403e+01,1.9812924967940615667e-03
6.4738370094927176979e+01,1.9613767524781990266e-03
6.4842117322643403554e+01,1.9411428024556315417e-03
6.4945864550359644340e+01,1.9205965170029063067e-03
6.5049611778075870916e+01,1.8997437938685604771e-03
6.5153359005792097491e+01,1.8785904932471370055e-03
6.5257106233508324067e+01,1.8571424380665027716e-03
6.5360853461224550642e+01,1.8354054142836124294e-03
6.5464600688940791429e+01,1.8133852077976150927e-03
6.5568347916657018004e+01,1.7910877541354589589e-03
6.5672095144373244580e+01,1.7685190103778286683e-03
6.5775842372089471155e+01,1.7456848960456122256e-03
6.5879589599805697731e+01,1.7225912933714329286e-03
6.5983336827521938517e+01,1.6992440475927935665e-03
6.6087084055238165092e+01,1.6756489905561369660e-03
6.6190831282954391668e+01,1.6518120689121317587e-03
6.6294578510670618243e+01,1.6277392525164430942e-03
6.6398325738386844819e+01,1.6034364740722449692e-03
6.6502072966103085605e+01,1.5789096292612139674e-03
6.6605820193819312180e+01,1.5541645770318752127e-03
6.6709567421535538756e+01,1.5292071508209671357e-03
6.6813314649251765331e+01,1.5040432596256834118e-03
6.6917061876967991907e+01,1.4786788412285718081e-03
6.7020809104684232693e+01,1.4531197974740547862e-03
6.7124556332400459269e+01,1.4273719937191761513e-03
6.7228303560116685844e+01,1.4014412591151137119e-03
6.7332050787832912420e+01,1.3753333899751362356e-03
6.7435798015549138995e+01,1.3490542161955555202e-03
6.7539545243265379781e+01,1.3226096000757278041e-03
6.7643292470981606357e+01,1.2960053708406973731e-03
6.7747039698697832932e+01,1.2692473220081998755e-03
6.7850786926414059508e+01,1.2423412116616676815e-03
6.7954534154130286083e+01,1.2152927629734936073e-03
6.8058281381846526870e+01,1.1881076953315894938e-03
6.8162028609562753445e+01,1.1607917539469413300e-03
6.8265775837278980021e+01,1.1333506561057814493e-03
6.8369523064995206596e+01,1.1057900843915982516e-03
6.8473270292711433171e+01,1.0781156869480276912e-03
6.8577017520427673958e+01,1.0503330777393679769e-03
6.8680764748143900533e+01,1.0224478443410787206e-03
6.8784511975860127109e+01,9.9446557766972253599e-04
6.8888259203576353684e+01,9.6639184633509058950e-04
6.8992006431292580260e+01,9.3823218545471549334e-04
6.9095753659008821046e+01,9.0999209690222418456e-04
6.9199500886725047621e+01,8.8167704955655903324e-04
6.9303248114441274197e+01,8.5329247995989589842e-04
6.9406995342157500772e+01,8.2484379961500931423e-04
6.9510742569873727348e+01,7.9633639421874762541e-04
6.9614489797589968134e+01,7.6777561758013433083e-04
6.9718237025306194710e+01,7.3916679164033887058e-04
6.9821984253022421285e+01,7.1051520670941412192e-04
6.9925731480738647861e+01,6.8182612169504993888e-04
7.0029478708454874436e+01,6.5310475866099920294e-04
7.0133225936171115222e+01,6.2435629252419384307e-04
7.0236973163887341798e+01,5.9558586473946767848e-04
7.0340720391603568373e+01,5.6679858642862048380e-04
7.0444467619319794949e+01,5.3799953860379594577e-04
7.0548214847036021524e+01,5.0919377238887477116e-04
7.0651962074752262311e+01,4.8038630688071915116e-04
7.0755709302468488886e+01,4.5158209793274553187e-04
7.0859456530184715461e+01,4.2278604709897616831e-04
7.0963203757900942037e+01,3.9400302665988358539e-04
7.1066950985617168612e+01,3.6523788044470680567e-04
7.1170698213333409399e+01,3.3649542403881910939e-04
7.1274445441049635974e+01,3.0778044498774783256e-04
7.1378192668765862550e+01,2.7909768451532014633e-04
7.1481939896482089125e+01,2.5045179193473312770e-04
7.1585687124198315701e+01,2.2184737559859411598e-04
7.1689434351914556487e+01,1.9328901718311766625e-04
7.1793181579630783062e+01,1.6478127188088935017e-04
7.1896928807347009638e+01,1.3632866859192174867e-04
7.2000676035063236213e+01,1.0793570854102160631e-04
7.2104423262779462789e+01,7.9606811947700287149e-05
7.2208170490495703575e+01,5.1346305402524409004e-05
7.2311917718211930151e+01,2.3158486425363456390e-05
7.2415664945928156726e+01,-4.9523720915117077341e-06
7.2519412173644383302e+01,-3.2982021707250550209e-05
7.2623159401360624088e+01,-6.0926238257777824985e-05
7.2726906629076850663e+01,-8.8780831805789178594e-05
7.2830653856793077239e+01,-1.1654173179725822913e-04
7.2934401084509303814e+01,-1.4420494332463711681e-04
7.3038148312225530390e+01,-1.7176649472332337844e-04
7.3141895539941771176e+01,-1.9922243686295443288e-04
7.3245642767657997751e+01,-2.2656884298780243675e-04
7.3349389995374224327e+01,-2.5380180855856027990e-04
7.3453137223090450902e+01,-2.8091747924620906343e-04
7.3556884450806677478e+01,-3.0791214585333518978e-04
7.3660631678522918264e+01,-3.3478215387494744595e-04
7.3764378906239144840e+01,-3.6152386936673077322e-04
7.3868126133955371415e+01,-3.8813367879977119911e-04
7.3971873361671597991e+01,-4.1460798891737517691e-04
7.4075620589387824566e+01,-4.4094322670469593287e-04
7.4179367817104065352e+01,-4.6713589136845217256e-04
7.4283115044820291928e+01,-4.9318263681677823335e-04
7.4386862272536518503e+01,-5.1908015719507769829e-04
7.4490609500252745079e+01,-5.4482516506574316714e-04
7.4594356727968971654e+01,-5.7041439128008623004e-04
7.4698103955685212441e+01,-5.9584458485133500079e-04
7.4801851183401439016e+01,-6.2111251350074588376e-04
7.4905598411117665592e+01,-6.4621503679424040310e-04
7.5009345638833892167e+01,-6.7114917132241481285e-04
7.5113092866550118742e+01,-6.9591196567118495525e-04
7.5216840094266359529e+01,-7.2050048471011189470e-04
7.5320587321982586104e+01,-7.4491180948024326297e-04
7.5424334549698812680e+01,-7.6914303708291184656e-04
7.5528081777415039255e+01,-7.9319128174914035109e-04
7.5631829005131265831e+01,-8.1705376069874996112e-04
7.5735576232847506617e+01,-8.4072785172106139807e-04
7.5839323460563733192e+01,-8.6421096073796056271e-04
7.5943070688279959768e+01,-8.8750050784661453033e-04
7.6046817915996186343e+01,-9.1059392722276505383e-04
7.6150565143712412919e+01,-9.3348866702482914681e-04
7.6254312371428653705e+01,-9.5618219030622398670e-04
7.6358059599144880281e+01,-9.7867206252472940982e-04
7.6461806826861106856e+01,-1.0009560188076558479e-03
7.6565554054577333432e+01,-1.0230318225324123906e-03
7.6669301282293560007e+01,-1.0448972491826039478e-03
7.6773048510009800793e+01,-1.0665500862662349174e-03
7.6876795737726027369e+01,-1.0879881332345638090e-03
7.6980542965442253944e+01,-1.1092092017434323960e-03
7.7084290193158480520e+01,-1.1302111918803444020e-03
7.7188037420874707095e+01,-1.1509921879624648074e-03
7.7291784648590947882e+01,-1.1715503082977444735e-03
7.7395531876307174457e+01,-1.1918836812836151613e-03
7.7499279104023401032e+01,-1.2119904453394727932e-03
7.7603026331739627608e+01,-1.2318687488396741925e-03
7.7706773559455854183e+01,-1.2515167500497196423e-03
7.7810520787172094970e+01,-1.2709326697588692497e-03
7.7914268014888321545e+01,-1.2901149259747059575e-03
7.8018015242604548121e+01,-1.3090619869084755503e-03
7.8121762470320774696e+01,-1.3277723289084042684e-03
7.8225509698037001272e+01,-1.3462444364057406677e-03
7.8329256925753242058e+01,-1.3644768018612285585e-03
7.8433004153469468633e+01,-1.3824679257119936761e-03
7.8536751381185695209e+01,-1.4002163420394481141e-03
7.8640498608901921784e+01,-1.4177207754205751068e-03
7.8744245836618148360e+01,-1.4349800362722289065e-03
7.8847993064334389146e+01,-1.4519929415909007750e-03
7.8951740292050615722e+01,-1.4687583145912201741e-03
7.9055487519766842297e+01,-1.4852749846651655628e-03
7.9159234747483068872e+01,-1.5015417873415759509e-03
7.9262981975199295448e+01,-1.5175575709097865670e-03
7.9366729202915536234e+01,-1.5333213319577343372e-03
7.9470476430631762810e+01,-1.5488322086630854947e-03
7.9574223658347989385e+01,-1.5640893491884592416e-03
7.9677970886064215961e+01,-1.5790919061331243952e-03
7.9781718113780442536e+01,-1.5938390365041483349e-03
7.9885465341496683322e+01,-1.6083299016877784012e-03
7.9989212569212909898e+01,-1.6225636675829154237e-03
8.0092959796929136473e+01,-1.6365395774644792351e-03
8.0196707024645363049e+01,-1.6502570664434308614e-03
8.0300454252361589624e+01,-1.6637156023545250551e-03
8.0404201480077830411e+01,-1.6769146557791766734e-03
8.0507948707794056986e+01,-1.6898537000277508852e-03
8.0611695935510283562e+01,-1.7025322111220183956e-03
8.0715443163226510137e+01,-1.7149496677777186556e-03
8.0819190390942736713e+01,-1.7271055687579995111e-03
8.0922937618658977499e+01,-1.7389995873021214020e-03
8.1026684846375204074e+01,-1.7506314964309795459e-03
8.1130432074091430650e+01,-1.7620010714752231112e-03
8.1234179301807657225e+01,-1.7731080889132350836e-03
8.1337926529523883801e+01,-1.7839523263638136855e-03
8.1441673757240124587e+01,-1.7945335625789080036e-03
8.1545420984956351163e+01,-1.8048515778298580749e-03
8.1649168212672577738e+01,-1.8149062342335249651e-03
8.1752915440388804313e+01,-1.8246975732469402753e-03
8.1856662668105030889e+01,-1.8342256600655782416e-03
8.1960409895821271675e+01,-1.8434905595548138710e-03
8.2064157123537498251e+01,-1.8524923362520000561e-03
8.2167904351253724826e+01,-1.8612310543685479415e-03
8.2271651578969951402e+01,-1.8697067777919769340e-03
8.2375398806686192188e+01,-1.8779195811343498725e-03
8.2479146034402418763e+01,-1.8858696908852000482e-03
8.2582893262118645339e+01,-1.8935574432291982748e-03
8.2686640489834871914e+01,-1.9009831751741802525e-03
8.2790387717551098490e+01,-1.9081472220387218387e-03
8.2894134945267339276e+01,-1.9150499174627098019e-03
8.2997882172983565852e+01,-1.9216915934178303935e-03
8.3101629400699792427e+01,-1.9280725802179891817e-03
8.3205376628416019003e+01,-1.9341932467486632353e-03
8.3309123856132245578e+01,-1.9400541380984509445e-03
8.3412871083848486364e+01,-1.9456558458932746072e-03
8.3516618311564712940e+01,-1.9509989588210787520e-03
8.3620365539280939515e+01,-1.9560840626482848582e-03
8.3724112766997166091e+01,-1.9609117402378897256e-03
8.3827859994713392666e+01,-1.9654825715674354748e-03
8.3931607222429633453e+01,-1.9697971343175281478e-03
8.4035354450145860028e+01,-1.9738560820418203472e-03
8.4139101677862086603e+01,-1.9776602233234834120e-03
8.4242848905578313179e+01,-1.9812103817198546858e-03
8.4346596133294539754e+01,-1.9845073767363326060e-03
8.4450343361010780541e+01,-1.9875520238512669503e-03
8.4554090588727007116e+01,-1.9903451345406652020e-03
8.4657837816443233692e+01,-1.9928875163027141675e-03
8.4761585044159460267e+01,-1.9951799760039149768e-03
8.4865332271875686843e+01,-1.9972234231407262443e-03
8.4969079499591927629e+01,-1.9990188893357118197e-03
8.5072826727308154204e+01,-2.0005674085462154914e-03
8.5176573955024380780e+01,-2.0018700096920381826e-03
8.5280321182740607355e+01,-2.0029277166860757695e-03
8.5384068410456833931e+01,-2.0037415484647422281e-03
8.5487815638173074717e+01,-2.0043125190181607619e-03
8.5591562865889301293e+01,-2.0046416439791249486e-03
8.5695310093605527868e+01,-2.0047300519021593601e-03
8.5799057321321754443e+01,-2.0045789678141603257e-03
8.5902804549037981019e+01,-2.0041896141892836039e-03
8.6006551776754221805e+01,-2.0035632076031446164e-03
8.6110299004470448381e+01,-2.0027009587683512228e-03
8.6214046232186674956e+01,-2.0016040725697780214e-03
8.6317793459902901532e+01,-2.0002737480995930186e-03
8.6421540687619128107e+01,-1.9987111864370786865e-03
8.6525287915335368893e+01,-1.9969176984488672816e-03
8.6629035143051595469e+01,-1.9948946774613510007e-03
8.6732782370767822044e+01,-1.9926435124083059953e-03
8.6836529598484048620e+01,-1.9901655855858427398e-03
8.6940276826200275195e+01,-1.9874622726920054307e-03
8.7044024053916515982e+01,-1.9845349428660942655e-03
8.7147771281632742557e+01,-1.9813849587277079962e-03
8.7251518509348969133e+01,-1.9780136825029766973e-03
8.7355265737065195708e+01,-1.9744225730876337546e-03
8.7459012964781422284e+01,-1.9706131684709116657e-03
8.7562760192497663070e+01,-1.9665870019876475691e-03
8.7666507420213889645e+01,-1.9623455997142950392e-03
8.7770254647930116221e+01,-1.9578904805118246650e-03
8.7874001875646342796e+01,-1.9532231560683184501e-03
8.7977749103362569372e+01,-1.9483451309412619379e-03
8.8081496331078810158e+01,-1.9432579055383078503e-03
8.8185243558795036733e+01,-1.9379630552456600552e-03
8.8288990786511263309e+01,-1.9324622389645346003e-03
8.8392738014227489884e+01,-1.9267571125356789882e-03
8.8496485241943716460e+01,-1.9208493240350614506e-03
8.8600232469659957246e+01,-1.9147405138193341473e-03
8.8703979697376183822e+01,-1.9084323145709758754e-03
8.8807726925092410397e+01,-1.9019263513431147218e-03
8.8911474152808636973e+01,-1.8952242421573755726e-03
8.9015221380524863548e+01,-1.8883276512946791867e-03
8.9118968608241104334e+01,-1.8812383332814370911e-03
8.9222715835957330910e+01,-1.8739580448888641141e-03
8.9326463063673557485e+01,-1.8664885347266426535e-03
8.9430210291389784061e+01,-1.8588315432902678334e-03
8.9533957519106010636e+01,-1.8509888030080554749e-03
8.9637704746822251423e+01,-1.8429620382878304438e-03
8.9741451974538477998e+01,-1.8347529655632960257e-03
8.9845199202254704574e+01,-1.8263633179523963007e-03
8.9948946429970931149e+01,-1.8177949168872659449e-03
9.0052693657687157724e+01,-1.8090495989606797389e-03
9.0156440885403398511e+01,-1.8001291923115977749e-03
9.0260188113119625086e+01,-1.7910355166737574467e-03
9.0363935340835851662e+01,-1.7817703834239167603e-03
9.0467682568552078237e+01,-1.7723355956297736843e-03
9.0571429796268304813e+01,-1.7627329480975593729e-03
9.0675177023984545599e+01,-1.7529642334948073411e-03
9.0778924251700772174e+01,-1.7430313082925897282e-03
9.0882671479416998750e+01,-1.7329360675804373650e-03
9.0986418707133225325e+01,-1.7226803986203334442e-03
9.1090165934849451901e+01,-1.7122661800762647120e-03
9.1193913162565692687e+01,-1.7016952820631304783e-03
9.1297660390281919263e+01,-1.6909695661953207287e-03
9.1401407617998145838e+01,-1.6800908856349516286e-03
9.1505154845714372414e+01,-1.6690610853717750828e-03
9.1608902073430598989e+01,-1.6578820348544284335e-03
9.1712649301146839775e+01,-1.6465556614787897789e-03
9.1816396528863066351e+01,-1.6350838919473079623e-03
9.1920143756579292926e+01,-1.6234686442640076844e-03
9.2023890984295519502e+01,-1.6117118277835262331e-03
9.2127638212011760288e+01,-1.5998153432598091229e-03
9.2231385439727986864e+01,-1.5877810828944971706e-03
9.2335132667444213439e+01,-1.5756109303849538325e-03
9.2438879895160440014e+01,-1.5633067666873416354e-03
9.2542627122876666590e+01,-1.5508705180178339062e-03
9.2646374350592907376e+01,-1.5383041313738702194e-03
9.2750121578309133952e+01,-1.5256095453431541345e-03
9.2853868806025360527e+01,-1.5127886898493169299e-03
9.2957616033741587103e+01,-1.4998434862002686836e-03
9.3061363261457813678e+01,-1.4867758471362251763e-03
9.3165110489174054464e+01,-1.4735876768774073663e-03
9.3268857716890281040e+01,-1.4602808712021141373e-03
9.3372604944606507615e+01,-1.4468573347844479546e-03
9.3476352172322734191e+01,-1.4333190099867353529e-03
9.3580099400038960766e+01,-1.4196678381584223322e-03
9.3683846627755201553e+01,-1.4059057520494076029e-03
9.3787593855471428128e+01,-1.3920346758576134742e-03
9.3891341083187654704e+01,-1.3780565252762241087e-03
9.3995088310903881279e+01,-1.3639732075406275739e-03
9.4098835538620107855e+01,-1.3497866214750395709e-03
9.4202582766336348641e+01,-1.3354986584354184512e-03
9.4306329994052575216e+01,-1.3211112259335457738e-03
9.4410077221768801792e+01,-1.3066262499170978352e-03
9.4513824449485028367e+01,-1.2920456492455144673e-03
9.4617571677201254943e+01,-1.2773713343621948511e-03
9.4721318904917495729e+01,-1.2626052073405847828e-03
9.4825066132633722304e+01,-1.2477491619299727228e-03
9.4928813360349948880e+01,-1.2328050836009638372e-03
9.5032560588066175455e+01,-1.2177748495906782177e-03
9.5136307815782402031e+01,-1.2026603311207867495e-03
9.5240055043498642817e+01,-1.1874634130359371965e-03
9.5343802271214869393e+01,-1.1721859845274231957e-03
9.5447549498931095968e+01,-1.1568299267240996463e-03
9.5551296726647322544e+01,-1.1413971125848910038e-03
9.5655043954363549119e+01,-1.1258894069430950332e-03
9.5758791182079789905e+01,-1.1103086665503981642e-03
9.5862538409796016481e+01,-1.0946567401206156768e-03
9.5966285637512243056e+01,-1.0789354683731259242e-03
9.6070032865228469632e+01,-1.0631466863110774698e-03
9.6173780092944696207e+01,-1.0472922343657364679e-03
9.6277527320660936994e+01,-1.0313739499678885661e-03
9.6381274548377163569e+01,-1.0153936626448544205e-03
9.6485021776093390145e+01,-9.9935319405502066707e-04
9.6588769003809616720e+01,-9.8325435803011079598e-04
9.6692516231525843295e+01,-9.6709896061716968830e-04
9.6796263459242084082e+01,-9.5088880012028252284e-04
9.6900010686958310657e+01,-9.3462566714203141466e-04
9.7003757914674537233e+01,-9.1831134535049570213e-04
9.7107505142390763808e+01,-9.0194761425100699465e-04
9.7211252370106990384e+01,-8.8553624678200620716e-04
9.7314999597823231170e+01,-8.6907900832160873365e-04
9.7418746825539457745e+01,-8.5257765672769867706e-04
9.7522494053255684321e+01,-8.3603394237791324971e-04
9.7626241280971910896e+01,-8.1944960820939992483e-04
9.7729988508688137472e+01,-8.0282638975830676598e-04
9.7833735736404378258e+01,-7.8616601519902198046e-04
9.7937482964120604834e+01,-7.6947020417830497719e-04
9.8041230191836831409e+01,-7.5274066310443204716e-04
9.8144977419553057985e+01,-7.3597908933119575610e-04
9.8248724647269284560e+01,-7.1918717304246808798e-04
9.8352471874985525346e+01,-7.0236659729054835063e-04
9.8456219102701751922e+01,-6.8551903803374747773e-04
9.8559966330417978497e+01,-6.6864616417370941175e-04
9.8663713558134205073e+01,-6.5174963759252247698e-04
9.8767460785850431648e+01,-6.3483111318958409652e-04
9.8871208013566672435e+01,-6.1789223677973133253e-04
9.8974955241282899010e+01,-6.0093463292038224507e-04
9.9078702468999125585e+01,-5.8395991345636881053e-04
9.9182449696715352161e+01,-5.6696968347005058733e-04
9.9286196924431578736e+01,-5.4996554133498565080e-04
9.9389944152147819523e+01,-5.3294907875094284233e-04
9.9493691379864046098e+01,-5.1592188077870661071e-04
9.9597438607580272674e+01,-4.9888552587464148579e-04
9.9701185835296499249e+01,-4.8184158592506307625e-04
9.9804933063012725825e+01,-4.6479162476612261457e-04
9.9908680290728966611e+01,-4.4773718054592193507e-04
1.0001242751844519319e+02,-4.3067977185312048168e-04
1.0011617474616141976e+02,-4.1362091072304104896e-04
1.0021992197387764634e+02,-3.9656210292999893125e-04
1.0032366920159387291e+02,-3.7950484801967289275e-04
1.0042741642931011370e+02,-3.6245063934127599381e-04
1.0053116365702634027e+02,-3.4540096407953836243e-04
1.0063491088474256685e+02,-3.2835730328646819216e-04
1.0073865811245879343e+02,-3.1132166604277408456e-04
1.0084240534017502000e+02,-2.9432144588478119460e-04
1.0094615256789126079e+02,-2.7741984738996494121e-04
1.0104989979560748736e+02,-2.6068253767545107331e-04
1.0115364702332371394e+02,-2.4417491445506733002e-04
1.0125739425103994051e+02,-2.2796210741949095606e-04
1.0136114147875616709e+02,-2.1210897960790940772e-04
1.0146488870647240788e+02,-1.9668012877126559010e-04
1.0156863593418863445e+02,-1.8173988872715902011e-04
1.0167238316190486103e+02,-1.6735233070626495070e-04
1.0177613038962108760e+02,-1.5356505846045130767e-04
1.0187987761733732839e+02,-1.4036114388475904040e-04
1.0198362484505355496e+02,-1.2770776408197194430e-04
1.0208737207276978154e+02,-1.1557222958114903792e-04
1.0219111930048600811e+02,-1.0392198366034192437e-04
1.0229486652820223469e+02,-9.2724601673424111425e-05
1.0239861375591847548e+02,-8.1947790381013289667e-05
1.0250236098363470205e+02,-7.1559387285463786957e-05
1.0260610821135092863e+02,-6.1527359969878987018e-05
1.0270985543906715520e+02,-5.1824760568188809413e-05
1.0281360266678338178e+02,-4.2517044047884459837e-05
1.0291734989449962256e+02,-3.3751020578383448406e-05
1.0302109712221584914e+02,-2.5675725004492649760e-05
1.0312484434993207572e+02,-1.8439592433790793770e-05
1.0322859157764830229e+02,-1.2190461250385359592e-05
1.0333233880536452887e+02,-7.0755761105081626109e-06
1.0343608603308076965e+02,-3.2415909200841570711e-06
1.0353983326079699623e+02,-8.3457179440137533432e-07
1.0364358048851322280e+02,0.0000000000000000000e+00
