1.0000000000000000479e-04,-5.0760226663624630753e-16
3.0129929929929927940e-02,-9.4884833348808967068e-09
6.0159859859859859954e-02,-7.4905515882131580641e-08
9.0189789789789795438e-02,-2.5040458206215481811e-07
1.2021971971971971704e-01,-5.8846293106831644426e-07
1.5024964964964962477e-01,-1.1399111198966638673e-06
1.8027957957957957413e-01,-1.9539622065022894425e-06
2.1030950950950949574e-01,-3.0782404521630172209e-06
2.4033943943943941735e-01,-4.5588097840959961504e-06
2.7036936936936933895e-01,-6.4402018072582045154e-06
3.0039929929929926056e-01,-8.7654433420866699586e-06
3.3042922922922918216e-01,-1.1576083960838131747e-05
3.6045915915915915928e-01,-1.4912222648516013448e-05
3.9048908908908908089e-01,-1.8812534347445755386e-05
4.2051901901901900249e-01,-2.3314296341916952005e-05
4.5054894894894892410e-01,-2.8453413930340650076e-05
4.8057887887887884570e-01,-3.4264446400262962096e-05
5.1060880880880876731e-01,-4.0780631230156217943e-05
5.4063873873873868892e-01,-4.8033909689615179753e-05
5.7066866866866861052e-01,-5.6054951059030976772e-05
6.0069859859859853213e-01,-6.4873176957078900460e-05
6.3072852852852845373e-01,-7.4516785247224804093e-05
6.6075845845845837534e-01,-8.5012772111534097076e-05
6.9078838838838829695e-01,-9.6386957966640727851e-05
7.2081831831831832957e-01,-1.0866400785309847658e-04
7.5084824824824825118e-01,-1.2186745467803059494e-04
7.8087817817817817279e-01,-1.3601972199813144697e-04
8.1090810810810809439e-01,-1.5114214554147716919e-04
8.4093803803803801600e-01,-1.6725499465706651745e-04
8.7096796796796793760e-01,-1.8437749377090011690e-04
9.0099789789789785921e-01,-2.0252784370525326587e-04
9.3102782782782778082e-01,-2.2172324223332002288e-04
9.6105775775775770242e-01,-2.4197990356328478935e-04
9.9108768768768762403e-01,-2.6331307966040180119e-04
1.0211176176176175456e+00,-2.8573708070781385056e-04
1.0511475475475475783e+00,-3.0926529176074650431e-04
1.0811774774774773888e+00,-3.3391019620996432527e-04
1.1112074074074074215e+00,-3.5968339054237281980e-04
1.1412373373373372321e+00,-3.8659560674280302097e-04
1.1712672672672672647e+00,-4.1465672822073675920e-04
1.2012971971971970753e+00,-4.4387580922414005035e-04
1.2313271271271271079e+00,-4.7426109261946344103e-04
1.2613570570570569185e+00,-5.0582002739624231692e-04
1.2913869869869869511e+00,-5.3855928650459487447e-04
1.3214169169169167617e+00,-5.7248478339065676356e-04
1.3514468468468467943e+00,-6.0760168920969629801e-04
1.3814767767767766049e+00,-6.4391444975284530591e-04
1.4115067067067066375e+00,-6.8142680185660949033e-04
1.4415366366366366702e+00,-7.2014178951350241512e-04
1.4715665665665664807e+00,-7.6006177975056936954e-04
1.5015964964964965134e+00,-8.0118847829040184573e-04
1.5316264264264263240e+00,-8.4352294507479357553e-04
1.5616563563563563566e+00,-8.8706560962362353273e-04
1.5916862862862861672e+00,-9.3181628606305076743e-04
1.6217162162162161998e+00,-9.7777418793371247661e-04
1.6517461461461460104e+00,-1.0249379428078960602e-03
1.6817760760760760430e+00,-1.0733056067301759585e-03
1.7118060060060058536e+00,-1.1228746782802872389e-03
1.7418359359359358862e+00,-1.1736421122952262006e-03
1.7718658658658656968e+00,-1.2256043334876848792e-03
1.8018957957957957294e+00,-1.2787572498833641582e-03
1.8319257257257255400e+00,-1.3330962662136652385e-03
1.8619556556556555726e+00,-1.3886162974154178835e-03
1.8919855855855853832e+00,-1.4453117824372366512e-03
1.9220155155155154159e+00,-1.5031766983073461402e-03
1.9520454454454454485e+00,-1.5622045680529095951e-03
1.9820753753753752591e+00,-1.6223884704150489267e-03
2.0121053053053055137e+00,-1.6837210574136467559e-03
2.0421352352352353243e+00,-1.7461945699402783069e-03
2.0721651651651651349e+00,-1.8098008521428452997e-03
2.1021950950950953896e+00,-1.8745313441180667512e-03
2.1322250250250252002e+00,-1.9403770992498573216e-03
2.1622549549549550107e+00,-2.0073288120961373625e-03
2.1922848848848848213e+00,-2.0753768314894375027e-03
2.2223148148148150760e+00,-2.1445111324137262378e-03
2.2523447447447448866e+00,-2.2147213528474129704e-03
2.2823746746746746972e+00,-2.2859968321452591583e-03
2.3124046046046045078e+00,-2.3583265773332111846e-03
2.3424345345345347624e+00,-2.4316992644191032062e-03
2.3724644644644645730e+00,-2.5061033147639882879e-03
2.4024943943943943836e+00,-2.5815268517181883846e-03
2.4325243243243246383e+00,-2.6579576831948048370e-03
2.4625542542542544489e+00,-2.7353834100496575085e-03
2.4925841841841842594e+00,-2.8137913411469110160e-03
2.5226141141141140700e+00,-2.8931685120251429862e-03
2.5526440440440443247e+00,-2.9735017939662030349e-03
2.5826739739739741353e+00,-3.0547777405354865042e-03
2.6127039039039039459e+00,-3.1369827300748256461e-03
2.6427338338338337564e+00,-3.2201029466919482182e-03
2.6727637637637640111e+00,-3.3041242874975096031e-03
2.7027936936936938217e+00,-3.3890325698633476381e-03
2.7328236236236236323e+00,-3.4748133033724493308e-03
2.7628535535535534429e+00,-3.5614519011212763221e-03
2.7928834834834836975e+00,-3.6489335734676106755e-03
2.8229134134134135081e+00,-3.7372433337255852627e-03
2.8529433433433433187e+00,-3.8263661256682395852e-03
2.8829732732732735734e+00,-3.9162866079666914729e-03
2.9130032032032033840e+00,-4.0069894615117306047e-03
2.9430331331331331945e+00,-4.0984590492678116616e-03
2.9730630630630630051e+00,-4.1906797889904442642e-03
3.0030929929929932598e+00,-4.2836357994574638178e-03
3.0331229229229230704e+00,-4.3773112484375275438e-03
3.0631528528528528810e+00,-4.4716900442868801058e-03
3.0931827827827826916e+00,-4.5667561311111054198e-03
3.1232127127127129462e+00,-4.6624932285329774573e-03
3.1532426426426427568e+00,-4.7588850902081673497e-03
3.1832725725725725674e+00,-4.8559152624166358747e-03
3.2133025025025023780e+00,-4.9535673441767642117e-03
3.2433324324324326327e+00,-5.0518247208488067587e-03
3.2733623623623624432e+00,-5.1506708723432709576e-03
3.3033922922922922538e+00,-5.2500890356613986315e-03
3.3334222222222220644e+00,-5.3500626030355876578e-03
3.3634521521521523191e+00,-5.4505746811291310924e-03
3.3934820820820821297e+00,-5.5516085945390937148e-03
3.4235120120120119402e+00,-5.6531473524916893425e-03
3.4535419419419421949e+00,-5.7551742093834238473e-03
3.4835718718718720055e+00,-5.8576721324278416617e-03
3.5136018018018018161e+00,-5.9606242825969999247e-03
3.5436317317317316267e+00,-6.0640136528492235082e-03
3.5736616616616618813e+00,-6.1678232846834133568e-03
3.6036915915915916919e+00,-6.2720362529214328598e-03
3.6337215215215215025e+00,-6.3766354801604620273e-03
3.6637514514514513131e+00,-6.4816041315866115835e-03
3.6937813813813815678e+00,-6.5869250783073037686e-03
3.7238113113113113783e+00,-6.6925814964705395566e-03
3.7538412412412411889e+00,-6.7985563457201927950e-03
3.7838711711711709995e+00,-6.9048327101777738635e-03
3.8139011011011012542e+00,-7.0113937452646116211e-03
3.8439310310310310648e+00,-7.1182224346827138728e-03
3.8739609609609608754e+00,-7.2253020859183812036e-03
3.9039908908908911300e+00,-7.3326157356752279942e-03
3.9340208208208209406e+00,-7.4401466608248851761e-03
3.9640507507507507512e+00,-7.5478781520739229513e-03
3.9940806806806805618e+00,-7.6557933851026009967e-03
4.0241106106106103724e+00,-7.7638758707722216323e-03
4.0541405405405397389e+00,-7.8721088703506657269e-03
4.0841704704704699935e+00,-7.9804758684215767323e-03
4.1142004004004002482e+00,-8.0889604533716883555e-03
4.1442303303303296147e+00,-8.1975460397256966899e-03
4.1742602602602598694e+00,-8.3062164042034467015e-03
4.2042901901901901240e+00,-8.4149551813381181370e-03
4.2343201201201194905e+00,-8.5237460731849637452e-03
4.2643500500500497452e+00,-8.6325730756829401058e-03
4.2943799799799791117e+00,-8.7414199513624682436e-03
4.3244099099099093664e+00,-8.8502707284012528677e-03
4.3544398398398396210e+00,-8.9591095731931420787e-03
4.3844697697697689875e+00,-9.0679204798710961316e-03
4.4144996996996992422e+00,-9.1766877916105785151e-03
4.4445296296296294969e+00,-9.2853958543689246730e-03
4.4745595595595588634e+00,-9.3940289532739029710e-03
4.5045894894894891181e+00,-9.5025717331448777275e-03
4.5346194194194193727e+00,-9.6110087591748764868e-03
4.5646493493493487392e+00,-9.7193246320601781735e-03
4.5946792792792789939e+00,-9.8275042960260152597e-03
4.6247092092092083604e+00,-9.9355325799674616000e-03
4.6547391391391386151e+00,-1.0043394408803535053e-02
4.6847690690690688697e+00,-1.0151075033816131174e-02
4.7147989989989982362e+00,-1.0258559587066196431e-02
4.7448289289289284909e+00,-1.0365833320787798746e-02
4.7748588588588587456e+00,-1.0472881805650570419e-02
4.8048887887887881121e+00,-1.0579690510870706083e-02
4.8349187187187183667e+00,-1.0686245018543465840e-02
4.8649486486486486214e+00,-1.0792531229683642938e-02
4.8949785785785779879e+00,-1.0898534982023592305e-02
4.9250085085085082426e+00,-1.1004242192067303918e-02
4.9550384384384376091e+00,-1.1109639096507285816e-02
4.9850683683683678638e+00,-1.1214711931471303338e-02
5.0150982982982981184e+00,-1.1319446956868163198e-02
5.0451282282282274849e+00,-1.1423830744297779061e-02
5.0751581581581577396e+00,-1.1527849952481862214e-02
5.1051880880880879943e+00,-1.1631491202202951310e-02
5.1352180180180173608e+00,-1.1734741397476914151e-02
5.1652479479479476154e+00,-1.1837587626728769685e-02
5.1952778778778769819e+00,-1.1940016903936544884e-02
5.2253078078078072366e+00,-1.2042016469423195632e-02
5.2553377377377374913e+00,-1.2143573816419311884e-02
5.2853676676676668578e+00,-1.2244676404335595732e-02
5.3153975975975971124e+00,-1.2345311820105668577e-02
5.3454275275275273671e+00,-1.2445467924111082783e-02
5.3754574574574567336e+00,-1.2545132660783320927e-02
5.4054873873873869883e+00,-1.2644293990353062604e-02
5.4355173173173172430e+00,-1.2742940121298097778e-02
5.4655472472472466094e+00,-1.2841059464859291839e-02
5.4955771771771768641e+00,-1.2938640414503706916e-02
5.5256071071071062306e+00,-1.3035671534655950132e-02
5.5556370370370364853e+00,-1.3132141632452409841e-02
5.5856669669669667400e+00,-1.3228039602381882686e-02
5.6156968968968961065e+00,-1.3323354389902328232e-02
5.6457268268268263611e+00,-1.3418075164360495494e-02
5.6757567567567566158e+00,-1.3512191294196467320e-02
5.7057866866866859823e+00,-1.3605692176939359825e-02
5.7358166166166162370e+00,-1.3698567354745500371e-02
5.7658465465465464916e+00,-1.3790806587155157031e-02
5.7958764764764758581e+00,-1.3882399777037148295e-02
5.8259064064064061128e+00,-1.3973336877576267995e-02
5.8559363363363354793e+00,-1.4063608026010549629e-02
5.8859662662662657340e+00,-1.4153203557527596623e-02
5.9159961961961959886e+00,-1.4242113913712552489e-02
5.9460261261261253551e+00,-1.4330329631570397700e-02
5.9760560560560556098e+00,-1.4417841433382242236e-02
6.0060859859859858645e+00,-1.4504640219747131150e-02
6.0361159159159152310e+00,-1.4590716989991940958e-02
6.0661458458458454857e+00,-1.4676062869420442025e-02
6.0961757757757748521e+00,-1.4760669157364951498e-02
6.1262057057057051068e+00,-1.4844527315965102762e-02
6.1562356356356353615e+00,-1.4927628917097264527e-02
6.1862655655655647280e+00,-1.5009965671103553050e-02
6.2162954954954949827e+00,-1.5091529448395573504e-02
6.2463254254254252373e+00,-1.5172312271716078755e-02
6.2763553553553546038e+00,-1.5252306292008835711e-02
6.3063852852852848585e+00,-1.5331503800482905453e-02
6.3364152152152151132e+00,-1.5409897234465688709e-02
6.3664451451451444797e+00,-1.5487479175338126139e-02
6.3964750750750747343e+00,-1.5564242352673129249e-02
6.4265050050050041008e+00,-1.5640179635488579007e-02
6.4565349349349343555e+00,-1.5715284025479368119e-02
6.4865648648648646102e+00,-1.5789548658324041586e-02
6.5165947947947939767e+00,-1.5862966835492486872e-02
6.5466247247247242314e+00,-1.5935532002024934556e-02
6.5766546546546544860e+00,-1.6007237722871804630e-02
6.6066845845845838525e+00,-1.6078077683393716263e-02
6.6367145145145141072e+00,-1.6148045742420690657e-02
6.6667444444444434737e+00,-1.6217135919462812021e-02
6.6967743743743737284e+00,-1.6285342342883795536e-02
6.7268043043043039830e+00,-1.6352659246662362702e-02
6.7568342342342333495e+00,-1.6419081024528530549e-02
6.7868641641641636042e+00,-1.6484602265072360872e-02
6.8168940940940938589e+00,-1.6549217661340407531e-02
6.8469240240240232254e+00,-1.6612921999482308660e-02
6.8769539539539534800e+00,-1.6675710188042498078e-02
6.9069838838838837347e+00,-1.6737577363829511667e-02
6.9370138138138131012e+00,-1.6798518786801597963e-02
6.9670437437437433559e+00,-1.6858529798642551967e-02
6.9970736736736727224e+00,-1.6917605827630979864e-02
7.0271036036036029770e+00,-1.6975742508741478026e-02
7.0571335335335332317e+00,-1.7032935667605695468e-02
7.0871634634634625982e+00,-1.7089181204821966842e-02
7.1171933933933928529e+00,-1.7144475090176643228e-02
7.1472233233233231076e+00,-1.7198813415218408562e-02
7.1772532532532524741e+00,-1.7252192536626388686e-02
7.2072831831831827287e+00,-1.7304608917939352103e-02
7.2373131131131129834e+00,-1.7356059081391685128e-02
7.2673430430430423499e+00,-1.7406539611131387202e-02
7.2973729729729726046e+00,-1.7456047295590141483e-02
7.3274029029029019711e+00,-1.7504579154865709811e-02
7.3574328328328322257e+00,-1.7552132268445264085e-02
7.3874627627627624804e+00,-1.7598703763303327058e-02
7.4174926926926918469e+00,-1.7644290838637055607e-02
7.4475226226226221016e+00,-1.7688890971242113292e-02
7.4775525525525523562e+00,-1.7732501801850847345e-02
7.5075824824824817227e+00,-1.7775121010091210483e-02
7.5376124124124119774e+00,-1.7816746312568718796e-02
7.5676423423423413439e+00,-1.7857375524068810901e-02
7.5976722722722715986e+00,-1.7897006773926325829e-02
7.6277022022022018533e+00,-1.7935638300021157499e-02
7.6577321321321312197e+00,-1.7973268367879137453e-02
7.6877620620620614744e+00,-1.8009895270175314136e-02
7.7177919919919917291e+00,-1.8045517423841056504e-02
7.7478219219219210956e+00,-1.8080133571810406284e-02
7.7778518518518513503e+00,-1.8113742534409945500e-02
7.8078817817817816049e+00,-1.8146343150114825626e-02
7.8379117117117109714e+00,-1.8177934275340222603e-02
7.8679416416416412261e+00,-1.8208514898464416010e-02
7.8979715715715705926e+00,-1.8238084343868005144e-02
7.9280015015015008473e+00,-1.8266642001871960521e-02
7.9580314314314311019e+00,-1.8294187271999832328e-02
7.9880613613613604684e+00,-1.8320719562820136916e-02
8.0180912912912898349e+00,-1.8346238394559913343e-02
8.0481212212212209778e+00,-1.8370743641130758000e-02
8.0781511511511503443e+00,-1.8394235251264327152e-02
8.1081810810810797108e+00,-1.8416713174451763285e-02
8.1382110110110108536e+00,-1.8438177360929744464e-02
8.1682409409409402201e+00,-1.8458627827689616518e-02
8.1982708708708695866e+00,-1.8478064953154522965e-02
8.2283008008008007295e+00,-1.8496489233420496112e-02
8.2583307307307300960e+00,-1.8513901157474428605e-02
8.2883606606606594625e+00,-1.8530301207216503395e-02
8.3183905905905906053e+00,-1.8545689882115162783e-02
8.3484205205205199718e+00,-1.8560067996140051927e-02
8.3784504504504493383e+00,-1.8573436577683254123e-02
8.4084803803803804811e+00,-1.8585796645167074193e-02
8.4385103103103098476e+00,-1.8597149202516882055e-02
8.4685402402402392141e+00,-1.8607495241388553181e-02
8.4985701701701703570e+00,-1.8616835936779724953e-02
8.5286001001000997235e+00,-1.8625172809231812371e-02
8.5586300300300290900e+00,-1.8632507396767535035e-02
8.5886599599599584565e+00,-1.8638841215899076137e-02
8.6186898898898895993e+00,-1.8644175762002768854e-02
8.6487198198198189658e+00,-1.8648512563222786886e-02
8.6787497497497483323e+00,-1.8651853518568427270e-02
8.7087796796796794752e+00,-1.8654200675065849696e-02
8.7388096096096088417e+00,-1.8655556052403873130e-02
8.7688395395395382081e+00,-1.8655921642604655908e-02
8.7988694694694693510e+00,-1.8655299411763640732e-02
8.8288993993993987175e+00,-1.8653691491570985328e-02
8.8589293293293280840e+00,-1.8651100380394285833e-02
8.8889592592592592268e+00,-1.8647528591552491040e-02
8.9189891891891885933e+00,-1.8642978604515504648e-02
8.9490191191191179598e+00,-1.8637452865472130259e-02
8.9790490490490491027e+00,-1.8630953805669200202e-02
9.0090789789789784692e+00,-1.8623484155339570245e-02
9.0391089089089078357e+00,-1.8615046901338885149e-02
9.0691388388388389785e+00,-1.8605645001079827716e-02
9.0991687687687683450e+00,-1.8595281372933761960e-02
9.1291986986986977115e+00,-1.8583958896872830591e-02
9.1592286286286288544e+00,-1.8571680462650643623e-02
9.1892585585585582209e+00,-1.8558449329583365239e-02
9.2192884884884875873e+00,-1.8544268921403535971e-02
9.2493184184184169538e+00,-1.8529142619020846916e-02
9.2793483483483480967e+00,-1.8513073759579664473e-02
9.3093782782782774632e+00,-1.8496065637164865042e-02
9.3394082082082068297e+00,-1.8478121572270751749e-02
9.3694381381381379725e+00,-1.8459245276554656773e-02
9.3994680680680673390e+00,-1.8439440582827325982e-02
9.4294979979979967055e+00,-1.8418711275456325221e-02
9.4595279279279278484e+00,-1.8397061090754250612e-02
9.4895578578578572149e+00,-1.8374493717739089071e-02
9.5195877877877865814e+00,-1.8351012863557794597e-02
9.5496177177177177242e+00,-1.8326622621976318417e-02
9.5796476476476470907e+00,-1.8301327213330657873e-02
9.6096775775775764572e+00,-1.8275130805754581653e-02
9.6397075075075076001e+00,-1.8248037515443005924e-02
9.6697374374374369665e+00,-1.8220051407458547066e-02
9.6997673673673663330e+00,-1.8191176534433743661e-02
9.7297972972972974759e+00,-1.8161417297598746873e-02
9.7598272272272268424e+00,-1.8130778282357401521e-02
9.7898571571571562089e+00,-1.8099264021076505449e-02
9.8198870870870855754e+00,-1.8066878990681659728e-02
9.8499170170170167182e+00,-1.8033627613502349607e-02
9.8799469469469460847e+00,-1.7999514267673349943e-02
9.9099768768768754512e+00,-1.7964543576550223714e-02
9.9400068068068065941e+00,-1.7928720456571126812e-02
9.9700367367367359606e+00,-1.7892049784790416828e-02
1.0000066666666665327e+01,-1.7854536379679809138e-02
1.0030096596596596470e+01,-1.7816185002005321264e-02
1.0060126526526525836e+01,-1.7777000355715794760e-02
1.0090156456456455203e+01,-1.7736987223292251942e-02
1.0120186386386386346e+01,-1.7696150775888274537e-02
1.0150216316316315712e+01,-1.7654496215533780484e-02
1.0180246246246245079e+01,-1.7612028682878394514e-02
1.0210276176176176222e+01,-1.7568753258094090691e-02
1.0240306106106105588e+01,-1.7524674961761993464e-02
1.0270336036036034955e+01,-1.7479798775482720957e-02
1.0300365965965966097e+01,-1.7434129966573560372e-02
1.0330395895895895464e+01,-1.7387674032653160222e-02
1.0360425825825824830e+01,-1.7340436416860893765e-02
1.0390455755755754197e+01,-1.7292422499410285697e-02
1.0420485685685685340e+01,-1.7243637598495703545e-02
1.0450515615615614706e+01,-1.7194086971183422663e-02
1.0480545545545544073e+01,-1.7143775903779866904e-02
1.0510575475475475216e+01,-1.7092710055360463284e-02
1.0540605405405404582e+01,-1.7040895151394556961e-02
1.0570635335335333949e+01,-1.6988336852318812464e-02
1.0600665265265265091e+01,-1.6935040754429579735e-02
1.0630695195195194458e+01,-1.6881012390788836114e-02
1.0660725125125123824e+01,-1.6826257232746621301e-02
1.0690755055055054967e+01,-1.6770780863558428647e-02
1.0720784984984984334e+01,-1.6714589211274336750e-02
1.0750814914914913700e+01,-1.6657688196174271628e-02
1.0780844844844844843e+01,-1.6600083672574646870e-02
1.0810874774774774210e+01,-1.6541781429744512738e-02
1.0840904704704703576e+01,-1.6482787192806495208e-02
1.0870934634634634719e+01,-1.6423106626290085580e-02
1.0900964564564564085e+01,-1.6362745547440795540e-02
1.0930994494494493452e+01,-1.6301710078612863253e-02
1.0961024424424422818e+01,-1.6240006311396642386e-02
1.0991054354354353961e+01,-1.6177640270808323758e-02
1.1021084284284283328e+01,-1.6114617916196945918e-02
1.1051114214214212694e+01,-1.6050945142136611998e-02
1.1081144144144143837e+01,-1.5986627781403476428e-02
1.1111174074074073204e+01,-1.5921671804233792497e-02
1.1141204004004002570e+01,-1.5856083479351922721e-02
1.1171233933933933713e+01,-1.5789869046309398803e-02
1.1201263863863863079e+01,-1.5723034677746310778e-02
1.1231293793793792446e+01,-1.5655586480285754725e-02
1.1261323723723723589e+01,-1.5587530495414104320e-02
1.1291353653653652955e+01,-1.5518872700511103513e-02
1.1321383583583582322e+01,-1.5449619144990383787e-02
1.1351413513513513465e+01,-1.5379776194104771703e-02
1.1381443443443442831e+01,-1.5309350212025020152e-02
1.1411473373373372198e+01,-1.5238347495931175643e-02
1.1441503303303303340e+01,-1.5166774276891743095e-02
1.1471533233233232707e+01,-1.5094636720729019685e-02
1.1501563163163162073e+01,-1.5021940928870831933e-02
1.1531593093093093216e+01,-1.4948692991302990618e-02
1.1561623023023022583e+01,-1.4874899290455399770e-02
1.1591652952952951949e+01,-1.4800566291180877396e-02
1.1621682882882881316e+01,-1.4725700392015074469e-02
1.1651712812812812459e+01,-1.4650307925529890141e-02
1.1681742742742741825e+01,-1.4574395159181390697e-02
1.1711772672672671192e+01,-1.4497968296144565434e-02
1.1741802602602602335e+01,-1.4421033481305862989e-02
1.1771832532532531701e+01,-1.4343597012610505986e-02
1.1801862462462461068e+01,-1.4265665412616840291e-02
1.1831892392392392210e+01,-1.4187245157857016759e-02
1.1861922322322321577e+01,-1.4108342659278612016e-02
1.1891952252252250943e+01,-1.4028964263072679630e-02
1.1921982182182182086e+01,-1.3949116251489352900e-02
1.1952012112112111453e+01,-1.3868804843641101623e-02
1.1982042042042040819e+01,-1.3788036240288657069e-02
1.2012071971971971962e+01,-1.3706816897221923632e-02
1.2042101901901901329e+01,-1.3625153344776767123e-02
1.2072131831831830695e+01,-1.3543052048907225360e-02
1.2102161761761761838e+01,-1.3460519411389645222e-02
1.2132191691691691204e+01,-1.3377561770616991713e-02
1.2162221621621620571e+01,-1.3294185402381324471e-02
1.2192251551551549937e+01,-1.3210396520683957006e-02
1.2222281481481481080e+01,-1.3126201376860891987e-02
1.2252311411411410447e+01,-1.3041606470914939714e-02
1.2282341341341339813e+01,-1.2956618300156605775e-02
1.2312371271271270956e+01,-1.2871243298508514008e-02
1.2342401201201200323e+01,-1.2785487837276555273e-02
1.2372431131131129689e+01,-1.2699358225909772660e-02
1.2402461061061060832e+01,-1.2612860712749234676e-02
1.2432490990990990198e+01,-1.2526001486363990897e-02
1.2462520920920919565e+01,-1.2438786799637620295e-02
1.2492550850850850708e+01,-1.2351223120032051722e-02
1.2522580780780780074e+01,-1.2263316889864987053e-02
1.2552610710710709441e+01,-1.2175074489805643232e-02
1.2582640640640640584e+01,-1.2086502239610410342e-02
1.2612670570570569950e+01,-1.1997606398848007642e-02
1.2642700500500499317e+01,-1.1908393167614281585e-02
1.2672730430430430459e+01,-1.1818868687572486528e-02
1.2702760360360359826e+01,-1.1729039148593356501e-02
1.2732790290290289192e+01,-1.1638910938937617467e-02
1.2762820220220218559e+01,-1.1548490424761337012e-02
1.2792850150150149702e+01,-1.1457783912444960764e-02
1.2822880080080079068e+01,-1.1366797649293226488e-02
1.2852910010010008435e+01,-1.1275537824225296060e-02
1.2882939939939939578e+01,-1.1184010568455230242e-02
1.2912969869869868944e+01,-1.1092221956163009211e-02
1.2942999799799798311e+01,-1.1000178063384370014e-02
1.2973029729729729453e+01,-1.0907885153353920685e-02
1.3003059659659658820e+01,-1.0815349495066947649e-02
1.3033089589589588186e+01,-1.0722577299740618240e-02
1.3063119519519519329e+01,-1.0629574721477914878e-02
1.3093149449449448696e+01,-1.0536347857922588600e-02
1.3123179379379378062e+01,-1.0442902750905142320e-02
1.3153209309309309205e+01,-1.0349245387079953132e-02
1.3183239239239238572e+01,-1.0255381712871772942e-02
1.3213269169169167938e+01,-1.0161317804477886656e-02
1.3243299099099099081e+01,-1.0067059810311886764e-02
1.3273329029029028447e+01,-9.9726138257058699610e-03
1.3303358958958957814e+01,-9.8779858909554766472e-03
1.3333388888888887180e+01,-9.7831819919396677265e-03
1.3363418818818818323e+01,-9.6882080607321539173e-03
1.3393448748748747690e+01,-9.5930699762046094115e-03
1.3423478678678677056e+01,-9.4977735647328986185e-03
1.3453508608608608199e+01,-9.4023246704124877754e-03
1.3483538538538537566e+01,-9.3067292737571295086e-03
1.3513568468468466932e+01,-9.2109933336526443604e-03
1.3543598398398398075e+01,-9.1151227561348090872e-03
1.3573628328328327441e+01,-9.0191233949740087783e-03
1.3603658258258256808e+01,-8.9230010522520549626e-03
1.3633688188188187951e+01,-8.8267614789314819551e-03
1.3663718118118117317e+01,-8.7304103754172971558e-03
1.3693748048048046684e+01,-8.6339533961831225334e-03
1.3723777977977977827e+01,-8.5373962601797432487e-03
1.3753807907907907193e+01,-8.4407447628245431404e-03
1.3783837837837836560e+01,-8.3440046556177739634e-03
1.3813867767767767702e+01,-8.2471816400470042419e-03
1.3843897697697697069e+01,-8.1502813681295672998e-03
1.3873927627627626435e+01,-8.0533094429479212123e-03
1.3903957557557555802e+01,-7.9562714191781149647e-03
1.3933987487487486945e+01,-7.8591728036113972511e-03
1.3964017417417416311e+01,-7.7620190640582311520e-03
1.3994047347347345678e+01,-7.6648157377913724367e-03
1.4024077277277276821e+01,-7.5675683997487863675e-03
1.4054107207207206187e+01,-7.4702825791690139270e-03
1.4084137137137135554e+01,-7.3729637581332338817e-03
1.4114167067067066696e+01,-7.2756173720669474123e-03
1.4144196996996996063e+01,-7.1782488102352676879e-03
1.4174226926926925429e+01,-7.0808634162318768307e-03
1.4204256856856856572e+01,-6.9834664884618254804e-03
1.4234286786786785939e+01,-6.8860632870515426848e-03
1.4264316716716715305e+01,-6.7886591214503461469e-03
1.4294346646646646448e+01,-6.6912593271812046206e-03
1.4324376576576575815e+01,-6.5938691967704190014e-03
1.4354406506506505181e+01,-6.4964939784556583954e-03
1.4384436436436436324e+01,-6.3991388766482821399e-03
1.4414466366366365691e+01,-6.3018090523898652455e-03
1.4444496296296295057e+01,-6.2045096238030044561e-03
1.4474526226226226200e+01,-6.1072456665365402323e-03
1.4504556156156155566e+01,-6.0100222158493117955e-03
1.4534586086086084933e+01,-5.9128443224253143112e-03
1.4564616016016014299e+01,-5.8157170655635109791e-03
1.4594645945945945442e+01,-5.7186454870935161943e-03
1.4624675875875874809e+01,-5.6216345874339117630e-03
1.4654705805805804175e+01,-5.5246893260165047534e-03
1.4684735735735735318e+01,-5.4278146217054306158e-03
1.4714765665665664685e+01,-5.3310153532111232560e-03
1.4744795595595594051e+01,-5.2342963594991659404e-03
1.4774825525525525194e+01,-5.1376624401967205258e-03
1.4804855455455454560e+01,-5.0411183744534472304e-03
1.4834885385385383927e+01,-4.9446689654435594524e-03
1.4864915315315315070e+01,-4.8483189908340969601e-03
1.4894945245245244436e+01,-4.7520731897627973769e-03
1.4924975175175173803e+01,-4.6559362632256897849e-03
1.4955005105105104946e+01,-4.5599128744600453400e-03
1.4985035035035034312e+01,-4.4640076493227456161e-03
1.5015064964964963679e+01,-4.3682251766640426555e-03
1.5045094894894894821e+01,-4.2725700086969128216e-03
1.5075124824824824188e+01,-4.1770466625885988021e-03
1.5105154754754753554e+01,-4.0816596468627452943e-03
1.5135184684684682921e+01,-3.9864134610068553688e-03
1.5165214614614614064e+01,-3.8913125699930198667e-03
1.5195244544544543430e+01,-3.7963614034973564536e-03
1.5225274474474472797e+01,-3.7015643562480580325e-03
1.5255304404404403940e+01,-3.6069257883693923127e-03
1.5285334334334333306e+01,-3.5124500257216208741e-03
1.5315364264264262673e+01,-3.4181413602368997465e-03
1.5345394194194193815e+01,-3.3240040502512655830e-03
1.5375424124124123182e+01,-3.2300423223210151732e-03
1.5405454054054052548e+01,-3.1362603819763039750e-03
1.5435483983983983691e+01,-3.0426624077515848979e-03
1.5465513913913913058e+01,-2.9492525457635149731e-03
1.5495543843843842424e+01,-2.8560349099885024363e-03
1.5525573773773773567e+01,-2.7630135825735548626e-03
1.5555603703703702934e+01,-2.6701926141435312206e-03
1.5585633633633632300e+01,-2.5775760241047826656e-03
1.5615663563563563443e+01,-2.4851678009453486047e-03
1.5645693493493492809e+01,-2.3929719025316924241e-03
1.5675723423423422176e+01,-2.3009922546586470023e-03
1.5705753353353351542e+01,-2.2092327422199770949e-03
1.5735783283283282685e+01,-2.1176972162679570839e-03
1.5765813213213212052e+01,-2.0263894985048484798e-03
1.5795843143143141418e+01,-1.9353133815707048576e-03
1.5825873073073072561e+01,-1.8444726293191208988e-03
1.5855903003003001928e+01,-1.7538709770898450527e-03
1.5885932932932931294e+01,-1.6635121319782519150e-03
1.5915962862862862437e+01,-1.5733997731018139685e-03
1.5945992792792791803e+01,-1.4835375518635601083e-03
1.5976022722722721170e+01,-1.3939290887456312010e-03
1.6006052652652652313e+01,-1.3045779458298479431e-03
1.6036082582582579903e+01,-1.2154876419831601130e-03
1.6066112512512511046e+01,-1.1266616696119250915e-03
1.6096142442442442189e+01,-1.0381034950599568600e-03
1.6126172372372369779e+01,-9.4981655885116589300e-04
1.6156202302302300922e+01,-8.6180427592948464187e-04
1.6186232232232232064e+01,-7.7407003589622226745e-04
1.6216262162162159655e+01,-6.8661720324468479733e-04
1.6246292092092090797e+01,-5.9944911759219439082e-04
1.6276322022022021940e+01,-5.1256909279688534723e-04
1.6306351951951949530e+01,-4.2598038171085759454e-04
1.6336381881881880673e+01,-3.3968616930400648323e-04
1.6366411811811811816e+01,-2.5368961456321030210e-04
1.6396441741741739406e+01,-1.6799385333272711415e-04
1.6426471671671670549e+01,-8.2601998525704914433e-05
1.6456501601601601692e+01,2.4828596665338336134e-06
1.6486531531531529282e+01,8.7257653567585029123e-05
1.6516561461461460425e+01,1.7171933781131380726e-04
1.6546591391391391568e+01,2.5586488913934257164e-04
1.6576621321321319158e+01,3.3969130620083084213e-04
1.6606651251251250301e+01,4.2319562429032317507e-04
1.6636681181181181444e+01,5.0637497624847276848e-04
1.6666711111111109034e+01,5.8922653977967764678e-04
1.6696741041041040177e+01,6.7174751290275498076e-04
1.6726770970970971320e+01,7.5393511375831977813e-04
1.6756800900900898910e+01,8.3578658042851258249e-04
1.6786830830830830052e+01,9.1729917075866100953e-04
1.6816860760760761195e+01,9.9847016218076707975e-04
1.6846890690690688785e+01,1.0792968515389658474e-03
1.6876920620620619928e+01,1.1597765549168528691e-03
1.6906950550550551071e+01,1.2399066076733658744e-03
1.6936980480480478661e+01,1.3196844053177574432e-03
1.6967010410410409804e+01,1.3991074524718585034e-03
1.6997040340340340947e+01,1.4781732834557184762e-03
1.7027070270270268537e+01,1.5568794499838530757e-03
1.7057100200200199680e+01,1.6352235210121523600e-03
1.7087130130130130823e+01,1.7132030825863183744e-03
1.7117160060060058413e+01,1.7908157376919850434e-03
1.7147189989989989556e+01,1.8680591061064103723e-03
1.7177219919919917146e+01,1.9449308242516340564e-03
1.7207249849849848289e+01,2.0214285450493047619e-03
1.7237279779779779432e+01,2.0975499384215169109e-03
1.7267309709709707022e+01,2.1732927480737737787e-03
1.7297339639639638165e+01,2.2486548354933256696e-03
1.7327369569569569308e+01,2.3236340874796244417e-03
1.7357399499499496898e+01,2.3982284054562550205e-03
1.7387429429429428041e+01,2.4724357053446917656e-03
1.7417459359359359183e+01,2.5462539174392478936e-03
1.7447489289289286774e+01,2.6196809862834235204e-03
1.7477519219219217916e+01,2.6927148705475131146e-03
1.7507549149149149059e+01,2.7653535429073951638e-03
1.7537579079079076649e+01,2.8375949899246528073e-03
1.7567609009009007792e+01,2.9094372120348566471e-03
1.7597638938938938935e+01,2.9808782722095272279e-03
1.7627668868868866525e+01,3.0519163725935063991e-03
1.7657698798798797668e+01,3.1225497475802299965e-03
1.7687728728728728811e+01,3.1927766435535819868e-03
1.7717758658658656401e+01,3.2625953187863003871e-03
1.7747788588588587544e+01,3.3320040433394214167e-03
1.7777818518518518687e+01,3.4010010989626669048e-03
1.7807848448448446277e+01,3.4695847789959172007e-03
1.7837878378378377420e+01,3.5377533882716711428e-03
1.7867908308308308563e+01,3.6055052430184245625e-03
1.7897938238238236153e+01,3.6728386707650891897e-03
1.7927968168168167296e+01,3.7397520286569208535e-03
1.7957998098098098438e+01,3.8062438213318020019e-03
1.7988028028028026029e+01,3.8723126247535931931e-03
1.8018057957957957171e+01,3.9379570246741877823e-03
1.8048087887887888314e+01,4.0031756162580379652e-03
1.8078117817817815904e+01,4.0679670040039981119e-03
1.8108147747747747047e+01,4.1323298016679530648e-03
1.8138177677677678190e+01,4.1962626321861342532e-03
1.8168207607607605780e+01,4.2597641275992810528e-03
1.8198237537537536923e+01,4.3228329289775385344e-03
1.8228267467467468066e+01,4.3854676863460352251e-03
1.8258297397397395656e+01,4.4476670590782689529e-03
1.8288327327327326799e+01,4.5094297862467826524e-03
1.8318357257257257942e+01,4.5707547612084354835e-03
1.8348387187187185532e+01,4.6316409025707813707e-03
1.8378417117117116675e+01,4.6920871360092838639e-03
1.8408447047047044265e+01,4.7520923942096105624e-03
1.8438476976976975408e+01,4.8116556168106092845e-03
1.8468506906906906551e+01,4.8707757503477274591e-03
1.8498536836836834141e+01,4.9294517481970577533e-03
1.8528566766766765284e+01,4.9876825705199153912e-03
1.8558596696696696426e+01,5.0454671842079081359e-03
1.8588626626626624017e+01,5.1028045628285917390e-03
1.8618656556556555159e+01,5.1596936899864723897e-03
1.8648686486486486302e+01,5.2161336656514883242e-03
1.8678716416416413892e+01,5.2721237261233039328e-03
1.8708746346346345035e+01,5.3276631202164139237e-03
1.8738776276276276178e+01,5.3827511015605584294e-03
1.8768806206206203768e+01,5.4373869285622225545e-03
1.8798836136136134911e+01,5.4915698643665002143e-03
1.8828866066066066054e+01,5.5452991768192728267e-03
1.8858895995995993644e+01,5.5985741384297956630e-03
1.8888925925925924787e+01,5.6513940263336554307e-03
1.8918955855855855930e+01,5.7037581222560071459e-03
1.8948985785785783520e+01,5.7556657124752308094e-03
1.8979015715715714663e+01,5.8071160908194979430e-03
1.9009045645645645806e+01,5.8581086669968612801e-03
1.9039075575575573396e+01,5.9086429954163851436e-03
1.9069105505505504539e+01,5.9587186423545246070e-03
1.9099135435435435681e+01,6.0083351768155249598e-03
1.9129165365365363272e+01,6.0574921705100316996e-03
1.9159195295295294414e+01,6.1061891978338861398e-03
1.9189225225225225557e+01,6.1544258358470901524e-03
1.9219255155155153147e+01,6.2022016642530103034e-03
1.9249285085085084290e+01,6.2495162653777667355e-03
1.9279315015015015433e+01,6.2963692241497816460e-03
1.9309344944944943023e+01,6.3427601280795602168e-03
1.9339374874874874166e+01,6.3886885674017289058e-03
1.9369404804804805309e+01,6.4341542043654031610e-03
1.9399434734734732899e+01,6.4791568804777625520e-03
1.9429464664664664042e+01,6.5236964660615442274e-03
1.9459494594594595185e+01,6.5677728322399500649e-03
1.9489524524524522775e+01,6.6113858509304823316e-03
1.9519554454454453918e+01,6.6545353948388548046e-03
1.9549584384384381508e+01,6.6972213374529056262e-03
1.9579614314314312651e+01,6.7394435530366385290e-03
1.9609644244244243794e+01,6.7812019166242371720e-03
1.9639674174174171384e+01,6.8224963040142026435e-03
1.9669704104104102527e+01,6.8633265917635343303e-03
1.9699734034034033670e+01,6.9036926571819021148e-03
1.9729763963963961260e+01,6.9435943916903502746e-03
1.9759793893893892403e+01,6.9830318479029984680e-03
1.9789823823823823545e+01,7.0220051841502718545e-03
1.9819853753753751135e+01,7.0605145596891070656e-03
1.9849883683683682278e+01,7.0985601328127211768e-03
1.9879913613613613421e+01,7.1361420608578767302e-03
1.9909943543543541011e+01,7.1732605002120860410e-03
1.9939973473473472154e+01,7.2099156063207998912e-03
1.9970003403403403297e+01,7.2461075336944418337e-03
2.0000033333333330887e+01,7.2818364359154485674e-03
2.0030063263263262030e+01,7.3171024656452487295e-03
2.0060093193193193173e+01,7.3519057746311141863e-03
2.0090123123123120763e+01,7.3862465137130165274e-03
2.0120153053053051906e+01,7.4201248699887010357e-03
2.0150182982982983049e+01,7.4535412183910363174e-03
2.0180212912912910639e+01,7.4864959915290421599e-03
2.0210242842842841782e+01,7.5189896194650523986e-03
2.0240272772772772925e+01,7.5510225297091117594e-03
2.0270302702702700515e+01,7.5825951472378774060e-03
2.0300332632632631658e+01,7.6137078945133739027e-03
2.0330362562562562800e+01,7.6443611915015538885e-03
2.0360392492492490391e+01,7.6745554556906991558e-03
2.0390422422422421533e+01,7.7042911021096846871e-03
2.0420452352352352676e+01,7.7335685433460431976e-03
2.0450482282282280266e+01,7.7623881895638987063e-03
2.0480512212212211409e+01,7.7907504485217344420e-03
2.0510542142142142552e+01,7.8186557648138779036e-03
2.0540572072072070142e+01,7.8461047708445110643e-03
2.0570602002002001285e+01,7.8730981530206432806e-03
2.0600631931931932428e+01,7.8996365937599559437e-03
2.0630661861861860018e+01,7.9257207715068226511e-03
2.0660691791791791161e+01,7.9513513607612096995e-03
2.0690721721721722304e+01,7.9765290321072677970e-03
2.0720751651651649894e+01,8.0012544522417208132e-03
2.0750781581581581037e+01,8.0255282840020151364e-03
2.0780811511511508627e+01,8.0493511863941585166e-03
2.0810841441441439770e+01,8.0727238146204149255e-03
2.0840871371371370913e+01,8.0956468201066663498e-03
2.0870901301301298503e+01,8.1181208505296063166e-03
2.0900931231231229646e+01,8.1401465661063640566e-03
2.0930961161161160788e+01,8.1617247918010470131e-03
2.0960991091091088379e+01,8.1828564475393480993e-03
2.0991021021021019521e+01,8.2035424492851172218e-03
2.1021050950950950664e+01,8.2237837077681532477e-03
2.1051080880880878254e+01,8.2435811285215179062e-03
2.1081110810810809397e+01,8.2629356119185894819e-03
2.1111140740740740540e+01,8.2818480532097105834e-03
2.1141170670670668130e+01,8.3003193425586156012e-03
2.1171200600600599273e+01,8.3183503650784817313e-03
2.1201230530530530416e+01,8.3359420008677024422e-03
2.1231260460460458006e+01,8.3530951250453608359e-03
2.1261290390390389149e+01,8.3698106077863820840e-03
2.1291320320320320292e+01,8.3860893147614523624e-03
2.1321350250250247882e+01,8.4019321873170429299e-03
2.1351380180180179025e+01,8.4173403384913900172e-03
2.1381410110110110168e+01,8.4323148986039826724e-03
2.1411440040040037758e+01,8.4468569916331497083e-03
2.1441469969969968901e+01,8.4609677352604408668e-03
2.1471499899899900043e+01,8.4746482409146801223e-03
2.1501529829829827634e+01,8.4878996138156095896e-03
2.1531559759759758776e+01,8.5007229530172125076e-03
2.1561589689689689919e+01,8.5131193514506285636e-03
2.1591619619619617509e+01,8.5250898959667430893e-03
2.1621649549549548652e+01,8.5366356673784084957e-03
2.1651679479479479795e+01,8.5477577405023170282e-03
2.1681709409409407385e+01,8.5584571842005265768e-03
2.1711739339339338528e+01,8.5687350655890021783e-03
2.1741769269269269671e+01,8.5785925687247716054e-03
2.1771799199199197261e+01,8.5880310110484064240e-03
2.1801829129129128404e+01,8.5970517103557859973e-03
2.1831859059059059547e+01,8.6056559771922145480e-03
2.1861888988988987137e+01,8.6138451149022302739e-03
2.1891918918918918280e+01,8.6216204196790050679e-03
2.1921948848848845870e+01,8.6289831806133001496e-03
2.1951978778778777013e+01,8.6359346797420764863e-03
2.1982008708708708156e+01,8.6424761920966455125e-03
2.2012038638638635746e+01,8.6486089857504833134e-03
2.2042068568568566889e+01,8.6543343218666059224e-03
2.2072098498498498031e+01,8.6596534547445924712e-03
2.2102128428428425622e+01,8.6645676318672076172e-03
2.2132158358358356764e+01,8.6690780974009260668e-03
2.2162188288288287907e+01,8.6731862035394208243e-03
2.2192218218218215497e+01,8.6768934337513991401e-03
2.2222248148148146640e+01,8.6802012717706270722e-03
2.2252278078078077783e+01,8.6831111933215535115e-03
2.2282308008008005373e+01,8.6856246661732652847e-03
2.2312337937937936516e+01,8.6877431501930450081e-03
2.2342367867867867659e+01,8.6894680973994466860e-03
2.2372397797797795249e+01,8.6908009520150018151e-03
2.2402427727727726392e+01,8.6917431505184449686e-03
2.2432457657657657535e+01,8.6922961216965629466e-03
2.2462487587587585125e+01,8.6924612866955998369e-03
2.2492517517517516268e+01,8.6922400590722734975e-03
2.2522547447447447411e+01,8.6916338448443635628e-03
2.2552577377377375001e+01,8.6906440426401804222e-03
2.2582607307307306144e+01,8.6892721047148683416e-03
2.2612637237237237287e+01,8.6875196403110119953e-03
2.2642667167167164877e+01,8.6853882776258568149e-03
2.2672697097097096020e+01,8.6828796362304651313e-03
2.2702727027027027162e+01,8.6799953271267868415e-03
2.2732756956956954753e+01,8.6767369528042478238e-03
2.2762786886886885895e+01,8.6731061072958959973e-03
2.2792816816816817038e+01,8.6691043762341206402e-03
2.2822846746746744628e+01,8.6647333369059137409e-03
2.2852876676676675771e+01,8.6599945583077046068e-03
2.2882906606606606914e+01,8.6548896011997469152e-03
2.2912936536536534504e+01,8.6494200181601119809e-03
2.2942966466466465647e+01,8.6435873536382153842e-03
2.2972996396396396790e+01,8.6373931440079671634e-03
2.3003026326326324380e+01,8.6308389246823827984e-03
2.3033056256256255523e+01,8.6239263467833872367e-03
2.3063086186186186666e+01,8.6166571581860786078e-03
2.3093116116116114256e+01,8.6090331010435731246e-03
2.3123146046046045399e+01,8.6010559084588565637e-03
2.3153175975975972989e+01,8.5927273045435202670e-03
2.3183205905905904132e+01,8.5840490044759593796e-03
2.3213235835835835275e+01,8.5750227145591790406e-03
2.3243265765765762865e+01,8.5656501322781113811e-03
2.3273295695695694008e+01,8.5559329463565161888e-03
2.3303325625625625150e+01,8.5458728368134340148e-03
2.3333355555555552741e+01,8.5354714750191865158e-03
2.3363385485485483883e+01,8.5247305237509760772e-03
2.3393415415415415026e+01,8.5136516372480292025e-03
2.3423445345345342616e+01,8.5022364612663287736e-03
2.3453475275275273759e+01,8.4904866463002149485e-03
2.3483505205205204902e+01,8.4784039671599569638e-03
2.3513535135135132492e+01,8.4659902664662081001e-03
2.3543565065065063635e+01,8.4532473783801211770e-03
2.3573594994994994778e+01,8.4401771277168424062e-03
2.3603624924924922368e+01,8.4267813300049759784e-03
2.3633654854854853511e+01,8.4130617915455611910e-03
2.3663684784784784654e+01,8.3990203094706453874e-03
2.3693714714714712244e+01,8.3846586718013763756e-03
2.3723744644644643387e+01,8.3699786575056646376e-03
2.3753774574574574530e+01,8.3549820365554118562e-03
2.3783804504504502120e+01,8.3396705699833179048e-03
2.3813834434434433263e+01,8.3240460099392159926e-03
2.3843864364364364405e+01,8.3081100997460313740e-03
2.3873894294294291996e+01,8.2918645739552959695e-03
2.3903924224224223138e+01,8.2753111645672387808e-03
2.3933954154154154281e+01,8.2584517017702183117e-03
2.3963984084084081871e+01,8.2412880970054204488e-03
2.3994014014014013014e+01,8.2238222549986649684e-03
2.4024043943943944157e+01,8.2060560709521935402e-03
2.4054073873873871747e+01,8.1879914306040978839e-03
2.4084103803803802890e+01,8.1696302102873350620e-03
2.4114133733733734033e+01,8.1509742769882900099e-03
2.4144163663663661623e+01,8.1320254884048870370e-03
2.4174193593593592766e+01,8.1127856930042919342e-03
2.4204223523523523909e+01,8.0932567300801873389e-03
2.4234253453453451499e+01,8.0734404298095866631e-03
2.4264283383383382642e+01,8.0533386133092542403e-03
2.4294313313313310232e+01,8.0329530926917126071e-03
2.4324343243243241375e+01,8.0122856711208161051e-03
2.4354373173173172518e+01,7.9913381429307459719e-03
2.4384403103103100108e+01,7.9701123381150963676e-03
2.4414433033033031251e+01,7.9486101998203356755e-03
2.4444462962962962393e+01,7.9268336824228798065e-03
2.4474492892892889984e+01,7.9047847307071351930e-03
2.4504522822822821126e+01,7.8824652799242937717e-03
2.4534552752752752269e+01,7.8598772558506769387e-03
2.4564582682682679859e+01,7.8370225748456475573e-03
2.4594612612612611002e+01,7.8139031439090865516e-03
2.4624642542542542145e+01,7.7905208607384826558e-03
2.4654672472472469735e+01,7.7668776137855806765e-03
2.4684702402402400878e+01,7.7429752823126012790e-03
2.4714732332332332021e+01,7.7188157364481051539e-03
2.4744762262262259611e+01,7.6944008372423801367e-03
2.4774792192192190754e+01,7.6697324367224796460e-03
2.4804822122122121897e+01,7.6448123779468439218e-03
2.4834852052052049487e+01,7.6196424967248359977e-03
2.4864881981981980630e+01,7.5942246884569348034e-03
2.4894911911911911773e+01,7.5685609304820119711e-03
2.4924941841841839363e+01,7.5426531969220349597e-03
2.4954971771771770506e+01,7.5165034523965975136e-03
2.4985001701701701649e+01,7.4901136520800605870e-03
2.5015031631631629239e+01,7.4634857417582292291e-03
2.5045061561561560382e+01,7.4366216578846261465e-03
2.5075091491491491524e+01,7.4095233276364061772e-03
2.5105121421421419114e+01,7.3821926689698058599e-03
2.5135151351351350257e+01,7.3546315906752391181e-03
2.5165181281281281400e+01,7.3268419924319844183e-03
2.5195211211211208990e+01,7.2988257648624876861e-03
2.5225241141141140133e+01,7.2705847895862575625e-03
2.5255271071071071276e+01,7.2421209392734085114e-03
2.5285301001000998866e+01,7.2134360776977945323e-03
2.5315330930930930009e+01,7.1845320608288007480e-03
2.5345360860860861152e+01,7.1554107917136755904e-03
2.5375390790790788742e+01,7.1260742474079340203e-03
2.5405420720720719885e+01,7.0965244023602118764e-03
2.5435450650650647475e+01,7.0667632216947573812e-03
2.5465480580580578618e+01,7.0367926612663863131e-03
2.5495510510510509761e+01,7.0066146677151032451e-03
2.5525540440440437351e+01,6.9762311785202882342e-03
2.5555570370370368494e+01,6.9456441220545114129e-03
2.5585600300300299637e+01,6.9148554176369902285e-03
2.5615630230230227227e+01,6.8838669755866624400e-03
2.5645660160160158370e+01,6.8526806972748497207e-03
2.5675690090090089512e+01,6.8212984751776246234e-03
2.5705720020020017103e+01,6.7897221929277421296e-03
2.5735749949949948245e+01,6.7579537253662320603e-03
2.5765779879879879388e+01,6.7259949385936445426e-03
2.5795809809809806978e+01,6.6938476900209303161e-03
2.5825839739739738121e+01,6.6615138490499466520e-03
2.5855869669669669264e+01,6.6289953598780209862e-03
2.5885899599599596854e+01,6.5962941787936386906e-03
2.5915929529529527997e+01,6.5634122530179193553e-03
2.5945959459459459140e+01,6.5303515207571181944e-03
2.5975989389389386730e+01,6.4971139112547241293e-03
2.6006019319319317873e+01,6.4637013448431875073e-03
2.6036049249249249016e+01,6.4301157329953433778e-03
2.6066079179179176606e+01,6.3963589783754331783e-03
2.6096109109109107749e+01,6.3624329748897629974e-03
2.6126139039039038892e+01,6.3283396077370756075e-03
2.6156168968968966482e+01,6.2940807534585174396e-03
2.6186198898898897625e+01,6.2596582799872664202e-03
2.6216228828828828767e+01,6.2250740466978588331e-03
2.6246258758758756358e+01,6.1903299044551440833e-03
2.6276288688688687500e+01,6.1554276956628907816e-03
2.6306318618618618643e+01,6.1203692549073708887e-03
2.6336348548548546233e+01,6.0851564462075157999e-03
2.6366378478478477376e+01,6.0497911848682132951e-03
2.6396408408408408519e+01,6.0142753827642113015e-03
2.6426438338338336109e+01,5.9786109430799445202e-03
2.6456468268268267252e+01,5.9427997603588517475e-03
2.6486498198198198395e+01,5.9068437205523835476e-03
2.6516528128128125985e+01,5.8707447010686421643e-03
2.6546558058058057128e+01,5.8345045708206866308e-03
2.6576587987987988271e+01,5.7981251902745577220e-03
2.6606617917917915861e+01,5.7616084114969334101e-03
2.6636647847847847004e+01,5.7249560782024633970e-03
2.6666677777777774594e+01,5.6881700258008191518e-03
2.6696707707707705737e+01,5.6512520814433822580e-03
2.6726737637637636880e+01,5.6142040640696500020e-03
2.6756767567567564470e+01,5.5770277844533321793e-03
2.6786797497497495613e+01,5.5397250452480801403e-03
2.6816827427427426755e+01,5.5022976415298879838e-03
2.6846857357357354346e+01,5.4647473905112238859e-03
2.6876887287287285488e+01,5.4270761482156943539e-03
2.6906917217217216631e+01,5.3892857664401541337e-03
2.6936947147147144221e+01,5.3513780887237622289e-03
2.6966977077077075364e+01,5.3133549503939295211e-03
2.6997007007007006507e+01,5.2752181786120365403e-03
2.7027036936936934097e+01,5.2369695924187704625e-03
2.7057066866866865240e+01,5.1986110027791828173e-03
2.7087096796796796383e+01,5.1601442126274826502e-03
2.7117126726726723973e+01,5.1215710169114896794e-03
2.7147156656656655116e+01,5.0828932026367899463e-03
2.7177186586586586259e+01,5.0441125489106468718e-03
2.7207216516516513849e+01,5.0052308269855723052e-03
2.7237246446446444992e+01,4.9662498003026208857e-03
2.7267276376376376135e+01,4.9271712245344189904e-03
2.7297306306306303725e+01,4.8879968476278935763e-03
2.7327336236236234868e+01,4.8487284098467104548e-03
2.7357366166166166010e+01,4.8093676540783836248e-03
2.7387396096096093601e+01,4.7699163556213170292e-03
2.7417426026026024743e+01,4.7303762917648324582e-03
2.7447455955955955886e+01,4.6907492320202070005e-03
2.7477485885885883476e+01,4.6510369381631876465e-03
2.7507515815815814619e+01,4.6112411642761875694e-03
2.7537545745745745762e+01,4.5713636567902707700e-03
2.7567575675675673352e+01,4.5314061545267993181e-03
2.7597605605605604495e+01,4.4913703887388368649e-03
2.7627635535535535638e+01,4.4512580831522962840e-03
2.7657665465465463228e+01,4.4110709540067976134e-03
2.7687695395395394371e+01,4.3708107100962475741e-03
2.7717725325325325514e+01,4.3304790528092022492e-03
2.7747755255255253104e+01,4.2900776761689261851e-03
2.7777785185185184247e+01,4.2496082668731912854e-03
2.7807815115115111837e+01,4.2090725043338614655e-03
2.7837845045045042980e+01,4.1684720607161537820e-03
2.7867874974974974123e+01,4.1278086012524178167e-03
2.7897904904904901713e+01,4.0870837988498517554e-03
2.7927934834834832856e+01,4.0462993413203241638e-03
2.7957964764764763999e+01,4.0054569110234963455e-03
2.7987994694694691589e+01,3.9645581830986265093e-03
2.8018024624624622732e+01,3.9236048255032532350e-03
2.8048054554554553874e+01,3.8825984990516655693e-03
2.8078084484484481465e+01,3.8415408574530907938e-03
2.8108114414414412607e+01,3.8004335473496332620e-03
2.8138144344344343750e+01,3.7592782083540150426e-03
2.8168174274274271340e+01,3.7180764730870316352e-03
2.8198204204204202483e+01,3.6768299672147652588e-03
2.8228234134134133626e+01,3.6355403094856129573e-03
2.8258264064064061216e+01,3.5942091117670215382e-03
2.8288293993993992359e+01,3.5528379790820022004e-03
2.8318323923923923502e+01,3.5114285096454465364e-03
2.8348353853853851092e+01,3.4699822949001727854e-03
2.8378383783783782235e+01,3.4285009195527439696e-03
2.8408413713713713378e+01,3.3869859617378650363e-03
2.8438443643643640968e+01,3.3454390000062649187e-03
2.8468473573573572111e+01,3.3038616168628467777e-03
2.8498503503503503254e+01,3.2622553890147534990e-03
2.8528533433433430844e+01,3.2206218865303832925e-03
2.8558563363363361987e+01,3.1789626728742793188e-03
2.8588593293293293129e+01,3.1372793049418428064e-03
2.8618623223223220720e+01,3.0955733330937872626e-03
2.8648653153153151862e+01,3.0538463011903689039e-03
2.8678683083083083005e+01,3.0120997466254492529e-03
2.8708713013013010595e+01,2.9703352003603048989e-03
2.8738742942942941738e+01,2.9285541869572139125e-03
2.8768772872872872881e+01,2.8867582246128904722e-03
2.8798802802802800471e+01,2.8449488251916532112e-03
2.8828832732732731614e+01,2.8031274942583923361e-03
2.8858862662662662757e+01,2.7612957311113780177e-03
2.8888892592592590347e+01,2.7194550288148090084e-03
2.8918922522522521490e+01,2.6776068742311747752e-03
2.8948952452452452633e+01,2.6357527480534454628e-03
2.8978982382382380223e+01,2.5938941247322759576e-03
2.9009012312312311366e+01,2.5520324721862931890e-03
2.9039042242242238956e+01,2.5101692521534981969e-03
2.9069072172172170099e+01,2.4683059203316547008e-03
2.9099102102102101242e+01,2.4264439264094881006e-03
2.9129132032032028832e+01,2.3845847140976481233e-03
2.9159161961961959975e+01,2.3427297211594741433e-03
2.9189191891891891117e+01,2.3008803794416191231e-03
2.9219221821821818708e+01,2.2590381149044398007e-03
2.9249251751751749850e+01,2.2172043476521977913e-03
2.9279281681681680993e+01,2.1753804919631201768e-03
2.9309311611611608583e+01,2.1335679563192311119e-03
2.9339341541541539726e+01,2.0917681434360025847e-03
2.9369371471471470869e+01,2.0499824502918629308e-03
2.9399401401401398459e+01,2.0082122681574789656e-03
2.9429431331331329602e+01,1.9664589826248728838e-03
2.9459461261261260745e+01,1.9247239736363819500e-03
2.9489491191191188335e+01,1.8830086155134210819e-03
2.9519521121121119478e+01,1.8413142769120296929e-03
2.9549551051051050621e+01,1.7996423145616512011e-03
2.9579580980980978211e+01,1.7579940684787748705e-03
2.9609610910910909354e+01,1.7163708721039184265e-03
2.9639640840840840497e+01,1.6747740534736167781e-03
2.9669670770770768087e+01,1.6332049352477580068e-03
2.9699700700700699230e+01,1.5916648347367493531e-03
2.9729730630630630372e+01,1.5501550639285630734e-03
2.9759760560560557963e+01,1.5086769295155782501e-03
2.9789790490490489105e+01,1.4672317329212567188e-03
2.9819820420420420248e+01,1.4258207703266997327e-03
2.9849850350350347838e+01,1.3844453326970070865e-03
2.9879880280280278981e+01,1.3431067058074725243e-03
2.9909910210210210124e+01,1.3018061702696627057e-03
2.9939940140140137714e+01,1.2605450015573042670e-03
2.9969970070070068857e+01,1.2193244700320065178e-03
3.0000000000000000000e+01,1.1781458409688765846e-03
