1.0000000000000000479e-04,3.6543955617720634046e-16
3.0129929929929927940e-02,6.8310788881398368254e-09
6.0159859859859859954e-02,5.3927190433192373940e-08
9.0189789789789795438e-02,1.8027635024751635950e-07
1.2021971971971971704e-01,4.2366158481617585319e-07
1.5024964964964962477e-01,8.2068304211368043512e-07
1.8027957957957957413e-01,1.4067798156833338431e-06
2.1030950950950949574e-01,2.2162513814515807826e-06
2.4033943943943941735e-01,3.2822788288641618235e-06
2.7036936936936933895e-01,4.6369457350906587972e-06
3.0039929929929926056e-01,6.3112586661482458211e-06
3.3042922922922918216e-01,8.3351676466059029916e-06
3.6045915915915915928e-01,1.0737585968235966688e-05
3.9048908908908908089e-01,1.3546409885484054535e-05
4.2051901901901900249e-01,1.6788538167654743264e-05
4.5054894894894892410e-01,2.0489891109046439371e-05
4.8057887887887884570e-01,2.4675429732421783405e-05
5.1060880880880876731e-01,2.9369173682785499382e-05
5.4063873873873868892e-01,3.4594220109082566130e-05
5.7066866866866861052e-01,4.0372761522145085642e-05
6.0069859859859853213e-01,4.6726103708016112324e-05
6.3072852852852845373e-01,5.3674683314866320567e-05
6.6075845845845837534e-01,6.1238084078348218567e-05
6.9078838838838829695e-01,6.9435055836295089143e-05
7.2081831831831832957e-01,7.8283529485055568221e-05
7.5084824824824825118e-01,8.7800634000674597978e-05
7.8087817817817817279e-01,9.8002713111404874996e-05
8.1090810810810809439e-01,1.0890534102730977317e-04
8.4093803803803801600e-01,1.2052333809801853322e-04
8.7096796796796793760e-01,1.3287078646126356538e-04
9.0099789789789785921e-01,1.4596104558348873257e-04
9.3102782782782778082e-01,1.5980676722280443328e-04
9.6105775775775770242e-01,1.7441990955476325111e-04
9.9108768768768762403e-01,1.8981175268429194432e-04
1.0211176176176175456e+00,2.0599291356440967062e-04
1.0511475475475475783e+00,2.2297335784458806231e-04
1.0811774774774773888e+00,2.4076241719628722459e-04
1.1112074074074074215e+00,2.5936879956401336089e-04
1.1412373373373372321e+00,2.7880060581298685314e-04
1.1712672672672672647e+00,2.9906534080011756144e-04
1.2012971971971970753e+00,3.2016992758515970064e-04
1.2313271271271271079e+00,3.4212072033565989236e-04
1.2613570570570569185e+00,3.6492351662946405149e-04
1.2913869869869869511e+00,3.8858357038762847586e-04
1.3214169169169167617e+00,4.1310560392134780885e-04
1.3514468468468467943e+00,4.3849382010418283756e-04
1.3814767767767766049e+00,4.6475191447639143099e-04
1.4115067067067066375e+00,4.9188308701469702234e-04
1.4415366366366366702e+00,5.1989005366337101306e-04
1.4715665665665664807e+00,5.4877505767762790878e-04
1.5015964964964965134e+00,5.7853988079499475868e-04
1.5316264264264263240e+00,6.0918585428763037150e-04
1.5616563563563563566e+00,6.4071386988266340861e-04
1.5916862862862861672e+00,6.7312439044753952233e-04
1.6217162162162161998e+00,7.0641746050666143208e-04
1.6517461461461460104e+00,7.4059271660886587512e-04
1.6817760760760760430e+00,7.7564939755614056849e-04
1.7118060060060058536e+00,8.1158635436568067091e-04
1.7418359359359358862e+00,8.4840205998680323033e-04
1.7718658658658656968e+00,8.8609461892505143182e-04
1.8018957957957957294e+00,9.2466177672607475016e-04
1.8319257257257255400e+00,9.6410092940863107228e-04
1.8619556556556555726e+00,1.0044091329473932728e-03
1.8919855855855853832e+00,1.0455831129380821660e-03
1.9220155155155154159e+00,1.0876192744190883201e-03
1.9520454454454454485e+00,1.1305137076705073541e-03
1.9820753753753752591e+00,1.1742621951350742503e-03
2.0121053053053055137e+00,1.2188602234454468196e-03
2.0421352352352353243e+00,1.2643029941755506117e-03
2.0721651651651651349e+00,1.3105854337995847571e-03
2.1021950950950953896e+00,1.3577021894129589694e-03
2.1322250250250252002e+00,1.4056476405308760552e-03
2.1622549549549550107e+00,1.4544159178387196588e-03
2.1922848848848848213e+00,1.5040009122691808986e-03
2.2223148148148150760e+00,1.5543962569401941539e-03
2.2523447447447448866e+00,1.6055953517136820757e-03
2.2823746746746746972e+00,1.6575913888539277156e-03
2.3124046046046045078e+00,1.7103773312415891834e-03
2.3424345345345347624e+00,1.7639459135187719654e-03
2.3724644644644645730e+00,1.8182896927401422191e-03
2.4024943943943943836e+00,1.8734010201569303942e-03
2.4325243243243246383e+00,1.9292720299554214948e-03
2.4625542542542544489e+00,1.9858947110541046860e-03
2.4925841841841842594e+00,2.0432608513642936017e-03
2.5226141141141140700e+00,2.1013620502895414763e-03
2.5526440440440443247e+00,2.1601897910640409546e-03
2.5826739739739741353e+00,2.2197353395821822764e-03
2.6127039039039039459e+00,2.2799898387420003930e-03
2.6427338338338337564e+00,2.3409442961667883271e-03
2.6727637637637640111e+00,2.4025895229611185337e-03
2.7027936936936938217e+00,2.4649162710705329292e-03
2.7328236236236236323e+00,2.5279150825161991051e-03
2.7628535535535534429e+00,2.5915764294035708096e-03
2.7928834834834836975e+00,2.6558906437871496187e-03
2.8229134134134135081e+00,2.7208479214845720032e-03
2.8529433433433433187e+00,2.7864384068024580614e-03
2.8829732732732735734e+00,2.8526520496764363674e-03
2.9130032032032033840e+00,2.9194788096346345994e-03
2.9430331331331331945e+00,2.9869084302426140293e-03
2.9730630630630630051e+00,3.0549306865116452464e-03
3.0030929929929932598e+00,3.1235351501996046902e-03
3.0331229229229230704e+00,3.1927114208780320651e-03
3.0631528528528528810e+00,3.2624489212393346406e-03
3.0931827827827826916e+00,3.3327370931808849956e-03
3.1232127127127129462e+00,3.4035652250036184906e-03
3.1532426426426427568e+00,3.4749226232301212366e-03
3.1832725725725725674e+00,3.5467984522045961290e-03
3.2133025025025023780e+00,3.6191819070713238289e-03
3.2433324324324326327e+00,3.6920620366212991703e-03
3.2733623623623624432e+00,3.7654279484059861340e-03
3.3033922922922922538e+00,3.8392685841006153787e-03
3.3334222222222220644e+00,3.9135729847018926528e-03
3.3634521521521523191e+00,3.9883299967915673487e-03
3.3934820820820821297e+00,4.0635286082391234089e-03
3.4235120120120119402e+00,4.1391575924420694402e-03
3.4535419419419421949e+00,4.2152058824446803423e-03
3.4835718718718720055e+00,4.2916622154047841947e-03
3.5136018018018018161e+00,4.3685154539624274431e-03
3.5436317317317316267e+00,4.4457543442760561261e-03
3.5736616616616618813e+00,4.5233676609862097026e-03
3.6036915915915916919e+00,4.6013441968007053398e-03
3.6337215215215215025e+00,4.6796726384471460172e-03
3.6637514514514513131e+00,4.7583418309134666371e-03
3.6937813813813815678e+00,4.8373404178378379831e-03
3.7238113113113113783e+00,4.9166572432048638586e-03
3.7538412412412411889e+00,4.9962810012490199707e-03
3.7838711711711709995e+00,5.0762004655223579713e-03
3.8139011011011012542e+00,5.1564044528762051356e-03
3.8439310310310310648e+00,5.2368816602359445633e-03
3.8739609609609608754e+00,5.3176209977675832977e-03
3.9039908908908911300e+00,5.3986111884981686712e-03
3.9340208208208209406e+00,5.4798411126508296889e-03
3.9640507507507507512e+00,5.5612996547144263534e-03
3.9940806806806805618e+00,5.6429756166598565859e-03
4.0241106106106103724e+00,5.7248580217931759745e-03
4.0541405405405397389e+00,5.8069357193207306322e-03
4.0841704704704699935e+00,5.8891977044382799386e-03
4.1142004004004002482e+00,5.9716330370345425960e-03
4.1442303303303296147e+00,6.0542306535951162516e-03
4.1742602602602598694e+00,6.1369797308363045404e-03
4.2042901901901901240e+00,6.2198693427785913673e-03
4.2343201201201194905e+00,6.3028886035787429556e-03
4.2643500500500497452e+00,6.3860268213344825727e-03
4.2943799799799791117e+00,6.4692731385505748698e-03
4.3244099099099093664e+00,6.5526168728377706327e-03
4.3544398398398396210e+00,6.6360474294434850656e-03
4.3844697697697689875e+00,6.7195540889013038316e-03
4.4144996996996992422e+00,6.8031263641692100302e-03
4.4445296296296294969e+00,6.8867537626181932198e-03
4.4745595595595588634e+00,6.9704257425491659636e-03
4.5045894894894891181e+00,7.0541320024497247351e-03
4.5346194194194193727e+00,7.1378621777281854935e-03
4.5646493493493487392e+00,7.2216059205041146368e-03
4.5946792792792789939e+00,7.3053531124465586818e-03
4.6247092092092083604e+00,7.3890935463851170617e-03
4.6547391391391386151e+00,7.4728170733634694672e-03
4.6847690690690688697e+00,7.5565137626251105765e-03
4.7147989989989982362e+00,7.6401735905819497668e-03
4.7448289289289284909e+00,7.7237866083801291067e-03
4.7748588588588587456e+00,7.8073430804660786872e-03
4.8048887887887881121e+00,7.8908331894545161861e-03
4.8349187187187183667e+00,7.9742471872692680807e-03
4.8649486486486486214e+00,8.0575755402360511870e-03
4.8949785785785779879e+00,8.1408086582739087184e-03
4.9250085085085082426e+00,8.2239369960283321276e-03
4.9550384384384376091e+00,8.3069512243720104727e-03
4.9850683683683678638e+00,8.3898420010061671576e-03
5.0150982982982981184e+00,8.4725999882822328885e-03
5.0451282282282274849e+00,8.5552160597743183434e-03
5.0751581581581577396e+00,8.6376811379163150051e-03
5.1051880880880879943e+00,8.7199861038140761421e-03
5.1352180180180173608e+00,8.8021220303405207919e-03
5.1652479479479476154e+00,8.8840801097412897686e-03
5.1952778778778769819e+00,8.9658514639990010558e-03
5.2253078078078072366e+00,9.0474273661779337080e-03
5.2553377377377374913e+00,9.1287992598950654793e-03
5.2853676676676668578e+00,9.2099585458001488603e-03
5.3153975975975971124e+00,9.2908967025164459347e-03
5.3454275275275273671e+00,9.3716053959889480951e-03
5.3754574574574567336e+00,9.4520763358112314806e-03
5.4054873873873869883e+00,9.5323012238127616952e-03
5.4355173173173172430e+00,9.6122719316330974132e-03
5.4655472472472466094e+00,9.6919804655258012804e-03
5.4955771771771768641e+00,9.7714187948055638427e-03
5.5256071071071062306e+00,9.8505789998409205854e-03
5.5556370370370364853e+00,9.9294533285738811879e-03
5.5856669669669667400e+00,1.0008034072042176765e-02
5.6156968968968961065e+00,1.0086313535781878462e-02
5.6457268268268263611e+00,1.0164284179921363391e-02
5.6757567567567566158e+00,1.0241938598842313321e-02
5.7057866866866859823e+00,1.0319269379163688999e-02
5.7358166166166162370e+00,1.0396269197693408168e-02
5.7658465465465464916e+00,1.0472930883382532141e-02
5.7958764764764758581e+00,1.0549247352486188986e-02
5.8259064064064061128e+00,1.0625211526832364917e-02
5.8559363363363354793e+00,1.0700816453834636685e-02
5.8859662662662657340e+00,1.0776055319578202105e-02
5.9159961961961959886e+00,1.0850921361694349301e-02
5.9460261261261253551e+00,1.0925407860047852207e-02
5.9760560560560556098e+00,1.0999508224814196627e-02
6.0060859859859858645e+00,1.1073215990011878868e-02
6.0361159159159152310e+00,1.1146524727807975014e-02
6.0661458458458454857e+00,1.1219428080213748877e-02
6.0961757757757748521e+00,1.1291919813596253824e-02
6.1262057057057051068e+00,1.1363993805741141527e-02
6.1562356356356353615e+00,1.1435643975027390967e-02
6.1862655655655647280e+00,1.1506864322987557167e-02
6.2162954954954949827e+00,1.1577648966905846467e-02
6.2463254254254252373e+00,1.1647992127320023689e-02
6.2763553553553546038e+00,1.1717888075041010820e-02
6.3063852852852848585e+00,1.1787331167227620490e-02
6.3364152152152151132e+00,1.1856315867966977021e-02
6.3664451451451444797e+00,1.1924836739695661783e-02
6.3964750750750747343e+00,1.1992888407256714622e-02
6.4265050050050041008e+00,1.2060465580078002373e-02
6.4565349349349343555e+00,1.2127563065972212994e-02
6.4865648648648646102e+00,1.2194175766796421304e-02
6.5165947947947939767e+00,1.2260298659537554114e-02
6.5466247247247242314e+00,1.2325926803429176556e-02
6.5766546546546544860e+00,1.2391055347856186342e-02
6.6066845845845838525e+00,1.2455679530371459307e-02
6.6367145145145141072e+00,1.2519794674314058472e-02
6.6667444444444434737e+00,1.2583396186938761510e-02
6.6967743743743737284e+00,1.2646479557869225174e-02
6.7268043043043039830e+00,1.2709040357405259475e-02
6.7568342342342333495e+00,1.2771074244680121965e-02
6.7868641641641636042e+00,1.2832576972502526477e-02
6.8168940940940938589e+00,1.2893544370123972975e-02
6.8469240240240232254e+00,1.2953972339965933239e-02
6.8769539539539534800e+00,1.3013856864576426806e-02
6.9069838838838837347e+00,1.3073194034525850715e-02
6.9370138138138131012e+00,1.3131980018713162658e-02
6.9670437437437433559e+00,1.3190211052090354896e-02
6.9970736736736727224e+00,1.3247883436449973613e-02
7.0271036036036029770e+00,1.3304993579595686751e-02
7.0571335335335332317e+00,1.3361537989211271643e-02
7.0871634634634625982e+00,1.3417513233574904913e-02
7.1171933933933928529e+00,1.3472915938883596107e-02
7.1472233233233231076e+00,1.3527742808210726361e-02
7.1772532532532524741e+00,1.3581990674383436629e-02
7.2072831831831827287e+00,1.3635656440242723692e-02
7.2373131131131129834e+00,1.3688737060033985896e-02
7.2673430430430423499e+00,1.3741229540128624756e-02
7.2973729729729726046e+00,1.3793130995777782080e-02
7.3274029029029019711e+00,1.3844438661589613532e-02
7.3574328328328322257e+00,1.3895149821643932447e-02
7.3874627627627624804e+00,1.3945261804181244628e-02
7.4174926926926918469e+00,1.3994771991617532478e-02
7.4475226226226221016e+00,1.4043677907256413295e-02
7.4775525525525523562e+00,1.4091977166574674515e-02
7.5075824824824817227e+00,1.4139667423688256215e-02
7.5376124124124119774e+00,1.4186746370097211636e-02
7.5676423423423413439e+00,1.4233211761295978467e-02
7.5976722722722715986e+00,1.4279061511918014066e-02
7.6277022022022018533e+00,1.4324293604362561827e-02
7.6577321321321312197e+00,1.4368906052679368546e-02
7.6877620620620614744e+00,1.4412896901970315838e-02
7.7177919919919917291e+00,1.4456264272237995955e-02
7.7478219219219210956e+00,1.4499006449884386735e-02
7.7778518518518513503e+00,1.4541121774173286843e-02
7.8078817817817816049e+00,1.4582608609917932507e-02
7.8379117117117109714e+00,1.4623465347056467320e-02
7.8679416416416412261e+00,1.4663690453521638704e-02
7.8979715715715705926e+00,1.4703282570108501884e-02
7.9280015015015008473e+00,1.4742240384190582331e-02
7.9580314314314311019e+00,1.4780562602954376225e-02
7.9880613613613604684e+00,1.4818247953034270961e-02
8.0180912912912898349e+00,1.4855295229052928666e-02
8.0481212212212209778e+00,1.4891703408501216419e-02
8.0781511511511503443e+00,1.4927471518782068835e-02
8.1081810810810797108e+00,1.4962598601707066681e-02
8.1382110110110108536e+00,1.4997083713230642543e-02
8.1682409409409402201e+00,1.5030925955126044763e-02
8.1982708708708695866e+00,1.5064124617276145046e-02
8.2283008008008007295e+00,1.5096679059522206609e-02
8.2583307307307300960e+00,1.5128588651068392013e-02
8.2883606606606594625e+00,1.5159852770260733371e-02
8.3183905905905906053e+00,1.5190470816453078076e-02
8.3484205205205199718e+00,1.5220442355435794338e-02
8.3784504504504493383e+00,1.5249767070127099450e-02
8.4084803803803804811e+00,1.5278444650290811183e-02
8.4385103103103098476e+00,1.5306474790106872758e-02
8.4685402402402392141e+00,1.5333857189071304836e-02
8.4985701701701703570e+00,1.5360591648910225729e-02
8.5286001001000997235e+00,1.5386678153911353267e-02
8.5586300300300290900e+00,1.5412116707856970965e-02
8.5886599599599584565e+00,1.5436907314476472353e-02
8.6186898898898895993e+00,1.5461049977447263032e-02
8.6487198198198189658e+00,1.5484544727257867902e-02
8.6787497497497483323e+00,1.5507391790669971046e-02
8.7087796796796794752e+00,1.5529591478727863482e-02
8.7388096096096088417e+00,1.5551144098601820537e-02
8.7688395395395382081e+00,1.5572049953254386151e-02
8.7988694694694693510e+00,1.5592309342154265367e-02
8.8288993993993987175e+00,1.5611922658119775989e-02
8.8589293293293280840e+00,1.5630890489008397726e-02
8.8889592592592592268e+00,1.5649213439407110016e-02
8.9189891891891885933e+00,1.5666892105760381326e-02
8.9490191191191179598e+00,1.5683927076506801179e-02
8.9790490490490491027e+00,1.5700318941297346925e-02
9.0090789789789784692e+00,1.5716068451220560620e-02
9.0391089089089078357e+00,1.5731176497016465671e-02
9.0691388388388389785e+00,1.5745643962795995846e-02
9.0991687687687683450e+00,1.5759471720998771693e-02
9.1291986986986977115e+00,1.5772660632585082385e-02
9.1592286286286288544e+00,1.5785211571708108319e-02
9.1892585585585582209e+00,1.5797125610831706799e-02
9.2192884884884875873e+00,1.5808403914970122622e-02
9.2493184184184169538e+00,1.5819047634852517054e-02
9.2793483483483480967e+00,1.5829057906312036380e-02
9.3093782782782774632e+00,1.5838435850526081522e-02
9.3394082082082068297e+00,1.5847182609927578517e-02
9.3694381381381379725e+00,1.5855299537288144313e-02
9.3994680680680673390e+00,1.5862788055540474191e-02
9.4294979979979967055e+00,1.5869649569689014273e-02
9.4595279279279278484e+00,1.5875885466897086268e-02
9.4895578578578572149e+00,1.5881497116769151268e-02
9.5195877877877865814e+00,1.5886485905414648306e-02
9.5496177177177177242e+00,1.5890853427832581785e-02
9.5796476476476470907e+00,1.5894601351956232776e-02
9.6096775775775764572e+00,1.5897731325158009907e-02
9.6397075075075076001e+00,1.5900244974282502775e-02
9.6697374374374369665e+00,1.5902143905965268611e-02
9.6997673673673663330e+00,1.5903429726886020301e-02
9.7297972972972974759e+00,1.5904104233561009579e-02
9.7598272272272268424e+00,1.5904169325759370118e-02
9.7898571571571562089e+00,1.5903626881636694773e-02
9.8198870870870855754e+00,1.5902478756374460733e-02
9.8499170170170167182e+00,1.5900726782530211212e-02
9.8799469469469460847e+00,1.5898372775450135552e-02
9.9099768768768754512e+00,1.5895418686438542860e-02
9.9400068068068065941e+00,1.5891866628011442480e-02
9.9700367367367359606e+00,1.5887718697744791091e-02
1.0000066666666665327e+01,1.5882976968018699959e-02
1.0030096596596596470e+01,1.5877643486394577704e-02
1.0060126526526525836e+01,1.5871720276000114008e-02
1.0090156456456455203e+01,1.5865209407609232733e-02
1.0120186386386386346e+01,1.5858113164920844412e-02
1.0150216316316315712e+01,1.5850433853700583026e-02
1.0180246246246245079e+01,1.5842173752507671819e-02
1.0210276176176176222e+01,1.5833335113095019925e-02
1.0240306106106105588e+01,1.5823920160802265600e-02
1.0270336036036034955e+01,1.5813931105540701000e-02
1.0300365965965966097e+01,1.5803370316055838363e-02
1.0330395895895895464e+01,1.5792240290093944449e-02
1.0360425825825824830e+01,1.5780543501414567159e-02
1.0390455755755754197e+01,1.5768282395179179095e-02
1.0420485685685685340e+01,1.5755459388363216022e-02
1.0450515615615614706e+01,1.5742076870161034186e-02
1.0480545545545544073e+01,1.5728137250788087886e-02
1.0510575475475475216e+01,1.5713643147212168899e-02
1.0540605405405404582e+01,1.5698597217370165169e-02
1.0570635335335333949e+01,1.5683002089011049973e-02
1.0600665265265265091e+01,1.5666860360107861400e-02
1.0630695195195194458e+01,1.5650174599278306869e-02
1.0660725125125123824e+01,1.5632947346542604844e-02
1.0690755055055054967e+01,1.5615181207886160222e-02
1.0720784984984984334e+01,1.5596878982130763652e-02
1.0750814914914913700e+01,1.5578043468693883802e-02
1.0780844844844844843e+01,1.5558677435801998579e-02
1.0810874774774774210e+01,1.5538783620923812823e-02
1.0840904704704703576e+01,1.5518364731196233539e-02
1.0870934634634634719e+01,1.5497423445309322157e-02
1.0900964564564564085e+01,1.5475962530676666898e-02
1.0930994494494493452e+01,1.5453984927126483695e-02
1.0961024424424422818e+01,1.5431493562237266412e-02
1.0991054354354353961e+01,1.5408491331592413104e-02
1.1021084284284283328e+01,1.5384981099216097841e-02
1.1051114214214212694e+01,1.5360965698002109966e-02
1.1081144144144143837e+01,1.5336447931299903094e-02
1.1111174074074073204e+01,1.5311430683359210370e-02
1.1141204004004002570e+01,1.5285917008573369005e-02
1.1171233933933933713e+01,1.5259909949696637624e-02
1.1201263863863863079e+01,1.5233412516853520047e-02
1.1231293793793792446e+01,1.5206427687974945900e-02
1.1261323723723723589e+01,1.5178958409227533144e-02
1.1291353653653652955e+01,1.5151007595527798272e-02
1.1321383583583582322e+01,1.5122578206739538051e-02
1.1351413513513513465e+01,1.5093673384180598951e-02
1.1381443443443442831e+01,1.5064296273039508994e-02
1.1411473373373372198e+01,1.5034449985397831118e-02
1.1441503303303303340e+01,1.5004137600664640279e-02
1.1471533233233232707e+01,1.4973362166004177895e-02
1.1501563163163162073e+01,1.4942126696756787702e-02
1.1531593093093093216e+01,1.4910434206370865029e-02
1.1561623023023022583e+01,1.4878287878465729435e-02
1.1591652952952951949e+01,1.4845690947816000960e-02
1.1621682882882881316e+01,1.4812646616046813014e-02
1.1651712812812812459e+01,1.4779158051777114419e-02
1.1681742742742741825e+01,1.4745228391043961949e-02
1.1711772672672671192e+01,1.4710860737720174093e-02
1.1741802602602602335e+01,1.4676058166891174997e-02
1.1771832532532531701e+01,1.4640823846011615655e-02
1.1801862462462461068e+01,1.4605161075886309574e-02
1.1831892392392392210e+01,1.4569073135390589457e-02
1.1861922322322321577e+01,1.4532563270196269950e-02
1.1891952252252250943e+01,1.4495634693190879994e-02
1.1921982182182182086e+01,1.4458290584890554770e-02
1.1952012112112111453e+01,1.4420534093846712129e-02
1.1982042042042040819e+01,1.4382368362641765117e-02
1.2012071971971971962e+01,1.4343796686877147845e-02
1.2042101901901901329e+01,1.4304822410114301917e-02
1.2072131831831830695e+01,1.4265448842992450168e-02
1.2102161761761761838e+01,1.4225679263291154258e-02
1.2132191691691691204e+01,1.4185516916336975493e-02
1.2162221621621620571e+01,1.4144965015404138697e-02
1.2192251551551549937e+01,1.4104026742132430572e-02
1.2222281481481481080e+01,1.4062705305090910865e-02
1.2252311411411410447e+01,1.4021004064702864700e-02
1.2282341341341339813e+01,1.3978926384530398000e-02
1.2312371271271270956e+01,1.3936475595320662810e-02
1.2342401201201200323e+01,1.3893654995405024105e-02
1.2372431131131129689e+01,1.3850467851092484670e-02
1.2402461061061060832e+01,1.3806917397057345484e-02
1.2432490990990990198e+01,1.3763006837081714212e-02
1.2462520920920919565e+01,1.3718739418796858931e-02
1.2492550850850850708e+01,1.3674118524205912048e-02
1.2522580780780780074e+01,1.3629147525111413863e-02
1.2552610710710709441e+01,1.3583829761050103535e-02
1.2582640640640640584e+01,1.3538168539677958302e-02
1.2612670570570569950e+01,1.3492167137149730163e-02
1.2642700500500499317e+01,1.3445828798493035527e-02
1.2672730430430430459e+01,1.3399156738184137688e-02
1.2702760360360359826e+01,1.3352154205833962480e-02
1.2732790290290289192e+01,1.3304824578721962530e-02
1.2762820220220218559e+01,1.3257171225783379725e-02
1.2792850150150149702e+01,1.3209197484320523569e-02
1.2822880080080079068e+01,1.3160906660373138111e-02
1.2852910010010008435e+01,1.3112302029083667057e-02
1.2882939939939939578e+01,1.3063386835057307772e-02
1.2912969869869868944e+01,1.3014164292717138663e-02
1.2942999799799798311e+01,1.2964637623534369312e-02
1.2973029729729729453e+01,1.2914810173351531572e-02
1.3003059659659658820e+01,1.2864685297397546529e-02
1.3033089589589588186e+01,1.2814266319977941216e-02
1.3063119519519519329e+01,1.2763556534830149472e-02
1.3093149449449448696e+01,1.2712559205474064858e-02
1.3123179379379378062e+01,1.2661277565557772784e-02
1.3153209309309309205e+01,1.2609714819198546837e-02
1.3183239239239238572e+01,1.2557874150688142639e-02
1.3213269169169167938e+01,1.2505758835659148281e-02
1.3243299099099099081e+01,1.2453372203350453543e-02
1.3273329029029028447e+01,1.2400717554547340676e-02
1.3303358958958957814e+01,1.2347798160231364742e-02
1.3333388888888887180e+01,1.2294617261916015657e-02
1.3363418818818818323e+01,1.2241178071977783237e-02
1.3393448748748747690e+01,1.2187483773982842050e-02
1.3423478678678677056e+01,1.2133537523085003926e-02
1.3453508608608608199e+01,1.2079342493772220885e-02
1.3483538538538537566e+01,1.2024901960639468312e-02
1.3513568468468466932e+01,1.1970219190652869184e-02
1.3543598398398398075e+01,1.1915297421803451583e-02
1.3573628328328327441e+01,1.1860139863427682227e-02
1.3603658258258256808e+01,1.1804749696523704830e-02
1.3633688188188187951e+01,1.1749130074063460216e-02
1.3663718118118117317e+01,1.1693284121300669132e-02
1.3693748048048046684e+01,1.1637214938992369861e-02
1.3723777977977977827e+01,1.1580925682419434056e-02
1.3753807907907907193e+01,1.1524419569886652781e-02
1.3783837837837836560e+01,1.1467699796372838802e-02
1.3813867767767767702e+01,1.1410769529074566569e-02
1.3843897697697697069e+01,1.1353631907707543991e-02
1.3873927627627626435e+01,1.1296290044803964855e-02
1.3903957557557555802e+01,1.1238747026006091698e-02
1.3933987487487486945e+01,1.1181005910356011865e-02
1.3964017417417416311e+01,1.1123069737000420079e-02
1.3994047347347345678e+01,1.1064941608056981515e-02
1.4024077277277276821e+01,1.1006624664180290202e-02
1.4054107207207206187e+01,1.0948122020673394655e-02
1.4084137137137135554e+01,1.0889436766269753112e-02
1.4114167067067066696e+01,1.0830571963415939682e-02
1.4144196996996996063e+01,1.0771530648550667678e-02
1.4174226926926925429e+01,1.0712315832380287992e-02
1.4204256856856856572e+01,1.0652930500150826695e-02
1.4234286786786785939e+01,1.0593377617292763088e-02
1.4264316716716715305e+01,1.0533660202499947611e-02
1.4294346646646646448e+01,1.0473781308174105742e-02
1.4324376576576575815e+01,1.0413743962579045596e-02
1.4354406506506505181e+01,1.0353551168637604649e-02
1.4384436436436436324e+01,1.0293205904196210676e-02
1.4414466366366365691e+01,1.0232711122286080804e-02
1.4444496296296295057e+01,1.0172069751381159278e-02
1.4474526226226226200e+01,1.0111284695652868540e-02
1.4504556156156155566e+01,1.0050358836778438762e-02
1.4534586086086084933e+01,9.9892950866288746786e-03
1.4564616016016014299e+01,9.9280963995975503311e-03
1.4594645945945945442e+01,9.8667657098670570603e-03
1.4624675875875874809e+01,9.8053059275200818434e-03
1.4654705805805804175e+01,9.7437199387863451805e-03
1.4684735735735735318e+01,9.6820106062864737251e-03
1.4714765665665664685e+01,9.6201807692729429666e-03
1.4744795595595594051e+01,9.5582332438679893510e-03
1.4774825525525525194e+01,9.4961708233015779124e-03
1.4804855455455454560e+01,9.4339962993188301865e-03
1.4834885385385383927e+01,9.3717125129998274380e-03
1.4864915315315315070e+01,9.3093222977282709396e-03
1.4894945245245244436e+01,9.2468284640381467887e-03
1.4924975175175173803e+01,9.1842337998435906454e-03
1.4955005105105104946e+01,9.1215410706660081386e-03
1.4985035035035034312e+01,9.0587530198584526736e-03
1.5015064964964963679e+01,8.9958723688272831942e-03
1.5045094894894894821e+01,8.9329018172512215934e-03
1.5075124824824824188e+01,8.8698440452730318434e-03
1.5105154754754753554e+01,8.8067017556490816144e-03
1.5135184684684682921e+01,8.7434776727547680597e-03
1.5165214614614614064e+01,8.6801745011962135740e-03
1.5195244544544543430e+01,8.6167949241994050424e-03
1.5225274474474472797e+01,8.5533416038210147853e-03
1.5255304404404403940e+01,8.4898171811567980927e-03
1.5285334334334333306e+01,8.4262242765474597989e-03
1.5315364264264262673e+01,8.3625654897821460193e-03
1.5345394194194193815e+01,8.2988434002995419697e-03
1.5375424124124123182e+01,8.2350605730891392880e-03
1.5405454054054052548e+01,8.1712195988492691834e-03
1.5435483983983983691e+01,8.1073230700800559545e-03
1.5465513913913913058e+01,8.0433735592861307917e-03
1.5495543843843842424e+01,7.9793736190303561628e-03
1.5525573773773773567e+01,7.9153257821266698180e-03
1.5555603703703702934e+01,7.8512325618307482467e-03
1.5585633633633632300e+01,7.7870964520283993821e-03
1.5615663563563563443e+01,7.7229199274218025134e-03
1.5645693493493492809e+01,7.6587054437136517851e-03
1.5675723423423422176e+01,7.5944554436665843294e-03
1.5705753353353351542e+01,7.5301723880284287399e-03
1.5735783283283282685e+01,7.4658587328755507406e-03
1.5765813213213212052e+01,7.4015169156013580973e-03
1.5795843143143141418e+01,7.3371493550640608933e-03
1.5825873073073072561e+01,7.2727584517625239180e-03
1.5855903003003001928e+01,7.2083465880101475418e-03
1.5885932932932931294e+01,7.1439161281067163622e-03
1.5915962862862862437e+01,7.0794694185083552676e-03
1.5945992792792791803e+01,7.0150087879955651607e-03
1.5976022722722721170e+01,6.9505365505654675626e-03
1.6006052652652652313e+01,6.8860550274068071594e-03
1.6036082582582579903e+01,6.8215665353216891481e-03
1.6066112512512511046e+01,6.7570733739094977072e-03
1.6096142442442442189e+01,6.6925778256085527787e-03
1.6126172372372369779e+01,6.6280821558558824375e-03
1.6156202302302300922e+01,6.5635886132451911473e-03
1.6186232232232232064e+01,6.4990994296831600813e-03
1.6216262162162159655e+01,6.4346168205439346552e-03
1.6246292092092090797e+01,6.3701429848218894814e-03
1.6276322022022021940e+01,6.3056801056096149424e-03
1.6306351951951949530e+01,6.2412303606666436409e-03
1.6336381881881880673e+01,6.1767959246527906481e-03
1.6366411811811811816e+01,6.1123789570329900914e-03
1.6396441741741739406e+01,6.0479816014520140777e-03
1.6426471671671670549e+01,5.9836059858790566907e-03
1.6456501601601601692e+01,5.9192542227508165853e-03
1.6486531531531529282e+01,5.8549284091129177171e-03
1.6516561461461460425e+01,5.7906306267598173926e-03
1.6546591391391391568e+01,5.7263629423732363352e-03
1.6576621321321319158e+01,5.6621274076590387761e-03
1.6606651251251250301e+01,5.5979260607561115437e-03
1.6636681181181181444e+01,5.5337609315797755410e-03
1.6666711111111109034e+01,5.4696340374787997055e-03
1.6696741041041040177e+01,5.4055473812895955127e-03
1.6726770970970971320e+01,5.3415029514656533691e-03
1.6756800900900898910e+01,5.2775027222064039428e-03
1.6786830830830830052e+01,5.2135486535846847778e-03
1.6816860760760761195e+01,5.1496426916729232115e-03
1.6846890690690688785e+01,5.0857867686678881469e-03
1.6876920620620619928e+01,5.0219828030141164948e-03
1.6906950550550551071e+01,4.9582326995199392863e-03
1.6936980480480478661e+01,4.8945383482572246345e-03
1.6967010410410409804e+01,4.8309016232192993762e-03
1.6997040340340340947e+01,4.7673243847969268283e-03
1.7027070270270268537e+01,4.7038084802565076001e-03
1.7057100200200199680e+01,4.6403557438555766146e-03
1.7087130130130130823e+01,4.5769679969571578151e-03
1.7117160060060058413e+01,4.5136470481428594623e-03
1.7147189989989989556e+01,4.4503946933247637979e-03
1.7177219919919917146e+01,4.3872127158562342422e-03
1.7207249849849848289e+01,4.3241028866414345580e-03
1.7237279779779779432e+01,4.2610669641776673794e-03
1.7267309709709707022e+01,4.1981066888199386478e-03
1.7297339639639638165e+01,4.1352237783567578899e-03
1.7327369569569569308e+01,4.0724199375919162974e-03
1.7357399499499496898e+01,4.0096968595313186093e-03
1.7387429429429428041e+01,3.9470562254848521461e-03
1.7417459359359359183e+01,3.8844997051672488370e-03
1.7447489289289286774e+01,3.8220289567978530700e-03
1.7477519219219217916e+01,3.7596456271993556469e-03
1.7507549149149149059e+01,3.6973513518955788450e-03
1.7537579079079076649e+01,3.6351477552081920205e-03
1.7567609009009007792e+01,3.5730364503360678360e-03
1.7597638938938938935e+01,3.5110190319863222169e-03
1.7627668868868866525e+01,3.4490970647239830443e-03
1.7657698798798797668e+01,3.3872720994077981649e-03
1.7687728728728728811e+01,3.3255456763644523563e-03
1.7717758658658656401e+01,3.2639193254777958651e-03
1.7747788588588587544e+01,3.2023945662771721894e-03
1.7777818518518518687e+01,3.1409729080249114593e-03
1.7807848448448446277e+01,3.0796558498028831635e-03
1.7837878378378377420e+01,3.0184448805981624331e-03
1.7867908308308308563e+01,2.9573414793879039889e-03
1.7897938238238236153e+01,2.8963471152232984213e-03
1.7927968168168167296e+01,2.8354632438148284421e-03
1.7957998098098098438e+01,2.7746912852012832994e-03
1.7988028028028026029e+01,2.7140326382846238426e-03
1.8018057957957957171e+01,2.6534886925848777568e-03
1.8048087887887888314e+01,2.5930608283740905727e-03
1.8078117817817815904e+01,2.5327504167531188391e-03
1.8108147747747747047e+01,2.4725588197276491750e-03
1.8138177677677678190e+01,2.4124873902835347085e-03
1.8168207607607605780e+01,2.3525374724613161946e-03
1.8198237537537536923e+01,2.2927104014300080451e-03
1.8228267467467468066e+01,2.2330075035602160553e-03
1.8258297397397395656e+01,2.1734300963944718985e-03
1.8288327327327326799e+01,2.1139794733373586631e-03
1.8318357257257257942e+01,2.0546568874202464187e-03
1.8348387187187185532e+01,1.9954635795386495463e-03
1.8378417117117116675e+01,1.9364007824776779346e-03
1.8408447047047044265e+01,1.8774697209782377147e-03
1.8438476976976975408e+01,1.8186716118024828098e-03
1.8468506906906906551e+01,1.7600076637987306736e-03
1.8498536836836834141e+01,1.7014790779656771991e-03
1.8528566766766765284e+01,1.6430870475159849598e-03
1.8558596696696696426e+01,1.5848327579393211087e-03
1.8588626626626624017e+01,1.5267173870647163508e-03
1.8618656556556555159e+01,1.4687421042990666566e-03
1.8648686486486486302e+01,1.4109080450413625640e-03
1.8678716416416413892e+01,1.3532163059174606018e-03
1.8708746346346345035e+01,1.2956679746772936483e-03
1.8738776276276276178e+01,1.2382641320980961215e-03
1.8768806206206203768e+01,1.1810058520401647136e-03
1.8798836136136134911e+01,1.1238942015020859152e-03
1.8828866066066066054e+01,1.0669302406754936456e-03
1.8858895995995993644e+01,1.0101150229992448843e-03
1.8888925925925924787e+01,9.5344959521307705297e-04
1.8918955855855855930e+01,8.9693499741081783930e-04
1.8948985785785783520e+01,8.4057226309302234511e-04
1.8979015715715714663e+01,7.8436241843139503822e-04
1.9009045645645645806e+01,7.2830645417197082715e-04
1.9039075575575573396e+01,6.7240531819067785035e-04
1.9069105505505504539e+01,6.1665995003907093756e-04
1.9099135435435435681e+01,5.6107128335962635352e-04
1.9129165365365363272e+01,5.0564024593210466808e-04
1.9159195295295294414e+01,4.5036775971947539191e-04
1.9189225225225225557e+01,3.9525474091347141117e-04
1.9219255155155153147e+01,3.4030209997965791668e-04
1.9249285085085084290e+01,2.8551074170207681353e-04
1.9279315015015015433e+01,2.3088156522753543122e-04
1.9309344944944943023e+01,1.7641546410942173548e-04
1.9339374874874874166e+01,1.2211332630644551535e-04
1.9369404804804805309e+01,6.7976015124793996410e-05
1.9399434734734732899e+01,1.4004339700531029012e-05
1.9429464664664664042e+01,-3.9800903503774710801e-05
1.9459494594594595185e+01,-9.3438922941945656451e-05
1.9489524524524522775e+01,-1.4690893194633830761e-04
1.9519554454454453918e+01,-2.0021014869033471224e-04
1.9549584384384381508e+01,-2.5334179615111766066e-04
1.9579614314314312651e+01,-3.0630310207288146285e-04
1.9609644244244243794e+01,-3.5909329893028807401e-04
1.9639674174174171384e+01,-4.1171162389232011936e-04
1.9669704104104102527e+01,-4.6415731878646530537e-04
1.9699734034034033670e+01,-5.1642963006317209838e-04
1.9729763963963961260e+01,-5.6852781262817513215e-04
1.9759793893893892403e+01,-6.2045117237289433218e-04
1.9789823823823823545e+01,-6.7219905008720896335e-04
1.9819853753753751135e+01,-7.2377079110199900400e-04
1.9849883683683682278e+01,-7.7516574470983163909e-04
1.9879913613613613421e+01,-8.2638326413500312780e-04
1.9909943543543541011e+01,-8.7742270650390582348e-04
1.9939973473473472154e+01,-9.2828343281566364203e-04
1.9970003403403403297e+01,-9.7896480791297754015e-04
2.0000033333333330887e+01,-1.0294662004532867134e-03
2.0030063263263262030e+01,-1.0797869828801940142e-03
2.0060093193193193173e+01,-1.1299265313950864181e-03
2.0090123123123120763e+01,-1.1798842259290707752e-03
2.0120153053053051906e+01,-1.2296594613278790265e-03
2.0150182982982983049e+01,-1.2792516930615464334e-03
2.0180212912912910639e+01,-1.3286603979188770560e-03
2.0210242842842841782e+01,-1.3778850558058034718e-03
2.0240272772772772925e+01,-1.4269251497148369937e-03
2.0270302702702700515e+01,-1.4757801657022222297e-03
2.0300332632632631658e+01,-1.5244495928652917853e-03
2.0330362562562562800e+01,-1.5729329233199753572e-03
2.0360392492492490391e+01,-1.6212296521785536391e-03
2.0390422422422421533e+01,-1.6693392775276106373e-03
2.0420452352352352676e+01,-1.7172613004061314853e-03
2.0450482282282280266e+01,-1.7649952247838429035e-03
2.0480512212212211409e+01,-1.8125405575397399247e-03
2.0510542142142142552e+01,-1.8598968207237556553e-03
2.0540572072072070142e+01,-1.9070635988078551547e-03
2.0570602002002001285e+01,-1.9540404967579067148e-03
2.0600631931931932428e+01,-2.0008271218472355873e-03
2.0630661861861860018e+01,-2.0474230836357767277e-03
2.0660691791791791161e+01,-2.0938279939534693713e-03
2.0690721721721722304e+01,-2.1400414668837513567e-03
2.0720751651651649894e+01,-2.1860631187472505561e-03
2.0750781581581581037e+01,-2.2318925680856077122e-03
2.0780811511511508627e+01,-2.2775294356453916478e-03
2.0810841441441439770e+01,-2.3229733443622395568e-03
2.0840871371371370913e+01,-2.3682239193450380609e-03
2.0870901301301298503e+01,-2.4132807878603146010e-03
2.0900931231231229646e+01,-2.4581435845850755327e-03
2.0930961161161160788e+01,-2.5028120008903525541e-03
2.0960991091091088379e+01,-2.5472857622102964420e-03
2.0991021021021019521e+01,-2.5915645959721633068e-03
2.1021050950950950664e+01,-2.6356482311607459107e-03
2.1051080880880878254e+01,-2.6795363983072766415e-03
2.1081110810810809397e+01,-2.7232288294784332688e-03
2.1111140740740740540e+01,-2.7667252582653824311e-03
2.1141170670670668130e+01,-2.8100254197729718740e-03
2.1171200600600599273e+01,-2.8531290506090081251e-03
2.1201230530530530416e+01,-2.8960358888735814389e-03
2.1231260460460458006e+01,-2.9387456741485308218e-03
2.1261290390390389149e+01,-2.9812581474869897201e-03
2.1291320320320320292e+01,-3.0235730515384699919e-03
2.1321350250250247882e+01,-3.0656901573463649253e-03
2.1351380180180179025e+01,-3.1076092964426129707e-03
2.1381410110110110168e+01,-3.1493303091775278618e-03
2.1411440040040037758e+01,-3.1908530367970797115e-03
2.1441469969969968901e+01,-3.2321773214366192155e-03
2.1471499899899900043e+01,-3.2733030061146413218e-03
2.1501529829829827634e+01,-3.3142299347266299982e-03
2.1531559759759758776e+01,-3.3549579520389502703e-03
2.1561589689689689919e+01,-3.3954869036827645470e-03
2.1591619619619617509e+01,-3.4358166361480287423e-03
2.1621649549549548652e+01,-3.4759469967775391379e-03
2.1651679479479479795e+01,-3.5158778337609957257e-03
2.1681709409409407385e+01,-3.5556089961291488175e-03
2.1711739339339338528e+01,-3.5951403351860461606e-03
2.1741769269269269671e+01,-3.6344717454450097688e-03
2.1771799199199197261e+01,-3.6736031702828283139e-03
2.1801829129129128404e+01,-3.7125345560156341150e-03
2.1831859059059059547e+01,-3.7512658492549152446e-03
2.1861888988988987137e+01,-3.7897969969055023826e-03
2.1891918918918918280e+01,-3.8281279461635708480e-03
2.1921948848848845870e+01,-3.8662586445146092384e-03
2.1951978778778777013e+01,-3.9041890397314852126e-03
2.1982008708708708156e+01,-3.9419190798724405844e-03
2.2012038638638635746e+01,-3.9794487132791683814e-03
2.2042068568568566889e+01,-4.0167778885748847001e-03
2.2072098498498498031e+01,-4.0539065546623962236e-03
2.2102128428428425622e+01,-4.0908346607222137101e-03
2.2132158358358356764e+01,-4.1275621574404673317e-03
2.2162188288288287907e+01,-4.1640890366314315535e-03
2.2192218218218215497e+01,-4.2004153394962079338e-03
2.2222248148148146640e+01,-4.2365411099624149596e-03
2.2252278078078077783e+01,-4.2724663917205326844e-03
2.2282308008008005373e+01,-4.3081912282255090813e-03
2.2312337937937936516e+01,-4.3437156626983681323e-03
2.2342367867867867659e+01,-4.3790397381277511302e-03
2.2372397797797795249e+01,-4.4141634972714831331e-03
2.2402427727727726392e+01,-4.4490869826581437574e-03
2.2432457657657657535e+01,-4.4838102365885711825e-03
2.2462487587587585125e+01,-4.5183333011373913099e-03
2.2492517517517516268e+01,-4.5526562181545521257e-03
2.2522547447447447411e+01,-4.5867790292667886751e-03
2.2552577377377375001e+01,-4.6207017759156239142e-03
2.2582607307307306144e+01,-4.6544245217748393684e-03
2.2612637237237237287e+01,-4.6879473907370794450e-03
2.2642667167167164877e+01,-4.7212705161458062841e-03
2.2672697097097096020e+01,-4.7543940306380384417e-03
2.2702727027027027162e+01,-4.7873180661490077545e-03
2.2732756956956954753e+01,-4.8200427539167997257e-03
2.2762786886886885895e+01,-4.8525682244869618176e-03
2.2792816816816817038e+01,-4.8848946077170492946e-03
2.2822846746746744628e+01,-4.9170220327811589231e-03
2.2852876676676675771e+01,-4.9489506281744323132e-03
2.2882906606606606914e+01,-4.9806805217174846684e-03
2.2912936536536534504e+01,-5.0122118405608422076e-03
2.2942966466466465647e+01,-5.0435447111893318833e-03
2.2972996396396396790e+01,-5.0746792594264207923e-03
2.3003026326326324380e+01,-5.1056156131251851510e-03
2.3033056256256255523e+01,-5.1363539465388366456e-03
2.3063086186186186666e+01,-5.1668944730936493259e-03
2.3093116116116114256e+01,-5.1972374063877103262e-03
2.3123146046046045399e+01,-5.2273829589095134607e-03
2.3153175975975972989e+01,-5.2573313420451496525e-03
2.3183205905905904132e+01,-5.2870827660854531269e-03
2.3213235835835835275e+01,-5.3166374402330782156e-03
2.3243265765765762865e+01,-5.3459955726095345283e-03
2.3273295695695694008e+01,-5.3751573702621640097e-03
2.3303325625625625150e+01,-5.4041230391710572828e-03
2.3333355555555552741e+01,-5.4328927842559153472e-03
2.3363385485485483883e+01,-5.4614668093828887263e-03
2.3393415415415415026e+01,-5.4898453173713073275e-03
2.3423445345345342616e+01,-5.5180285100004094340e-03
2.3453475275275273759e+01,-5.5460165932147177659e-03
2.3483505205205204902e+01,-5.5738098243210141072e-03
2.3513535135135132492e+01,-5.6014084896642496805e-03
2.3543565065065063635e+01,-5.6288128745002070225e-03
2.3573594994994994778e+01,-5.6560232626311282567e-03
2.3603624924924922368e+01,-5.6830399364149811192e-03
2.3633654854854853511e+01,-5.7098631767746339111e-03
2.3663684784784784654e+01,-5.7364932632069489185e-03
2.3693714714714712244e+01,-5.7629304737918289961e-03
2.3723744644644643387e+01,-5.7891750852011895564e-03
2.3753774574574574530e+01,-5.8152273727078412219e-03
2.3783804504504502120e+01,-5.8410876101943412508e-03
2.3813834434434433263e+01,-5.8667560701617547589e-03
2.3843864364364364405e+01,-5.8922330237383413465e-03
2.3873894294294291996e+01,-5.9175187406882078997e-03
2.3903924224224223138e+01,-5.9426134919566084985e-03
2.3933954154154154281e+01,-5.9675175911076397059e-03
2.3963984084084081871e+01,-5.9922313873419091879e-03
2.3994014014014013014e+01,-6.0167552292861043589e-03
2.4024043943943944157e+01,-6.0410894638237766160e-03
2.4054073873873871747e+01,-6.0652344361062328001e-03
2.4084103803803802890e+01,-6.0891904895633442579e-03
2.4114133733733734033e+01,-6.1129579659142474837e-03
2.4144163663663661623e+01,-6.1365372051779892501e-03
2.4174193593593592766e+01,-6.1599285456840902064e-03
2.4204223523523523909e+01,-6.1831323240830260782e-03
2.4234253453453451499e+01,-6.2061488753566212626e-03
2.4264283383383382642e+01,-6.2289785328283886479e-03
2.4294313313313310232e+01,-6.2516216281737627472e-03
2.4324343243243241375e+01,-6.2740784914302920663e-03
2.4354373173173172518e+01,-6.2963494510352487760e-03
2.4384403103103100108e+01,-6.3184348530013713027e-03
2.4414433033033031251e+01,-6.3403350943284026223e-03
2.4444462962962962393e+01,-6.3620505790275621791e-03
2.4474492892892889984e+01,-6.3835817091271963505e-03
2.4504522822822821126e+01,-6.4049288846849440626e-03
2.4534552752752752269e+01,-6.4260925037997775056e-03
2.4564582682682679859e+01,-6.4470729626239812668e-03
2.4594612612612611002e+01,-6.4678706553750455951e-03
2.4624642542542542145e+01,-6.4884859743474503774e-03
2.4654672472472469735e+01,-6.5089193099243814605e-03
2.4684702402402400878e+01,-6.5291710505893654423e-03
2.4714732332332332021e+01,-6.5492415829377943065e-03
2.4744762262262259611e+01,-6.5691312916883936798e-03
2.4774792192192190754e+01,-6.5888405596945974138e-03
2.4804822122122121897e+01,-6.6083697679558284915e-03
2.4834852052052049487e+01,-6.6277192963876546683e-03
2.4864881981981980630e+01,-6.6468895542694875211e-03
2.4894911911911911773e+01,-6.6658809904155914491e-03
2.4924941841841839363e+01,-6.6846940543540331325e-03
2.4954971771771770506e+01,-6.7033291934490979447e-03
2.4985001701701701649e+01,-6.7217868529142804288e-03
2.5015031631631629239e+01,-6.7400674758252097224e-03
2.5045061561561560382e+01,-6.7581715031324622253e-03
2.5075091491491491524e+01,-6.7760993736742805918e-03
2.5105121421421419114e+01,-6.7938515241892120586e-03
2.5135151351351350257e+01,-6.8114283893286583019e-03
2.5165181281281281400e+01,-6.8288304016693073331e-03
2.5195211211211208990e+01,-6.8460579917255168225e-03
2.5225241141141140133e+01,-6.8631115879615898698e-03
2.5255271071071071276e+01,-6.8799916168039518954e-03
2.5285301001000998866e+01,-6.8966985026532581435e-03
2.5315330930930930009e+01,-6.9132326684021947610e-03
2.5345360860860861152e+01,-6.9295945621376297055e-03
2.5375390790790788742e+01,-6.9457846702363889441e-03
2.5405420720720719885e+01,-6.9618034800569897347e-03
2.5435450650650647475e+01,-6.9776514766563772080e-03
2.5465480580580578618e+01,-6.9933291428035081194e-03
2.5495510510510509761e+01,-7.0088369589928140382e-03
2.5525540440440437351e+01,-7.0241754034575821369e-03
2.5555570370370368494e+01,-7.0393449521832596530e-03
2.5585600300300299637e+01,-7.0543460789206056949e-03
2.5615630230230227227e+01,-7.0691792551988291704e-03
2.5645660160160158370e+01,-7.0838449503385775285e-03
2.5675690090090089512e+01,-7.0983436314648509086e-03
2.5705720020020017103e+01,-7.1126757635198330221e-03
2.5735749949949948245e+01,-7.1268418092756266255e-03
2.5765779879879879388e+01,-7.1408422293468909806e-03
2.5795809809809806978e+01,-7.1546774822034073238e-03
2.5825839739739738121e+01,-7.1683480350742774176e-03
2.5855869669669669264e+01,-7.1818543970917905414e-03
2.5885899599599596854e+01,-7.1951970861723613115e-03
2.5915929529529527997e+01,-7.2083766178318775183e-03
2.5945959459459459140e+01,-7.2213935051995865877e-03
2.5975989389389386730e+01,-7.2342482590318883673e-03
2.6006019319319317873e+01,-7.2469413877260489831e-03
2.6036049249249249016e+01,-7.2594733973337880611e-03
2.6066079179179176606e+01,-7.2718447915748043661e-03
2.6096109109109107749e+01,-7.2840560718501860815e-03
2.6126139039039038892e+01,-7.2961077372557378226e-03
2.6156168968968966482e+01,-7.3080002845952122398e-03
2.6186198898898897625e+01,-7.3197342083934609572e-03
2.6216228828828828767e+01,-7.3313100009094692849e-03
2.6246258758758756358e+01,-7.3427281521493371549e-03
2.6276288688688687500e+01,-7.3539891498791481669e-03
2.6306318618618618643e+01,-7.3650934799862595795e-03
2.6336348548548546233e+01,-7.3760416482734642712e-03
2.6366378478478477376e+01,-7.3868341932385624127e-03
2.6396408408408408519e+01,-7.3974716540235402676e-03
2.6426438338338336109e+01,-7.4079545673197454494e-03
2.6456468268268267252e+01,-7.4182834673818028731e-03
2.6486498198198198395e+01,-7.4284588860414231537e-03
2.6516528128128125985e+01,-7.4384813527211155956e-03
2.6546558058058057128e+01,-7.4483513944478317928e-03
2.6576587987987988271e+01,-7.4580695358664782571e-03
2.6606617917917915861e+01,-7.4676362992533813420e-03
2.6636647847847847004e+01,-7.4770522045296211947e-03
2.6666677777777774594e+01,-7.4863177692742989208e-03
2.6696707707707705737e+01,-7.4954335087377170141e-03
2.6726737637637636880e+01,-7.5043999358544452929e-03
2.6756767567567564470e+01,-7.5132175612563304595e-03
2.6786797497497495613e+01,-7.5218868932854024423e-03
2.6816827427427426755e+01,-7.5304084383405328618e-03
2.6846857357357354346e+01,-7.5387827208240575094e-03
2.6876887287287285488e+01,-7.5470102943275977139e-03
2.6906917217217216631e+01,-7.5550917126985545763e-03
2.6936947147147144221e+01,-7.5630275273145660883e-03
2.6966977077077075364e+01,-7.5708182870972444076e-03
2.6997007007007006507e+01,-7.5784645385258593564e-03
2.7027036936936934097e+01,-7.5859668256508788059e-03
2.7057066866866865240e+01,-7.5933256901074734982e-03
2.7087096796796796383e+01,-7.6005416711288848255e-03
2.7117126726726723973e+01,-7.6076153055597344962e-03
2.7147156656656655116e+01,-7.6145471278692396580e-03
2.7177186586586586259e+01,-7.6213376701643230707e-03
2.7207216516516513849e+01,-7.6279874622026616962e-03
2.7237246446446444992e+01,-7.6344970314056381441e-03
2.7267276376376376135e+01,-7.6408669028711967072e-03
2.7297306306306303725e+01,-7.6470975993866256715e-03
2.7327336236236234868e+01,-7.6531896414412667676e-03
2.7357366166166166010e+01,-7.6591435556196381731e-03
2.7387396096096093601e+01,-7.6649598988986107628e-03
2.7417426026026024743e+01,-7.6706392337903142944e-03
2.7447455955955955886e+01,-7.6761821203451150938e-03
2.7477485885885883476e+01,-7.6815891161650913868e-03
2.7507515815815814619e+01,-7.6868607764173828636e-03
2.7537545745745745762e+01,-7.6919976538474656505e-03
2.7567575675675673352e+01,-7.6970002987923561572e-03
2.7597605605605604495e+01,-7.7018692591937030351e-03
2.7627635535535535638e+01,-7.7066050806108045423e-03
2.7657665465465463228e+01,-7.7112083062335504482e-03
2.7687695395395394371e+01,-7.7156794768952693953e-03
2.7717725325325325514e+01,-7.7200191310854843207e-03
2.7747755255255253104e+01,-7.7242278049626097655e-03
2.7777785185185184247e+01,-7.7283060323665424968e-03
2.7807815115115111837e+01,-7.7322543448311827421e-03
2.7837845045045042980e+01,-7.7360732715968764939e-03
2.7867874974974974123e+01,-7.7397633399271352495e-03
2.7897904904904901713e+01,-7.7433250912633342505e-03
2.7927934834834832856e+01,-7.7467590892048871637e-03
2.7957964764764763999e+01,-7.7500658969234361220e-03
2.7987994694694691589e+01,-7.7532460751735801305e-03
2.8018024624624622732e+01,-7.7563001823058369197e-03
2.8048054554554553874e+01,-7.7592287742795067879e-03
2.8078084484484481465e+01,-7.7620324046754687886e-03
2.8108114414414412607e+01,-7.7647116247088815086e-03
2.8138144344344343750e+01,-7.7672669832417919056e-03
2.8168174274274271340e+01,-7.7696990267957068491e-03
2.8198204204204202483e+01,-7.7720082995640354245e-03
2.8228234134134133626e+01,-7.7741953434244783286e-03
2.8258264064064061216e+01,-7.7762606979513296604e-03
2.8288293993993992359e+01,-7.7782049004277153958e-03
2.8318323923923923502e+01,-7.7800284858577191047e-03
2.8348353853853851092e+01,-7.7817319869784747077e-03
2.8378383783783782235e+01,-7.7833159342721490795e-03
2.8408413713713713378e+01,-7.7847808562358363979e-03
2.8438443643643640968e+01,-7.7861272933219876843e-03
2.8468473573573572111e+01,-7.7873558049680923279e-03
2.8498503503503503254e+01,-7.7884669500013839483e-03
2.8528533433433430844e+01,-7.7894612848961580082e-03
2.8558563363363361987e+01,-7.7903393637861213100e-03
2.8588593293293293129e+01,-7.7911017384767050631e-03
2.8618623223223220720e+01,-7.7917489584572651937e-03
2.8648653153153151862e+01,-7.7922815709132323483e-03
2.8678683083083083005e+01,-7.7927001207381638853e-03
2.8708713013013010595e+01,-7.7930051505457412220e-03
2.8738742942942941738e+01,-7.7931972006816674359e-03
2.8768772872872872881e+01,-7.7932768092355214976e-03
2.8798802802802800471e+01,-7.7932445120525075527e-03
2.8828832732732731614e+01,-7.7931008427451538972e-03
2.8858862662662662757e+01,-7.7928463327049165427e-03
2.8888892592592590347e+01,-7.7924815111137359439e-03
2.8918922522522521490e+01,-7.7920069049555078580e-03
2.8948952452452452633e+01,-7.7914230390274744065e-03
2.8978982382382380223e+01,-7.7907304411562209798e-03
2.9009012312312311366e+01,-7.7899296581819786611e-03
2.9039042242242238956e+01,-7.7890212400796732944e-03
2.9069072172172170099e+01,-7.7880057345516293457e-03
2.9099102102102101242e+01,-7.7868836870392706129e-03
2.9129132032032028832e+01,-7.7856556407347931800e-03
2.9159161961961959975e+01,-7.7843221365927360231e-03
2.9189191891891891117e+01,-7.7828837133414952368e-03
2.9219221821821818708e+01,-7.7813409074947680055e-03
2.9249251751751749850e+01,-7.7796942533629133074e-03
2.9279281681681680993e+01,-7.7779442830642510354e-03
2.9309311611611608583e+01,-7.7760915265363082099e-03
2.9339341541541539726e+01,-7.7741365115469550362e-03
2.9369371471471470869e+01,-7.7720797637055192772e-03
2.9399401401401398459e+01,-7.7699218064737878703e-03
2.9429431331331329602e+01,-7.7676631611769885941e-03
2.9459461261261260745e+01,-7.7653043470146598456e-03
2.9489491191191188335e+01,-7.7628458810714857236e-03
2.9519521121121119478e+01,-7.7602882784303774469e-03
2.9549551051051050621e+01,-7.7576320609977593434e-03
2.9579580980980978211e+01,-7.7548777642615189520e-03
2.9609610910910909354e+01,-7.7520259231345549703e-03
2.9639640840840840497e+01,-7.7490770703619368115e-03
2.9669670770770768087e+01,-7.7460317365318810678e-03
2.9699700700700699230e+01,-7.7428904500866507776e-03
2.9729730630630630372e+01,-7.7396537373333974472e-03
2.9759760560560557963e+01,-7.7363221224549336835e-03
2.9789790490490489105e+01,-7.7328961275204364384e-03
2.9819820420420420248e+01,-7.7293762724960921387e-03
2.9849850350350347838e+01,-7.7257630752556732956e-03
2.9879880280280278981e+01,-7.7220570515910630718e-03
2.9909910210210210124e+01,-7.7182587152226844393e-03
2.9939940140140137714e+01,-7.7143685778099137240e-03
2.9969970070070068857e+01,-7.7103871489613909351e-03
3.0000000000000000000e+01,-7.7063149362452893279e-03
