1.0000000000000000479e-04,-3.2165238614668333500e-52
1.0384722771622945103e-01,-1.7408497334123493950e-25
2.0759445543245888532e-01,-8.7779252098846081399e-23
3.1134168314868831962e-01,-3.3340030605564089684e-21
4.1508891086491778166e-01,-4.3905121067242202924e-20
5.1883613858114718820e-01,-3.2355241146251315338e-19
6.2258336629737665024e-01,-1.6515219035976302526e-18
7.2633059401360611229e-01,-6.5426426638694805419e-18
8.3007782172983557434e-01,-2.1530435944796301168e-17
9.3382504944606503638e-01,-6.1491299887854672793e-17
1.0375722771622943874e+00,-1.5704723415699024044e-16
1.1413195048785238495e+00,-3.6641357754902022962e-16
1.2450667325947533115e+00,-7.9338045578948864412e-16
1.3488139603109827735e+00,-1.6134581404733221948e-15
1.4525611880272122356e+00,-3.1105723319956519867e-15
1.5563084157434416976e+00,-5.7270679068271152314e-15
1.6600556434596711597e+00,-1.0130146987130796622e-14
1.7638028711759006217e+00,-1.7298269108881221998e-14
1.8675500988921300838e+00,-2.8631392428113565711e-14
1.9712973266083595458e+00,-4.6089369181913763032e-14
2.0750445543245890079e+00,-7.2363147785196868988e-14
2.1787917820408186920e+00,-1.1108380721370284301e-13
2.2825390097570479320e+00,-1.6707488033195730752e-13
2.3862862374732776161e+00,-2.4665375371824840174e-13
2.4900334651895068561e+00,-3.5798817469266729266e-13
2.5937806929057365402e+00,-5.1151449607015768596e-13
2.6975279206219657802e+00,-7.2042421903623547661e-13
2.8012751483381954642e+00,-1.0012263448594150774e-12
2.9050223760544247043e+00,-1.3743923437107500205e-12
3.0087696037706543883e+00,-1.8650921379587856540e-12
3.1125168314868836283e+00,-2.5040286799804918556e-12
3.2162640592031133124e+00,-3.3283777686267663707e-12
3.3200112869193425524e+00,-4.3828467211545946272e-12
3.4237585146355717924e+00,-5.7208524342221057765e-12
3.5275057423518014765e+00,-7.4058342880798356462e-12
3.6312529700680307165e+00,-9.5127090975898215234e-12
3.7350001977842604006e+00,-1.2129475453648878191e-11
3.8387474255004896406e+00,-1.5358977849616002831e-11
3.9424946532167193247e+00,-1.9320841196962168075e-11
4.0462418809329481206e+00,-2.4153584588275991120e-11
4.1499891086491773606e+00,-3.0016917178004486471e-11
4.2537363363654074888e+00,-3.7094233766746595528e-11
4.3574835640816367288e+00,-4.5595338541203265624e-11
4.4612307917978659688e+00,-5.5759326886827089664e-11
4.5649780195140952088e+00,-6.7857785293946921591e-11
4.6687252472303253370e+00,-8.2198117559210415534e-11
4.7724724749465545770e+00,-9.9127206656270157617e-11
4.8762197026627838170e+00,-1.1903529980420778152e-10
4.9799669303790130570e+00,-1.4236012113432479866e-10
5.0837141580952422970e+00,-1.6959129793068634141e-10
5.1874613858114724252e+00,-2.0127506672862293141e-10
5.2912086135277016652e+00,-2.3801925695742206705e-10
5.3949558412439309052e+00,-2.8049856515806323505e-10
5.4987030689601601452e+00,-3.2946014496553732136e-10
5.6024502966763902734e+00,-3.8572951051477415075e-10
5.7061975243926195134e+00,-4.5021675914128644926e-10
5.8099447521088487534e+00,-5.2392311763368269298e-10
5.9136919798250779934e+00,-6.0794783720048677987e-10
6.0174392075413081216e+00,-7.0349545545027278784e-10
6.1211864352575373616e+00,-8.1188338123798523773e-10
6.2249336629737666016e+00,-9.3454980181515767312e-10
6.3286808906899958416e+00,-1.0730618817118119315e-09
6.4324281184062259697e+00,-1.2291246299635402965e-09
6.5361753461224552098e+00,-1.4045900613116130079e-09
6.6399225738386844498e+00,-1.6014661104069729577e-09
6.7436698015549136898e+00,-1.8219268181257229178e-09
6.8474170292711429298e+00,-2.0683229031524120348e-09
6.9511642569873730579e+00,-2.3431910819063885831e-09
7.0549114847036022979e+00,-2.6492668990613375032e-09
7.1586587124198315379e+00,-2.9894941649121704039e-09
7.2624059401360607779e+00,-3.3670384947546131520e-09
7.3661531678522909061e+00,-3.7852979244146290011e-09
7.4699003955685201461e+00,-4.2479171601056865026e-09
7.5736476232847493861e+00,-4.7587984449269046831e-09
7.6773948510009786261e+00,-5.3221179819999385893e-09
7.7811420787172087543e+00,-5.9423357101847843872e-09
7.8848893064334379943e+00,-6.6242141401391351457e-09
7.9886365341496672343e+00,-7.3728292433976149920e-09
8.0923837618658964743e+00,-8.1935864852340246864e-09
8.1961309895821266025e+00,-9.0922388270193977498e-09
8.2998782172983549543e+00,-1.0074898376453446831e-08
8.4036254450145850825e+00,-1.1148054660760678455e-08
8.5073726727308152107e+00,-1.2318593550038696802e-08
8.6111199004470435625e+00,-1.3593810733300379060e-08
8.7148671281632736907e+00,-1.4981429239166153098e-08
8.8186143558795020425e+00,-1.6489620278904899703e-08
8.9223615835957321707e+00,-1.8127020571359897729e-08
9.0261088113119622989e+00,-1.9902749169916032460e-08
9.1298560390281906507e+00,-2.1826426677820887358e-08
9.2336032667444207789e+00,-2.3908195402686819108e-08
9.3373504944606509071e+00,-2.6158740663412260876e-08
9.4410977221768792589e+00,-2.8589309240355860458e-08
9.5448449498931093871e+00,-3.1211729468714507185e-08
9.6485921776093377389e+00,-3.4038432187643336713e-08
9.7523394053255678671e+00,-3.7082472007373480402e-08
9.8560866330417979952e+00,-4.0357548885933032617e-08
9.9598338607580263471e+00,-4.3878030046051646619e-08
1.0063581088474256475e+01,-4.7658972438711359098e-08
1.0167328316190484827e+01,-5.1716144825457308383e-08
1.0271075543906714955e+01,-5.6066050254472530049e-08
1.0374822771622945083e+01,-6.0725949094708908707e-08
1.0478569999339173435e+01,-6.5713882336789336727e-08
1.0582317227055403563e+01,-7.1048695152722973761e-08
1.0686064454771633692e+01,-7.6750060704087774579e-08
1.0789811682487862043e+01,-8.2838504189353440003e-08
1.0893558910204092172e+01,-8.9335427123538298883e-08
1.0997306137920320523e+01,-9.6263131836677696702e-08
1.1101053365636550652e+01,-1.0364484618303976658e-07
1.1204800593352780780e+01,-1.1150474844360596826e-07
1.1308547821069009132e+01,-1.1986799240787952660e-07
1.1412295048785239260e+01,-1.2876073261691696997e-07
1.1516042276501469388e+01,-1.3821014973910072950e-07
1.1619789504217697740e+01,-1.4824447605410107304e-07
1.1723536731933927868e+01,-1.5889302100614081899e-07
1.1827283959650156220e+01,-1.7018619682475532794e-07
1.1931031187366386348e+01,-1.8215554522141740077e-07
1.2034778415082616476e+01,-1.9483376415750696804e-07
1.2138525642798844828e+01,-2.0825473340412269339e-07
1.2242272870515074956e+01,-2.2245354058487713706e-07
1.2346020098231303308e+01,-2.3746650712952761968e-07
1.2449767325947533436e+01,-2.5333121401764434729e-07
1.2553514553663763564e+01,-2.7008652719761782231e-07
1.2657261781379991916e+01,-2.8777262254540496211e-07
1.2761009009096222044e+01,-3.0643101215104449341e-07
1.2864756236812452173e+01,-3.2610458080509166678e-07
1.2968503464528680524e+01,-3.4683760858662289094e-07
1.3072250692244910653e+01,-3.6867579179493768952e-07
1.3175997919961139004e+01,-3.9166626644941839057e-07
1.3279745147677369133e+01,-4.1585763054269088428e-07
1.3383492375393599261e+01,-4.4129997075431302636e-07
1.3487239603109827613e+01,-4.6804491576325444307e-07
1.3590986830826057741e+01,-4.9614564752504448094e-07
1.3694734058542286093e+01,-5.2565691179525348042e-07
1.3798481286258516221e+01,-5.5663503568600491889e-07
1.3902228513974746349e+01,-5.8913795696165465362e-07
1.4005975741690974701e+01,-6.2322530210709684157e-07
1.4109722969407204829e+01,-6.5895837459316907025e-07
1.4213470197123434957e+01,-6.9640015099969732545e-07
1.4317217424839663309e+01,-7.3561529513949605393e-07
1.4420964652555893437e+01,-7.7667025621295129061e-07
1.4524711880272121789e+01,-8.1963328907701647819e-07
1.4628459107988351917e+01,-8.6457440285859965763e-07
1.4732206335704582045e+01,-9.1156536864768091927e-07
1.4835953563420810397e+01,-9.6067986049734488977e-07
1.4939700791137040525e+01,-1.0119934554410768273e-06
1.5043448018853268877e+01,-1.0655835438360502431e-06
1.5147195246569499005e+01,-1.1215293685817875396e-06
1.5250942474285729133e+01,-1.1799122324981602253e-06
1.5354689702001957485e+01,-1.2408153610473190421e-06
1.5458436929718187614e+01,-1.3043238292208624533e-06
1.5562184157434417742e+01,-1.3705247813475978088e-06
1.5665931385150646094e+01,-1.4395074633690732316e-06
1.5769678612866876222e+01,-1.5113629984739080236e-06
1.5873425840583104574e+01,-1.5861845467711637889e-06
1.5977173068299334702e+01,-1.6640675296095654945e-06
1.6080920296015563054e+01,-1.7451092886203796878e-06
1.6184667523731793182e+01,-1.8294091880403139910e-06
1.6288414751448023310e+01,-1.9170689756413450126e-06
1.6392161979164253438e+01,-2.0081923493187929025e-06
1.6495909206880483566e+01,-2.1028850530736610625e-06
1.6599656434596710142e+01,-2.2012553141773397950e-06
1.6703403662312940270e+01,-2.3034132923621952929e-06
1.6807150890029170398e+01,-2.4094712862471411274e-06
1.6910898117745400526e+01,-2.5195441353557503295e-06
1.7014645345461630654e+01,-2.6337485386052096728e-06
1.7118392573177857230e+01,-2.7522035450568576520e-06
1.7222139800894087358e+01,-2.8750306790422203684e-06
1.7325887028610317486e+01,-3.0023532634419536469e-06
1.7429634256326547614e+01,-3.1342972969936964239e-06
1.7533381484042777743e+01,-3.2709909647851478130e-06
1.7637128711759004318e+01,-3.4125644123718938619e-06
1.7740875939475234446e+01,-3.5591506613373421073e-06
1.7844623167191464574e+01,-3.7108844975542071997e-06
1.7948370394907694703e+01,-3.8679032497590153046e-06
1.8052117622623924831e+01,-4.0303467501840904857e-06
1.8155864850340154959e+01,-4.1983565784771092436e-06
1.8259612078056381534e+01,-4.3720773919326305735e-06
1.8363359305772611663e+01,-4.5516555427627242215e-06
1.8467106533488841791e+01,-4.7372400106038330760e-06
1.8570853761205071919e+01,-4.9289822614749903199e-06
1.8674600988921302047e+01,-5.1270355183328166992e-06
1.8778348216637528623e+01,-5.3315562126947439354e-06
1.8882095444353758751e+01,-5.5427021887667157914e-06
1.8985842672069988879e+01,-5.7606344004329352823e-06
1.9089589899786219007e+01,-5.9855157072134870607e-06
1.9193337127502449135e+01,-6.2175113055271484226e-06
1.9297084355218675711e+01,-6.4567891684407953588e-06
1.9400831582934905839e+01,-6.7035187729700561991e-06
1.9504578810651135967e+01,-6.9578730228936981999e-06
1.9608326038367366095e+01,-7.2200259306700591237e-06
1.9712073266083596224e+01,-7.4901550013910806326e-06
1.9815820493799822799e+01,-7.7684390564940838822e-06
1.9919567721516052927e+01,-8.0550599341171784309e-06
2.0023314949232283055e+01,-8.3502013917580620602e-06
2.0127062176948513184e+01,-8.6540494876209633583e-06
2.0230809404664743312e+01,-8.9667929010366814372e-06
2.0334556632380969887e+01,-9.2886218981253091201e-06
2.0438303860097200015e+01,-9.6197299783470807438e-06
2.0542051087813430144e+01,-9.9603116537672373398e-06
2.0645798315529660272e+01,-1.0310565099858530296e-05
2.0749545543245890400e+01,-1.0670689123438158072e-05
2.0853292770962120528e+01,-1.1040886423349697569e-05
2.0957039998678347104e+01,-1.1421360132421435568e-05
2.1060787226394577232e+01,-1.1812317335927014308e-05
2.1164534454110807360e+01,-1.2213965485142412836e-05
2.1268281681827037488e+01,-1.2626515945789571789e-05
2.1372028909543267616e+01,-1.3050180435332635212e-05
2.1475776137259494192e+01,-1.3485174522501367042e-05
2.1579523364975724320e+01,-1.3931714104031899554e-05
2.1683270592691954448e+01,-1.4390018889716826714e-05
2.1787017820408184576e+01,-1.4860308845786615410e-05
2.1890765048124414704e+01,-1.5342807766023045532e-05
2.1994512275840641280e+01,-1.5837739563511808272e-05
2.2098259503556871408e+01,-1.6345332054081513831e-05
2.2202006731273101536e+01,-1.6865812972411058730e-05
2.2305753958989331664e+01,-1.7399414078318712500e-05
2.2409501186705561793e+01,-1.7946366813404277419e-05
2.2513248414421788368e+01,-1.8506906771624555399e-05
2.2616995642138018496e+01,-1.9081269016419484600e-05
2.2720742869854248625e+01,-1.9669692814186256921e-05
2.2824490097570478753e+01,-2.0272416813887910732e-05
2.2928237325286708881e+01,-2.0889683728957697301e-05
2.3031984553002939009e+01,-2.1521735804840054230e-05
2.3135731780719165585e+01,-2.2168818923810377987e-05
2.3239479008435395713e+01,-2.2831178969822870788e-05
2.3343226236151625841e+01,-2.3509064686186909629e-05
2.3446973463867855969e+01,-2.4202725636949473735e-05
2.3550720691584086097e+01,-2.4912413130398216129e-05
2.3654467919300312673e+01,-2.5638380399383698912e-05
2.3758215147016542801e+01,-2.6380881097292208212e-05
2.3861962374732772929e+01,-2.7140171984471973333e-05
2.3965709602449003057e+01,-2.7916509006519884400e-05
2.4069456830165233185e+01,-2.8710152077580317211e-05
2.4173204057881459761e+01,-2.9521359661657143464e-05
2.4276951285597689889e+01,-3.0350394171553157524e-05
2.4380698513313920017e+01,-3.1197517008370061664e-05
2.4484445741030150145e+01,-3.2062992351801472947e-05
2.4588192968746380274e+01,-3.2947084846053646321e-05
2.4691940196462606849e+01,-3.3850059946126441566e-05
2.4795687424178836977e+01,-3.4772185493549053891e-05
2.4899434651895067105e+01,-3.5713728174130695355e-05
2.5003181879611297234e+01,-3.6674958425298653461e-05
2.5106929107327527362e+01,-3.7656144754453256334e-05
2.5210676335043753937e+01,-3.8657559064052999262e-05
2.5314423562759984065e+01,-3.9679472467686153776e-05
2.5418170790476214194e+01,-4.0722157349497005593e-05
2.5521918018192444322e+01,-4.1785887676250383564e-05
2.5625665245908674450e+01,-4.2870936132025563446e-05
2.5729412473624904578e+01,-4.3977578832372077864e-05
2.5833159701341131154e+01,-4.5106089635349278053e-05
2.5936906929057361282e+01,-4.6256745284869076127e-05
2.6040654156773591410e+01,-4.7429821881534268101e-05
2.6144401384489821538e+01,-4.8625595684501897464e-05
2.6248148612206051666e+01,-4.9844345079007448341e-05
2.6351895839922278242e+01,-5.1086346156068441191e-05
2.6455643067638508370e+01,-5.2351878208316405649e-05
2.6559390295354738498e+01,-5.3641218631294495741e-05
2.6663137523070968626e+01,-5.4954645819995452715e-05
2.6766884750787198755e+01,-5.6292439154013408848e-05
2.6870631978503425330e+01,-5.7654875923455791017e-05
2.6974379206219655458e+01,-5.9042236324579305655e-05
2.7078126433935885586e+01,-6.0454798154503475518e-05
2.7181873661652115715e+01,-6.1892840276547299891e-05
2.7285620889368345843e+01,-6.3356642009920101648e-05
2.7389368117084572418e+01,-6.4846480462064158925e-05
2.7493115344800802546e+01,-6.6362635277612401930e-05
2.7596862572517032675e+01,-6.7905383612593657266e-05
2.7700609800233262803e+01,-6.9475003103698309724e-05
2.7804357027949492931e+01,-7.1071771920372969842e-05
2.7908104255665723059e+01,-7.2695965568116464005e-05
2.8011851483381949635e+01,-7.4347861634439265017e-05
2.8115598711098179763e+01,-7.6027735545884097624e-05
2.8219345938814409891e+01,-7.7735862048721889018e-05
2.8323093166530640019e+01,-7.9472516885818367976e-05
2.8426840394246870147e+01,-8.1237972743126440358e-05
2.8530587621963096723e+01,-8.3032503431005935386e-05
2.8634334849679326851e+01,-8.4856381512595117976e-05
2.8738082077395556979e+01,-8.6709877386283282143e-05
2.8841829305111787107e+01,-8.8593262749495430008e-05
2.8945576532828017235e+01,-9.0506806467362743100e-05
2.9049323760544243811e+01,-9.2450776802134455022e-05
2.9153070988260473939e+01,-9.4425442006607169187e-05
2.9256818215976704067e+01,-9.6431067225693367509e-05
2.9360565443692934195e+01,-9.8467918024655389799e-05
2.9464312671409164324e+01,-1.0053625837491999802e-04
2.9568059899125390899e+01,-1.0263634971436012952e-04
2.9671807126841621027e+01,-1.0476845396500881048e-04
2.9775554354557851156e+01,-1.0693283035141990488e-04
2.9879301582274081284e+01,-1.0912973643550623673e-04
2.9983048809990311412e+01,-1.1135942953171705429e-04
3.0086796037706537987e+01,-1.1362216385389780704e-04
3.0190543265422768116e+01,-1.1591819258869679116e-04
3.0294290493138998244e+01,-1.1824776773581157795e-04
3.0398037720855228372e+01,-1.2061113822593620486e-04
3.0501784948571458500e+01,-1.2300855219886345647e-04
3.0605532176287688628e+01,-1.2544025581522178056e-04
3.0709279404003915204e+01,-1.2790649238107260543e-04
3.0813026631720145332e+01,-1.3040750428360749365e-04
3.0916773859436375460e+01,-1.3294353141196771145e-04
3.1020521087152605588e+01,-1.3551481102423885983e-04
3.1124268314868835716e+01,-1.3812157909246492696e-04
3.1228015542585062292e+01,-1.4076406883606329672e-04
3.1331762770301292420e+01,-1.4344251096420253537e-04
3.1435509998017522548e+01,-1.4615713444979150002e-04
3.1539257225733752676e+01,-1.4890816543834938532e-04
3.1643004453449982805e+01,-1.5169582754801419532e-04
3.1746751681166209380e+01,-1.5452034223189048206e-04
3.1850498908882439508e+01,-1.5738192813670779215e-04
3.1954246136598669636e+01,-1.6028080124733524829e-04
3.2057993364314903317e+01,-1.6321717500773918227e-04
3.2161740592031129893e+01,-1.6619126012323747941e-04
3.2265487819747363574e+01,-1.6920326442561729307e-04
3.2369235047463590149e+01,-1.7225339287177897883e-04
3.2472982275179823830e+01,-1.7534184777031190552e-04
3.2576729502896050406e+01,-1.7846882831393430123e-04
3.2680476730612276981e+01,-1.8163453049566496392e-04
3.2784223958328510662e+01,-1.8483914776252038286e-04
3.2887971186044737237e+01,-1.8808287022217375973e-04
3.2991718413760970918e+01,-1.9136588442505815468e-04
3.3095465641477197494e+01,-1.9468837448152620929e-04
3.3199212869193424069e+01,-1.9805052101171417562e-04
3.3302960096909657750e+01,-2.0145250064654388359e-04
3.3406707324625884326e+01,-2.0489448766983654054e-04
3.3510454552342118006e+01,-2.0837665285437993019e-04
3.3614201780058344582e+01,-2.1189916244833612632e-04
3.3717949007774571157e+01,-2.1546218039872805155e-04
3.3821696235490804838e+01,-2.1906586730217040724e-04
3.3925443463207031414e+01,-2.2271037859842660327e-04
3.4029190690923265095e+01,-2.2639586736574203170e-04
3.4132937918639491670e+01,-2.3012248369163600960e-04
3.4236685146355718246e+01,-2.3389037186244678534e-04
3.4340432374071951926e+01,-2.3769967354387842883e-04
3.4444179601788178502e+01,-2.4155052790636924302e-04
3.4547926829504412183e+01,-2.4544306788390084012e-04
3.4651674057220638758e+01,-2.4937742317982615004e-04
3.4755421284936865334e+01,-2.5335372152132326368e-04
3.4859168512653099015e+01,-2.5737208444871555960e-04
3.4962915740369325590e+01,-2.6143262917825834876e-04
3.5066662968085559271e+01,-2.6553547135236145026e-04
3.5170410195801785846e+01,-2.6968072115656068974e-04
3.5274157423518012422e+01,-2.7386848290557910509e-04
3.5377904651234246103e+01,-2.7809885943551727969e-04
3.5481651878950472678e+01,-2.8237194952187579617e-04
3.5585399106666706359e+01,-2.8668784441907149219e-04
3.5689146334382932935e+01,-2.9104663345934876899e-04
3.5792893562099159510e+01,-2.9544840352799608702e-04
3.5896640789815393191e+01,-2.9989323314754095639e-04
3.6000388017531619766e+01,-3.0438119754504569525e-04
3.6104135245247853447e+01,-3.0891237065898668459e-04
3.6207882472964080023e+01,-3.1348681904688437865e-04
3.6311629700680313704e+01,-3.1810460337149181007e-04
3.6415376928396540279e+01,-3.2276578343507959052e-04
3.6519124156112766855e+01,-3.2747041425514804118e-04
3.6622871383829000536e+01,-3.3221854203226890492e-04
3.6726618611545227111e+01,-3.3701021147150014238e-04
3.6830365839261460792e+01,-3.4184546527310196492e-04
3.6934113066977687367e+01,-3.4672433634903247063e-04
3.7037860294693913943e+01,-3.5164685367989717254e-04
3.7141607522410147624e+01,-3.5661304569827712149e-04
3.7245354750126374199e+01,-3.6162293371826831345e-04
3.7349101977842607880e+01,-3.6667653083500748555e-04
3.7452849205558834456e+01,-3.7177384954223798236e-04
3.7556596433275061031e+01,-3.7691489953357279518e-04
3.7660343660991294712e+01,-3.8209967937640149181e-04
3.7764090888707521287e+01,-3.8732818480300486470e-04
3.7867838116423754968e+01,-3.9260041121444070157e-04
3.7971585344139981544e+01,-3.9791634556786317344e-04
3.8075332571856208119e+01,-4.0327596658785324528e-04
3.8179079799572441800e+01,-4.0867925287454357885e-04
3.8282827027288668376e+01,-4.1412618025630306036e-04
3.8386574255004902056e+01,-4.1961671238217559043e-04
3.8490321482721128632e+01,-4.2515081007278468332e-04
3.8594068710437355207e+01,-4.3072843429527450697e-04
3.8697815938153588888e+01,-4.3634953777284653719e-04
3.8801563165869815464e+01,-4.4201406354112539147e-04
3.8905310393586049145e+01,-4.4772195465819672423e-04
3.9009057621302275720e+01,-4.5347315264536138457e-04
3.9112804849018502296e+01,-4.5926758622752465950e-04
3.9216552076734735977e+01,-4.6510517970234284977e-04
3.9320299304450962552e+01,-4.7098585810971419028e-04
3.9424046532167196233e+01,-4.7690954066250247721e-04
3.9527793759883422808e+01,-4.8287613395127539475e-04
3.9631540987599649384e+01,-4.8888554390586792808e-04
3.9735288215315883065e+01,-4.9493767670564679448e-04
3.9839035443032109640e+01,-5.0103242752316302661e-04
3.9942782670748343321e+01,-5.0716968285406671679e-04
4.0046529898464569897e+01,-5.1334933008483963658e-04
4.0150277126180796472e+01,-5.1957125499219503247e-04
4.0254024353897030153e+01,-5.2583532898207551842e-04
4.0357771581613256728e+01,-5.3214141936904597267e-04
4.0461518809329490409e+01,-5.3848939480535601074e-04
4.0565266037045716985e+01,-5.4487911888766410277e-04
4.0669013264761943560e+01,-5.5131044074918970042e-04
4.0772760492478177241e+01,-5.5778320864477881798e-04
4.0876507720194403817e+01,-5.6429727209440002506e-04
4.0980254947910637497e+01,-5.7085247150029546064e-04
4.1084002175626864073e+01,-5.7744863511023820923e-04
4.1187749403343097754e+01,-5.8408559198700989775e-04
4.1291496631059324329e+01,-5.9076317194079776274e-04
4.1395243858775550905e+01,-5.9748119216842848940e-04
4.1498991086491784586e+01,-6.0423946078339355048e-04
4.1602738314208011161e+01,-6.1103778753809347927e-04
4.1706485541924244842e+01,-6.1787598200463791399e-04
4.1810232769640471417e+01,-6.2475383871902036900e-04
4.1913979997356697993e+01,-6.3167114599216832305e-04
4.2017727225072931674e+01,-6.3862769416959193521e-04
4.2121474452789158249e+01,-6.4562327226880711784e-04
4.2225221680505391930e+01,-6.5265765291725222862e-04
4.2328968908221618506e+01,-6.5973060472302661860e-04
4.2432716135937845081e+01,-6.6684189855216956765e-04
4.2536463363654078762e+01,-6.7399130284764255817e-04
4.2640210591370305337e+01,-6.8117856906934075214e-04
4.2743957819086539018e+01,-6.8840344612550218376e-04
4.2847705046802765594e+01,-6.9566568535586118926e-04
4.2951452274518992169e+01,-7.0296503491459058979e-04
4.3055199502235225850e+01,-7.1030122573092580127e-04
4.3158946729951452426e+01,-7.1767398700327094101e-04
4.3262693957667686107e+01,-7.2508305052667026015e-04
4.3366441185383912682e+01,-7.3252814469622817492e-04
4.3470188413100139257e+01,-7.4000898046445052082e-04
4.3573935640816372938e+01,-7.4752526733561346778e-04
4.3677682868532599514e+01,-7.5507671757382049168e-04
4.3781430096248833195e+01,-7.6266304047170596896e-04
4.3885177323965059770e+01,-7.7028392758147557536e-04
4.3988924551681286346e+01,-7.7793906876197295615e-04
4.4092671779397520027e+01,-7.8562815679100934160e-04
4.4196419007113746602e+01,-7.9335088251009642547e-04
4.4300166234829980283e+01,-8.0110691879901451545e-04
4.4403913462546206858e+01,-8.0889593595526046530e-04
4.4507660690262433434e+01,-8.1671760735037290946e-04
4.4611407917978667115e+01,-8.2457160587105684645e-04
4.4715155145694893690e+01,-8.3245758673285185410e-04
4.4818902373411127371e+01,-8.4037520080438373078e-04
4.4922649601127353947e+01,-8.4832410216848343557e-04
4.5026396828843580522e+01,-8.5630394598948042506e-04
4.5130144056559814203e+01,-8.6431437114634188275e-04
4.5233891284276040778e+01,-8.7235500932220458054e-04
4.5337638511992274459e+01,-8.8042549546834094395e-04
4.5441385739708501035e+01,-8.8852546695949660444e-04
4.5545132967424727610e+01,-8.9665454786815132916e-04
4.5648880195140961291e+01,-9.0481235119053136408e-04
4.5752627422857187867e+01,-9.1299849294534376684e-04
4.5856374650573421548e+01,-9.2121259242849225148e-04
4.5960121878289648123e+01,-9.2945426028885310202e-04
4.6063869106005881804e+01,-9.3772309185119646913e-04
4.6167616333722108379e+01,-9.4601868444472937605e-04
4.6271363561438334955e+01,-9.5434063900824033823e-04
4.6375110789154568636e+01,-9.6268855334262276244e-04
4.6478858016870795211e+01,-9.7106200704863399574e-04
4.6582605244587028892e+01,-9.7946057905533637222e-04
4.6686352472303255468e+01,-9.8788385203463441667e-04
4.6790099700019482043e+01,-9.9633140987649064339e-04
4.6893846927735715724e+01,-1.0048028197269019777e-03
4.6997594155451942299e+01,-1.0132976425230430430e-03
4.7101341383168175980e+01,-1.0218154430006059531e-03
4.7205088610884402556e+01,-1.0303557893059751231e-03
4.7308835838600629131e+01,-1.0389182391803146628e-03
4.7412583066316862812e+01,-1.0475023368834923080e-03
4.7516330294033089388e+01,-1.0561076295977193679e-03
4.7620077521749323068e+01,-1.0647336684510640310e-03
4.7723824749465549644e+01,-1.0733800023538136222e-03
4.7827571977181776219e+01,-1.0820461622123159814e-03
4.7931319204898009900e+01,-1.0907316780902824409e-03
4.8035066432614236476e+01,-1.0994360841113403650e-03
4.8138813660330470157e+01,-1.1081589171844034424e-03
4.8242560888046696732e+01,-1.1168997003856665374e-03
4.8346308115762923308e+01,-1.1256579474806422975e-03
4.8450055343479156988e+01,-1.1344331760713348249e-03
4.8553802571195383564e+01,-1.1432249078688612280e-03
4.8657549798911617245e+01,-1.1520326607400775513e-03
4.8761297026627843820e+01,-1.1608559355435221251e-03
4.8865044254344070396e+01,-1.1696942338983800334e-03
4.8968791482060304077e+01,-1.1785470616473929777e-03
4.9072538709776530652e+01,-1.1874139275139645143e-03
4.9176285937492764333e+01,-1.1962943266163750949e-03
4.9280033165208990908e+01,-1.2051877454771059688e-03
4.9383780392925217484e+01,-1.2140936746461974873e-03
4.9487527620641451165e+01,-1.2230116089443521677e-03
4.9591274848357677740e+01,-1.2319410410244803229e-03
4.9695022076073911421e+01,-1.2408814467425419333e-03
4.9798769303790137997e+01,-1.2498323020042672801e-03
4.9902516531506364572e+01,-1.2587930870737525264e-03
5.0006263759222598253e+01,-1.2677632860099081243e-03
5.0110010986938824828e+01,-1.2767423728995666750e-03
5.0213758214655058509e+01,-1.2857298105224631603e-03
5.0317505442371285085e+01,-1.2947250652860203390e-03
5.0421252670087511660e+01,-1.3037276079893623821e-03
5.0524999897803745341e+01,-1.3127369109912367679e-03
5.0628747125519971917e+01,-1.3217524315016265703e-03
5.0732494353236205598e+01,-1.3307736228653716318e-03
5.0836241580952432173e+01,-1.3397999428586175943e-03
5.0939988808668665854e+01,-1.3488308536648190364e-03
5.1043736036384892429e+01,-1.3578658147583809717e-03
5.1147483264101119005e+01,-1.3669042705285198904e-03
5.1251230491817352686e+01,-1.3759456665456339542e-03
5.1354977719533579261e+01,-1.3849894528603506633e-03
5.1458724947249812942e+01,-1.3940350836706551056e-03
5.1562472174966039518e+01,-1.4030820056963623759e-03
5.1666219402682266093e+01,-1.4121296542893818204e-03
5.1769966630398499774e+01,-1.4211774682297594660e-03
5.1873713858114726349e+01,-1.4302248907872906238e-03
5.1977461085830960030e+01,-1.4392713686198713857e-03
5.2081208313547186606e+01,-1.4483163374896341688e-03
5.2184955541263413181e+01,-1.4573592261263104697e-03
5.2288702768979646862e+01,-1.4663994675112334599e-03
5.2392449996695873438e+01,-1.4754364991169629292e-03
5.2496197224412107118e+01,-1.4844697607114534441e-03
5.2599944452128333694e+01,-1.4934986795382639881e-03
5.2703691679844560269e+01,-1.5025226793300486532e-03
5.2807438907560793950e+01,-1.5115411882998593552e-03
5.2911186135277020526e+01,-1.5205536391453412619e-03
5.3014933362993254207e+01,-1.5295594657760008817e-03
5.3118680590709480782e+01,-1.5385580893617202634e-03
5.3222427818425707358e+01,-1.5475489299062055761e-03
5.3326175046141941039e+01,-1.5565314119230420041e-03
5.3429922273858167614e+01,-1.5655049643956006015e-03
5.3533669501574401295e+01,-1.5744690167803566169e-03
5.3637416729290627870e+01,-1.5834229863589408330e-03
5.3741163957006854446e+01,-1.5923662905621409781e-03
5.3844911184723088127e+01,-1.6012983513106540927e-03
5.3948658412439314702e+01,-1.6102185949719194542e-03
5.4052405640155548383e+01,-1.6191264482020364945e-03
5.4156152867871774959e+01,-1.6280213263067946309e-03
5.4259900095588001534e+01,-1.6369026452995886958e-03
5.4363647323304235215e+01,-1.6457698256517197880e-03
5.4467394551020461790e+01,-1.6546222922499357472e-03
5.4571141778736695471e+01,-1.6634594706682118148e-03
5.4674889006452922047e+01,-1.6722807759955600742e-03
5.4778636234169148622e+01,-1.6810856240157370008e-03
5.4882383461885382303e+01,-1.6898734349300040605e-03
5.4986130689601608879e+01,-1.6986436333154555315e-03
5.5089877917317842559e+01,-1.7073956452715182992e-03
5.5193625145034069135e+01,-1.7161288874194004749e-03
5.5297372372750295710e+01,-1.7248427765366029004e-03
5.5401119600466529391e+01,-1.7335367337682210283e-03
5.5504866828182755967e+01,-1.7422101845872260423e-03
5.5608614055898989648e+01,-1.7508625569939112281e-03
5.5712361283615216223e+01,-1.7594932709585273112e-03
5.5816108511331449904e+01,-1.7681017455251090992e-03
5.5919855739047676479e+01,-1.7766874040294514895e-03
5.6023602966763903055e+01,-1.7852496740789309485e-03
5.6127350194480136736e+01,-1.7937879866871736176e-03
5.6231097422196363311e+01,-1.8023017670100449639e-03
5.6334844649912596992e+01,-1.8107904377295581683e-03
5.6438591877628823568e+01,-1.8192534256502178227e-03
5.6542339105345050143e+01,-1.8276901617834614977e-03
5.6646086333061283824e+01,-1.8361000810808252286e-03
5.6749833560777510399e+01,-1.8444826155453678679e-03
5.6853580788493744080e+01,-1.8528371930576399435e-03
5.6957328016209970656e+01,-1.8611632451979646767e-03
5.7061075243926197231e+01,-1.8694602076806217036e-03
5.7164822471642430912e+01,-1.8777275203032777178e-03
5.7268569699358657488e+01,-1.8859646230899277004e-03
5.7372316927074891169e+01,-1.8941709509820805514e-03
5.7476064154791117744e+01,-1.9023459416697165430e-03
5.7579811382507344319e+01,-1.9104890368954955803e-03
5.7683558610223578000e+01,-1.9185996824183104443e-03
5.7787305837939804576e+01,-1.9266773266416441918e-03
5.7891053065656038257e+01,-1.9347214138032496188e-03
5.7994800293372264832e+01,-1.9427313890663176332e-03
5.8098547521088491408e+01,-1.9507067015516214512e-03
5.8202294748804725089e+01,-1.9586468043077628377e-03
5.8306041976520951664e+01,-1.9665511540596226740e-03
5.8409789204237185345e+01,-1.9744192063112300795e-03
5.8513536431953411920e+01,-1.9822504152961803285e-03
5.8617283659669638496e+01,-1.9900442388843795662e-03
5.8721030887385872177e+01,-1.9978001387770355328e-03
5.8824778115102098752e+01,-2.0055175804721825372e-03
5.8928525342818332433e+01,-2.0131960314060549228e-03
5.9032272570534559009e+01,-2.0208349569770492522e-03
5.9136019798250785584e+01,-2.0284338251934106237e-03
5.9239767025967019265e+01,-2.0359921077901187679e-03
5.9343514253683245840e+01,-2.0435092801963038699e-03
5.9447261481399479521e+01,-2.0509848212480279693e-03
5.9551008709115706097e+01,-2.0584182097194139369e-03
5.9654755936831932672e+01,-2.0658089252296200564e-03
5.9758503164548166353e+01,-2.0731564509433898780e-03
5.9862250392264392929e+01,-2.0804602736083721917e-03
5.9965997619980626610e+01,-2.0877198835236375311e-03
6.0069744847696853185e+01,-2.0949347734864763766e-03
6.0173492075413079760e+01,-2.1021044366213888221e-03
6.0277239303129313441e+01,-2.1092283689300591297e-03
6.0380986530845540017e+01,-2.1163060698780765054e-03
6.0484733758561773698e+01,-2.1233370423652184189e-03
6.0588480986278000273e+01,-2.1303207926347132901e-03
6.0692228213994233954e+01,-2.1372568289552496337e-03
6.0795975441710460530e+01,-2.1441446616350025994e-03
6.0899722669426687105e+01,-2.1509838042642779807e-03
6.1003469897142920786e+01,-2.1577737737422872377e-03
6.1107217124859147361e+01,-2.1645140902490532173e-03
6.1210964352575381042e+01,-2.1712042771340782019e-03
6.1314711580291607618e+01,-2.1778438604921394016e-03
6.1418458808007834193e+01,-2.1844323694484345591e-03
6.1522206035724067874e+01,-2.1909693363041621121e-03
6.1625953263440294450e+01,-2.1974542965100003072e-03
6.1729700491156528130e+01,-2.2038867886412928480e-03
6.1833447718872754706e+01,-2.2102663547420298151e-03
6.1937194946588981281e+01,-2.2165925407644821062e-03
6.2040942174305214962e+01,-2.2228648958133013190e-03
6.2144689402021441538e+01,-2.2290829720041215739e-03
6.2248436629737675219e+01,-2.2352463244384697741e-03
6.2352183857453901794e+01,-2.2413545112328439081e-03
6.2455931085170128370e+01,-2.2474070949767776216e-03
6.2559678312886362050e+01,-2.2534036428823673096e-03
6.2663425540602588626e+01,-2.2593437251189232677e-03
6.2767172768318822307e+01,-2.2652269146976088468e-03
6.2870919996035048882e+01,-2.2710527874479895932e-03
6.2974667223751275458e+01,-2.2768209222599001054e-03
6.3078414451467509139e+01,-2.2825309039267412461e-03
6.3182161679183735714e+01,-2.2881823220142392082e-03
6.3285908906899969395e+01,-2.2937747688147628808e-03
6.3389656134616195970e+01,-2.2993078392897900106e-03
6.3493403362332422546e+01,-2.3047811310481082329e-03
6.3597150590048656227e+01,-2.3101942449974717519e-03
6.3700897817764882802e+01,-2.3155467894355923411e-03
6.3804645045481116483e+01,-2.3208383772837523976e-03
6.3908392273197343059e+01,-2.3260686239851414807e-03
6.4012139500913576740e+01,-2.3312371474760230396e-03
6.4115886728629803315e+01,-2.3363435681655569769e-03
6.4219633956346029890e+01,-2.3413875101027459627e-03
6.4323381184062256466e+01,-2.3463686060809043656e-03
6.4427128411778497252e+01,-2.3512864933529255274e-03
6.4530875639494723828e+01,-2.3561408115058577947e-03
6.4634622867210950403e+01,-2.3609312024407964718e-03
6.4738370094927176979e+01,-2.3656573103543387590e-03
6.4842117322643403554e+01,-2.3703187833380638498e-03
6.4945864550359644340e+01,-2.3749152794479860308e-03
6.5049611778075870916e+01,-2.3794464612191829761e-03
6.5153359005792097491e+01,-2.3839119933365855719e-03
6.5257106233508324067e+01,-2.3883115426174910366e-03
6.5360853461224550642e+01,-2.3926447779946402594e-03
6.5464600688940791429e+01,-2.3969113722696923363e-03
6.5568347916657018004e+01,-2.4011110093184843961e-03
6.5672095144373244580e+01,-2.4052433778695200134e-03
6.5775842372089471155e+01,-2.4093081686163272601e-03
6.5879589599805697731e+01,-2.4133050742008192377e-03
6.5983336827521938517e+01,-2.4172337891979769030e-03
6.6087084055238165092e+01,-2.4210940116452493720e-03
6.6190831282954391668e+01,-2.4248854515016532267e-03
6.6294578510670618243e+01,-2.4286078245453809193e-03
6.6398325738386844819e+01,-2.4322608483415436055e-03
6.6502072966103085605e+01,-2.4358442422177145788e-03
6.6605820193819312180e+01,-2.4393577272502028376e-03
6.6709567421535538756e+01,-2.4428010272628058151e-03
6.6813314649251765331e+01,-2.4461738781436830406e-03
6.6917061876967991907e+01,-2.4494760234759537301e-03
6.7020809104684232693e+01,-2.4527072085071305492e-03
6.7124556332400459269e+01,-2.4558671800597006891e-03
6.7228303560116685844e+01,-2.4589556865189754302e-03
6.7332050787832912420e+01,-2.4619724782375994668e-03
6.7435798015549138995e+01,-2.4649173164432618480e-03
6.7539545243265379781e+01,-2.4677899730308288338e-03
6.7643292470981606357e+01,-2.4705902216843895342e-03
6.7747039698697832932e+01,-2.4733178374743429624e-03
6.7850786926414059508e+01,-2.4759725968468066816e-03
6.7954534154130286083e+01,-2.4785542776670499432e-03
6.8058281381846526870e+01,-2.4810626657943667117e-03
6.8162028609562753445e+01,-2.4834975613333906685e-03
6.8265775837278980021e+01,-2.4858587670978436572e-03
6.8369523064995206596e+01,-2.4881460870983286571e-03
6.8473270292711433171e+01,-2.4903593265332606491e-03
6.8577017520427673958e+01,-2.4924982917798829164e-03
6.8680764748143900533e+01,-2.4945627934593954909e-03
6.8784511975860127109e+01,-2.4965526584568818735e-03
6.8888259203576353684e+01,-2.4984677193418945197e-03
6.8992006431292580260e+01,-2.5003078096923520186e-03
6.9095753659008821046e+01,-2.5020727640856976412e-03
6.9199500886725047621e+01,-2.5037624180914183451e-03
6.9303248114441274197e+01,-2.5053766089524528299e-03
6.9406995342157500772e+01,-2.5069151873988197374e-03
6.9510742569873727348e+01,-2.5083780159489868326e-03
6.9614489797589968134e+01,-2.5097649583057509912e-03
6.9718237025306194710e+01,-2.5110758789832010943e-03
6.9821984253022421285e+01,-2.5123106433006924670e-03
6.9925731480738647861e+01,-2.5134691173830611167e-03
7.0029478708454874436e+01,-2.5145511740989165590e-03
7.0133225936171115222e+01,-2.5155567040895123430e-03
7.0236973163887341798e+01,-2.5164856016661966281e-03
7.0340720391603568373e+01,-2.5173377617638543861e-03
7.0444467619319794949e+01,-2.5181130799363064809e-03
7.0548214847036021524e+01,-2.5188114523517629584e-03
7.0651962074752262311e+01,-2.5194327768311439511e-03
7.0755709302468488886e+01,-2.5199769667442403764e-03
7.0859456530184715461e+01,-2.5204439471454009869e-03
7.0963203757900942037e+01,-2.5208336437968002601e-03
7.1066950985617168612e+01,-2.5211459828941152998e-03
7.1170698213333409399e+01,-2.5213808910633725424e-03
7.1274445441049635974e+01,-2.5215382953582689100e-03
7.1378192668765862550e+01,-2.5216181287469542800e-03
7.1481939896482089125e+01,-2.5216203437080138977e-03
7.1585687124198315701e+01,-2.5215448971556615222e-03
7.1689434351914556487e+01,-2.5213917462535216478e-03
7.1793181579630783062e+01,-2.5211608484128288608e-03
7.1896928807347009638e+01,-2.5208521612906367379e-03
7.2000676035063236213e+01,-2.5204656431531838670e-03
7.2104423262779462789e+01,-2.5200012653041857502e-03
7.2208170490495703575e+01,-2.5194590150583008950e-03
7.2311917718211930151e+01,-2.5188388807879909595e-03
7.2415664945928156726e+01,-2.5181408509323539684e-03
7.2519412173644383302e+01,-2.5173649139966398913e-03
7.2623159401360624088e+01,-2.5165110585517870383e-03
7.2726906629076850663e+01,-2.5155792752180024599e-03
7.2830653856793077239e+01,-2.5145695733879147582e-03
7.2934401084509303814e+01,-2.5134819726874216284e-03
7.3038148312225530390e+01,-2.5123164927376563475e-03
7.3141895539941771176e+01,-2.5110731530484258801e-03
7.3245642767657997751e+01,-2.5097519730189997433e-03
7.3349389995374224327e+01,-2.5083529719388941021e-03
7.3453137223090450902e+01,-2.5068761738606813901e-03
7.3556884450806677478e+01,-2.5053216240556609035e-03
7.3660631678522918264e+01,-2.5036893733890626390e-03
7.3764378906239144840e+01,-2.5019794724401101318e-03
7.3868126133955371415e+01,-2.5001919715038770434e-03
7.3971873361671597991e+01,-2.4983269205932747206e-03
7.4075620589387824566e+01,-2.4963843694586077340e-03
7.4179367817104065352e+01,-2.4943643757982091741e-03
7.4283115044820291928e+01,-2.4922670182724948953e-03
7.4386862272536518503e+01,-2.4900923785002187540e-03
7.4490609500252745079e+01,-2.4878405376454345264e-03
7.4594356727968971654e+01,-2.4855115764206583105e-03
7.4698103955685212441e+01,-2.4831055750900031705e-03
7.4801851183401439016e+01,-2.4806226135706921192e-03
7.4905598411117665592e+01,-2.4780627821625700151e-03
7.5009345638833892167e+01,-2.4754261911124927735e-03
7.5113092866550118742e+01,-2.4727129523294411745e-03
7.5216840094266359529e+01,-2.4699231771049619429e-03
7.5320587321982586104e+01,-2.4670569761174316985e-03
7.5424334549698812680e+01,-2.4641144594362636606e-03
7.5528081777415039255e+01,-2.4610957366892473146e-03
7.5631829005131265831e+01,-2.4580009289557514136e-03
7.5735576232847506617e+01,-2.4548301767489846652e-03
7.5839323460563733192e+01,-2.4515836217195411013e-03
7.5943070688279959768e+01,-2.4482614047439659605e-03
7.6046817915996186343e+01,-2.4448636659300387874e-03
7.6150565143712412919e+01,-2.4413905446220109975e-03
7.6254312371428653705e+01,-2.4378421795390316056e-03
7.6358059599144880281e+01,-2.4342187203659111649e-03
7.6461806826861106856e+01,-2.4305203366664315280e-03
7.6565554054577333432e+01,-2.4267471991979471316e-03
7.6669301282293560007e+01,-2.4228994777935530455e-03
7.6773048510009800793e+01,-2.4189773413683265078e-03
7.6876795737726027369e+01,-2.4149809579255263926e-03
7.6980542965442253944e+01,-2.4109104946063867128e-03
7.7084290193158480520e+01,-2.4067661274423993688e-03
7.7188037420874707095e+01,-2.4025480536071139835e-03
7.7291784648590947882e+01,-2.3982564722431487514e-03
7.7395531876307174457e+01,-2.3938915814253371173e-03
7.7499279104023401032e+01,-2.3894535781678683320e-03
7.7603026331739627608e+01,-2.3849426584313837725e-03
7.7706773559455854183e+01,-2.3803590171303334704e-03
7.7810520787172094970e+01,-2.3757028546932722549e-03
7.7914268014888321545e+01,-2.3709743938278367466e-03
7.8018015242604548121e+01,-2.3661738612536860511e-03
7.8121762470320774696e+01,-2.3613014824861297200e-03
7.8225509698037001272e+01,-2.3563574818441109480e-03
7.8329256925753242058e+01,-2.3513420824581286218e-03
7.8433004153469468633e+01,-2.3462555062780999539e-03
7.8536751381185695209e+01,-2.3410979772165332706e-03
7.8640498608901921784e+01,-2.3358697402830579104e-03
7.8744245836618148360e+01,-2.3305710488407205619e-03
7.8847993064334389146e+01,-2.3252021549579277374e-03
7.8951740292050615722e+01,-2.3197633093781596693e-03
7.9055487519766842297e+01,-2.3142547615286530351e-03
7.9159234747483068872e+01,-2.3086767595290372777e-03
7.9262981975199295448e+01,-2.3030295510008450509e-03
7.9366729202915536234e+01,-2.2973133993718876031e-03
7.9470476430631762810e+01,-2.2915285830830550706e-03
7.9574223658347989385e+01,-2.2856753797830600683e-03
7.9677970886064215961e+01,-2.2797540656745328078e-03
7.9781718113780442536e+01,-2.2737649155234211304e-03
7.9885465341496683322e+01,-2.2677082026683146460e-03
7.9989212569212909898e+01,-2.2615841990489943779e-03
8.0092959796929136473e+01,-2.2553931838983978797e-03
8.0196707024645363049e+01,-2.2491354573894659086e-03
8.0300454252361589624e+01,-2.2428113216941512886e-03
8.0404201480077830411e+01,-2.2364210774248071724e-03
8.0507948707794056986e+01,-2.2299650236442467022e-03
8.0611695935510283562e+01,-2.2234434578757024913e-03
8.0715443163226510137e+01,-2.2168566761127284255e-03
8.0819190390942736713e+01,-2.2102049748890044943e-03
8.0922937618658977499e+01,-2.2034886696037604345e-03
8.1026684846375204074e+01,-2.1967080856754726999e-03
8.1130432074091430650e+01,-2.1898635469943016421e-03
8.1234179301807657225e+01,-2.1829553757957958354e-03
8.1337926529523883801e+01,-2.1759838926714530731e-03
8.1441673757240124587e+01,-2.1689494165791781480e-03
8.1545420984956351163e+01,-2.1618522649003335707e-03
8.1649168212672577738e+01,-2.1546927629734939982e-03
8.1752915440388804313e+01,-2.1474712556634567399e-03
8.1856662668105030889e+01,-2.1401880889257468739e-03
8.1960409895821271675e+01,-2.1328436069642181874e-03
8.2064157123537498251e+01,-2.1254381522421306877e-03
8.2167904351253724826e+01,-2.1179720654931279318e-03
8.2271651578969951402e+01,-2.1104456857321519068e-03
8.2375398806686192188e+01,-2.1028593515803463247e-03
8.2479146034402418763e+01,-2.0952134180672148112e-03
8.2582893262118645339e+01,-2.0875082516229937803e-03
8.2686640489834871914e+01,-2.0797442171375146898e-03
8.2790387717551098490e+01,-2.0719216776715920249e-03
8.2894134945267339276e+01,-2.0640409944684616310e-03
8.2997882172983565852e+01,-2.0561025269651522600e-03
8.3101629400699792427e+01,-2.0481066328037473949e-03
8.3205376628416019003e+01,-2.0400536726609122193e-03
8.3309123856132245578e+01,-2.0319440267463225423e-03
8.3412871083848486364e+01,-2.0237780792782284617e-03
8.3516618311564712940e+01,-2.0155562125659409224e-03
8.3620365539280939515e+01,-2.0072788070214504612e-03
8.3724112766997166091e+01,-1.9989462411711921008e-03
8.3827859994713392666e+01,-1.9905588916677087637e-03
8.3931607222429633453e+01,-1.9821171333703237194e-03
8.4035354450145860028e+01,-1.9736213488182685963e-03
8.4139101677862086603e+01,-1.9650719378231568980e-03
8.4242848905578313179e+01,-1.9564693005221915102e-03
8.4346596133294539754e+01,-1.9478138350838810136e-03
8.4450343361010780541e+01,-1.9391059377201320078e-03
8.4554090588727007116e+01,-1.9303460026982612041e-03
8.4657837816443233692e+01,-1.9215344223529006156e-03
8.4761585044159460267e+01,-1.9126715875056124212e-03
8.4865332271875686843e+01,-1.9037579001501040397e-03
8.4969079499591927629e+01,-1.8947937758542906204e-03
8.5072826727308154204e+01,-1.8857796290633152981e-03
8.5176573955024380780e+01,-1.8767158722031019973e-03
8.5280321182740607355e+01,-1.8676029156926368408e-03
8.5384068410456833931e+01,-1.8584411679561639065e-03
8.5487815638173074717e+01,-1.8492310354352864410e-03
8.5591562865889301293e+01,-1.8399729234202359413e-03
8.5695310093605527868e+01,-1.8306672499574011461e-03
8.5799057321321754443e+01,-1.8213144438028727994e-03
8.5902804549037981019e+01,-1.8119149320617977238e-03
8.6006551776754221805e+01,-1.8024691397785018269e-03
8.6110299004470448381e+01,-1.7929774899489111552e-03
8.6214046232186674956e+01,-1.7834404035328684304e-03
8.6317793459902901532e+01,-1.7738582994663769452e-03
8.6421540687619128107e+01,-1.7642315956615415781e-03
8.6525287915335368893e+01,-1.7545607227630222354e-03
8.6629035143051595469e+01,-1.7448461206702894997e-03
8.6732782370767822044e+01,-1.7350882274680566250e-03
8.6836529598484048620e+01,-1.7252874791474463734e-03
8.6940276826200275195e+01,-1.7154443096184810238e-03
8.7044024053916515982e+01,-1.7055591507224817423e-03
8.7147771281632742557e+01,-1.6956324322443901056e-03
8.7251518509348969133e+01,-1.6856645827207663007e-03
8.7355265737065195708e+01,-1.6756560421354567761e-03
8.7459012964781422284e+01,-1.6656072596290102863e-03
8.7562760192497663070e+01,-1.6555186825577645690e-03
8.7666507420213889645e+01,-1.6453907561603995334e-03
8.7770254647930116221e+01,-1.6352239235704452668e-03
8.7874001875646342796e+01,-1.6250186258287150146e-03
8.7977749103362569372e+01,-1.6147753018956460033e-03
8.8081496331078810158e+01,-1.6044943890589642276e-03
8.8185243558795036733e+01,-1.5941763335871816324e-03
8.8288990786511263309e+01,-1.5838215918847025048e-03
8.8392738014227489884e+01,-1.5734306188493279131e-03
8.8496485241943716460e+01,-1.5630038672456948376e-03
8.8600232469659957246e+01,-1.5525417877177627099e-03
8.8703979697376183822e+01,-1.5420448288012229745e-03
8.8807726925092410397e+01,-1.5315134369358034822e-03
8.8911474152808636973e+01,-1.5209480565545044004e-03
8.9015221380524863548e+01,-1.5103491375055332416e-03
8.9118968608241104334e+01,-1.4997171411793689972e-03
8.9222715835957330910e+01,-1.4890525282685053692e-03
8.9326463063673557485e+01,-1.4783557573251682789e-03
8.9430210291389784061e+01,-1.4676272847737351860e-03
8.9533957519106010636e+01,-1.4568675649230589976e-03
8.9637704746822251423e+01,-1.4460770499787158668e-03
8.9741451974538477998e+01,-1.4352561900551623515e-03
8.9845199202254704574e+01,-1.4244054367505221484e-03
8.9948946429970931149e+01,-1.4135252535206338509e-03
9.0052693657687157724e+01,-1.4026161050951658354e-03
9.0156440885403398511e+01,-1.3916784540646397628e-03
9.0260188113119625086e+01,-1.3807127608927306350e-03
9.0363935340835851662e+01,-1.3697194839284699240e-03
9.0467682568552078237e+01,-1.3586990794183721569e-03
9.0571429796268304813e+01,-1.3476520015184777993e-03
9.0675177023984545599e+01,-1.3365787032276958517e-03
9.0778924251700772174e+01,-1.3254796463930595875e-03
9.0882671479416998750e+01,-1.3143552978949948201e-03
9.0986418707133225325e+01,-1.3032061226082298881e-03
9.1090165934849451901e+01,-1.2920325832896162929e-03
9.1193913162565692687e+01,-1.2808351405901722327e-03
9.1297660390281919263e+01,-1.2696142530670554479e-03
9.1401407617998145838e+01,-1.2583703771954354508e-03
9.1505154845714372414e+01,-1.2471039674175133424e-03
9.1608902073430598989e+01,-1.2358154813804673056e-03
9.1712649301146839775e+01,-1.2245053853118445780e-03
9.1816396528863066351e+01,-1.2131741446179877472e-03
9.1920143756579292926e+01,-1.2018222226040787930e-03
9.2023890984295519502e+01,-1.1904500804859926687e-03
9.2127638212011760288e+01,-1.1790581774020535231e-03
9.2231385439727986864e+01,-1.1676469704247295547e-03
9.2335132667444213439e+01,-1.1562169145722279041e-03
9.2438879895160440014e+01,-1.1447684638024424163e-03
9.2542627122876666590e+01,-1.1333020792672144142e-03
9.2646374350592907376e+01,-1.1218182251079434741e-03
9.2750121578309133952e+01,-1.1103173634411914097e-03
9.2853868806025360527e+01,-1.0987999543181923082e-03
9.2957616033741587103e+01,-1.0872664557363843213e-03
9.3061363261457813678e+01,-1.0757173236508551541e-03
9.3165110489174054464e+01,-1.0641530119857138276e-03
9.3268857716890281040e+01,-1.0525739726511551542e-03
9.3372604944606507615e+01,-1.0409806588038714257e-03
9.3476352172322734191e+01,-1.0293735302599818504e-03
9.3580099400038960766e+01,-1.0177530462248049470e-03
9.3683846627755201553e+01,-1.0061196638695281240e-03
9.3787593855471428128e+01,-9.9447383834246451742e-04
9.3891341083187654704e+01,-9.8281602278021918881e-04
9.3995088310903881279e+01,-9.7114666831879764390e-04
9.4098835538620107855e+01,-9.5946622410463314450e-04
9.4202582766336348641e+01,-9.4777513749591567934e-04
9.4306329994052575216e+01,-9.3607385907979357050e-04
9.4410077221768801792e+01,-9.2436284315760078312e-04
9.4513824449485028367e+01,-9.1264254232643893250e-04
9.4617571677201254943e+01,-9.0091340719833628691e-04
9.4721318904917495729e+01,-8.8917588641111884595e-04
9.4825066132633722304e+01,-8.7743042663921441519e-04
9.4928813360349948880e+01,-8.6567747260437384778e-04
9.5032560588066175455e+01,-8.5391746708633449806e-04
9.5136307815782402031e+01,-8.4215085148885951601e-04
9.5240055043498642817e+01,-8.3037807085838968250e-04
9.5343802271214869393e+01,-8.1859957151216749312e-04
9.5447549498931095968e+01,-8.0681579786562795595e-04
9.5551296726647322544e+01,-7.9502719240406752137e-04
9.5655043954363549119e+01,-7.8323419569310825938e-04
9.5758791182079789905e+01,-7.7143724638909611738e-04
9.5862538409796016481e+01,-7.5963678124943792049e-04
9.5966285637512243056e+01,-7.4783323514285792409e-04
9.6070032865228469632e+01,-7.3602704186104825693e-04
9.6173780092944696207e+01,-7.2421863810961462429e-04
9.6277527320660936994e+01,-7.1240846048049627677e-04
9.6381274548377163569e+01,-7.0059694368865580924e-04
9.6485021776093390145e+01,-6.8878452057931089780e-04
9.6588769003809616720e+01,-6.7697162213798257706e-04
9.6692516231525843295e+01,-6.6515867750047044226e-04
9.6796263459242084082e+01,-6.5334611396276431709e-04
9.6900010686958310657e+01,-6.4153435699089878409e-04
9.7003757914674537233e+01,-6.2972383097541055359e-04
9.7107505142390763808e+01,-6.1791496204283060528e-04
9.7211252370106990384e+01,-6.0610817555703717409e-04
9.7314999597823231170e+01,-5.9430389506816912355e-04
9.7418746825539457745e+01,-5.8250254232211293171e-04
9.7522494053255684321e+01,-5.7070453727008779721e-04
9.7626241280971910896e+01,-5.5891029807818911213e-04
9.7729988508688137472e+01,-5.4712024113686200371e-04
9.7833735736404378258e+01,-5.3533478107031470285e-04
9.7937482964120604834e+01,-5.2355433119664679040e-04
9.8041230191836831409e+01,-5.1177930531405731434e-04
9.8144977419553057985e+01,-5.0001011615917110003e-04
9.8248724647269284560e+01,-4.8824717472547104645e-04
9.8352471874985525346e+01,-4.7649089027228963165e-04
9.8456219102701751922e+01,-4.6474167033395361601e-04
9.8559966330417978497e+01,-4.5299992072885274285e-04
9.8663713558134205073e+01,-4.4126604556846772730e-04
9.8767460785850431648e+01,-4.2954044726633324727e-04
9.8871208013566672435e+01,-4.1782352667996683826e-04
9.8974955241282899010e+01,-4.0611568387917976403e-04
9.9078702468999125585e+01,-3.9441731762560072218e-04
9.9182449696715352161e+01,-3.8272882501354428281e-04
9.9286196924431578736e+01,-3.7105060147758095078e-04
9.9389944152147819523e+01,-3.5938304080119701364e-04
9.9493691379864046098e+01,-3.4772653512541042533e-04
9.9597438607580272674e+01,-3.3608147495731437344e-04
9.9701185835296499249e+01,-3.2444824917858598951e-04
9.9804933063012725825e+01,-3.1282724503192325081e-04
9.9908680290728966611e+01,-3.0121884787258942744e-04
1.0001242751844519319e+02,-2.8962344126534780376e-04
1.0011617474616141976e+02,-2.7804140718129327029e-04
1.0021992197387764634e+02,-2.6647312600986311536e-04
1.0032366920159387291e+02,-2.5491897656701337314e-04
1.0042741642931011370e+02,-2.4337933610334489183e-04
1.0053116365702634027e+02,-2.3185458031218695533e-04
1.0063491088474256685e+02,-2.2034508333761455173e-04
1.0073865811245879343e+02,-2.0885157540572274015e-04
1.0084240534017502000e+02,-1.9739178527678217980e-04
1.0094615256789126079e+02,-1.8600742128739190394e-04
1.0104989979560748736e+02,-1.7474184305687015008e-04
1.0115364702332371394e+02,-1.6363823231908852145e-04
1.0125739425103994051e+02,-1.5273959383377584275e-04
1.0136114147875616709e+02,-1.4208875629221753086e-04
1.0146488870647240788e+02,-1.3172837321739875476e-04
1.0156863593418863445e+02,-1.2170092385863785615e-04
1.0167238316190486103e+02,-1.1204871408061754833e-04
1.0177613038962108760e+02,-1.0280303933980121725e-04
1.0187987761733732839e+02,-9.3952041647610366184e-05
1.0198362484505355496e+02,-8.5473235568627863598e-05
1.0208737207276978154e+02,-7.7344227071552272448e-05
1.0219111930048600811e+02,-6.9542713065223179863e-05
1.0229486652820223469e+02,-6.2046480937463297629e-05
1.0239861375591847548e+02,-5.4833408096724485666e-05
1.0250236098363470205e+02,-4.7881461516522194426e-05
1.0260610821135092863e+02,-4.1168697282623672377e-05
1.0270985543906715520e+02,-3.4676589518153163509e-05
1.0281360266678338178e+02,-2.8448699975031743043e-05
1.0291734989449962256e+02,-2.2583255065337730881e-05
1.0302109712221584914e+02,-1.7179977647995480302e-05
1.0312484434993207572e+02,-1.2338189283084995593e-05
1.0322859157764830229e+02,-8.1568122484203120916e-06
1.0333233880536452887e+02,-4.7343715439757732142e-06
1.0343608603308076965e+02,-2.1689968842501229326e-06
1.0353983326079699623e+02,-5.5842467865402830695e-07
1.0364358048851322280e+02,0.0000000000000000000e+00
