1.0000000000000000479e-04,1.1435201674082554905e-27
1.0384722771622945103e-01,7.7055785105706146696e-13
2.0759445543245888532e-01,2.4165496157281330218e-11
3.1134168314868831962e-01,1.8016367249651898982e-10
4.1508891086491778166e-01,7.4570323323816863339e-10
5.1883613858114718820e-01,2.2355998622265578412e-09
6.2258336629737665024e-01,5.4652762420118688638e-09
7.2633059401360611229e-01,1.1605796841700523451e-08
8.3007782172983557434e-01,2.2231680537182426194e-08
9.3382504944606503638e-01,3.9361942661687944037e-08
1.0375722771622943874e+00,6.5494797844837236000e-08
1.1413195048785238495e+00,1.0363643615105204299e-07
1.2450667325947533115e+00,1.5732426547090886190e-07
1.3488139603109827735e+00,2.3064499640284717272e-07
1.4525611880272122356e+00,3.2824792113408612968e-07
1.5563084157434416976e+00,4.5535375030381309794e-07
1.6600556434596711597e+00,6.1775928750689474600e-07
1.7638028711759006217e+00,8.2183831862718490296e-07
1.8675500988921300838e+00,1.0745389235534378774e-06
1.9712973266083595458e+00,1.3833775887665671224e-06
2.0750445543245890079e+00,1.7564303153896302754e-06
2.1787917820408186920e+00,2.2023209775646116622e-06
2.2825390097570479320e+00,2.7302072270491226040e-06
2.3862862374732776161e+00,3.3497641477250866279e-06
2.4900334651895068561e+00,4.0711658073192554354e-06
2.5937806929057365402e+00,4.9050650442612229394e-06
2.6975279206219657802e+00,5.8625715287301445678e-06
2.8012751483381954642e+00,6.9552284812630234235e-06
2.9050223760544247043e+00,8.1949879720092837839e-06
3.0087696037706543883e+00,9.5941852249599273561e-06
3.1125168314868836283e+00,1.1165511906574438966e-05
3.2162640592031133124e+00,1.2921988380054276070e-05
3.3200112869193425524e+00,1.4876935861805395546e-05
3.4237585146355717924e+00,1.7043947318193306792e-05
3.5275057423518014765e+00,1.9436858340049015530e-05
3.6312529700680307165e+00,2.2069717700265345826e-05
3.7350001977842604006e+00,2.4956757567358474071e-05
3.8387474255004896406e+00,2.8112363641291924940e-05
3.9424946532167193247e+00,3.1551045349011238477e-05
4.0462418809329481206e+00,3.5287406097516158887e-05
4.1499891086491773606e+00,3.9336113449104668030e-05
4.2537363363654074888e+00,4.3711869748384799266e-05
4.3574835640816367288e+00,4.8429383528385014997e-05
4.4612307917978659688e+00,5.3503339714813380869e-05
4.5649780195140952088e+00,5.8948372624328533825e-05
4.6687252472303253370e+00,6.4779036885978440803e-05
4.7724724749465545770e+00,7.1009780894720371243e-05
4.8762197026627838170e+00,7.7654920048661252221e-05
4.9799669303790130570e+00,8.4728610214344134773e-05
5.0837141580952422970e+00,9.2244822492693236008e-05
5.1874613858114724252e+00,1.0021731854727199476e-04
5.2912086135277016652e+00,1.0865962650789916645e-04
5.3949558412439309052e+00,1.1758501760503115485e-04
5.4987030689601601452e+00,1.2700648366763050631e-04
5.6024502966763902734e+00,1.3693671540291463403e-04
5.7061975243926195134e+00,1.4738808147736934501e-04
5.8099447521088487534e+00,1.5837260841920365703e-04
5.9136919798250779934e+00,1.6990196140631425828e-04
6.0174392075413081216e+00,1.8198742592069830511e-04
6.1211864352575373616e+00,1.9463989017025251009e-04
6.2249336629737666016e+00,2.0786982836875703682e-04
6.3286808906899958416e+00,2.2168728492559321738e-04
6.4324281184062259697e+00,2.3610185975462313467e-04
6.5361753461224552098e+00,2.5112269411546090823e-04
6.6399225738386844498e+00,2.6675845729812473804e-04
6.7436698015549136898e+00,2.8301733459632611410e-04
6.8474170292711429298e+00,2.9990701564561742442e-04
6.9511642569873730579e+00,3.1743468414231632230e-04
7.0549114847036022979e+00,3.3560700771177216653e-04
7.1586587124198315379e+00,3.5443012960123976719e-04
7.2624059401360607779e+00,3.7390966002971996653e-04
7.3661531678522909061e+00,3.9405066967878547152e-04
7.4699003955685201461e+00,4.1485768242809068331e-04
7.5736476232847493861e+00,4.3633467109153995086e-04
7.6773948510009786261e+00,4.5848505057062517373e-04
7.7811420787172087543e+00,4.8131167677341703866e-04
7.8848893064334379943e+00,5.0481683986693982880e-04
7.9886365341496672343e+00,5.2900226467531518120e-04
8.0923837618658964743e+00,5.5386910814698639416e-04
8.1961309895821266025e+00,5.7941795617059803358e-04
8.2998782172983549543e+00,6.0564882668566759252e-04
8.4036254450145850825e+00,6.3256116832538880103e-04
8.5073726727308152107e+00,6.6015385948859370627e-04
8.6111199004470435625e+00,6.8842521295749755251e-04
8.7148671281632736907e+00,7.1737297805739394692e-04
8.8186143558795020425e+00,7.4699434102337551079e-04
8.9223615835957321707e+00,7.7728592921972976260e-04
9.0261088113119622989e+00,8.0824381659688813821e-04
9.1298560390281906507e+00,8.3986352802595438689e-04
9.2336032667444207789e+00,8.7214004373913436591e-04
9.3373504944606509071e+00,9.0506780375123772539e-04
9.4410977221768792589e+00,9.3864071525248324313e-04
9.5448449498931093871e+00,9.7285215942788123150e-04
9.6485921776093377389e+00,1.0076949983458781401e-03
9.7523394053255678671e+00,1.0431615823085992577e-03
9.8560866330417979952e+00,1.0792437576473750890e-03
9.9598338607580263471e+00,1.1159328749157013377e-03
1.0063581088474256475e+01,1.1532197973324284125e-03
1.0167328316190484827e+01,1.1910949100405799662e-03
1.0271075543906714955e+01,1.2295481296244383657e-03
1.0374822771622945083e+01,1.2685689137736863574e-03
1.0478569999339173435e+01,1.3081462712656540849e-03
1.0582317227055403563e+01,1.3482687722463340598e-03
1.0686064454771633692e+01,1.3889245587910270530e-03
1.0789811682487862043e+01,1.4301013557257910829e-03
1.0893558910204092172e+01,1.4717864816909266134e-03
1.0997306137920320523e+01,1.5139668604287636645e-03
1.1101053365636550652e+01,1.5566290322796029477e-03
1.1204800593352780780e+01,1.5997591658695265240e-03
1.1308547821069009132e+01,1.6433430699762262197e-03
1.1412295048785239260e+01,1.6873662055589865386e-03
1.1516042276501469388e+01,1.7318136979408552990e-03
1.1619789504217697740e+01,1.7766703491320051493e-03
1.1723536731933927868e+01,1.8219206502844557168e-03
1.1827283959650156220e+01,1.8675487942548360705e-03
1.1931031187366386348e+01,1.9135386878922377475e-03
1.2034778415082616476e+01,1.9598739644710299473e-03
1.2138525642798844828e+01,2.0065379966632910375e-03
1.2242272870515074956e+01,2.0535139093813222812e-03
1.2346020098231303308e+01,2.1007845926836825855e-03
1.2449767325947533436e+01,2.1483327147559494984e-03
1.2553514553663763564e+01,2.1961407349616523729e-03
1.2657261781379991916e+01,2.2441909169581041386e-03
1.2761009009096222044e+01,2.2924653413560034006e-03
1.2864756236812452173e+01,2.3409459157768789002e-03
1.2968503464528680524e+01,2.3896143889502621631e-03
1.3072250692244910653e+01,2.4384523648654670737e-03
1.3175997919961139004e+01,2.4874413159380590922e-03
1.3279745147677369133e+01,2.5365625962041190786e-03
1.3383492375393599261e+01,2.5857974532675844122e-03
1.3487239603109827613e+01,2.6351270349508877991e-03
1.3590986830826057741e+01,2.6845324054655460115e-03
1.3694734058542286093e+01,2.7339945606716432348e-03
1.3798481286258516221e+01,2.7834944411473006194e-03
1.3902228513974746349e+01,2.8330129427285716259e-03
1.4005975741690974701e+01,2.8825309194232353639e-03
1.4109722969407204829e+01,2.9320292026543660034e-03
1.4213470197123434957e+01,2.9814886171585816381e-03
1.4317217424839663309e+01,3.0308899928248120986e-03
1.4420964652555893437e+01,3.0802141647617350267e-03
1.4524711880272121789e+01,3.1294419867649112682e-03
1.4628459107988351917e+01,3.1785543526860852992e-03
1.4732206335704582045e+01,3.2275322074887271249e-03
1.4835953563420810397e+01,3.2763565430475732887e-03
1.4939700791137040525e+01,3.3250084136576128942e-03
1.5043448018853268877e+01,3.3734689586165677623e-03
1.5147195246569499005e+01,3.4217194081345575496e-03
1.5250942474285729133e+01,3.4697410754579126324e-03
1.5354689702001957485e+01,3.5175153843237270609e-03
1.5458436929718187614e+01,3.5650238847268448002e-03
1.5562184157434417742e+01,3.6122482437981736844e-03
1.5665931385150646094e+01,3.6591702572141603447e-03
1.5769678612866876222e+01,3.7057718763299708938e-03
1.5873425840583104574e+01,3.7520352037099971403e-03
1.5977173068299334702e+01,3.7979424905582453986e-03
1.6080920296015563054e+01,3.8434761690639179972e-03
1.6184667523731793182e+01,3.8886188514826113514e-03
1.6288414751448023310e+01,3.9333533213771034245e-03
1.6392161979164253438e+01,3.9776625665919052022e-03
1.6495909206880483566e+01,4.0215297784140088475e-03
1.6599656434596710142e+01,4.0649383427755524448e-03
1.6703403662312940270e+01,4.1078718722736421234e-03
1.6807150890029170398e+01,4.1503142011084888027e-03
1.6910898117745400526e+01,4.1922493820750620155e-03
1.7014645345461630654e+01,4.2336617149218358155e-03
1.7118392573177857230e+01,4.2745357350800145327e-03
1.7222139800894087358e+01,4.3148562217462053253e-03
1.7325887028610317486e+01,4.3546082164025974939e-03
1.7429634256326547614e+01,4.3937770100002087464e-03
1.7533381484042777743e+01,4.4323481614275735824e-03
1.7637128711759004318e+01,4.4703075006505199260e-03
1.7740875939475234446e+01,4.5076411259601508949e-03
1.7844623167191464574e+01,4.5443354199276751390e-03
1.7948370394907694703e+01,4.5803770444057881339e-03
1.8052117622623924831e+01,4.6157529505479891543e-03
1.8155864850340154959e+01,4.6504503798997327488e-03
1.8259612078056381534e+01,4.6844568700722399868e-03
1.8363359305772611663e+01,4.7177602571082041805e-03
1.8467106533488841791e+01,4.7503486783919534470e-03
1.8570853761205071919e+01,4.7822105805851930493e-03
1.8674600988921302047e+01,4.8133347114928514560e-03
1.8778348216637528623e+01,4.8437101407293910171e-03
1.8882095444353758751e+01,4.8733262404593493539e-03
1.8985842672069988879e+01,4.9021727088267600878e-03
1.9089589899786219007e+01,4.9302395579492817174e-03
1.9193337127502449135e+01,4.9575171179357608101e-03
1.9297084355218675711e+01,4.9839960524091829822e-03
1.9400831582934905839e+01,5.0096673298884591974e-03
1.9504578810651135967e+01,5.0345222702181703645e-03
1.9608326038367366095e+01,5.0585524910072964672e-03
1.9712073266083596224e+01,5.0817499668102056667e-03
1.9815820493799822799e+01,5.1041069761218731821e-03
1.9919567721516052927e+01,5.1256161450083841460e-03
2.0023314949232283055e+01,5.1462704211111829147e-03
2.0127062176948513184e+01,5.1660630807216700519e-03
2.0230809404664743312e+01,5.1849877442502970842e-03
2.0334556632380969887e+01,5.2030383386288446904e-03
2.0438303860097200015e+01,5.2202091566668608683e-03
2.0542051087813430144e+01,5.2364947772528093808e-03
2.0645798315529660272e+01,5.2518901622431845427e-03
2.0749545543245890400e+01,5.2663905437131579637e-03
2.0853292770962120528e+01,5.2799915473246772715e-03
2.0957039998678347104e+01,5.2926890585118626167e-03
2.1060787226394577232e+01,5.3044793606581413375e-03
2.1164534454110807360e+01,5.3153589907250367932e-03
2.1268281681827037488e+01,5.3253248837662452847e-03
2.1372028909543267616e+01,5.3343742239875743816e-03
2.1475776137259494192e+01,5.3425045923039373233e-03
2.1579523364975724320e+01,5.3497138136660458627e-03
2.1683270592691954448e+01,5.3560001089725190263e-03
2.1787017820408184576e+01,5.3613619356175507003e-03
2.1890765048124414704e+01,5.3657981482178457311e-03
2.1994512275840641280e+01,5.3693078269385283163e-03
2.2098259503556871408e+01,5.3718904530961047311e-03
2.2202006731273101536e+01,5.3735457191020274612e-03
2.2305753958989331664e+01,5.3742737246930032471e-03
2.2409501186705561793e+01,5.3740747638817715909e-03
2.2513248414421788368e+01,5.3729495444856875674e-03
2.2616995642138018496e+01,5.3708989524505219154e-03
2.2720742869854248625e+01,5.3679242901728168105e-03
2.2824490097570478753e+01,5.3640270280344119758e-03
2.2928237325286708881e+01,5.3592090455864029030e-03
2.3031984553002939009e+01,5.3534723924968117062e-03
2.3135731780719165585e+01,5.3468195045353892128e-03
2.3239479008435395713e+01,5.3392530072078085365e-03
2.3343226236151625841e+01,5.3307758692076774587e-03
2.3446973463867855969e+01,5.3213912885506902545e-03
2.3550720691584086097e+01,5.3111027434718776491e-03
2.3654467919300312673e+01,5.2999139984034569772e-03
2.3758215147016542801e+01,5.2878290213844280493e-03
2.3861962374732772929e+01,5.2748521299193218415e-03
2.3965709602449003057e+01,5.2609877712224608487e-03
2.4069456830165233185e+01,5.2462407890787390863e-03
2.4173204057881459761e+01,5.2306161153462113131e-03
2.4276951285597689889e+01,5.2141190764188709295e-03
2.4380698513313920017e+01,5.1967551061864371981e-03
2.4484445741030150145e+01,5.1785299642975951909e-03
2.4588192968746380274e+01,5.1594495986464154053e-03
2.4691940196462606849e+01,5.1395201656126397738e-03
2.4795687424178836977e+01,5.1187481192040678452e-03
2.4899434651895067105e+01,5.0971400018934602191e-03
2.5003181879611297234e+01,5.0747027329355971423e-03
2.5106929107327527362e+01,5.0514432686878246725e-03
2.5210676335043753937e+01,5.0273689200368652102e-03
2.5314423562759984065e+01,5.0024870983436499697e-03
2.5418170790476214194e+01,4.9768054396168003722e-03
2.5521918018192444322e+01,4.9503318204608256700e-03
2.5625665245908674450e+01,4.9230741831684738177e-03
2.5729412473624904578e+01,4.8950408221149236884e-03
2.5833159701341131154e+01,4.8662400325755065036e-03
2.5936906929057361282e+01,4.8366804276093761789e-03
2.6040654156773591410e+01,4.8063707165852112210e-03
2.6144401384489821538e+01,4.7753197551640260213e-03
2.6248148612206051666e+01,4.7435366659133839165e-03
2.6351895839922278242e+01,4.7110305597959645230e-03
2.6455643067638508370e+01,4.6778108821153010707e-03
2.6559390295354738498e+01,4.6438870870625457293e-03
2.6663137523070968626e+01,4.6092688224638042258e-03
2.6766884750787198755e+01,4.5739659263176312559e-03
2.6870631978503425330e+01,4.5379882288750948358e-03
2.6974379206219655458e+01,4.5013458744713472429e-03
2.7078126433935885586e+01,4.4640489751628549542e-03
2.7181873661652115715e+01,4.4261078374748475880e-03
2.7285620889368345843e+01,4.3875329199212081965e-03
2.7389368117084572418e+01,4.3483346570915735671e-03
2.7493115344800802546e+01,4.3085237740738179316e-03
2.7596862572517032675e+01,4.2681109493231143490e-03
2.7700609800233262803e+01,4.2271070150382431332e-03
2.7804357027949492931e+01,4.1855229584282192812e-03
2.7908104255665723059e+01,4.1433697045384406538e-03
2.8011851483381949635e+01,4.1006584412915545942e-03
2.8115598711098179763e+01,4.0574003249870095947e-03
2.8219345938814409891e+01,4.0136065847286650846e-03
2.8323093166530640019e+01,3.9692886380748391290e-03
2.8426840394246870147e+01,3.9244578048761146610e-03
2.8530587621963096723e+01,3.8791256063290331831e-03
2.8634334849679326851e+01,3.8333035922874453619e-03
2.8738082077395556979e+01,3.7870032764991908882e-03
2.8841829305111787107e+01,3.7402363900887573844e-03
2.8945576532828017235e+01,3.6930145746889701287e-03
2.9049323760544243811e+01,3.6453495521092072959e-03
2.9153070988260473939e+01,3.5972531672650489426e-03
2.9256818215976704067e+01,3.5487371514863978034e-03
2.9360565443692934195e+01,3.4998133994263249703e-03
2.9464312671409164324e+01,3.4504938077138769086e-03
2.9568059899125390899e+01,3.4007902026280127823e-03
2.9671807126841621027e+01,3.3507145868299018088e-03
2.9775554354557851156e+01,3.3002788744717283416e-03
2.9879301582274081284e+01,3.2494949831011975781e-03
2.9983048809990311412e+01,3.1983749544284723748e-03
3.0086796037706537987e+01,3.1469307039134735565e-03
3.0190543265422768116e+01,3.0951742133345744139e-03
3.0294290493138998244e+01,3.0431175131127520712e-03
3.0398037720855228372e+01,2.9907725064703539856e-03
3.0501784948571458500e+01,2.9381511987548736275e-03
3.0605532176287688628e+01,2.8852655734658461291e-03
3.0709279404003915204e+01,2.8321275058420729114e-03
3.0813026631720145332e+01,2.7787489802013373534e-03
3.0916773859436375460e+01,2.7251419061898977947e-03
3.1020521087152605588e+01,2.6713181114014663935e-03
3.1124268314868835716e+01,2.6172895166747256468e-03
3.1228015542585062292e+01,2.5630679357437646283e-03
3.1331762770301292420e+01,2.5086651236812251842e-03
3.1435509998017522548e+01,2.4540929016755412551e-03
3.1539257225733752676e+01,2.3993629671415521096e-03
3.1643004453449982805e+01,2.3444869740522895733e-03
3.1746751681166209380e+01,2.2894766141702948409e-03
3.1850498908882439508e+01,2.2343434481232405178e-03
3.1954246136598669636e+01,2.1790989994993343985e-03
3.2057993364314903317e+01,2.1237548050176933978e-03
3.2161740592031129893e+01,2.0683222679357751717e-03
3.2265487819747363574e+01,2.0128127532030221959e-03
3.2369235047463590149e+01,1.9572376194908758240e-03
3.2472982275179823830e+01,1.9016080922597195565e-03
3.2576729502896050406e+01,1.8459353514542540912e-03
3.2680476730612276981e+01,1.7902305563458290744e-03
3.2784223958328510662e+01,1.7345047346654974846e-03
3.2887971186044737237e+01,1.6787688572543677228e-03
3.2991718413760970918e+01,1.6230338637178150056e-03
3.3095465641477197494e+01,1.5673105648683972099e-03
3.3199212869193424069e+01,1.5116097007997898564e-03
3.3302960096909657750e+01,1.4559419719714680307e-03
3.3406707324625884326e+01,1.4003179539043015666e-03
3.3510454552342118006e+01,1.3447481369035566273e-03
3.3614201780058344582e+01,1.2892429634868704871e-03
3.3717949007774571157e+01,1.2338127562163869657e-03
3.3821696235490804838e+01,1.1784677392806331211e-03
3.3925443463207031414e+01,1.1232180792436503164e-03
3.4029190690923265095e+01,1.0680738285296629587e-03
3.4132937918639491670e+01,1.0130449315101136727e-03
3.4236685146355718246e+01,9.5814126195120110068e-04
3.4340432374071951926e+01,9.0337258529629509661e-04
3.4444179601788178502e+01,8.4874855438785991833e-04
3.4547926829504412183e+01,7.9427873538265997277e-04
3.4651674057220638758e+01,7.3997259037798020914e-04
3.4755421284936865334e+01,6.8583946929998953947e-04
3.4859168512653099015e+01,6.3188861948819386154e-04
3.4962915740369325590e+01,5.7812918390737590753e-04
3.5066662968085559271e+01,5.2457019717322883514e-04
3.5170410195801785846e+01,4.7122058079820250539e-04
3.5274157423518012422e+01,4.1808914406977310766e-04
3.5377904651234246103e+01,3.6518459249993470012e-04
3.5481651878950472678e+01,3.1251551757274374961e-04
3.5585399106666706359e+01,2.6009038336959771666e-04
3.5689146334382932935e+01,2.0791755187391013169e-04
3.5792893562099159510e+01,1.5600527910853334481e-04
3.5896640789815393191e+01,1.0436167867039944607e-04
3.6000388017531619766e+01,5.2994755366733200662e-05
3.6104135245247853447e+01,1.9124185797202251817e-06
3.6207882472964080023e+01,-4.8877565642993408613e-05
3.6311629700680313704e+01,-9.9367561407113301594e-05
3.6415376928396540279e+01,-1.4955002124176450815e-04
3.6519124156112766855e+01,-1.9941752205300273398e-04
3.6622871383829000536e+01,-2.4896280192294361006e-04
3.6726618611545227111e+01,-2.9817869014479782708e-04
3.6830365839261460792e+01,-3.4705811253995226149e-04
3.6934113066977687367e+01,-3.9559417197020942895e-04
3.7037860294693913943e+01,-4.4378008591283978632e-04
3.7141607522410147624e+01,-4.9160915016375518471e-04
3.7245354750126374199e+01,-5.3907481235193903564e-04
3.7349101977842607880e+01,-5.8617068343185462723e-04
3.7452849205558834456e+01,-6.3289045032512234595e-04
3.7556596433275061031e+01,-6.7922790172413385901e-04
3.7660343660991294712e+01,-7.2517702728056021577e-04
3.7764090888707521287e+01,-7.7073191697694530718e-04
3.7867838116423754968e+01,-8.1588673031290459385e-04
3.7971585344139981544e+01,-8.6063579735714157860e-04
3.8075332571856208119e+01,-9.0497361521369367940e-04
3.8179079799572441800e+01,-9.4889474527031728718e-04
3.8282827027288668376e+01,-9.9239384687626512951e-04
3.8386574255004902056e+01,-1.0354657986714151975e-03
3.8490321482721128632e+01,-1.0781055763316280301e-03
3.8594068710437355207e+01,-1.1203082132131634684e-03
3.8697815938153588888e+01,-1.1620689111830368335e-03
3.8801563165869815464e+01,-1.2033830590391057791e-03
3.8905310393586049145e+01,-1.2442461025504345743e-03
3.9009057621302275720e+01,-1.2846535649381066787e-03
3.9112804849018502296e+01,-1.3246011985413113331e-03
3.9216552076734735977e+01,-1.3640848707877676303e-03
3.9320299304450962552e+01,-1.4031004934956980892e-03
3.9424046532167196233e+01,-1.4416441121271245975e-03
3.9527793759883422808e+01,-1.4797119981455567495e-03
3.9631540987599649384e+01,-1.5173004845013616290e-03
3.9735288215315883065e+01,-1.5544059525508470334e-03
3.9839035443032109640e+01,-1.5910249866196396300e-03
3.9942782670748343321e+01,-1.6271543412058702121e-03
4.0046529898464569897e+01,-1.6627908083753676575e-03
4.0150277126180796472e+01,-1.6979312517184325191e-03
4.0254024353897030153e+01,-1.7325727822314960884e-03
4.0357771581613256728e+01,-1.7667126155025132499e-03
4.0461518809329490409e+01,-1.8003479959981317279e-03
4.0565266037045716985e+01,-1.8334762848549713242e-03
4.0669013264761943560e+01,-1.8660950893616063458e-03
4.0772760492478177241e+01,-1.8982020745359968247e-03
4.0876507720194403817e+01,-1.9297949328967894164e-03
4.0980254947910637497e+01,-1.9608715269664920254e-03
4.1084002175626864073e+01,-1.9914299305564520624e-03
4.1187749403343097754e+01,-2.0214682495005402429e-03
4.1291496631059324329e+01,-2.0509846219628944351e-03
4.1395243858775550905e+01,-2.0799774009047982889e-03
4.1498991086491784586e+01,-2.1084451052090428906e-03
4.1602738314208011161e+01,-2.1363862723015091330e-03
4.1706485541924244842e+01,-2.1637994823219446408e-03
4.1810232769640471417e+01,-2.1906835594060307393e-03
4.1913979997356697993e+01,-2.2170374515157425903e-03
4.2017727225072931674e+01,-2.2428601177664521382e-03
4.2121474452789158249e+01,-2.2681505731410472361e-03
4.2225221680505391930e+01,-2.2929080904715778977e-03
4.2328968908221618506e+01,-2.3171320337045950635e-03
4.2432716135937845081e+01,-2.3408217730751827365e-03
4.2536463363654078762e+01,-2.3639767468044367051e-03
4.2640210591370305337e+01,-2.3865966539476741667e-03
4.2743957819086539018e+01,-2.4086812623879531349e-03
4.2847705046802765594e+01,-2.4302303422613891724e-03
4.2951452274518992169e+01,-2.4512437390600892544e-03
4.3055199502235225850e+01,-2.4717215569699463665e-03
4.3158946729951452426e+01,-2.4916639556883828956e-03
4.3262693957667686107e+01,-2.5110710933934853560e-03
4.3366441185383912682e+01,-2.5299432036074379765e-03
4.3470188413100139257e+01,-2.5482807757116914850e-03
4.3573935640816372938e+01,-2.5660843485431844915e-03
4.3677682868532599514e+01,-2.5833544558220211326e-03
4.3781430096248833195e+01,-2.6000916983493454863e-03
4.3885177323965059770e+01,-2.6162969306156060034e-03
4.3988924551681286346e+01,-2.6319710573213649790e-03
4.4092671779397520027e+01,-2.6471149746523782269e-03
4.4196419007113746602e+01,-2.6617296302620038762e-03
4.4300166234829980283e+01,-2.6758162220044930460e-03
4.4403913462546206858e+01,-2.6893760065879847646e-03
4.4507660690262433434e+01,-2.7024102290043451428e-03
4.4611407917978667115e+01,-2.7149201655433437969e-03
4.4715155145694893690e+01,-2.7269073326628302106e-03
4.4818902373411127371e+01,-2.7383733245365349078e-03
4.4922649601127353947e+01,-2.7493197207455314680e-03
4.5026396828843580522e+01,-2.7597481113987901678e-03
4.5130144056559814203e+01,-2.7696603036683397833e-03
4.5233891284276040778e+01,-2.7790582132859362706e-03
4.5337638511992274459e+01,-2.7879437396767549340e-03
4.5441385739708501035e+01,-2.7963187755110194450e-03
4.5545132967424727610e+01,-2.8041853894301780464e-03
4.5648880195140961291e+01,-2.8115457999061338815e-03
4.5752627422857187867e+01,-2.8184022109636313463e-03
4.5856374650573421548e+01,-2.8247568089264751649e-03
4.5960121878289648123e+01,-2.8306118975705541439e-03
4.6063869106005881804e+01,-2.8359699737103101144e-03
4.6167616333722108379e+01,-2.8408335302569989733e-03
4.6271363561438334955e+01,-2.8452050377839933383e-03
4.6375110789154568636e+01,-2.8490870189707279136e-03
4.6478858016870795211e+01,-2.8524822150273231383e-03
4.6582605244587028892e+01,-2.8553933916031569266e-03
4.6686352472303255468e+01,-2.8578232897641096290e-03
4.6790099700019482043e+01,-2.8597746529940401734e-03
4.6893846927735715724e+01,-2.8612504203572850826e-03
4.6997594155451942299e+01,-2.8622536129340866648e-03
4.7101341383168175980e+01,-2.8627872259393690943e-03
4.7205088610884402556e+01,-2.8628542326048921247e-03
4.7308835838600629131e+01,-2.8624577285142746227e-03
4.7412583066316862812e+01,-2.8616009636240878101e-03
4.7516330294033089388e+01,-2.8602871705705442198e-03
4.7620077521749323068e+01,-2.8585195538214517100e-03
4.7723824749465549644e+01,-2.8563013520808604520e-03
4.7827571977181776219e+01,-2.8536359983215458559e-03
4.7931319204898009900e+01,-2.8505269455479948643e-03
4.8035066432614236476e+01,-2.8469776169331812918e-03
4.8138813660330470157e+01,-2.8429914182358847347e-03
4.8242560888046696732e+01,-2.8385719009983742360e-03
4.8346308115762923308e+01,-2.8337227180028077070e-03
4.8450055343479156988e+01,-2.8284474939698897242e-03
4.8553802571195383564e+01,-2.8227498227722980402e-03
4.8657549798911617245e+01,-2.8166333429222546389e-03
4.8761297026627843820e+01,-2.8101018625733150368e-03
4.8865044254344070396e+01,-2.8031591905901378017e-03
4.8968791482060304077e+01,-2.7958091035589385624e-03
4.9072538709776530652e+01,-2.7880553580354990387e-03
4.9176285937492764333e+01,-2.7799018416762191590e-03
4.9280033165208990908e+01,-2.7713525272288000445e-03
4.9383780392925217484e+01,-2.7624113566921738340e-03
4.9487527620641451165e+01,-2.7530822390215360825e-03
4.9591274848357677740e+01,-2.7433691069594259675e-03
4.9695022076073911421e+01,-2.7332760462277744078e-03
4.9798769303790137997e+01,-2.7228071466487589400e-03
4.9902516531506364572e+01,-2.7119664640336315145e-03
5.0006263759222598253e+01,-2.7007580249366943542e-03
5.0110010986938824828e+01,-2.6891859435184770760e-03
5.0213758214655058509e+01,-2.6772544328510510143e-03
5.0317505442371285085e+01,-2.6649676780776464062e-03
5.0421252670087511660e+01,-2.6523298298959372722e-03
5.0524999897803745341e+01,-2.6393450275990471519e-03
5.0628747125519971917e+01,-2.6260175350761791324e-03
5.0732494353236205598e+01,-2.6123516489457735898e-03
5.0836241580952432173e+01,-2.5983516310056635652e-03
5.0939988808668665854e+01,-2.5840217084121598103e-03
5.1043736036384892429e+01,-2.5693661290646170776e-03
5.1147483264101119005e+01,-2.5543892579229319356e-03
5.1251230491817352686e+01,-2.5390954504222349938e-03
5.1354977719533579261e+01,-2.5234890268022928776e-03
5.1458724947249812942e+01,-2.5075742745957413718e-03
5.1562472174966039518e+01,-2.4913555348538740826e-03
5.1666219402682266093e+01,-2.4748372310094681956e-03
5.1769966630398499774e+01,-2.4580237591795947756e-03
5.1873713858114726349e+01,-2.4409194803124570697e-03
5.1977461085830960030e+01,-2.4235287279765599898e-03
5.2081208313547186606e+01,-2.4058559089271576437e-03
5.2184955541263413181e+01,-2.3879054759503204504e-03
5.2288702768979646862e+01,-2.3696818484793343192e-03
5.2392449996695873438e+01,-2.3511894109421410497e-03
5.2496197224412107118e+01,-2.3324325274121592531e-03
5.2599944452128333694e+01,-2.3134156401945641171e-03
5.2703691679844560269e+01,-2.2941432099456548349e-03
5.2807438907560793950e+01,-2.2746196625881135757e-03
5.2911186135277020526e+01,-2.2548493893315775700e-03
5.3014933362993254207e+01,-2.2348367671776439222e-03
5.3118680590709480782e+01,-2.2145862461166766766e-03
5.3222427818425707358e+01,-2.1941022769116089522e-03
5.3326175046141941039e+01,-2.1733892757122797931e-03
5.3429922273858167614e+01,-2.1524516243683991003e-03
5.3533669501574401295e+01,-2.1312936937867622313e-03
5.3637416729290627870e+01,-2.1099199176732872166e-03
5.3741163957006854446e+01,-2.0883347208351132375e-03
5.3844911184723088127e+01,-2.0665424939769953643e-03
5.3948658412439314702e+01,-2.0445475940291646909e-03
5.4052405640155548383e+01,-2.0223543666159963204e-03
5.4156152867871774959e+01,-1.9999672087773999463e-03
5.4259900095588001534e+01,-1.9773905041788842826e-03
5.4363647323304235215e+01,-1.9546286030229214487e-03
5.4467394551020461790e+01,-1.9316858223676525337e-03
5.4571141778736695471e+01,-1.9085664645412756674e-03
5.4674889006452922047e+01,-1.8852748721047759162e-03
5.4778636234169148622e+01,-1.8618153730665394207e-03
5.4882383461885382303e+01,-1.8381922627090485200e-03
5.4986130689601608879e+01,-1.8144098038976263186e-03
5.5089877917317842559e+01,-1.7904722397693749111e-03
5.5193625145034069135e+01,-1.7663838422956421471e-03
5.5297372372750295710e+01,-1.7421488699782561056e-03
5.5401119600466529391e+01,-1.7177715494250866881e-03
5.5504866828182755967e+01,-1.6932560756432600731e-03
5.5608614055898989648e+01,-1.6686066191111009228e-03
5.5712361283615216223e+01,-1.6438273665644051805e-03
5.5816108511331449904e+01,-1.6189224937811835456e-03
5.5919855739047676479e+01,-1.5938961456258629590e-03
5.6023602966763903055e+01,-1.5687524362602203037e-03
5.6127350194480136736e+01,-1.5434954520984558741e-03
5.6231097422196363311e+01,-1.5181292819271055821e-03
5.6334844649912596992e+01,-1.4926580061119961145e-03
5.6438591877628823568e+01,-1.4670856754125170644e-03
5.6542339105345050143e+01,-1.4414163108577601573e-03
5.6646086333061283824e+01,-1.4156539045970994908e-03
5.6749833560777510399e+01,-1.3898024375221230096e-03
5.6853580788493744080e+01,-1.3638658824113828079e-03
5.6957328016209970656e+01,-1.3378481842850787221e-03
5.7061075243926197231e+01,-1.3117532594723998671e-03
5.7164822471642430912e+01,-1.2855849958941971758e-03
5.7268569699358657488e+01,-1.2593472598496882782e-03
5.7372316927074891169e+01,-1.2330439052824406637e-03
5.7476064154791117744e+01,-1.2066787605853801415e-03
5.7579811382507344319e+01,-1.1802556265594536886e-03
5.7683558610223578000e+01,-1.1537782766617642963e-03
5.7787305837939804576e+01,-1.1272504581911191573e-03
5.7891053065656038257e+01,-1.1006758972993541373e-03
5.7994800293372264832e+01,-1.0740582956231684367e-03
5.8098547521088491408e+01,-1.0474013283629369890e-03
5.8202294748804725089e+01,-1.0207086445144402439e-03
5.8306041976520951664e+01,-9.9398386697494727805e-04
5.8409789204237185345e+01,-9.6723058992143789211e-04
5.8513536431953411920e+01,-9.4045237902979739002e-04
5.8617283659669638496e+01,-9.1365277459876255949e-04
5.8721030887385872177e+01,-8.8683529190733401387e-04
5.8824778115102098752e+01,-8.6000342143378936781e-04
5.8928525342818332433e+01,-8.3316062476467022714e-04
5.9032272570534559009e+01,-8.0631032550147513534e-04
5.9136019798250785584e+01,-7.7945592052482831624e-04
5.9239767025967019265e+01,-7.5260078291938304913e-04
5.9343514253683245840e+01,-7.2574826218183377015e-04
5.9447261481399479521e+01,-6.9890168313774508457e-04
5.9551008709115706097e+01,-6.7206432877136678804e-04
5.9654755936831932672e+01,-6.4523944517146959981e-04
5.9758503164548166353e+01,-6.1843025554000278631e-04
5.9862250392264392929e+01,-5.9163996073440547428e-04
5.9965997619980626610e+01,-5.6487173945601691898e-04
6.0069744847696853185e+01,-5.3812873837588768959e-04
6.0173492075413079760e+01,-5.1141405125185819200e-04
6.0277239303129313441e+01,-4.8473074451313192005e-04
6.0380986530845540017e+01,-4.5808186351383790207e-04
6.0484733758561773698e+01,-4.3147043271376449248e-04
6.0588480986278000273e+01,-4.0489945454662810715e-04
6.0692228213994233954e+01,-3.7837188205902647260e-04
6.0795975441710460530e+01,-3.5189062000079207376e-04
6.0899722669426687105e+01,-3.2545855215756612933e-04
6.1003469897142920786e+01,-2.9907854269743276753e-04
6.1107217124859147361e+01,-2.7275343633745665391e-04
6.1210964352575381042e+01,-2.4648605047325640449e-04
6.1314711580291607618e+01,-2.2027913718597398910e-04
6.1418458808007834193e+01,-1.9413541345180860762e-04
6.1522206035724067874e+01,-1.6805757789924735701e-04
6.1625953263440294450e+01,-1.4204831098422972041e-04
6.1729700491156528130e+01,-1.1611027504205473544e-04
6.1833447718872754706e+01,-9.0246091791085816499e-05
6.1937194946588981281e+01,-6.4458313999775953803e-05
6.2040942174305214962e+01,-3.8749470308580082924e-05
6.2144689402021441538e+01,-1.3122072472239719001e-05
6.2248436629737675219e+01,1.2421384499515373789e-05
6.2352183857453901794e+01,3.7878423642716195735e-05
6.2455931085170128370e+01,6.3246625496214824874e-05
6.2559678312886362050e+01,8.8523632608759694014e-05
6.2663425540602588626e+01,1.1370710557348745300e-04
6.2767172768318822307e+01,1.3879472045066998756e-04
6.2870919996035048882e+01,1.6378416864008384719e-04
6.2974667223751275458e+01,1.8867316157207485281e-04
6.3078414451467509139e+01,2.1345948267212941449e-04
6.3182161679183735714e+01,2.3814096709241704629e-04
6.3285908906899969395e+01,2.6271546482178442360e-04
6.3389656134616195970e+01,2.8718083992440872256e-04
6.3493403362332422546e+01,3.1153497042481480836e-04
6.3597150590048656227e+01,3.3577575776853673751e-04
6.3700897817764882802e+01,3.5990118519238522600e-04
6.3804645045481116483e+01,3.8390927857240650248e-04
6.3908392273197343059e+01,4.0779807672329190533e-04
6.4012139500913576740e+01,4.3156563117404908060e-04
6.4115886728629803315e+01,4.5521000606512230895e-04
6.4219633956346029890e+01,4.7872929216161125938e-04
6.4323381184062256466e+01,5.0212166769134287427e-04
6.4427128411778497252e+01,5.2538534752278362016e-04
6.4530875639494723828e+01,5.4851855802075645627e-04
6.4634622867210950403e+01,5.7151953693778171327e-04
6.4738370094927176979e+01,5.9438653332281779062e-04
6.4842117322643403554e+01,6.1711782413591319361e-04
6.4945864550359644340e+01,6.3971177701640938654e-04
6.5049611778075870916e+01,6.6216679374130353510e-04
6.5153359005792097491e+01,6.8448128627145621468e-04
6.5257106233508324067e+01,7.0665367666652772680e-04
6.5360853461224550642e+01,7.2868239700483311561e-04
6.5464600688940791429e+01,7.5056590555179643863e-04
6.5568347916657018004e+01,7.7230275296591443818e-04
6.5672095144373244580e+01,7.9389152526874128251e-04
6.5775842372089471155e+01,8.1533081741357255404e-04
6.5879589599805697731e+01,8.3661923320437847715e-04
6.5983336827521938517e+01,8.5775538522622589432e-04
6.6087084055238165092e+01,8.7873790757711175720e-04
6.6190831282954391668e+01,8.9956552602961630666e-04
6.6294578510670618243e+01,9.2023700751264585207e-04
6.6398325738386844819e+01,9.4075112674911790748e-04
6.6502072966103085605e+01,9.6110666610797637708e-04
6.6605820193819312180e+01,9.8130241554463264360e-04
6.6709567421535538756e+01,1.0013371802008860442e-03
6.6813314649251765331e+01,1.0212098509346293190e-03
6.6917061876967991907e+01,1.0409193713064826981e-03
6.7020809104684232693e+01,1.0604646919985685847e-03
6.7124556332400459269e+01,1.0798447701802751843e-03
6.7228303560116685844e+01,1.0990585694582140699e-03
6.7332050787832912420e+01,1.1181050627260792022e-03
6.7435798015549138995e+01,1.1369832942014282406e-03
6.7539545243265379781e+01,1.1556923780124007256e-03
6.7643292470981606357e+01,1.1742314364351948142e-03
6.7747039698697832932e+01,1.1925995971225709230e-03
6.7850786926414059508e+01,1.2107959930627376979e-03
6.7954534154130286083e+01,1.2288197628860663031e-03
6.8058281381846526870e+01,1.2466700932398638163e-03
6.8162028609562753445e+01,1.2643462590789713434e-03
6.8265775837278980021e+01,1.2818475493880012589e-03
6.8369523064995206596e+01,1.2991732574672793053e-03
6.8473270292711433171e+01,1.3163226809001543800e-03
6.8577017520427673958e+01,1.3332951215206008400e-03
6.8680764748143900533e+01,1.3500899037801705575e-03
6.8784511975860127109e+01,1.3667064467119934348e-03
6.8888259203576353684e+01,1.3831442006305269456e-03
6.8992006431292580260e+01,1.3994026191641467140e-03
6.9095753659008821046e+01,1.4154811592227375429e-03
6.9199500886725047621e+01,1.4313792809730854945e-03
6.9303248114441274197e+01,1.4470964516578135092e-03
6.9406995342157500772e+01,1.4626322115245799210e-03
6.9510742569873727348e+01,1.4779861643655798839e-03
6.9614489797589968134e+01,1.4931579183700808850e-03
6.9718237025306194710e+01,1.5081470840595482142e-03
6.9821984253022421285e+01,1.5229532742703298220e-03
6.9925731480738647861e+01,1.5375761041687596893e-03
7.0029478708454874436e+01,1.5520152222199500285e-03
7.0133225936171115222e+01,1.5662703676925114529e-03
7.0236973163887341798e+01,1.5803412971587894095e-03
7.0340720391603568373e+01,1.5942277686272876124e-03
7.0444467619319794949e+01,1.6079295415320803749e-03
7.0548214847036021524e+01,1.6214463767223333615e-03
7.0651962074752262311e+01,1.6347780415389670701e-03
7.0755709302468488886e+01,1.6479243776131142184e-03
7.0859456530184715461e+01,1.6608852820270169400e-03
7.0963203757900942037e+01,1.6736606537796525854e-03
7.1066950985617168612e+01,1.6862503924597836702e-03
7.1170698213333409399e+01,1.6986543982416637839e-03
7.1274445441049635974e+01,1.7108725718828748236e-03
7.1378192668765862550e+01,1.7229048398075322551e-03
7.1481939896482089125e+01,1.7347512162464902036e-03
7.1585687124198315701e+01,1.7464117343589456288e-03
7.1689434351914556487e+01,1.7578864271121461688e-03
7.1793181579630783062e+01,1.7691753272827737999e-03
7.1896928807347009638e+01,1.7802784674583287117e-03
7.2000676035063236213e+01,1.7911958816024954166e-03
7.2104423262779462789e+01,1.8019276582997970949e-03
7.2208170490495703575e+01,1.8124739535010357151e-03
7.2311917718211930151e+01,1.8228349264812226428e-03
7.2415664945928156726e+01,1.8330107356026243207e-03
7.2519412173644383302e+01,1.8430015383212854790e-03
7.2623159401360624088e+01,1.8528074911935039915e-03
7.2726906629076850663e+01,1.8624287578498024010e-03
7.2830653856793077239e+01,1.8718655761598384894e-03
7.2934401084509303814e+01,1.8811182239491179135e-03
7.3038148312225530390e+01,1.8901869778932601542e-03
7.3141895539941771176e+01,1.8990721130980963392e-03
7.3245642767657997751e+01,1.9077739031107838336e-03
7.3349389995374224327e+01,1.9162926199308356109e-03
7.3453137223090450902e+01,1.9246285523601945350e-03
7.3556884450806677478e+01,1.9327820679530063625e-03
7.3660631678522918264e+01,1.9407535542092038423e-03
7.3764378906239144840e+01,1.9485433964492849222e-03
7.3868126133955371415e+01,1.9561519778290314443e-03
7.3971873361671597991e+01,1.9635796793546853728e-03
7.4075620589387824566e+01,1.9708268799599770217e-03
7.4179367817104065352e+01,1.9778939854680518788e-03
7.4283115044820291928e+01,1.9847814744919888008e-03
7.4386862272536518503e+01,1.9914898349545242899e-03
7.4490609500252745079e+01,1.9980195520601668618e-03
7.4594356727968971654e+01,2.0043711083140977255e-03
7.4698103955685212441e+01,2.0105449835409179397e-03
7.4801851183401439016e+01,2.0165416552280265167e-03
7.4905598411117665592e+01,2.0223616339485593098e-03
7.5009345638833892167e+01,2.0280054949385634827e-03
7.5113092866550118742e+01,2.0334738177525532241e-03
7.5216840094266359529e+01,2.0387671787475019659e-03
7.5320587321982586104e+01,2.0438861511048677343e-03
7.5424334549698812680e+01,2.0488313048524324500e-03
7.5528081777415039255e+01,2.0536032073893675971e-03
7.5631829005131265831e+01,2.0582024601918541030e-03
7.5735576232847506617e+01,2.0626297234512861421e-03
7.5839323460563733192e+01,2.0668856596283671952e-03
7.5943070688279959768e+01,2.0709709275638036458e-03
7.6046817915996186343e+01,2.0748861825029929311e-03
7.6150565143712412919e+01,2.0786320761205195722e-03
7.6254312371428653705e+01,2.0822092569281170325e-03
7.6358059599144880281e+01,2.0856184036616514342e-03
7.6461806826861106856e+01,2.0888602509578318815e-03
7.6565554054577333432e+01,2.0919355355552694646e-03
7.6669301282293560007e+01,2.0948449902048194016e-03
7.6773048510009800793e+01,2.0975893436965260645e-03
7.6876795737726027369e+01,2.1001693208863511653e-03
7.6980542965442253944e+01,2.1025856428397620215e-03
7.7084290193158480520e+01,2.1048390529972544304e-03
7.7188037420874707095e+01,2.1069303500435136202e-03
7.7291784648590947882e+01,2.1088603364953131120e-03
7.7395531876307174457e+01,2.1106298105663945375e-03
7.7499279104023401032e+01,2.1122395661962666512e-03
7.7603026331739627608e+01,2.1136903930787792616e-03
7.7706773559455854183e+01,2.1149830766912791624e-03
7.7810520787172094970e+01,2.1161184146501858805e-03
7.7914268014888321545e+01,2.1170972584912332685e-03
7.8018015242604548121e+01,2.1179204681680413591e-03
7.8121762470320774696e+01,2.1185888990660891804e-03
7.8225509698037001272e+01,2.1191034020330073648e-03
7.8329256925753242058e+01,2.1194648234086313661e-03
7.8433004153469468633e+01,2.1196740050548122485e-03
7.8536751381185695209e+01,2.1197317916190291411e-03
7.8640498608901921784e+01,2.1196390746935946103e-03
7.8744245836618148360e+01,2.1193967634244403712e-03
7.8847993064334389146e+01,2.1190057622621550661e-03
7.8951740292050615722e+01,2.1184669709033254574e-03
7.9055487519766842297e+01,2.1177812843217241542e-03
7.9159234747483068872e+01,2.1169495927992635839e-03
7.9262981975199295448e+01,2.1159727836614575930e-03
7.9366729202915536234e+01,2.1148517759919721257e-03
7.9470476430631762810e+01,2.1135875189566724446e-03
7.9574223658347989385e+01,2.1121809581759998752e-03
7.9677970886064215961e+01,2.1106330343452989542e-03
7.9781718113780442536e+01,2.1089446832668326190e-03
7.9885465341496683322e+01,2.1071168358815606063e-03
7.9989212569212909898e+01,2.1051504183383471132e-03
8.0092959796929136473e+01,2.1030463689929168591e-03
8.0196707024645363049e+01,2.1008056650893796972e-03
8.0300454252361589624e+01,2.0984292857593764108e-03
8.0404201480077830411e+01,2.0959182050809704347e-03
8.0507948707794056986e+01,2.0932733921112099164e-03
8.0611695935510283562e+01,2.0904958109184386753e-03
8.0715443163226510137e+01,2.0875864206143586628e-03
8.0819190390942736713e+01,2.0845461790603746557e-03
8.0922937618658977499e+01,2.0813760755700391747e-03
8.1026684846375204074e+01,2.0780771151434015466e-03
8.1130432074091430650e+01,2.0746502978828502625e-03
8.1234179301807657225e+01,2.0710966187817000592e-03
8.1337926529523883801e+01,2.0674170677567773984e-03
8.1441673757240124587e+01,2.0636126296807500748e-03
8.1545420984956351163e+01,2.0596842844896124172e-03
8.1649168212672577738e+01,2.0556330226078928410e-03
8.1752915440388804313e+01,2.0514598636634314051e-03
8.1856662668105030889e+01,2.0471658267038630140e-03
8.1960409895821271675e+01,2.0427519256170953259e-03
8.2064157123537498251e+01,2.0382191691639241563e-03
8.2167904351253724826e+01,2.0335685610103973464e-03
8.2271651578969951402e+01,2.0288010997599414086e-03
8.2375398806686192188e+01,2.0239177808921487642e-03
8.2479146034402418763e+01,2.0189196211608910481e-03
8.2582893262118645339e+01,2.0138076513435579189e-03
8.2686640489834871914e+01,2.0085828974776226766e-03
8.2790387717551098490e+01,2.0032463804575220169e-03
8.2894134945267339276e+01,1.9977991160668360192e-03
8.2997882172983565852e+01,1.9922421150102352476e-03
8.3101629400699792427e+01,1.9865763829451793532e-03
8.3205376628416019003e+01,1.9808029267152933023e-03
8.3309123856132245578e+01,1.9749227756032444389e-03
8.3412871083848486364e+01,1.9689369613652869806e-03
8.3516618311564712940e+01,1.9628465106312159918e-03
8.3620365539280939515e+01,1.9566524449358955497e-03
8.3724112766997166091e+01,1.9503557807508250729e-03
8.3827859994713392666e+01,1.9439575295154738494e-03
8.3931607222429633453e+01,1.9374586977459978907e-03
8.4035354450145860028e+01,1.9308602976955224848e-03
8.4139101677862086603e+01,1.9241633581483803123e-03
8.4242848905578313179e+01,1.9173689053993729029e-03
8.4346596133294539754e+01,1.9104779606938871242e-03
8.4450343361010780541e+01,1.9034915402589083506e-03
8.4554090588727007116e+01,1.8964106553338172263e-03
8.4657837816443233692e+01,1.8892363122009374950e-03
8.4761585044159460267e+01,1.8819695126068673730e-03
8.4865332271875686843e+01,1.8746112659439261548e-03
8.4969079499591927629e+01,1.8671625915719736004e-03
8.5072826727308154204e+01,1.8596245047455182108e-03
8.5176573955024380780e+01,1.8519980157726415385e-03
8.5280321182740607355e+01,1.8442841300450917366e-03
8.5384068410456833931e+01,1.8364838480681494257e-03
8.5487815638173074717e+01,1.8285981654902786712e-03
8.5591562865889301293e+01,1.8206280737813559413e-03
8.5695310093605527868e+01,1.8125745712662762101e-03
8.5799057321321754443e+01,1.8044386615239302579e-03
8.5902804549037981019e+01,1.7962213436178865039e-03
8.6006551776754221805e+01,1.7879236117911471125e-03
8.6110299004470448381e+01,1.7795464554951889984e-03
8.6214046232186674956e+01,1.7710908594187882090e-03
8.6317793459902901532e+01,1.7625578035166498004e-03
8.6421540687619128107e+01,1.7539482636514266110e-03
8.6525287915335368893e+01,1.7452632201597998319e-03
8.6629035143051595469e+01,1.7365036557127134283e-03
8.6732782370767822044e+01,1.7276705484594993313e-03
8.6836529598484048620e+01,1.7187648718749487693e-03
8.6940276826200275195e+01,1.7097875947871981651e-03
8.7044024053916515982e+01,1.7007396814054239961e-03
8.7147771281632742557e+01,1.6916220913473388118e-03
8.7251518509348969133e+01,1.6824357800202434116e-03
8.7355265737065195708e+01,1.6731817042865430780e-03
8.7459012964781422284e+01,1.6638608214670309784e-03
8.7562760192497663070e+01,1.6544740844985450588e-03
8.7666507420213889645e+01,1.6450224418069891042e-03
8.7770254647930116221e+01,1.6355068373339871988e-03
8.7874001875646342796e+01,1.6259282105633532205e-03
8.7977749103362569372e+01,1.6162874965473836113e-03
8.8081496331078810158e+01,1.6065856260355281058e-03
8.8185243558795036733e+01,1.5968235282609118293e-03
8.8288990786511263309e+01,1.5870021312625890234e-03
8.8392738014227489884e+01,1.5771223588876568181e-03
8.8496485241943716460e+01,1.5671851306509939489e-03
8.8600232469659957246e+01,1.5571913617606180768e-03
8.8703979697376183822e+01,1.5471419631428837312e-03
8.8807726925092410397e+01,1.5370378414674788076e-03
8.8911474152808636973e+01,1.5268798991770757625e-03
8.9015221380524863548e+01,1.5166690349746399409e-03
8.9118968608241104334e+01,1.5064061442297230643e-03
8.9222715835957330910e+01,1.4960921182377870473e-03
8.9326463063673557485e+01,1.4857278441535481158e-03
8.9430210291389784061e+01,1.4753142050150018592e-03
8.9533957519106010636e+01,1.4648520797672713416e-03
8.9637704746822251423e+01,1.4543423432862943173e-03
8.9741451974538477998e+01,1.4437858664023471653e-03
8.9845199202254704574e+01,1.4331835153854944644e-03
8.9948946429970931149e+01,1.4225361504043279506e-03
9.0052693657687157724e+01,1.4118446271487556602e-03
9.0156440885403398511e+01,1.4011097973699547774e-03
9.0260188113119625086e+01,1.3903325089030134625e-03
9.0363935340835851662e+01,1.3795136056894033265e-03
9.0467682568552078237e+01,1.3686539277993098763e-03
9.0571429796268304813e+01,1.3577543114538048828e-03
9.0675177023984545599e+01,1.3468155886901091514e-03
9.0778924251700772174e+01,1.3358385835140931634e-03
9.0882671479416998750e+01,1.3248241134035932103e-03
9.0986418707133225325e+01,1.3137729920600195802e-03
9.1090165934849451901e+01,1.3026860294777181746e-03
9.1193913162565692687e+01,1.2915640319650569402e-03
9.1297660390281919263e+01,1.2804078021653737384e-03
9.1401407617998145838e+01,1.2692181390777691752e-03
9.1505154845714372414e+01,1.2579958380533810651e-03
9.1608902073430598989e+01,1.2467416873904579172e-03
9.1712649301146839775e+01,1.2354564648391491710e-03
9.1816396528863066351e+01,1.2241409437914500206e-03
9.1920143756579292926e+01,1.2127958941477419777e-03
9.2023890984295519502e+01,1.2014220823364835013e-03
9.2127638212011760288e+01,1.1900202713337536091e-03
9.2231385439727986864e+01,1.1785912206826775275e-03
9.2335132667444213439e+01,1.1671356865127014216e-03
9.2438879895160440014e+01,1.1556544206062560869e-03
9.2542627122876666590e+01,1.1441481624259366295e-03
9.2646374350592907376e+01,1.1326176432208076052e-03
9.2750121578309133952e+01,1.1210635909178600506e-03
9.2853868806025360527e+01,1.1094867301907796082e-03
9.2957616033741587103e+01,1.0978877824781062625e-03
9.3061363261457813678e+01,1.0862674660012672234e-03
9.3165110489174054464e+01,1.0746264957824857786e-03
9.3268857716890281040e+01,1.0629655836547891295e-03
9.3372604944606507615e+01,1.0512854338875549012e-03
9.3476352172322734191e+01,1.0395867359021958472e-03
9.3580099400038960766e+01,1.0278701741321240402e-03
9.3683846627755201553e+01,1.0161364299789319657e-03
9.3787593855471428128e+01,1.0043861818291701174e-03
9.3891341083187654704e+01,9.9262010507099340297e-04
9.3995088310903881279e+01,9.8083887211071452659e-04
9.4098835538620107855e+01,9.6904315238924233680e-04
9.4202582766336348641e+01,9.5723361204828926255e-04
9.4306329994052575216e+01,9.4541090473945494765e-04
9.4410077221768801792e+01,9.3357567076782005042e-04
9.4513824449485028367e+01,9.2172854709276683637e-04
9.4617571677201254943e+01,9.0987016787999930485e-04
9.4721318904917495729e+01,8.9800116451684139016e-04
9.4825066132633722304e+01,8.8612216562744029486e-04
9.4928813360349948880e+01,8.7423379708785923462e-04
9.5032560588066175455e+01,8.6233668204108116992e-04
9.5136307815782402031e+01,8.5043143952244579925e-04
9.5240055043498642817e+01,8.3851867194654333953e-04
9.5343802271214869393e+01,8.2659897108136744757e-04
9.5447549498931095968e+01,8.1467292602518254219e-04
9.5551296726647322544e+01,8.0274112331774147983e-04
9.5655043954363549119e+01,7.9080414695415813826e-04
9.5758791182079789905e+01,7.7886257839869142087e-04
9.5862538409796016481e+01,7.6691699659844653637e-04
9.5966285637512243056e+01,7.5496797799697111086e-04
9.6070032865228469632e+01,7.4301609375960662139e-04
9.6173780092944696207e+01,7.3106189593797590767e-04
9.6277527320660936994e+01,7.1910592805105011914e-04
9.6381274548377163569e+01,7.0714873126765331011e-04
9.6485021776093390145e+01,6.9519084442899942503e-04
9.6588769003809616720e+01,6.8323280406119900419e-04
9.6692516231525843295e+01,6.7127514438767774390e-04
9.6796263459242084082e+01,6.5931839734151536769e-04
9.6900010686958310657e+01,6.4736309257771228968e-04
9.7003757914674537233e+01,6.3540975366313328602e-04
9.7107505142390763808e+01,6.2345888370798137768e-04
9.7211252370106990384e+01,6.1151097825223378092e-04
9.7314999597823231170e+01,5.9956653072176780122e-04
9.7418746825539457745e+01,5.8762603244054813310e-04
9.7522494053255684321e+01,5.7568997264179555193e-04
9.7626241280971910896e+01,5.6375883847910356408e-04
9.7729988508688137472e+01,5.5183311503747536821e-04
9.7833735736404378258e+01,5.3991328534428990969e-04
9.7937482964120604834e+01,5.2799982650708924756e-04
9.8041230191836831409e+01,5.1609319445660361766e-04
9.8144977419553057985e+01,5.0419383728341870664e-04
9.8248724647269284560e+01,4.9230220118373060802e-04
9.8352471874985525346e+01,4.8041873047105162781e-04
9.8456219102701751922e+01,4.6854386758613545067e-04
9.8559966330417978497e+01,4.5667805310682489401e-04
9.8663713558134205073e+01,4.4482172575785179462e-04
9.8767460785850431648e+01,4.3297532242056869893e-04
9.8871208013566672435e+01,4.2113927525628408206e-04
9.8974955241282899010e+01,4.0931399523703770925e-04
9.9078702468999125585e+01,3.9749988363928375704e-04
9.9182449696715352161e+01,3.8569734003571703529e-04
9.9286196924431578736e+01,3.7390676232892944156e-04
9.9389944152147819523e+01,3.6212854676012326029e-04
9.9493691379864046098e+01,3.5036308791778136493e-04
9.9597438607580272674e+01,3.3861077874626450751e-04
9.9701185835296499249e+01,3.2687201055437223318e-04
9.9804933063012725825e+01,3.1514717165075203974e-04
9.9908680290728966611e+01,3.0343663132802173440e-04
1.0001242751844519319e+02,2.9174074539783863584e-04
1.0011617474616141976e+02,2.8005986796243601076e-04
1.0021992197387764634e+02,2.6839435165778815400e-04
1.0032366920159387291e+02,2.5674454766119042537e-04
1.0042741642931011370e+02,2.4511080569879244899e-04
1.0053116365702634027e+02,2.3349347405309168503e-04
1.0063491088474256685e+02,2.2189289957036617768e-04
1.0073865811245879343e+02,2.1030978739705692075e-04
1.0084240534017502000e+02,1.9876194142229479194e-04
1.0094615256789126079e+02,1.8729128642390829276e-04
1.0104989979560748736e+02,1.7594140830488460094e-04
1.0115364702332371394e+02,1.6475571415442203153e-04
1.0125739425103994051e+02,1.5377743316398944729e-04
1.0136114147875616709e+02,1.4304961753775256124e-04
1.0146488870647240788e+02,1.3261514339741464633e-04
1.0156863593418863445e+02,1.2251671168151870685e-04
1.0167238316190486103e+02,1.1279684903911837144e-04
1.0177613038962108760e+02,1.0348699468199260660e-04
1.0187987761733732839e+02,9.4575131563604284768e-05
1.0198362484505355496e+02,8.6038540848399722052e-05
1.0208737207276978154e+02,7.7854596053720924063e-05
1.0219111930048600811e+02,7.0000762581014903084e-05
1.0229486652820223469e+02,6.2454597249888998858e-05
1.0239861375591847548e+02,5.5193747834999063796e-05
1.0250236098363470205e+02,4.8195952605755150813e-05
1.0260610821135092863e+02,4.1439039868809514669e-05
1.0270985543906715520e+02,3.4904280973445542746e-05
1.0281360266678338178e+02,2.8635484321936481193e-05
1.0291734989449962256e+02,2.2731518701182259400e-05
1.0302109712221584914e+02,1.7292760445073386333e-05
1.0312484434993207572e+02,1.2419181958980586770e-05
1.0322859157764830229e+02,8.2103537495476898396e-06
1.0333233880536452887e+02,4.7654464422527197478e-06
1.0343608603308076965e+02,2.1832327868277653205e-06
1.0353983326079699623e+02,5.6208965062381289908e-07
1.0364358048851322280e+02,0.0000000000000000000e+00
