1.0000000000000000479e-04,1.7944698045031279299e-01
1.0384722771622945103e-01,1.4677260752067175509e-01
2.0759445543245888532e-01,1.3138087954601637697e-01
3.1134168314868831962e-01,1.1706856242714887284e-01
4.1508891086491778166e-01,1.0377557109159442350e-01
5.1883613858114718820e-01,9.1447279566939487783e-02
6.2258336629737665024e-01,8.0031847342601922235e-02
7.2633059401360611229e-01,6.9479769598983665002e-02
8.3007782172983557434e-01,5.9743707711800306259e-02
9.3382504944606503638e-01,5.0778383838697940811e-02
1.0375722771622943874e+00,4.2540496285556200773e-02
1.1413195048785238495e+00,3.4988643793855890574e-02
1.2450667325947533115e+00,2.8083254764338337617e-02
1.3488139603109827735e+00,2.1786519842429581673e-02
1.4525611880272122356e+00,1.6062327190519018472e-02
1.5563084157434416976e+00,1.0876199994472713836e-02
1.6600556434596711597e+00,6.1952361903551567829e-03
1.7638028711759006217e+00,1.9880500231745264206e-03
1.8675500988921300838e+00,-1.7752843657728981010e-03
1.9712973266083595458e+00,-5.1232876898534684268e-03
2.0750445543245890079e+00,-8.0831284512182383084e-03
2.1787917820408186920e+00,-1.0680674166036885006e-02
2.2825390097570479320e+00,-1.2940541020776434242e-02
2.3862862374732776161e+00,-1.4886141940639875322e-02
2.4900334651895068561e+00,-1.6539733037920861802e-02
2.5937806929057365402e+00,-1.7922458665075888945e-02
2.6975279206219657802e+00,-1.9054394915963307477e-02
2.8012751483381954642e+00,-1.9954591833872714624e-02
2.9050223760544247043e+00,-2.0641114117873327755e-02
3.0087696037706543883e+00,-2.1131080603645817362e-02
3.1125168314868836283e+00,-2.1440702392605700405e-02
3.2162640592031133124e+00,-2.1585319615522829267e-02
3.3200112869193425524e+00,-2.1579437295401748126e-02
3.4237585146355717924e+00,-2.1436759620930768283e-02
3.5275057423518014765e+00,-2.1170223303001948351e-02
3.6312529700680307165e+00,-2.0792029786328842383e-02
3.7350001977842604006e+00,-2.0313676309986067325e-02
3.8387474255004896406e+00,-1.9745985928247056229e-02
3.9424946532167193247e+00,-1.9099136523465582577e-02
4.0462418809329481206e+00,-1.8382688805392840420e-02
4.1499891086491773606e+00,-1.7605613291216560407e-02
4.2537363363654074888e+00,-1.6776316411893841402e-02
4.3574835640816367288e+00,-1.5902665754698105949e-02
4.4612307917978659688e+00,-1.4992014174525537806e-02
4.5649780195140952088e+00,-1.4051223401351477932e-02
4.6687252472303253370e+00,-1.3086686457794059757e-02
4.7724724749465545770e+00,-1.2104349519544773880e-02
4.8762197026627838170e+00,-1.1109732876547560865e-02
4.9799669303790130570e+00,-1.0107951122784057663e-02
5.0837141580952422970e+00,-9.1037326513183219889e-03
5.1874613858114724252e+00,-8.1014384083971224121e-03
5.2912086135277016652e+00,-7.1050799456948698918e-03
5.3949558412439309052e+00,-6.1183368034833747126e-03
5.4987030689601601452e+00,-5.1445732391192438779e-03
5.6024502966763902734e+00,-4.1868543196599775774e-03
5.7061975243926195134e+00,-3.2479614001030151192e-03
5.8099447521088487534e+00,-2.3304070083506257978e-03
5.9136919798250779934e+00,-1.4364491466757932717e-03
6.0174392075413081216e+00,-5.6810502258978481591e-04
6.1211864352575373616e+00,2.7283574719240329945e-04
6.2249336629737666016e+00,1.0847984407185231898e-03
6.3286808906899958416e+00,1.8664110172939064360e-03
6.4324281184062259697e+00,2.6164925273926709776e-03
6.5361753461224552098e+00,3.3340419422431340386e-03
6.6399225738386844498e+00,4.0182272105588300037e-03
6.7436698015549136898e+00,4.6683751237865398279e-03
6.8474170292711429298e+00,5.2839615510572521262e-03
6.9511642569873730579e+00,5.8646015815062915721e-03
7.0549114847036022979e+00,6.4100410626963160235e-03
7.1586587124198315379e+00,6.9201473429897153791e-03
7.2624059401360607779e+00,7.3949015070270658970e-03
7.3661531678522909061e+00,7.8343900197037231320e-03
7.4699003955685201461e+00,8.2387975839939980860e-03
7.5736476232847493861e+00,8.6083994156936887582e-03
7.6773948510009786261e+00,8.9435549849419659213e-03
7.7811420787172087543e+00,9.2447006406137961776e-03
7.8848893064334379943e+00,9.5123441735758644533e-03
7.9886365341496672343e+00,9.7470581845113170999e-03
8.0923837618658964743e+00,9.9494745715461348906e-03
8.1961309895821266025e+00,1.0120279447674736945e-02
8.2998782172983549543e+00,1.0260207415936906800e-02
8.4036254450145850825e+00,1.0370036950914126098e-02
8.5073726727308152107e+00,1.0450585962539192530e-02
8.6111199004470435625e+00,1.0502706985643423324e-02
8.7148671281632736907e+00,1.0527283037063855584e-02
8.8186143558795020425e+00,1.0525223898797161914e-02
8.9223615835957321707e+00,1.0497462250202975464e-02
9.0261088113119622989e+00,1.0444949980623469826e-02
9.1298560390281906507e+00,1.0368654866161923153e-02
9.2336032667444207789e+00,1.0269557453098871261e-02
9.3373504944606509071e+00,1.0148648136712134366e-02
9.4410977221768792589e+00,1.0006924243673828018e-02
9.5448449498931093871e+00,9.8453873706190100229e-03
9.6485921776093377389e+00,9.6650409078340437929e-03
9.7523394053255678671e+00,9.4668877123787274069e-03
9.8560866330417979952e+00,9.2519279256027750491e-03
9.9598338607580263471e+00,9.0211569310510181935e-03
1.0063581088474256475e+01,8.7755634517845369780e-03
1.0167328316190484827e+01,8.5161277603594768421e-03
1.0271075543906714955e+01,8.2438200208432461935e-03
1.0374822771622945083e+01,7.9595987579080072077e-03
1.0478569999339173435e+01,7.6644094399836801973e-03
1.0582317227055403563e+01,7.3591831717422003661e-03
1.0686064454771633692e+01,7.0448354913560046545e-03
1.0789811682487862043e+01,6.7222652680560416108e-03
1.0893558910204092172e+01,6.3923536956091544028e-03
1.0997306137920320523e+01,6.0559633774404722506e-03
1.1101053365636550652e+01,5.7139374992458049490e-03
1.1204800593352780780e+01,5.3670990850587640270e-03
1.1308547821069009132e+01,5.0162503328779715905e-03
1.1412295048785239260e+01,4.6621720260976821926e-03
1.1516042276501469388e+01,4.3056230171407330193e-03
1.1619789504217697740e+01,3.9473397798455728963e-03
1.1723536731933927868e+01,3.5880360273252637562e-03
1.1827283959650156220e+01,3.2284023921655673889e-03
1.1931031187366386348e+01,2.8691061650015269383e-03
1.2034778415082616476e+01,2.5107910861917989882e-03
1.2138525642798844828e+01,2.1540771907865748080e-03
1.2242272870515074956e+01,1.7995607045316957488e-03
1.2346020098231303308e+01,1.4478139878946027618e-03
1.2449767325947533436e+01,1.0993855259074870791e-03
1.2553514553663763564e+01,7.5479996178663721126e-04
1.2657261781379991916e+01,4.1455817242396159408e-04
1.2761009009096222044e+01,7.9137377694112799749e-05
1.2864756236812452173e+01,-2.5100875160277014023e-04
1.2968503464528680524e+01,-5.7544991425930510243e-04
1.3072250692244910653e+01,-8.9377895630363460820e-04
1.3175997919961139004e+01,-1.2056116253357457378e-03
1.3279745147677369133e+01,-1.5105862931206388323e-03
1.3383492375393599261e+01,-1.8083636710203717605e-03
1.3487239603109827613e+01,-2.0986266100212684453e-03
1.3590986830826057741e+01,-2.3810797207739647398e-03
1.3694734058542286093e+01,-2.6554489638534349225e-03
1.3798481286258516221e+01,-2.9214812490527533248e-03
1.3902228513974746349e+01,-3.1789440682128940543e-03
1.4005975741690974701e+01,-3.4276253093767253093e-03
1.4109722969407204829e+01,-3.6673326978467523166e-03
1.4213470197123434957e+01,-3.8978932572487977153e-03
1.4317217424839663309e+01,-4.1191528379321976430e-03
1.4420964652555893437e+01,-4.3309759638315639685e-03
1.4524711880272121789e+01,-4.5332453545320903002e-03
1.4628459107988351917e+01,-4.7258611728677310179e-03
1.4732206335704582045e+01,-4.9087405116534895202e-03
1.4835953563420810397e+01,-5.0818173644355838989e-03
1.4939700791137040525e+01,-5.2450420408103066300e-03
1.5043448018853268877e+01,-5.3983802806810698982e-03
1.5147195246569499005e+01,-5.5418128594216546287e-03
1.5250942474285729133e+01,-5.6753357365418605901e-03
1.5354689702001957485e+01,-5.7989589925640317239e-03
1.5458436929718187614e+01,-5.9127060592006732212e-03
1.5562184157434417742e+01,-6.0166139037624213198e-03
1.5665931385150646094e+01,-6.1107325292548992507e-03
1.5769678612866876222e+01,-6.1951237369043997763e-03
1.5873425840583104574e+01,-6.2698611237502347229e-03
1.5977173068299334702e+01,-6.3350301582626514230e-03
1.6080920296015563054e+01,-6.3907266471691865153e-03
1.6184667523731793182e+01,-6.4370565770118888180e-03
1.6288414751448023310e+01,-6.4741365291342313493e-03
1.6392161979164253438e+01,-6.5020919863365287186e-03
1.6495909206880483566e+01,-6.5210571736418693548e-03
1.6599656434596710142e+01,-6.5311755892680295119e-03
1.6703403662312940270e+01,-6.5325981579566700166e-03
1.6807150890029170398e+01,-6.5254833425969858279e-03
1.6910898117745400526e+01,-6.5099974906904058483e-03
1.7014645345461630654e+01,-6.4863128923053061867e-03
1.7118392573177857230e+01,-6.4546084566602353674e-03
1.7222139800894087358e+01,-6.4150693991715567258e-03
1.7325887028610317486e+01,-6.3678855631676724303e-03
1.7429634256326547614e+01,-6.3132526774221280411e-03
1.7533381484042777743e+01,-6.2513709385850699252e-03
1.7637128711759004318e+01,-6.1824443641578154945e-03
1.7740875939475234446e+01,-6.1066818378111903040e-03
1.7844623167191464574e+01,-6.0242949347765655313e-03
1.7948370394907694703e+01,-5.9354988544085525784e-03
1.8052117622623924831e+01,-5.8405118416462167494e-03
1.8155864850340154959e+01,-5.7395539210733578783e-03
1.8259612078056381534e+01,-5.6328482617759214474e-03
1.8363359305772611663e+01,-5.5206190528430355499e-03
1.8467106533488841791e+01,-5.4030924320645802583e-03
1.8570853761205071919e+01,-5.2804958423019222880e-03
1.8674600988921302047e+01,-5.1530571038311398166e-03
1.8778348216637528623e+01,-5.0210054976471511778e-03
1.8882095444353758751e+01,-4.8845697740625849265e-03
1.8985842672069988879e+01,-4.7439794831162047581e-03
1.9089589899786219007e+01,-4.5994635508253244038e-03
1.9193337127502449135e+01,-4.4512505421229050726e-03
1.9297084355218675711e+01,-4.2995685653387984843e-03
1.9400831582934905839e+01,-4.1446443059272291415e-03
1.9504578810651135967e+01,-3.9867039321118393977e-03
1.9608326038367366095e+01,-3.8259715393701250116e-03
1.9712073266083596224e+01,-3.6626702678277016714e-03
1.9815820493799822799e+01,-3.4970209293952695014e-03
1.9919567721516052927e+01,-3.3292427164808937635e-03
2.0023314949232283055e+01,-3.1595524093089772701e-03
2.0127062176948513184e+01,-2.9881645108969477620e-03
2.0230809404664743312e+01,-2.8152910111513065883e-03
2.0334556632380969887e+01,-2.6411410920285883705e-03
2.0438303860097200015e+01,-2.4659212366506398813e-03
2.0542051087813430144e+01,-2.2898347409968868200e-03
2.0645798315529660272e+01,-2.1130819355223190610e-03
2.0749545543245890400e+01,-1.9358597105318634413e-03
2.0853292770962120528e+01,-1.7583616783496515759e-03
2.0957039998678347104e+01,-1.5807778425448179918e-03
2.1060787226394577232e+01,-1.4032946098856018992e-03
2.1164534454110807360e+01,-1.2260946573750830264e-03
2.1268281681827037488e+01,-1.0493567675309511088e-03
2.1372028909543267616e+01,-8.7325589924850310821e-04
2.1475776137259494192e+01,-6.9796284957498750529e-04
2.1579523364975724320e+01,-5.2364452165932617173e-04
2.1683270592691954448e+01,-3.5046341522992793772e-04
2.1787017820408184576e+01,-1.7857809573667242494e-04
2.1890765048124414704e+01,-8.1424987199245454412e-06
2.1994512275840641280e+01,1.6069337582749935816e-04
2.2098259503556871408e+01,3.2778437995411685265e-04
2.2202006731273101536e+01,4.9298925704376668922e-04
2.2305753958989331664e+01,6.5617182520812989983e-04
2.2409501186705561793e+01,8.1719970702867129365e-04
2.2513248414421788368e+01,9.7594581481864558798e-04
2.2616995642138018496e+01,1.1322867565560106907e-03
2.2720742869854248625e+01,1.2861046066718767340e-03
2.2824490097570478753e+01,1.4372850507223017442e-03
2.2928237325286708881e+01,1.5857193236500771987e-03
2.3031984553002939009e+01,1.7313022755595730909e-03
2.3135731780719165585e+01,1.8739342308103240382e-03
2.3239479008435395713e+01,2.0135192862219498597e-03
2.3343226236151625841e+01,2.1499667240337280542e-03
2.3446973463867855969e+01,2.2831899541164552524e-03
2.3550720691584086097e+01,2.4131070474157668981e-03
2.3654467919300312673e+01,2.5396407500590570915e-03
2.3758215147016542801e+01,2.6627177561145791429e-03
2.3861962374732772929e+01,2.7822700802318999988e-03
2.3965709602449003057e+01,2.8982329411189463805e-03
2.4069456830165233185e+01,3.0105473929601211762e-03
2.4173204057881459761e+01,3.1191572320226242099e-03
2.4276951285597689889e+01,3.2240121156085019966e-03
2.4380698513313920017e+01,3.3250645935460616635e-03
2.4484445741030150145e+01,3.4222723903805239883e-03
2.4588192968746380274e+01,3.5155969312463514719e-03
2.4691940196462606849e+01,3.6050035735739091418e-03
2.4795687424178836977e+01,3.6904625216144931743e-03
2.4899434651895067105e+01,3.7719465904377529226e-03
2.5003181879611297234e+01,3.8494342918021272684e-03
2.5106929107327527362e+01,3.9229061377316415057e-03
2.5210676335043753937e+01,3.9923480889900338220e-03
2.5314423562759984065e+01,4.0577487465718077575e-03
2.5418170790476214194e+01,4.1191007094733503996e-03
2.5521918018192444322e+01,4.1764007197777593475e-03
2.5625665245908674450e+01,4.2296477151949072107e-03
2.5729412473624904578e+01,4.2788459781774364904e-03
2.5833159701341131154e+01,4.3240012127128716821e-03
2.5936906929057361282e+01,4.3651240471407337651e-03
2.6040654156773591410e+01,4.4022275408679544667e-03
2.6144401384489821538e+01,4.4353277168881176384e-03
2.6248148612206051666e+01,4.4644448795890644827e-03
2.6351895839922278242e+01,4.4896004836489002837e-03
2.6455643067638508370e+01,4.5108209581364751284e-03
2.6559390295354738498e+01,4.5281340597357576383e-03
2.6663137523070968626e+01,4.5415708907978365183e-03
2.6766884750787198755e+01,4.5511658377171615095e-03
2.6870631978503425330e+01,4.5569543452649219004e-03
2.6974379206219655458e+01,4.5589764389204773948e-03
2.7078126433935885586e+01,4.5572728860324976038e-03
2.7181873661652115715e+01,4.5518876411280544125e-03
2.7285620889368345843e+01,4.5428673617950304786e-03
2.7389368117084572418e+01,4.5302594526992921373e-03
2.7493115344800802546e+01,4.5141154403487860486e-03
2.7596862572517032675e+01,4.4944873123290230224e-03
2.7700609800233262803e+01,4.4714296177549234593e-03
2.7804357027949492931e+01,4.4449994635087390280e-03
2.7908104255665723059e+01,4.4152541694476377457e-03
2.8011851483381949635e+01,4.3822546528514312592e-03
2.8115598711098179763e+01,4.3460623287194981648e-03
2.8219345938814409891e+01,4.3067401395207914952e-03
2.8323093166530640019e+01,4.2643537276424422003e-03
2.8426840394246870147e+01,4.2189684753636789993e-03
2.8530587621963096723e+01,4.1706524823323289780e-03
2.8634334849679326851e+01,4.1194748220201738570e-03
2.8738082077395556979e+01,4.0655048452753776364e-03
2.8841829305111787107e+01,4.0088146403558623868e-03
2.8945576532828017235e+01,3.9494760270131880689e-03
2.9049323760544243811e+01,3.8875621270465319373e-03
2.9153070988260473939e+01,3.8231477600779114646e-03
2.9256818215976704067e+01,3.7563071854865752799e-03
2.9360565443692934195e+01,3.6871166081838806922e-03
2.9464312671409164324e+01,3.6156527022715009498e-03
2.9568059899125390899e+01,3.5419919080886038548e-03
2.9671807126841621027e+01,3.4662125747320728965e-03
2.9775554354557851156e+01,3.3883926447541810878e-03
2.9879301582274081284e+01,3.3086103760772444561e-03
2.9983048809990311412e+01,3.2269453367337512864e-03
3.0086796037706537987e+01,3.1434763214900503757e-03
3.0190543265422768116e+01,3.0582828344419788966e-03
3.0294290493138998244e+01,2.9714449480270975316e-03
3.0398037720855228372e+01,2.8830419140903318885e-03
3.0501784948571458500e+01,2.7931538178620450574e-03
3.0605532176287688628e+01,2.7018606789161324529e-03
3.0709279404003915204e+01,2.6092417914229510366e-03
3.0813026631720145332e+01,2.5153771612932492203e-03
3.0916773859436375460e+01,2.4203462907226701989e-03
3.1020521087152605588e+01,2.3242280746290150048e-03
3.1124268314868835716e+01,2.2271018377238421121e-03
3.1228015542585062292e+01,2.1290461531941746835e-03
3.1331762770301292420e+01,2.0301390510461172351e-03
3.1435509998017522548e+01,1.9304586568273764732e-03
3.1539257225733752676e+01,1.8300822284435544571e-03
3.1643004453449982805e+01,1.7290864652188828524e-03
3.1746751681166209380e+01,1.6275478499230874429e-03
3.1850498908882439508e+01,1.5255419538836110377e-03
3.1954246136598669636e+01,1.4231437073184574713e-03
3.2057993364314903317e+01,1.3204275588786151471e-03
3.2161740592031129893e+01,1.2174670390853381194e-03
3.2265487819747363574e+01,1.1143349119826385235e-03
3.2369235047463590149e+01,1.0111032393906758606e-03
3.2472982275179823830e+01,9.0784317738506429413e-04
3.2576729502896050406e+01,8.0462497385267470282e-04
3.2680476730612276981e+01,7.0151798247554398007e-04
3.2784223958328510662e+01,5.9859067436985181725e-04
3.2887971186044737237e+01,4.9591047993243853129e-04
3.2991718413760970918e+01,3.9354375200916771535e-04
3.3095465641477197494e+01,2.9155598990924722069e-04
3.3199212869193424069e+01,1.9001155333247678300e-04
3.3302960096909657750e+01,8.8973530767167254094e-05
3.3406707324625884326e+01,-1.1495814778202822188e-05
3.3510454552342118006e+01,-1.1133540202999572376e-04
3.3614201780058344582e+01,-2.1048563738114005632e-04
3.3717949007774571157e+01,-3.0888773817423667394e-04
3.3821696235490804838e+01,-4.0648407064008425628e-04
3.3925443463207031414e+01,-5.0321872569822367373e-04
3.4029190690923265095e+01,-5.9903662490574710511e-04
3.4132937918639491670e+01,-6.9388372728345943264e-04
3.4236685146355718246e+01,-7.8770794349181300943e-04
3.4340432374071951926e+01,-8.8045809923561471275e-04
3.4444179601788178502e+01,-9.7208389384810685568e-04
3.4547926829504412183e+01,-1.0625371191907637125e-03
3.4651674057220638758e+01,-1.1517706787284611152e-03
3.4755421284936865334e+01,-1.2397381762418305858e-03
3.4859168512653099015e+01,-1.3263952738208487688e-03
3.4962915740369325590e+01,-1.4116990897650597350e-03
3.5066662968085559271e+01,-1.4956073092514225731e-03
3.5170410195801785846e+01,-1.5780794134998470200e-03
3.5274157423518012422e+01,-1.6590768099552430630e-03
3.5377904651234246103e+01,-1.7385614394569051232e-03
3.5481651878950472678e+01,-1.8164965716266278858e-03
3.5585399106666706359e+01,-1.8928478737867242016e-03
3.5689146334382932935e+01,-1.9675816787211425872e-03
3.5792893562099159510e+01,-2.0406651332279053708e-03
3.5896640789815393191e+01,-2.1120679729842366072e-03
3.6000388017531619766e+01,-2.1817610001411478875e-03
3.6104135245247853447e+01,-2.2497154755110994676e-03
3.6207882472964080023e+01,-2.3159048856816835150e-03
3.6311629700680313704e+01,-2.3803045104512851604e-03
3.6415376928396540279e+01,-2.4428899601060217670e-03
3.6519124156112766855e+01,-2.5036382697642260188e-03
3.6622871383829000536e+01,-2.5625290253977338513e-03
3.6726618611545227111e+01,-2.6195423157953476485e-03
3.6830365839261460792e+01,-2.6746588568880335160e-03
3.6934113066977687367e+01,-2.7278620790732238319e-03
3.7037860294693913943e+01,-2.7791365543661556044e-03
3.7141607522410147624e+01,-2.8284670848029371155e-03
3.7245354750126374199e+01,-2.8758403877303089641e-03
3.7349101977842607880e+01,-2.9212453770723718557e-03
3.7452849205558834456e+01,-2.9646712067197653236e-03
3.7556596433275061031e+01,-3.0061078019997895458e-03
3.7660343660991294712e+01,-3.0455478964479553751e-03
3.7764090888707521287e+01,-3.0829850012464160569e-03
3.7867838116423754968e+01,-3.1184127866215596500e-03
3.7971585344139981544e+01,-3.1518269680024780209e-03
3.8075332571856208119e+01,-3.1832252557577101794e-03
3.8179079799572441800e+01,-3.2126054678910816696e-03
3.8282827027288668376e+01,-3.2399661079855150009e-03
3.8386574255004902056e+01,-3.2653084373129434223e-03
3.8490321482721128632e+01,-3.2886344132050529879e-03
3.8594068710437355207e+01,-3.3099460291060507112e-03
3.8697815938153588888e+01,-3.3292470591498868338e-03
3.8801563165869815464e+01,-3.3465433576010815593e-03
3.8905310393586049145e+01,-3.3618408380096404670e-03
3.9009057621302275720e+01,-3.3751457702534482311e-03
3.9112804849018502296e+01,-3.3864669829994135074e-03
3.9216552076734735977e+01,-3.3958142253637749880e-03
3.9320299304450962552e+01,-3.4031971541085542093e-03
3.9424046532167196233e+01,-3.4086265373285194562e-03
3.9527793759883422808e+01,-3.4121154997186656059e-03
3.9631540987599649384e+01,-3.4136773290052262186e-03
3.9735288215315883065e+01,-3.4133252995165652352e-03
3.9839035443032109640e+01,-3.4110745973639062210e-03
3.9942782670748343321e+01,-3.4069419215007079073e-03
4.0046529898464569897e+01,-3.4009438466520848336e-03
4.0150277126180796472e+01,-3.3930972169301247716e-03
4.0254024353897030153e+01,-3.3834211731776707259e-03
4.0357771581613256728e+01,-3.3719355195637895108e-03
4.0461518809329490409e+01,-3.3586598606110064542e-03
4.0565266037045716985e+01,-3.3436145398618392216e-03
4.0669013264761943560e+01,-3.3268220212290156197e-03
4.0772760492478177241e+01,-3.3083048944080738381e-03
4.0876507720194403817e+01,-3.2880855569174132803e-03
4.0980254947910637497e+01,-3.2661876151510622901e-03
4.1084002175626864073e+01,-3.2426362943419151201e-03
4.1187749403343097754e+01,-3.2174566890763572208e-03
4.1291496631059324329e+01,-3.1906737612767653578e-03
4.1395243858775550905e+01,-3.1623139863501208667e-03
4.1498991086491784586e+01,-3.1324049188973935968e-03
4.1602738314208011161e+01,-3.1009738725533381003e-03
4.1706485541924244842e+01,-3.0680481205864690644e-03
4.1810232769640471417e+01,-3.0336565547774466643e-03
4.1913979997356697993e+01,-2.9978287027160785937e-03
4.2017727225072931674e+01,-2.9605938066316326608e-03
4.2121474452789158249e+01,-2.9219811609099296222e-03
4.2225221680505391930e+01,-2.8820216232989556530e-03
4.2328968908221618506e+01,-2.8407463755282503191e-03
4.2432716135937845081e+01,-2.7981862948793273689e-03
4.2536463363654078762e+01,-2.7543723726448673776e-03
4.2640210591370305337e+01,-2.7093370132191701462e-03
4.2743957819086539018e+01,-2.6631127489322027439e-03
4.2847705046802765594e+01,-2.6157317970613002539e-03
4.2951452274518992169e+01,-2.5672265008484106315e-03
4.3055199502235225850e+01,-2.5176304295049596778e-03
4.3158946729951452426e+01,-2.4669771673300660078e-03
4.3262693957667686107e+01,-2.4152999765377687093e-03
4.3366441185383912682e+01,-2.3626322043809114271e-03
4.3470188413100139257e+01,-2.3090082341681323480e-03
4.3573935640816372938e+01,-2.2544624057418212633e-03
4.3677682868532599514e+01,-2.1990287326882759431e-03
4.3781430096248833195e+01,-2.1427412322382296053e-03
4.3885177323965059770e+01,-2.0856347722114187797e-03
4.3988924551681286346e+01,-2.0277441548525506482e-03
4.4092671779397520027e+01,-1.9691038548565360788e-03
4.4196419007113746602e+01,-1.9097482502503128343e-03
4.4300166234829980283e+01,-1.8497123792834387415e-03
4.4403913462546206858e+01,-1.7890312183275571597e-03
4.4507660690262433434e+01,-1.7277394176397904268e-03
4.4611407917978667115e+01,-1.6658714363875077018e-03
4.4715155145694893690e+01,-1.6034621852514818491e-03
4.4818902373411127371e+01,-1.5405465325010617508e-03
4.4922649601127353947e+01,-1.4771590247080136540e-03
4.5026396828843580522e+01,-1.4133339483722927137e-03
4.5130144056559814203e+01,-1.3491058134169080143e-03
4.5233891284276040778e+01,-1.2845091041276685950e-03
4.5337638511992274459e+01,-1.2195779920022844708e-03
4.5441385739708501035e+01,-1.1543463532339075066e-03
4.5545132967424727610e+01,-1.0888480611579221587e-03
4.5648880195140961291e+01,-1.0231169480757233096e-03
4.5752627422857187867e+01,-9.5718654840239603826e-04
4.5856374650573421548e+01,-8.9109009494075565056e-04
4.5960121878289648123e+01,-8.2486063445663616780e-04
4.6063869106005881804e+01,-7.5853109369952145466e-04
4.6167616333722108379e+01,-6.9213411885897253416e-04
4.6271363561438334955e+01,-6.2570206333559827503e-04
4.6375110789154568636e+01,-5.5926699608135899133e-04
4.6478858016870795211e+01,-4.9286071617578666466e-04
4.6582605244587028892e+01,-4.2651474274666160893e-04
4.6686352472303255468e+01,-3.6026031475235807114e-04
4.6790099700019482043e+01,-2.9412837515289236680e-04
4.6893846927735715724e+01,-2.2814943732735472304e-04
4.6997594155451942299e+01,-1.6235366873626729868e-04
4.7101341383168175980e+01,-9.6770970515323783095e-05
4.7205088610884402556e+01,-3.1430974404802656218e-05
4.7308835838600629131e+01,3.3637170647837518584e-05
4.7412583066316862812e+01,9.8404843294059259127e-05
4.7516330294033089388e+01,1.6284368876425775832e-04
4.7620077521749323068e+01,2.2692559939487333474e-04
4.7723824749465549644e+01,2.9062285562609903528e-04
4.7827571977181776219e+01,3.5390849293551835883e-04
4.7931319204898009900e+01,4.1675589538112247983e-04
4.8035066432614236476e+01,4.7913867696375452270e-04
4.8138813660330470157e+01,5.4103071723663907419e-04
4.8242560888046696732e+01,6.0240667173593162760e-04
4.8346308115762923308e+01,6.6324182832155095888e-04
4.8450055343479156988e+01,7.2351169667719014526e-04
4.8553802571195383564e+01,7.8319199633610457872e-04
4.8657549798911617245e+01,8.4225895585711885085e-04
4.8761297026627843820e+01,9.0068981061551859311e-04
4.8865044254344070396e+01,9.5846212186683594440e-04
4.8968791482060304077e+01,1.0155536410250652624e-03
4.9072538709776530652e+01,1.0719423660339850134e-03
4.9176285937492764333e+01,1.1276072787565231612e-03
4.9280033165208990908e+01,1.1825281157911849816e-03
4.9383780392925217484e+01,1.2366847969397412425e-03
4.9487527620641451165e+01,1.2900574104655958101e-03
4.9591274848357677740e+01,1.3426265408152480291e-03
4.9695022076073911421e+01,1.3943740184736925017e-03
4.9798769303790137997e+01,1.4452820478574187561e-03
4.9902516531506364572e+01,1.4953329813708483419e-03
5.0006263759222598253e+01,1.5445093478304301564e-03
5.0110010986938824828e+01,1.5927946440771197870e-03
5.0213758214655058509e+01,1.6401734080932703092e-03
5.0317505442371285085e+01,1.6866303517941415042e-03
5.0421252670087511660e+01,1.7321503129226110095e-03
5.0524999897803745341e+01,1.7767184314981517099e-03
5.0628747125519971917e+01,1.8203212112817635307e-03
5.0732494353236205598e+01,1.8629457960951251172e-03
5.0836241580952432173e+01,1.9045794366960909581e-03
5.0939988808668665854e+01,1.9452094883997796473e-03
5.1043736036384892429e+01,1.9848239012631302414e-03
5.1147483264101119005e+01,2.0234120757081281751e-03
5.1251230491817352686e+01,2.0609637284558905181e-03
5.1354977719533579261e+01,2.0974686593245701026e-03
5.1458724947249812942e+01,2.1329167719371417040e-03
5.1562472174966039518e+01,2.1672989401372820539e-03
5.1666219402682266093e+01,2.2006072951567781822e-03
5.1769966630398499774e+01,2.2328341135347280072e-03
5.1873713858114726349e+01,2.2639717335977910598e-03
5.1977461085830960030e+01,2.2940126394320951679e-03
5.2081208313547186606e+01,2.3229505999918602897e-03
5.2184955541263413181e+01,2.3507803557780634907e-03
5.2288702768979646862e+01,2.3774967116270023272e-03
5.2392449996695873438e+01,2.4030945135247025121e-03
5.2496197224412107118e+01,2.4275688309459888398e-03
5.2599944452128333694e+01,2.4509162115275368379e-03
5.2703691679844560269e+01,2.4731339113796303730e-03
5.2807438907560793950e+01,2.4942192122711162594e-03
5.2911186135277020526e+01,2.5141694172902601979e-03
5.3014933362993254207e+01,2.5329821399662391483e-03
5.3118680590709480782e+01,2.5506565503354856200e-03
5.3222427818425707358e+01,2.5671923338291516466e-03
5.3326175046141941039e+01,2.5825891786581899566e-03
5.3429922273858167614e+01,2.5968467754552081693e-03
5.3533669501574401295e+01,2.6099651891098659025e-03
5.3637416729290627870e+01,2.6219460443980637833e-03
5.3741163957006854446e+01,2.6327913627706128058e-03
5.3844911184723088127e+01,2.6425031501005492168e-03
5.3948658412439314702e+01,2.6510833968322647901e-03
5.4052405640155548383e+01,2.6585344827885436757e-03
5.4156152867871774959e+01,2.6648603176026596819e-03
5.4259900095588001534e+01,2.6700651511349601276e-03
5.4363647323304235215e+01,2.6741532008041713278e-03
5.4467394551020461790e+01,2.6771286518963632525e-03
5.4571141778736695471e+01,2.6789960354998559877e-03
5.4674889006452922047e+01,2.6797613690650937124e-03
5.4778636234169148622e+01,2.6794310072218788243e-03
5.4882383461885382303e+01,2.6780112565499797177e-03
5.4986130689601608879e+01,2.6755083760324244353e-03
5.5089877917317842559e+01,2.6719288768784930574e-03
5.5193625145034069135e+01,2.6672806896626557148e-03
5.5297372372750295710e+01,2.6615721348602185484e-03
5.5401119600466529391e+01,2.6548114707387921070e-03
5.5504866828182755967e+01,2.6470068938220401786e-03
5.5608614055898989648e+01,2.6381667338254513079e-03
5.5712361283615216223e+01,2.6283006155590395853e-03
5.5816108511331449904e+01,2.6174186707292805380e-03
5.5919855739047676479e+01,2.6055309580171083506e-03
5.6023602966763903055e+01,2.5926474615948361460e-03
5.6127350194480136736e+01,2.5787781863203817524e-03
5.6231097422196363311e+01,2.5639342140727537991e-03
5.6334844649912596992e+01,2.5481273127716599913e-03
5.6438591877628823568e+01,2.5313691778245991232e-03
5.6542339105345050143e+01,2.5136714188013649894e-03
5.6646086333061283824e+01,2.4950455873035343526e-03
5.6749833560777510399e+01,2.4755039903891027514e-03
5.6853580788493744080e+01,2.4550598261426572096e-03
5.6957328016209970656e+01,2.4337262520839511408e-03
5.7061075243926197231e+01,2.4115163300418452491e-03
5.7164822471642430912e+01,2.3884430286309405768e-03
5.7268569699358657488e+01,2.3645196947063235396e-03
5.7372316927074891169e+01,2.3397607037075459843e-03
5.7476064154791117744e+01,2.3141804912970593416e-03
5.7579811382507344319e+01,2.2877933890966799940e-03
5.7683558610223578000e+01,2.2606136256232093468e-03
5.7787305837939804576e+01,2.2326554987824520290e-03
5.7891053065656038257e+01,2.2039342470525410261e-03
5.7994800293372264832e+01,2.1744653918489755678e-03
5.8098547521088491408e+01,2.1442643444312286562e-03
5.8202294748804725089e+01,2.1133464061747547422e-03
5.8306041976520951664e+01,2.0817267987857861027e-03
5.8409789204237185345e+01,2.0494213216087193118e-03
5.8513536431953411920e+01,2.0164463546583771825e-03
5.8617283659669638496e+01,1.9828181926948114031e-03
5.8721030887385872177e+01,1.9485530153209534941e-03
5.8824778115102098752e+01,1.9136668880970688234e-03
5.8928525342818332433e+01,1.8781760260400826978e-03
5.9032272570534559009e+01,1.8420973616812420359e-03
5.9136019798250785584e+01,1.8054478729277372104e-03
5.9239767025967019265e+01,1.7682444187524081619e-03
5.9343514253683245840e+01,1.7305037402333867287e-03
5.9447261481399479521e+01,1.6922425016932976342e-03
5.9551008709115706097e+01,1.6534778323550327565e-03
5.9654755936831932672e+01,1.6142271797168321074e-03
5.9758503164548166353e+01,1.5745078808363723206e-03
5.9862250392264392929e+01,1.5343371525839630265e-03
5.9965997619980626610e+01,1.4937320927720266085e-03
6.0069744847696853185e+01,1.4527098669740137922e-03
6.0173492075413079760e+01,1.4112880984959673674e-03
6.0277239303129313441e+01,1.3694844005997090265e-03
6.0380986530845540017e+01,1.3273162654939233297e-03
6.0484733758561773698e+01,1.2848010653723281223e-03
6.0588480986278000273e+01,1.2419560682691357933e-03
6.0692228213994233954e+01,1.1987987506290132076e-03
6.0795975441710460530e+01,1.1553467879607001809e-03
6.0899722669426687105e+01,1.1116177485675441793e-03
6.1003469897142920786e+01,1.0676290812408209888e-03
6.1107217124859147361e+01,1.0233981162742766813e-03
6.1210964352575381042e+01,9.7894211982535667485e-04
6.1314711580291607618e+01,9.3427854828053900037e-04
6.1418458808007834193e+01,8.8942484970923731211e-04
6.1522206035724067874e+01,8.4439835462530904615e-04
6.1625953263440294450e+01,7.9921627683901216334e-04
6.1729700491156528130e+01,7.5389571476951384478e-04
6.1833447718872754706e+01,7.0845372697693909797e-04
6.1937194946588981281e+01,6.6290742689533864625e-04
6.2040942174305214962e+01,6.1727383670691382024e-04
6.2144689402021441538e+01,5.7156986492339328498e-04
6.2248436629737675219e+01,5.2581230733326285616e-04
6.2352183857453901794e+01,4.8001784900775825706e-04
6.2455931085170128370e+01,4.3420309459884370851e-04
6.2559678312886362050e+01,3.8838457270283922688e-04
6.2663425540602588626e+01,3.4257870425939902000e-04
6.2767172768318822307e+01,2.9680180164014160343e-04
6.2870919996035048882e+01,2.5107006954444907728e-04
6.2974667223751275458e+01,2.0539959968598410132e-04
6.3078414451467509139e+01,1.5980630462735030315e-04
6.3182161679183735714e+01,1.1430594457726975168e-04
6.3285908906899969395e+01,6.8914175574006936859e-05
6.3389656134616195970e+01,2.3646551161478111212e-05
6.3493403362332422546e+01,-2.1481476773399412871e-05
6.3597150590048656227e+01,-6.6454585436431874083e-05
6.3700897817764882802e+01,-1.1125775295235284699e-04
6.3804645045481116483e+01,-1.5587614230093687229e-04
6.3908392273197343059e+01,-2.0029501315940514430e-04
6.4012139500913576740e+01,-2.4449972076609152337e-04
6.4115886728629803315e+01,-2.8847571514727137669e-04
6.4219633956346029890e+01,-3.3220860174714214727e-04
6.4323381184062256466e+01,-3.7568440573258006423e-04
6.4427128411778497252e+01,-4.1888935061860530992e-04
6.4530875639494723828e+01,-4.6180974858634079271e-04
6.4634622867210950403e+01,-5.0443199970005901753e-04
6.4738370094927176979e+01,-5.4674259120296637461e-04
6.4842117322643403554e+01,-5.8872818938977464730e-04
6.4945864550359644340e+01,-6.3037598723860734616e-04
6.5049611778075870916e+01,-6.7167339089565082730e-04
6.5153359005792097491e+01,-7.1260788674537187647e-04
6.5257106233508324067e+01,-7.5316704074995181450e-04
6.5360853461224550642e+01,-7.9333849781772311938e-04
6.5464600688940791429e+01,-8.3311008790000788075e-04
6.5568347916657018004e+01,-8.7247026075560512367e-04
6.5672095144373244580e+01,-9.1140771125232790482e-04
6.5775842372089471155e+01,-9.4991120565429893515e-04
6.5879589599805697731e+01,-9.8796958098922417826e-04
6.5983336827521938517e+01,-1.0255717444920809094e-03
6.6087084055238165092e+01,-1.0627067685260920080e-03
6.6190831282954391668e+01,-1.0993644138331203595e-03
6.6294578510670618243e+01,-1.1355347527167282493e-03
6.6398325738386844819e+01,-1.1712079201798212928e-03
6.6502072966103085605e+01,-1.2063741127852599389e-03
6.6605820193819312180e+01,-1.2410235881764066206e-03
6.6709567421535538756e+01,-1.2751467276369975352e-03
6.6813314649251765331e+01,-1.3087346165803379842e-03
6.6917061876967991907e+01,-1.3417787728506548519e-03
6.7020809104684232693e+01,-1.3742707715874893492e-03
6.7124556332400459269e+01,-1.4062022400159845774e-03
6.7228303560116685844e+01,-1.4375648570450145006e-03
6.7332050787832912420e+01,-1.4683503786668391979e-03
6.7435798015549138995e+01,-1.4985511899697774151e-03
6.7539545243265379781e+01,-1.5281602926058358068e-03
6.7643292470981606357e+01,-1.5571707553028966975e-03
6.7747039698697832932e+01,-1.5855756892468153129e-03
6.7850786926414059508e+01,-1.6133682477567990246e-03
6.7954534154130286083e+01,-1.6405416292536558268e-03
6.8058281381846526870e+01,-1.6670894785613507745e-03
6.8162028609562753445e+01,-1.6930062684734816653e-03
6.8265775837278980021e+01,-1.7182865964943147379e-03
6.8369523064995206596e+01,-1.7429250929201494259e-03
6.8473270292711433171e+01,-1.7669164205908959812e-03
6.8577017520427673958e+01,-1.7902552746439088886e-03
6.8680764748143900533e+01,-1.8129365653415763053e-03
6.8784511975860127109e+01,-1.8349561341911679434e-03
6.8888259203576353684e+01,-1.8563101241786251865e-03
6.8992006431292580260e+01,-1.8769947015650071450e-03
6.9095753659008821046e+01,-1.8970060556368023661e-03
6.9199500886725047621e+01,-1.9163403985333136558e-03
6.9303248114441274197e+01,-1.9349940048328682571e-03
6.9406995342157500772e+01,-1.9529638936416897788e-03
6.9510742569873727348e+01,-1.9702477308088657375e-03
6.9614489797589968134e+01,-1.9868432171509654675e-03
6.9718237025306194710e+01,-2.0027480671701478575e-03
6.9821984253022421285e+01,-2.0179600089524993983e-03
6.9925731480738647861e+01,-2.0324767844112005648e-03
7.0029478708454874436e+01,-2.0462964793013429382e-03
7.0133225936171115222e+01,-2.0594181359407520704e-03
7.0236973163887341798e+01,-2.0718409702430028337e-03
7.0340720391603568373e+01,-2.0835642027475526766e-03
7.0444467619319794949e+01,-2.0945870585856629816e-03
7.0548214847036021524e+01,-2.1049087674466404781e-03
7.0651962074752262311e+01,-2.1145286188779992623e-03
7.0755709302468488886e+01,-2.1234466998319382475e-03
7.0859456530184715461e+01,-2.1316636898238705555e-03
7.0963203757900942037e+01,-2.1391802786978422225e-03
7.1066950985617168612e+01,-2.1459971522696228742e-03
7.1170698213333409399e+01,-2.1521149923560607166e-03
7.1274445441049635974e+01,-2.1575344768274083013e-03
7.1378192668765862550e+01,-2.1622565559417375111e-03
7.1481939896482089125e+01,-2.1662831368139639880e-03
7.1585687124198315701e+01,-2.1696163248831638534e-03
7.1689434351914556487e+01,-2.1722582134006485424e-03
7.1793181579630783062e+01,-2.1742108835180276073e-03
7.1896928807347009638e+01,-2.1754764043745099776e-03
7.2000676035063236213e+01,-2.1760568504810393238e-03
7.2104423262779462789e+01,-2.1759548906647766496e-03
7.2208170490495703575e+01,-2.1751739291009444810e-03
7.2311917718211930151e+01,-2.1737173970919794475e-03
7.2415664945928156726e+01,-2.1715887062767253758e-03
7.2519412173644383302e+01,-2.1687912487710807666e-03
7.2623159401360624088e+01,-2.1653283973074497447e-03
7.2726906629076850663e+01,-2.1612035931048417109e-03
7.2830653856793077239e+01,-2.1564210854973452601e-03
7.2934401084509303814e+01,-2.1509855545029550605e-03
7.3038148312225530390e+01,-2.1449016582687609536e-03
7.3141895539941771176e+01,-2.1381740285126866336e-03
7.3245642767657997751e+01,-2.1308072707106654430e-03
7.3349389995374224327e+01,-2.1228059642822236924e-03
7.3453137223090450902e+01,-2.1141748619738836776e-03
7.3556884450806677478e+01,-2.1049195628207702582e-03
7.3660631678522918264e+01,-2.0950458734569541407e-03
7.3764378906239144840e+01,-2.0845595678555890913e-03
7.3868126133955371415e+01,-2.0734663875518152300e-03
7.3971873361671597991e+01,-2.0617720418702424265e-03
7.4075620589387824566e+01,-2.0494822088077237557e-03
7.4179367817104065352e+01,-2.0366028422378525814e-03
7.4283115044820291928e+01,-2.0231406587473649110e-03
7.4386862272536518503e+01,-2.0091024644968021561e-03
7.4490609500252745079e+01,-1.9944950277294296384e-03
7.4594356727968971654e+01,-1.9793250790349141248e-03
7.4698103955685212441e+01,-1.9635993116108073700e-03
7.4801851183401439016e+01,-1.9473243848447045583e-03
7.4905598411117665592e+01,-1.9305072867878271363e-03
7.5009345638833892167e+01,-1.9131556572827275280e-03
7.5113092866550118742e+01,-1.8952771706587619779e-03
7.5216840094266359529e+01,-1.8768794589042114233e-03
7.5320587321982586104e+01,-1.8579701119578989187e-03
7.5424334549698812680e+01,-1.8385566779983702080e-03
7.5528081777415039255e+01,-1.8186466686279825593e-03
7.5631829005131265831e+01,-1.7982479160298101614e-03
7.5735576232847506617e+01,-1.7773688127291594526e-03
7.5839323460563733192e+01,-1.7560177625479010330e-03
7.5943070688279959768e+01,-1.7342031233854304784e-03
7.6046817915996186343e+01,-1.7119332075319335963e-03
7.6150565143712412919e+01,-1.6892162819790727986e-03
7.6254312371428653705e+01,-1.6660605722131258642e-03
7.6358059599144880281e+01,-1.6424745655636797600e-03
7.6461806826861106856e+01,-1.6184672445173371030e-03
7.6565554054577333432e+01,-1.5940475981345682624e-03
7.6669301282293560007e+01,-1.5692245668206428622e-03
7.6773048510009800793e+01,-1.5440070426543737580e-03
7.6876795737726027369e+01,-1.5184038697142220650e-03
7.6980542965442253944e+01,-1.4924238453709738443e-03
7.7084290193158480520e+01,-1.4660759369961491334e-03
7.7188037420874707095e+01,-1.4393695541642355720e-03
7.7291784648590947882e+01,-1.4123141231508107470e-03
7.7395531876307174457e+01,-1.3849190196884980913e-03
7.7499279104023401032e+01,-1.3571935693052470696e-03
7.7603026331739627608e+01,-1.3291470476599431903e-03
7.7706773559455854183e+01,-1.3007886808812615161e-03
7.7810520787172094970e+01,-1.2721277649467357951e-03
7.7914268014888321545e+01,-1.2431739704404365376e-03
7.8018015242604548121e+01,-1.2139370109103973707e-03
7.8121762470320774696e+01,-1.1844265483055280760e-03
7.8225509698037001272e+01,-1.1546521933177825072e-03
7.8329256925753242058e+01,-1.1246235057216003896e-03
7.8433004153469468633e+01,-1.0943499947106824152e-03
7.8536751381185695209e+01,-1.0638411633178612367e-03
7.8640498608901921784e+01,-1.0331067776837856396e-03
7.8744245836618148360e+01,-1.0021566880917302193e-03
7.8847993064334389146e+01,-9.7100069352765736117e-04
7.8951740292050615722e+01,-9.3964854147176842328e-04
7.9055487519766842297e+01,-9.0810992823644142140e-04
7.9159234747483068872e+01,-8.7639449930155459510e-04
7.9262981975199295448e+01,-8.4451185757466453938e-04
7.9366729202915536234e+01,-8.1247172500983335861e-04
7.9470476430631762810e+01,-7.8028393500103384196e-04
7.9574223658347989385e+01,-7.4795827619156783628e-04
7.9677970886064215961e+01,-7.1550448624228899907e-04
7.9781718113780442536e+01,-6.8293225216308265074e-04
7.9885465341496683322e+01,-6.5025121064176305725e-04
7.9989212569212909898e+01,-6.1747094848010181372e-04
8.0092959796929136473e+01,-5.8460105229924015646e-04
8.0196707024645363049e+01,-5.5165118642287139673e-04
8.0300454252361589624e+01,-5.1863098542148460511e-04
8.0404201480077830411e+01,-4.8555003413881082193e-04
8.0507948707794056986e+01,-4.5241786801224458938e-04
8.0611695935510283562e+01,-4.1924397339074726161e-04
8.0715443163226510137e+01,-3.8603778785034295216e-04
8.0819190390942736713e+01,-3.5280870347408489329e-04
8.0922937618658977499e+01,-3.1956609354207309069e-04
8.1026684846375204074e+01,-2.8631930008480416770e-04
8.1130432074091430650e+01,-2.5307761754370203689e-04
8.1234179301807657225e+01,-2.1985029287907071780e-04
8.1337926529523883801e+01,-1.8664652587290389931e-04
8.1441673757240124587e+01,-1.5347546942937769746e-04
8.1545420984956351163e+01,-1.2034622974087845081e-04
8.1649168212672577738e+01,-8.7267839592548930214e-05
8.1752915440388804313e+01,-5.4249225896157575759e-05
8.1856662668105030889e+01,-2.1299262260137367822e-05
8.1960409895821271675e+01,1.1573222636691188155e-05
8.2064157123537498251e+01,4.4359444761097491879e-05
8.2167904351253724826e+01,7.7050664443614592480e-05
8.2271651578969951402e+01,1.0963818609880055053e-04
8.2375398806686192188e+01,1.4211336731383421468e-04
8.2479146034402418763e+01,1.7446773825429293873e-04
8.2582893262118645339e+01,2.0669296562279829339e-04
8.2686640489834871914e+01,2.3878076007381130461e-04
8.2790387717551098490e+01,2.7072287381234722827e-04
8.2894134945267339276e+01,3.0251110033396383858e-04
8.2997882172983565852e+01,3.3413727416667859341e-04
8.3101629400699792427e+01,3.6559327061486238163e-04
8.3205376628416019003e+01,3.9687106058910651520e-04
8.3309123856132245578e+01,4.2796289884047442834e-04
8.3412871083848486364e+01,4.5886114610543099999e-04
8.3516618311564712940e+01,4.8955820108189025165e-04
8.3620365539280939515e+01,5.2004650019131699618e-04
8.3724112766997166091e+01,5.5031851734498352883e-04
8.3827859994713392666e+01,5.8036676371198267152e-04
8.3931607222429633453e+01,6.1018378857659566050e-04
8.4035354450145860028e+01,6.3976232805391648837e-04
8.4139101677862086603e+01,6.6909545568755147103e-04
8.4242848905578313179e+01,6.9817631527080003129e-04
8.4346596133294539754e+01,7.2699808432979506727e-04
8.4450343361010780541e+01,7.5555397391630432780e-04
8.4554090588727007116e+01,7.8383722840203568470e-04
8.4657837816443233692e+01,8.1184112527449433204e-04
8.4761585044159460267e+01,8.3955898311116746672e-04
8.4865332271875686843e+01,8.6698441550632141233e-04
8.4969079499591927629e+01,8.9411137880369420065e-04
8.5072826727308154204e+01,9.2093387696293551106e-04
8.5176573955024380780e+01,9.4744594315702339391e-04
8.5280321182740607355e+01,9.7364163959455280080e-04
8.5384068410456833931e+01,9.9951505734333805954e-04
8.5487815638173074717e+01,1.0250603161552998034e-03
8.5591562865889301293e+01,1.0502715842492223262e-03
8.5695310093605527868e+01,1.0751434166297805638e-03
8.5799057321321754443e+01,1.0996707047768298528e-03
8.5902804549037981019e+01,1.1238483750883084943e-03
8.6006551776754221805e+01,1.1476713784427201512e-03
8.6110299004470448381e+01,1.1711346900516450553e-03
8.6214046232186674956e+01,1.1942333093133516812e-03
8.6317793459902901532e+01,1.2169622596674336407e-03
8.6421540687619128107e+01,1.2393166167656906752e-03
8.6525287915335368893e+01,1.2612919023100405917e-03
8.6629035143051595469e+01,1.2828839838779136726e-03
8.6732782370767822044e+01,1.3040887571326544372e-03
8.6836529598484048620e+01,1.3249021373520938720e-03
8.6940276826200275195e+01,1.3453200593115208650e-03
8.7044024053916515982e+01,1.3653384771674906446e-03
8.7147771281632742557e+01,1.3849533643424491881e-03
8.7251518509348969133e+01,1.4041607396482948689e-03
8.7355265737065195708e+01,1.4229570853655493495e-03
8.7459012964781422284e+01,1.4413392712096921057e-03
8.7562760192497663070e+01,1.4593041930874256322e-03
8.7666507420213889645e+01,1.4768487615993591052e-03
8.7770254647930116221e+01,1.4939699019531833043e-03
8.7874001875646342796e+01,1.5106645538774299189e-03
8.7977749103362569372e+01,1.5269296715358579575e-03
8.8081496331078810158e+01,1.5427622381867351319e-03
8.8185243558795036733e+01,1.5581596628895084088e-03
8.8288990786511263309e+01,1.5731198230421222957e-03
8.8392738014227489884e+01,1.5876406297278874286e-03
8.8496485241943716460e+01,1.6017200038257253802e-03
8.8600232469659957246e+01,1.6153558759528202204e-03
8.8703979697376183822e+01,1.6285461864076638573e-03
8.8807726925092410397e+01,1.6412888851135153286e-03
8.8911474152808636973e+01,1.6535819347678107870e-03
8.9015221380524863548e+01,1.6654236192550286259e-03
8.9118968608241104334e+01,1.6768127981581964006e-03
8.9222715835957330910e+01,1.6877483966451281832e-03
8.9326463063673557485e+01,1.6982293448770501964e-03
8.9430210291389784061e+01,1.7082545779796307148e-03
8.9533957519106010636e+01,1.7178230360142176993e-03
8.9637704746822251423e+01,1.7269336639492798274e-03
8.9741451974538477998e+01,1.7355854116320884335e-03
8.9845199202254704574e+01,1.7437773977310351298e-03
8.9948946429970931149e+01,1.7515093866108859353e-03
9.0052693657687157724e+01,1.7587813006442276718e-03
9.0156440885403398511e+01,1.7655930625609668038e-03
9.0260188113119625086e+01,1.7719445954462683702e-03
9.0363935340835851662e+01,1.7778358227385287430e-03
9.0467682568552078237e+01,1.7832666682273403628e-03
9.0571429796268304813e+01,1.7882370560514853144e-03
9.0675177023984545599e+01,1.7927469572381305677e-03
9.0778924251700772174e+01,1.7967968944887066553e-03
9.0882671479416998750e+01,1.8003877488907801992e-03
9.0986418707133225325e+01,1.8035204037638210683e-03
9.1090165934849451901e+01,1.8061957384030672292e-03
9.1193913162565692687e+01,1.8084146281024174579e-03
9.1297660390281919263e+01,1.8101779441771677099e-03
9.1401407617998145838e+01,1.8114865539865885463e-03
9.1505154845714372414e+01,1.8123413230088998745e-03
9.1608902073430598989e+01,1.8127434031509498131e-03
9.1712649301146839775e+01,1.8126945286439765780e-03
9.1816396528863066351e+01,1.8121964968205747735e-03
9.1920143756579292926e+01,1.8112510968989780410e-03
9.2023890984295519502e+01,1.8098601100288026333e-03
9.2127638212011760288e+01,1.8080253093364754852e-03
9.2231385439727986864e+01,1.8057484599703617443e-03
9.2335132667444213439e+01,1.8030313191455826522e-03
9.2438879895160440014e+01,1.7998756952117057374e-03
9.2542627122876666590e+01,1.7962839429233939600e-03
9.2646374350592907376e+01,1.7922587102022764609e-03
9.2750121578309133952e+01,1.7878026362376708489e-03
9.2853868806025360527e+01,1.7829183484236478790e-03
9.2957616033741587103e+01,1.7776084624248529326e-03
9.3061363261457813678e+01,1.7718755822418875284e-03
9.3165110489174054464e+01,1.7657223002762536829e-03
9.3268857716890281040e+01,1.7591511977721686812e-03
9.3372604944606507615e+01,1.7521650575286903343e-03
9.3476352172322734191e+01,1.7447672174898645921e-03
9.3580099400038960766e+01,1.7369610942739044119e-03
9.3683846627755201553e+01,1.7287500893645164728e-03
9.3787593855471428128e+01,1.7201375891946139429e-03
9.3891341083187654704e+01,1.7111269652294632936e-03
9.3995088310903881279e+01,1.7017215740492913981e-03
9.4098835538620107855e+01,1.6919247574313420711e-03
9.4202582766336348641e+01,1.6817398560566077827e-03
9.4306329994052575216e+01,1.6711705678959852626e-03
9.4410077221768801792e+01,1.6602209822454572913e-03
9.4513824449485028367e+01,1.6488951912372266234e-03
9.4617571677201254943e+01,1.6371972690555677138e-03
9.4721318904917495729e+01,1.6251312720351135475e-03
9.4825066132633722304e+01,1.6127012387585101631e-03
9.4928813360349948880e+01,1.5999111901534119815e-03
9.5032560588066175455e+01,1.5867651295888554521e-03
9.5136307815782402031e+01,1.5732670868769890477e-03
9.5240055043498642817e+01,1.5594215142397749654e-03
9.5343802271214869393e+01,1.5452330980901154804e-03
9.5447549498931095968e+01,1.5307065075247732432e-03
9.5551296726647322544e+01,1.5158463913621555205e-03
9.5655043954363549119e+01,1.5006573782522796175e-03
9.5758791182079789905e+01,1.4851440767860283644e-03
9.5862538409796016481e+01,1.4693110756037008717e-03
9.5966285637512243056e+01,1.4531629435028409897e-03
9.6070032865228469632e+01,1.4367043009336335005e-03
9.6173780092944696207e+01,1.4199401746929287034e-03
9.6277527320660936994e+01,1.4028757274544959889e-03
9.6381274548377163569e+01,1.3855160999172368586e-03
9.6485021776093390145e+01,1.3678664106695367052e-03
9.6588769003809616720e+01,1.3499317563080174762e-03
9.6692516231525843295e+01,1.3317172115555194704e-03
9.6796263459242084082e+01,1.3132278293783211567e-03
9.6900010686958310657e+01,1.2944686411026167482e-03
9.7003757914674537233e+01,1.2754447345512955839e-03
9.7107505142390763808e+01,1.2561615477029350850e-03
9.7211252370106990384e+01,1.2366246060077779999e-03
9.7314999597823231170e+01,1.2168394113722493573e-03
9.7418746825539457745e+01,1.1968114422655064342e-03
9.7522494053255684321e+01,1.1765461538440864439e-03
9.7626241280971910896e+01,1.1560489780757902956e-03
9.7729988508688137472e+01,1.1353253238627614412e-03
9.7833735736404378258e+01,1.1143805771637834475e-03
9.7937482964120604834e+01,1.0932201623837364476e-03
9.8041230191836831409e+01,1.0718497840119830915e-03
9.8144977419553057985e+01,1.0502752159430698859e-03
9.8248724647269284560e+01,1.0285022077105882444e-03
9.8352471874985525346e+01,1.0065364845885146471e-03
9.8456219102701751922e+01,9.8438374771904154671e-04
9.8559966330417978497e+01,9.6204967423956714960e-04
9.8663713558134205073e+01,9.3953991740891584783e-04
9.8767460785850431648e+01,9.1686010673274755903e-04
9.8871208013566672435e+01,8.9401588139712787496e-04
9.8974955241282899010e+01,8.7101308056189820708e-04
9.9078702468999125585e+01,8.4785761095414408431e-04
9.9182449696715352161e+01,8.2455535487262318541e-04
9.9286196924431578736e+01,8.0111217002970828635e-04
9.9389944152147819523e+01,7.7753388967970399684e-04
9.9493691379864046098e+01,7.5382632274637734193e-04
9.9597438607580272674e+01,7.2999525394966294049e-04
9.9701185835296499249e+01,7.0604644393160262850e-04
9.9804933063012725825e+01,6.8198563988626623080e-04
9.9908680290728966611e+01,6.5781869827762550970e-04
1.0001242751844519319e+02,6.3355154268158867838e-04
1.0011617474616141976e+02,6.0919007391484311827e-04
1.0021992197387764634e+02,5.8474016836007960962e-04
1.0032366920159387291e+02,5.6020767809232909808e-04
1.0042741642931011370e+02,5.3559843100451504094e-04
1.0053116365702634027e+02,5.1091823093224540252e-04
1.0063491088474256685e+02,4.8617285777779887038e-04
1.0073865811245879343e+02,4.6136886724338038550e-04
1.0084240534017502000e+02,4.3655080179868632328e-04
1.0094615256789126079e+02,4.1181679969885505790e-04
1.0104989979560748736e+02,3.8726867125083309484e-04
1.0115364702332371394e+02,3.6300780907865936448e-04
1.0125739425103994051e+02,3.3913519026324522032e-04
1.0136114147875616709e+02,3.1575137846899710165e-04
1.0146488870647240788e+02,2.9295652605739315412e-04
1.0156863593418863445e+02,2.7085037618762098158e-04
1.0167238316190486103e+02,2.4953226490407633131e-04
1.0177613038962108760e+02,2.2907692518277721853e-04
1.0187987761733732839e+02,2.0946272058342292198e-04
1.0198362484505355496e+02,1.9064426684540217898e-04
1.0208737207276978154e+02,1.7257636419677898579e-04
1.0219111930048600811e+02,1.5521399641781397408e-04
1.0229486652820223469e+02,1.3851232991017028637e-04
1.0239861375591847548e+02,1.2242671277177866163e-04
1.0250236098363470205e+02,1.0691267387733135975e-04
1.0260610821135092863e+02,9.1925921964333055748e-05
1.0270985543906715520e+02,7.7429651693981595985e-05
1.0281360266678338178e+02,6.3523305699109792479e-05
1.0291734989449962256e+02,5.0426283496492057287e-05
1.0302109712221584914e+02,3.8361253453089239410e-05
1.0312484434993207572e+02,2.7549987886959193629e-05
1.0322859157764830229e+02,1.8213367570018042506e-05
1.0333233880536452887e+02,1.0571386203667196998e-05
1.0343608603308076965e+02,4.8431548674871086700e-06
1.0353983326079699623e+02,1.2469064411888723001e-06
1.0364358048851322280e+02,0.0000000000000000000e+00
