1.0000000000000000479e-04,-2.9551445057763879401e-16
1.0384722771622945103e-01,-2.2104614728734656706e-07
2.0759445543245888532e-01,-1.7196872735483887406e-06
3.1134168314868831962e-01,-5.6499682562864379039e-06
4.1508891086491778166e-01,-1.3039948530510951389e-05
5.1883613858114718820e-01,-2.4799284526225436840e-05
6.2258336629737665024e-01,-4.1726476740845151801e-05
7.2633059401360611229e-01,-6.4515793563780742784e-05
8.3007782172983557434e-01,-9.3763883626579909176e-05
9.3382504944606503638e-01,-1.2997608805299736522e-04
1.0375722771622943874e+00,-1.7357246364027020336e-04
1.1413195048785238495e+00,-2.2489352766318356316e-04
1.2450667325947533115e+00,-2.8420573460914445038e-04
1.3488139603109827735e+00,-3.5170669487043454502e-04
1.4525611880272122356e+00,-4.2753014517458119963e-04
1.5563084157434416976e+00,-5.1175067980354835805e-04
1.6600556434596711597e+00,-6.0438825238143104902e-04
1.7638028711759006217e+00,-7.0541245578552270144e-04
1.8675500988921300838e+00,-8.1474659061739069642e-04
1.9712973266083595458e+00,-9.3227152800519493773e-04
2.0750445543245890079e+00,-1.0578293765178920990e-03
2.1787917820408186920e+00,-1.1912269610842370245e-03
2.2825390097570479320e+00,-1.3322391195390885163e-03
2.3862862374732776161e+00,-1.4806118247341810718e-03
2.4900334651895068561e+00,-1.6360651414515125276e-03
2.5937806929057365402e+00,-1.7982960205406744222e-03
2.6975279206219657802e+00,-1.9669809417755660698e-03
2.8012751483381954642e+00,-2.1417784053330366639e-03
2.9050223760544247043e+00,-2.3223312859357620082e-03
3.0087696037706543883e+00,-2.5082690473202666655e-03
3.1125168314868836283e+00,-2.6992098282952316050e-03
3.2162640592031133124e+00,-2.8947624103647100376e-03
3.3200112869193425524e+00,-3.0945280489447662443e-03
3.4237585146355717924e+00,-3.2981022110769816526e-03
3.5275057423518014765e+00,-3.5050761917512834528e-03
3.6312529700680307165e+00,-3.7150386259199199949e-03
3.7350001977842604006e+00,-3.9275769042916696544e-03
3.8387474255004896406e+00,-4.1422784925876487278e-03
3.9424946532167193247e+00,-4.3587321575731044487e-03
4.0462418809329481206e+00,-4.5765291064517807373e-03
4.1499891086491773606e+00,-4.7952640485726637232e-03
4.2537363363654074888e+00,-5.0145361718983783375e-03
4.3574835640816367288e+00,-5.2339500334234118420e-03
4.4612307917978659688e+00,-5.4531164127949579776e-03
4.5649780195140952088e+00,-5.6716530439356854093e-03
4.6687252472303253370e+00,-5.8891853377708962280e-03
4.7724724749465545770e+00,-6.1053469989338889426e-03
4.8762197026627838170e+00,-6.3197806008747766868e-03
4.9799669303790130570e+00,-6.5321381120148252000e-03
5.0837141580952422970e+00,-6.7420813553519054820e-03
5.1874613858114724252e+00,-6.9492824203445909340e-03
5.2912086135277016652e+00,-7.1534240294982573763e-03
5.3949558412439309052e+00,-7.3541998594944283860e-03
5.4987030689601601452e+00,-7.5513148175180601351e-03
5.6024502966763902734e+00,-7.7444852770189890820e-03
5.7061975243926195134e+00,-7.9334392750687928592e-03
5.8099447521088487534e+00,-8.1179166733211585716e-03
5.9136919798250779934e+00,-8.2976692840017862024e-03
6.0174392075413081216e+00,-8.4724609635800952889e-03
6.1211864352575373616e+00,-8.6420676771600760807e-03
6.2249336629737666016e+00,-8.8062775338693614208e-03
6.3286808906899958416e+00,-8.9648907940088149587e-03
6.4324281184062259697e+00,-9.1177198503244807903e-03
6.5361753461224552098e+00,-9.2645891898396545705e-03
6.6399225738386844498e+00,-9.4053353281079513093e-03
6.7436698015549136898e+00,-9.5398067252932816640e-03
6.8474170292711429298e+00,-9.6678636893443199718e-03
6.9511642569873730579e+00,-9.7893782407273369911e-03
7.0549114847036022979e+00,-9.9042339957489955449e-03
7.1586587124198315379e+00,-1.0012325990586065302e-02
7.2624059401360607779e+00,-1.0113560536262385797e-02
7.3661531678522909061e+00,-1.0207855017618566382e-02
7.4699003955685201461e+00,-1.0295137724413148603e-02
7.5736476232847493861e+00,-1.0375347617336386913e-02
7.6773948510009786261e+00,-1.0448434159487559811e-02
7.7811420787172087543e+00,-1.0514357034454814219e-02
7.8848893064334379943e+00,-1.0573085984314032487e-02
7.9886365341496672343e+00,-1.0624600517024865298e-02
8.0923837618658964743e+00,-1.0668889677408394112e-02
8.1961309895821266025e+00,-1.0705951833211588275e-02
8.2998782172983549543e+00,-1.0735794361680831011e-02
8.4036254450145850825e+00,-1.0758433419409414722e-02
8.5073726727308152107e+00,-1.0773893708531698254e-02
8.6111199004470435625e+00,-1.0782208164235649109e-02
8.7148671281632736907e+00,-1.0783417689794631139e-02
8.8186143558795020425e+00,-1.0777570922744512949e-02
8.9223615835957321707e+00,-1.0764723951206778621e-02
9.0261088113119622989e+00,-1.0744940021847834005e-02
9.1298560390281906507e+00,-1.0718289271591649112e-02
9.2336032667444207789e+00,-1.0684848464355840500e-02
9.3373504944606509071e+00,-1.0644700733853313182e-02
9.4410977221768792589e+00,-1.0597935295652826174e-02
9.5448449498931093871e+00,-1.0544647174815001758e-02
9.6485921776093377389e+00,-1.0484936939984670218e-02
9.7523394053255678671e+00,-1.0418910438926334491e-02
9.8560866330417979952e+00,-1.0346678535863228568e-02
9.9598338607580263471e+00,-1.0268356851232207302e-02
1.0063581088474256475e+01,-1.0184065505524029713e-02
1.0167328316190484827e+01,-1.0093928861182021803e-02
1.0271075543906714955e+01,-9.9980752689678951961e-03
1.0374822771622945083e+01,-9.8966368197497649184e-03
1.0478569999339173435e+01,-9.7897490998461837719e-03
1.0582317227055403563e+01,-9.6775509501091927511e-03
1.0686064454771633692e+01,-9.5601842289488384030e-03
1.0789811682487862043e+01,-9.4377935794754778953e-03
1.0893558910204092172e+01,-9.3105262009135335982e-03
1.0997306137920320523e+01,-9.1785316244199933317e-03
1.1101053365636550652e+01,-9.0419614934262836081e-03
1.1204800593352780780e+01,-8.9009693485957719350e-03
1.1308547821069009132e+01,-8.7557104174802447005e-03
1.1412295048785239260e+01,-8.6063414089342336888e-03
1.1516042276501469388e+01,-8.4530203123412712279e-03
1.1619789504217697740e+01,-8.2959062016864561911e-03
1.1723536731933927868e+01,-8.1351590445101745058e-03
1.1827283959650156220e+01,-7.9709395158614852750e-03
1.1931031187366386348e+01,-7.8034088198566733952e-03
1.2034778415082616476e+01,-7.6327285154402825518e-03
1.2138525642798844828e+01,-7.4590603437940097495e-03
1.2242272870515074956e+01,-7.2825660622284089235e-03
1.2346020098231303308e+01,-7.1034072830383288358e-03
1.2449767325947533436e+01,-6.9217453172276243584e-03
1.2553514553663763564e+01,-6.7377410231204293983e-03
1.2657261781379991916e+01,-6.5515546598939045086e-03
1.2761009009096222044e+01,-6.3633457489281142552e-03
1.2864756236812452173e+01,-6.1732729535948016944e-03
1.2968503464528680524e+01,-5.9814939397873261376e-03
1.3072250692244910653e+01,-5.7881652425095381220e-03
1.3175997919961139004e+01,-5.5934421434717645355e-03
1.3279745147677369133e+01,-5.3974785537679549272e-03
1.3383492375393599261e+01,-5.2004269073525760669e-03
1.3487239603109827613e+01,-5.0024380802688025657e-03
1.3590986830826057741e+01,-4.8036612685143781354e-03
1.3694734058542286093e+01,-4.6042438786374024692e-03
1.3798481286258516221e+01,-4.4043314343694059398e-03
1.3902228513974746349e+01,-4.2040674975732800212e-03
1.4005975741690974701e+01,-4.0035936153322215433e-03
1.4109722969407204829e+01,-3.8030492091920835469e-03
1.4213470197123434957e+01,-3.6025714884568879430e-03
1.4317217424839663309e+01,-3.4022953842606637118e-03
1.4420964652555893437e+01,-3.2023535158793767740e-03
1.4524711880272121789e+01,-3.0028761137115798918e-03
1.4628459107988351917e+01,-2.8039909354632339133e-03
1.4732206335704582045e+01,-2.6058232200314650033e-03
1.4835953563420810397e+01,-2.4084956668205962163e-03
1.4939700791137040525e+01,-2.2121283683858355626e-03
1.5043448018853268877e+01,-2.0168387510676663577e-03
1.5147195246569499005e+01,-1.8227415526035327126e-03
1.5250942474285729133e+01,-1.6299487969973003917e-03
1.5354689702001957485e+01,-1.4385697367893558740e-03
1.5458436929718187614e+01,-1.2487108346049269336e-03
1.5562184157434417742e+01,-1.0604757449915293635e-03
1.5665931385150646094e+01,-8.7396527273776692616e-04
1.5769678612866876222e+01,-6.8927736779014075769e-04
1.5873425840583104574e+01,-5.0650711416776270785e-04
1.5977173068299334702e+01,-3.2574668164052903623e-04
1.6080920296015563054e+01,-1.4708535041317664363e-04
1.6184667523731793182e+01,2.9390489635846629609e-05
1.6288414751448023310e+01,2.0359740937542447842e-04
1.6392161979164253438e+01,3.7545487533903194443e-04
1.6495909206880483566e+01,5.4488524595887983474e-04
1.6599656434596710142e+01,7.1181386696117672757e-04
1.6703403662312940270e+01,8.7616895156535860422e-04
1.6807150890029170398e+01,1.0378816002655606113e-03
1.6910898117745400526e+01,1.1968859006783556451e-03
1.7014645345461630654e+01,1.3531187412024281522e-03
1.7118392573177857230e+01,1.5065199113854302326e-03
1.7222139800894087358e+01,1.6570321348372458754e-03
1.7325887028610317486e+01,1.8046008491988904145e-03
1.7429634256326547614e+01,1.9491744370456209629e-03
1.7533381484042777743e+01,2.0907040693274882813e-03
1.7637128711759004318e+01,2.2291435971426233793e-03
1.7740875939475234446e+01,2.3644498204479376911e-03
1.7844623167191464574e+01,2.4965821073850429264e-03
1.7948370394907694703e+01,2.6255026094750724512e-03
1.8052117622623924831e+01,2.7511762300684973817e-03
1.8155864850340154959e+01,2.8735703315722616047e-03
1.8259612078056381534e+01,2.9926551568010750434e-03
1.8363359305772611663e+01,3.1084033256164470341e-03
1.8467106533488841791e+01,3.2207901164486860482e-03
1.8570853761205071919e+01,3.3297933893151250052e-03
1.8674600988921302047e+01,3.4353932893531387988e-03
1.8778348216637528623e+01,3.5375727240420998254e-03
1.8882095444353758751e+01,3.6363166913413887647e-03
1.8985842672069988879e+01,3.7316128422569825110e-03
1.9089589899786219007e+01,3.8234510166168804608e-03
1.9193337127502449135e+01,3.9118233566289078648e-03
1.9297084355218675711e+01,3.9967244245590442808e-03
1.9400831582934905839e+01,4.0781507109494911228e-03
1.9504578810651135967e+01,4.1561012774862004029e-03
1.9608326038367366095e+01,4.2305768947174205927e-03
1.9712073266083596224e+01,4.3015808464321805826e-03
1.9815820493799822799e+01,4.3691181186895442640e-03
1.9919567721516052927e+01,4.4331959612922506794e-03
2.0023314949232283055e+01,4.4938234569217201664e-03
2.0127062176948513184e+01,4.5510116204822721048e-03
2.0230809404664743312e+01,4.6047734611678369301e-03
2.0334556632380969887e+01,4.6551235937651687033e-03
2.0438303860097200015e+01,4.7020787532840715647e-03
2.0542051087813430144e+01,4.7456570067865707849e-03
2.0645798315529660272e+01,4.7858786010474265935e-03
2.0749545543245890400e+01,4.8227649116745147442e-03
2.0853292770962120528e+01,4.8563394825551359224e-03
2.0957039998678347104e+01,4.8866268486405005714e-03
2.1060787226394577232e+01,4.9136536444377484217e-03
2.1164534454110807360e+01,4.9374474032483697816e-03
2.1268281681827037488e+01,4.9580376569830020630e-03
2.1372028909543267616e+01,4.9754547637387352629e-03
2.1475776137259494192e+01,4.9897309718456850369e-03
2.1579523364975724320e+01,5.0008992825108927738e-03
2.1683270592691954448e+01,5.0089944873391448535e-03
2.1787017820408184576e+01,5.0140520455744831685e-03
2.1890765048124414704e+01,5.0161091234106709377e-03
2.1994512275840641280e+01,5.0152034535032542426e-03
2.2098259503556871408e+01,5.0113744096056036387e-03
2.2202006731273101536e+01,5.0046618171401347289e-03
2.2305753958989331664e+01,4.9951070891417793940e-03
2.2409501186705561793e+01,4.9827519710366231787e-03
2.2513248414421788368e+01,4.9676397419748550763e-03
2.2616995642138018496e+01,4.9498139073478686703e-03
2.2720742869854248625e+01,4.9293194302373081681e-03
2.2824490097570478753e+01,4.9062014326635462746e-03
2.2928237325286708881e+01,4.8805063692940282502e-03
2.3031984553002939009e+01,4.8522808500303772974e-03
2.3135731780719165585e+01,4.8215726237178999081e-03
2.3239479008435395713e+01,4.7884296682087533828e-03
2.3343226236151625841e+01,4.7529008316523910574e-03
2.3446973463867855969e+01,4.7150353400246787852e-03
2.3550720691584086097e+01,4.6748829591746485571e-03
2.3654467919300312673e+01,4.6324940315110767555e-03
2.3758215147016542801e+01,4.5879190860783208850e-03
2.3861962374732772929e+01,4.5412094233847344338e-03
2.3965709602449003057e+01,4.4924162244650948927e-03
2.4069456830165233185e+01,4.4415915468147939074e-03
2.4173204057881459761e+01,4.3887871714127918432e-03
2.4276951285597689889e+01,4.3340556680198771139e-03
2.4380698513313920017e+01,4.2774493968939873018e-03
2.4484445741030150145e+01,4.2190212014712536251e-03
2.4588192968746380274e+01,4.1588239680469037823e-03
2.4691940196462606849e+01,4.0969106416889498543e-03
2.4795687424178836977e+01,4.0333345108461808592e-03
2.4899434651895067105e+01,3.9681485423789086137e-03
2.5003181879611297234e+01,3.9014062126662874160e-03
2.5106929107327527362e+01,3.8331605343023761670e-03
2.5210676335043753937e+01,3.7634648930878265675e-03
2.5314423562759984065e+01,3.6923723821368427574e-03
2.5418170790476214194e+01,3.6199360760142147014e-03
2.5521918018192444322e+01,3.5462090812092414080e-03
2.5625665245908674450e+01,3.4712440830287840006e-03
2.5729412473624904578e+01,3.3950939987125857908e-03
2.5833159701341131154e+01,3.3178111870398999984e-03
2.5936906929057361282e+01,3.2394480938086871874e-03
2.6040654156773591410e+01,3.1600568073434230805e-03
2.6144401384489821538e+01,3.0796891167920539302e-03
2.6248148612206051666e+01,2.9983967465470246806e-03
2.6351895839922278242e+01,2.9162308310763719078e-03
2.6455643067638508370e+01,2.8332424917010541436e-03
2.6559390295354738498e+01,2.7494823066525697977e-03
2.6663137523070968626e+01,2.6650005618294239640e-03
2.6766884750787198755e+01,2.5798472568779803882e-03
2.6870631978503425330e+01,2.4940718024041032795e-03
2.6974379206219655458e+01,2.4077234302662094481e-03
2.7078126433935885586e+01,2.3208507679084869682e-03
2.7181873661652115715e+01,2.2335020646959600175e-03
2.7285620889368345843e+01,2.1457251585985178018e-03
2.7389368117084572418e+01,2.0575672774586668823e-03
2.7493115344800802546e+01,1.9690753107246172955e-03
2.7596862572517032675e+01,1.8802955357295921251e-03
2.7700609800233262803e+01,1.7912737320172234402e-03
2.7804357027949492931e+01,1.7020551932054237259e-03
2.7908104255665723059e+01,1.6126845834747711821e-03
2.8011851483381949635e+01,1.5232060774068936510e-03
2.8115598711098179763e+01,1.4336632506813137659e-03
2.8219345938814409891e+01,1.3440990809737694313e-03
2.8323093166530640019e+01,1.2545559800423060695e-03
2.8426840394246870147e+01,1.1650757436335200043e-03
2.8530587621963096723e+01,1.0756995406828106458e-03
2.8634334849679326851e+01,9.8646793336475461188e-04
2.8738082077395556979e+01,8.9742086024428402002e-04
2.8841829305111787107e+01,8.0859757289540340908e-04
2.8945576532828017235e+01,7.2003673509058179099e-04
2.9049323760544243811e+01,6.3177632361459444901e-04
2.9153070988260473939e+01,5.4385361625746829906e-04
2.9256818215976704067e+01,4.5630532224568798143e-04
2.9360565443692934195e+01,3.6916736441538946373e-04
2.9464312671409164324e+01,2.8247502186767224587e-04
2.9568059899125390899e+01,1.9626297309632847695e-04
2.9671807126841621027e+01,1.1056503709781289539e-04
2.9775554354557851156e+01,2.5414474577228627684e-05
2.9879301582274081284e+01,-5.9156151821246534019e-05
2.9983048809990311412e+01,-1.4311513437224640381e-04
3.0086796037706537987e+01,-2.2643126213761115219e-04
3.0190543265422768116e+01,-3.0907415001398452683e-04
3.0294290493138998244e+01,-3.9101419606777114337e-04
3.0398037720855228372e+01,-4.7222227667532398797e-04
3.0501784948571458500e+01,-5.5267021373960349608e-04
3.0605532176287688628e+01,-6.3233050439330366638e-04
3.0709279404003915204e+01,-7.1117614958040567454e-04
3.0813026631720145332e+01,-7.8918117878087304558e-04
3.0916773859436375460e+01,-8.6632018311605797460e-04
3.1020521087152605588e+01,-9.4256831834750749981e-04
3.1124268314868835716e+01,-1.0179018013399124872e-03
3.1228015542585062292e+01,-1.0922973144564525165e-03
3.1331762770301292420e+01,-1.1657321816949102553e-03
3.1435509998017522548e+01,-1.2381847793473592465e-03
3.1539257225733752676e+01,-1.3096338770693322431e-03
3.1643004453449982805e+01,-1.3800589595616592764e-03
3.1746751681166209380e+01,-1.4494405345927372387e-03
3.1850498908882439508e+01,-1.5177594495996685111e-03
3.1954246136598669636e+01,-1.5849973251121822829e-03
3.2057993364314903317e+01,-1.6511367720702693589e-03
3.2161740592031129893e+01,-1.7161606994467782684e-03
3.2265487819747363574e+01,-1.7800528249506345629e-03
3.2369235047463590149e+01,-1.8427978328112910346e-03
3.2472982275179823830e+01,-1.9043806706244453038e-03
3.2576729502896050406e+01,-1.9647871035634620167e-03
3.2680476730612276981e+01,-2.0240038562478780693e-03
3.2784223958328510662e+01,-2.0820178863698371452e-03
3.2887971186044737237e+01,-2.1388169477361521249e-03
3.2991718413760970918e+01,-2.1943897678396310016e-03
3.3095465641477197494e+01,-2.2487252819490106091e-03
3.3199212869193424069e+01,-2.3018131663440533248e-03
3.3302960096909657750e+01,-2.3536441073082701309e-03
3.3406707324625884326e+01,-2.4042089827320469071e-03
3.3510454552342118006e+01,-2.4534993205010163959e-03
3.3614201780058344582e+01,-2.5015077123679450508e-03
3.3717949007774571157e+01,-2.5482269421823388819e-03
3.3821696235490804838e+01,-2.5936503185908796679e-03
3.3925443463207031414e+01,-2.6377722723483943042e-03
3.4029190690923265095e+01,-2.6805874539462619909e-03
3.4132937918639491670e+01,-2.7220908902065256083e-03
3.4236685146355718246e+01,-2.7622787655653532543e-03
3.4340432374071951926e+01,-2.8011475522490059988e-03
3.4444179601788178502e+01,-2.8386939524967617909e-03
3.4547926829504412183e+01,-2.8749157937463893850e-03
3.4651674057220638758e+01,-2.9098113191475460590e-03
3.4755421284936865334e+01,-2.9433788818896285643e-03
3.4859168512653099015e+01,-2.9756178262499957850e-03
3.4962915740369325590e+01,-3.0065281041834436213e-03
3.5066662968085559271e+01,-3.0361097036189460367e-03
3.5170410195801785846e+01,-3.0643633662592703777e-03
3.5274157423518012422e+01,-3.0912906675036296369e-03
3.5377904651234246103e+01,-3.1168932109614877826e-03
3.5481651878950472678e+01,-3.1411730505851152319e-03
3.5585399106666706359e+01,-3.1641332618399984310e-03
3.5689146334382932935e+01,-3.1857770257712439595e-03
3.5792893562099159510e+01,-3.2061076941858617124e-03
3.5896640789815393191e+01,-3.2251296628222126707e-03
3.6000388017531619766e+01,-3.2428476284506518521e-03
3.6104135245247853447e+01,-3.2592662900175150241e-03
3.6207882472964080023e+01,-3.2743911579120655621e-03
3.6311629700680313704e+01,-3.2882283595089632083e-03
3.6415376928396540279e+01,-3.3007839743682152941e-03
3.6519124156112766855e+01,-3.3120645037978792627e-03
3.6622871383829000536e+01,-3.3220773550836136569e-03
3.6726618611545227111e+01,-3.3308299682054003966e-03
3.6830365839261460792e+01,-3.3383298616626029369e-03
3.6934113066977687367e+01,-3.3445854762431800541e-03
3.7037860294693913943e+01,-3.3496055434739584016e-03
3.7141607522410147624e+01,-3.3533987193601964664e-03
3.7245354750126374199e+01,-3.3559742296926579723e-03
3.7349101977842607880e+01,-3.3573419796106510754e-03
3.7452849205558834456e+01,-3.3575118091959412457e-03
3.7556596433275061031e+01,-3.3564936860620503759e-03
3.7660343660991294712e+01,-3.3542984459680471286e-03
3.7764090888707521287e+01,-3.3509370586143161046e-03
3.7867838116423754968e+01,-3.3464204038765863782e-03
3.7971585344139981544e+01,-3.3407599256591296449e-03
3.8075332571856208119e+01,-3.3339676164689676340e-03
3.8179079799572441800e+01,-3.3260553670586790950e-03
3.8282827027288668376e+01,-3.3170351578898022230e-03
3.8386574255004902056e+01,-3.3069197453088820630e-03
3.8490321482721128632e+01,-3.2957219824976645428e-03
3.8594068710437355207e+01,-3.2834546025075450441e-03
3.8697815938153588888e+01,-3.2701307717144696696e-03
3.8801563165869815464e+01,-3.2557641862468842016e-03
3.8905310393586049145e+01,-3.2403684346367753362e-03
3.9009057621302275720e+01,-3.2239570880081371874e-03
3.9112804849018502296e+01,-3.2065443697247633659e-03
3.9216552076734735977e+01,-3.1881446601365599595e-03
3.9320299304450962552e+01,-3.1687721909179449031e-03
3.9424046532167196233e+01,-3.1484413971833661444e-03
3.9527793759883422808e+01,-3.1271672817136000715e-03
3.9631540987599649384e+01,-3.1049647776937379547e-03
3.9735288215315883065e+01,-3.0818486974354625599e-03
3.9839035443032109640e+01,-3.0578342726578838437e-03
3.9942782670748343321e+01,-3.0329370443465354309e-03
4.0046529898464569897e+01,-3.0071724061022640263e-03
4.0150277126180796472e+01,-2.9805557109681616972e-03
4.0254024353897030153e+01,-2.9531028182421151067e-03
4.0357771581613256728e+01,-2.9248296555245303745e-03
4.0461518809329490409e+01,-2.8957519879633038425e-03
4.0565266037045716985e+01,-2.8658856623294576456e-03
4.0669013264761943560e+01,-2.8352469655247127325e-03
4.0772760492478177241e+01,-2.8038521103078491332e-03
4.0876507720194403817e+01,-2.7717171540665563184e-03
4.0980254947910637497e+01,-2.7388583480006515637e-03
4.1084002175626864073e+01,-2.7052922402402827286e-03
4.1187749403343097754e+01,-2.6710352428467041067e-03
4.1291496631059324329e+01,-2.6361036313902160358e-03
4.1395243858775550905e+01,-2.6005139380883271136e-03
4.1498991086491784586e+01,-2.5642828497289982953e-03
4.1602738314208011161e+01,-2.5274268947159659639e-03
4.1706485541924244842e+01,-2.4899624896664849551e-03
4.1810232769640471417e+01,-2.4519063182867179528e-03
4.1913979997356697993e+01,-2.4132751089378165488e-03
4.2017727225072931674e+01,-2.3740854261899901542e-03
4.2121474452789158249e+01,-2.3343537451862824209e-03
4.2225221680505391930e+01,-2.2940967805207082043e-03
4.2328968908221618506e+01,-2.2533312187506589902e-03
4.2432716135937845081e+01,-2.2120735833501209769e-03
4.2536463363654078762e+01,-2.1703403218141128876e-03
4.2640210591370305337e+01,-2.1281480734895892593e-03
4.2743957819086539018e+01,-2.0855134070027077885e-03
4.2847705046802765594e+01,-2.0424527305147851045e-03
4.2951452274518992169e+01,-1.9989823777981871079e-03
4.3055199502235225850e+01,-1.9551188211116205841e-03
4.3158946729951452426e+01,-1.9108784393469750024e-03
4.3262693957667686107e+01,-1.8662774542964985936e-03
4.3366441185383912682e+01,-1.8213320041953751094e-03
4.3470188413100139257e+01,-1.7760583138997714740e-03
4.3573935640816372938e+01,-1.7304725042108070471e-03
4.3677682868532599514e+01,-1.6845905427651927319e-03
4.3781430096248833195e+01,-1.6384282979714306656e-03
4.3885177323965059770e+01,-1.5920016755861629738e-03
4.3988924551681286346e+01,-1.5453264734149685464e-03
4.4092671779397520027e+01,-1.4984183405785354848e-03
4.4196419007113746602e+01,-1.4512928103316774867e-03
4.4300166234829980283e+01,-1.4039654048583611028e-03
4.4403913462546206858e+01,-1.3564515376250721197e-03
4.4507660690262433434e+01,-1.3087664783839568494e-03
4.4611407917978667115e+01,-1.2609253685802019294e-03
4.4715155145694893690e+01,-1.2129432898712237763e-03
4.4818902373411127371e+01,-1.1648352136653930197e-03
4.4922649601127353947e+01,-1.1166159731103566730e-03
4.5026396828843580522e+01,-1.0683002677948525913e-03
4.5130144056559814203e+01,-1.0199026912481904631e-03
4.5233891284276040778e+01,-9.7143771883691026024e-04
4.5337638511992274459e+01,-9.2291969358456946160e-04
4.5441385739708501035e+01,-8.7436282682502050687e-04
4.5545132967424727610e+01,-8.2578118757051525902e-04
4.5648880195140961291e+01,-7.7718870573247869540e-04
4.5752627422857187867e+01,-7.2859918449727967184e-04
4.5856374650573421548e+01,-6.8002630155900814935e-04
4.5960121878289648123e+01,-6.3148357586027034204e-04
4.6063869106005881804e+01,-5.8298434961846399508e-04
4.6167616333722108379e+01,-5.3454184035743590453e-04
4.6271363561438334955e+01,-4.8616914704951557638e-04
4.6375110789154568636e+01,-4.3787921827317911275e-04
4.6478858016870795211e+01,-3.8968477923153558434e-04
4.6582605244587028892e+01,-3.4159841992034565205e-04
4.6686352472303255468e+01,-2.9363261842455022719e-04
4.6790099700019482043e+01,-2.4579972510926424061e-04
4.6893846927735715724e+01,-1.9811184080234476852e-04
4.6997594155451942299e+01,-1.5058089061148921843e-04
4.7101341383168175980e+01,-1.0321869409785285629e-04
4.7205088610884402556e+01,-5.6036963302798304732e-05
4.7308835838600629131e+01,-9.0471842403471098345e-06
4.7412583066316862812e+01,3.7739408338937050792e-05
4.7516330294033089388e+01,8.4311686993845233917e-05
4.7620077521749323068e+01,1.3065862125687476947e-04
4.7723824749465549644e+01,1.7676934032821370454e-04
4.7827571977181776219e+01,2.2263329600884403103e-04
4.7931319204898009900e+01,2.6824008250200391968e-04
4.8035066432614236476e+01,3.1357938390962715241e-04
4.8138813660330470157e+01,3.5864098810715119023e-04
4.8242560888046696732e+01,4.0341498566717857045e-04
4.8346308115762923308e+01,4.4789171386916762103e-04
4.8450055343479156988e+01,4.9206159671505000225e-04
4.8553802571195383564e+01,5.3591514024261546149e-04
4.8657549798911617245e+01,5.7944303943047192375e-04
4.8761297026627843820e+01,6.2263635612477830072e-04
4.8865044254344070396e+01,6.6548627547692487238e-04
4.8968791482060304077e+01,7.0798405734025530913e-04
4.9072538709776530652e+01,7.5012105511553450136e-04
4.9176285937492764333e+01,7.9188896364115475123e-04
4.9280033165208990908e+01,8.3327974200224494070e-04
4.9383780392925217484e+01,8.7428542120081547285e-04
4.9487527620641451165e+01,9.1489809908868510030e-04
4.9591274848357677740e+01,9.5511004555305027263e-04
4.9695022076073911421e+01,9.9491394336324954356e-04
4.9798769303790137997e+01,1.0343026077755191131e-03
4.9902516531506364572e+01,1.0732689137943722535e-03
5.0006263759222598253e+01,1.1118058048535002513e-03
5.0110010986938824828e+01,1.1499065384266244846e-03
5.0213758214655058509e+01,1.1875647085866135409e-03
5.0317505442371285085e+01,1.2247739766467966027e-03
5.0421252670087511660e+01,1.2615280560906686098e-03
5.0524999897803745341e+01,1.2978207657724904339e-03
5.0628747125519971917e+01,1.3336463506857716178e-03
5.0732494353236205598e+01,1.3689992630319649993e-03
5.0836241580952432173e+01,1.4038740009016071816e-03
5.0939988808668665854e+01,1.4382651074128518197e-03
5.1043736036384892429e+01,1.4721673158084196999e-03
5.1147483264101119005e+01,1.5055758028323280601e-03
5.1251230491817352686e+01,1.5384858525713768045e-03
5.1354977719533579261e+01,1.5708927872206766146e-03
5.1458724947249812942e+01,1.6027919729887200873e-03
5.1562472174966039518e+01,1.6341790728702579316e-03
5.1666219402682266093e+01,1.6650501303355253087e-03
5.1769966630398499774e+01,1.6954012445740173146e-03
5.1873713858114726349e+01,1.7252285459816464868e-03
5.1977461085830960030e+01,1.7545282202853322833e-03
5.2081208313547186606e+01,1.7832968374780534555e-03
5.2184955541263413181e+01,1.8115312611761530924e-03
5.2288702768979646862e+01,1.8392283864146475019e-03
5.2392449996695873438e+01,1.8663851328222826054e-03
5.2496197224412107118e+01,1.8929984968371520518e-03
5.2599944452128333694e+01,1.9190659117459417295e-03
5.2703691679844560269e+01,1.9445850266153685230e-03
5.2807438907560793950e+01,1.9695535101627117437e-03
5.2911186135277020526e+01,1.9939690493897830117e-03
5.3014933362993254207e+01,2.0178294322520870518e-03
5.3118680590709480782e+01,2.0411329043451857321e-03
5.3222427818425707358e+01,2.0638778706715300848e-03
5.3326175046141941039e+01,2.0860627487409920226e-03
5.3429922273858167614e+01,2.1076859683545976637e-03
5.3533669501574401295e+01,2.1287460780996404069e-03
5.3637416729290627870e+01,2.1492420851656974037e-03
5.3741163957006854446e+01,2.1691731217350954629e-03
5.3844911184723088127e+01,2.1885383266790421793e-03
5.3948658412439314702e+01,2.2073368454931189403e-03
5.4052405640155548383e+01,2.2255679468398993637e-03
5.4156152867871774959e+01,2.2432313510698555226e-03
5.4259900095588001534e+01,2.2603268873282156802e-03
5.4363647323304235215e+01,2.2768543860644386949e-03
5.4467394551020461790e+01,2.2928136790197938336e-03
5.4571141778736695471e+01,2.3082047090178647170e-03
5.4674889006452922047e+01,2.3230278615035742859e-03
5.4778636234169148622e+01,2.3372836302981495060e-03
5.4882383461885382303e+01,2.3509725054888241935e-03
5.4986130689601608879e+01,2.3640949734640703817e-03
5.5089877917317842559e+01,2.3766516051601724313e-03
5.5193625145034069135e+01,2.3886433998663247034e-03
5.5297372372750295710e+01,2.4000714817946104326e-03
5.5401119600466529391e+01,2.4109369667707891000e-03
5.5504866828182755967e+01,2.4212409622780110309e-03
5.5608614055898989648e+01,2.4309846258421495546e-03
5.5712361283615216223e+01,2.4401695135061211503e-03
5.5816108511331449904e+01,2.4487973432793597520e-03
5.5919855739047676479e+01,2.4568698210706819106e-03
5.6023602966763903055e+01,2.4643886401525655870e-03
5.6127350194480136736e+01,2.4713555102981793130e-03
5.6231097422196363311e+01,2.4777724820612733250e-03
5.6334844649912596992e+01,2.4836418266235499655e-03
5.6438591877628823568e+01,2.4889658027709704591e-03
5.6542339105345050143e+01,2.4937466527112771980e-03
5.6646086333061283824e+01,2.4979866107917225379e-03
5.6749833560777510399e+01,2.5016881606721185806e-03
5.6853580788493744080e+01,2.5048540781080989165e-03
5.6957328016209970656e+01,2.5074871362150380309e-03
5.7061075243926197231e+01,2.5095900879402357336e-03
5.7164822471642430912e+01,2.5111656667737534965e-03
5.7268569699358657488e+01,2.5122167413748155464e-03
5.7372316927074891169e+01,2.5127465289091657601e-03
5.7476064154791117744e+01,2.5127582771427166806e-03
5.7579811382507344319e+01,2.5122552104340969276e-03
5.7683558610223578000e+01,2.5112405299451525179e-03
5.7787305837939804576e+01,2.5097174728145360718e-03
5.7891053065656038257e+01,2.5076896114609292104e-03
5.7994800293372264832e+01,2.5051606274568115340e-03
5.8098547521088491408e+01,2.5021341763221327179e-03
5.8202294748804725089e+01,2.4986138875125745058e-03
5.8306041976520951664e+01,2.4946033752971724304e-03
5.8409789204237185345e+01,2.4901064779719651356e-03
5.8513536431953411920e+01,2.4851272588426419341e-03
5.8617283659669638496e+01,2.4796697636300909021e-03
5.8721030887385872177e+01,2.4737380094635883984e-03
5.8824778115102098752e+01,2.4673359851716774975e-03
5.8928525342818332433e+01,2.4604677543543286046e-03
5.9032272570534559009e+01,2.4531376777562233053e-03
5.9136019798250785584e+01,2.4453501498399501241e-03
5.9239767025967019265e+01,2.4371095342838231500e-03
5.9343514253683245840e+01,2.4284201642509771132e-03
5.9447261481399479521e+01,2.4192863599182346315e-03
5.9551008709115706097e+01,2.4097126614172630250e-03
5.9654755936831932672e+01,2.3997037655578896433e-03
5.9758503164548166353e+01,2.3892643411479361736e-03
5.9862250392264392929e+01,2.3783990246291912725e-03
5.9965997619980626610e+01,2.3671124204011897638e-03
6.0069744847696853185e+01,2.3554091916906231587e-03
6.0173492075413079760e+01,2.3432942504815561756e-03
6.0277239303129313441e+01,2.3307725292046029344e-03
6.0380986530845540017e+01,2.3178489263905666454e-03
6.0484733758561773698e+01,2.3045283069611762275e-03
6.0588480986278000273e+01,2.2908155111153864249e-03
6.0692228213994233954e+01,2.2767155352804739274e-03
6.0795975441710460530e+01,2.2622335263903455872e-03
6.0899722669426687105e+01,2.2473746039843667602e-03
6.1003469897142920786e+01,2.2321438527751627859e-03
6.1107217124859147361e+01,2.2165463229442622720e-03
6.1210964352575381042e+01,2.2005870705527940182e-03
6.1314711580291607618e+01,2.1842713483358529997e-03
6.1418458808007834193e+01,2.1676044559666754995e-03
6.1522206035724067874e+01,2.1505916574739549277e-03
6.1625953263440294450e+01,2.1332381814384367320e-03
6.1729700491156528130e+01,2.1155492216828114191e-03
6.1833447718872754706e+01,2.0975300256511702178e-03
6.1937194946588981281e+01,2.0791860054805082030e-03
6.2040942174305214962e+01,2.0605225645367016354e-03
6.2144689402021441538e+01,2.0415450701031130631e-03
6.2248436629737675219e+01,2.0222588536812705073e-03
6.2352183857453901794e+01,2.0026692156989585845e-03
6.2455931085170128370e+01,1.9827815470694963411e-03
6.2559678312886362050e+01,1.9626013437052123103e-03
6.2663425540602588626e+01,1.9421340725705217318e-03
6.2767172768318822307e+01,1.9213851644846700883e-03
6.2870919996035048882e+01,1.9003600144199747895e-03
6.2974667223751275458e+01,1.8790639934256378029e-03
6.3078414451467509139e+01,1.8575025746573135127e-03
6.3182161679183735714e+01,1.8356812850404099265e-03
6.3285908906899969395e+01,1.8136056168054650282e-03
6.3389656134616195970e+01,1.7912810262273944246e-03
6.3493403362332422546e+01,1.7687129339192385769e-03
6.3597150590048656227e+01,1.7459067431832512446e-03
6.3700897817764882802e+01,1.7228679506140092727e-03
6.3804645045481116483e+01,1.6996020727427078346e-03
6.3908392273197343059e+01,1.6761145905047339019e-03
6.4012139500913576740e+01,1.6524109493027158528e-03
6.4115886728629803315e+01,1.6284965592940209289e-03
6.4219633956346029890e+01,1.6043768160692967965e-03
6.4323381184062256466e+01,1.5800571889807582884e-03
6.4427128411778497252e+01,1.5555431481365502785e-03
6.4530875639494723828e+01,1.5308401284910865860e-03
6.4634622867210950403e+01,1.5059535301034535169e-03
6.4738370094927176979e+01,1.4808887184170290742e-03
6.4842117322643403554e+01,1.4556510423557756512e-03
6.4945864550359644340e+01,1.4302459016492805391e-03
6.5049611778075870916e+01,1.4046786868856136251e-03
6.5153359005792097491e+01,1.3789547543223098537e-03
6.5257106233508324067e+01,1.3530794261549096251e-03
6.5360853461224550642e+01,1.3270579907872879100e-03
6.5464600688940791429e+01,1.3008957150643409018e-03
6.5568347916657018004e+01,1.2745978933492890014e-03
6.5672095144373244580e+01,1.2481698058467302018e-03
6.5775842372089471155e+01,1.2216166994556464185e-03
6.5879589599805697731e+01,1.1949437880237367190e-03
6.5983336827521938517e+01,1.1681562526072515780e-03
6.6087084055238165092e+01,1.1412592473988218515e-03
6.6190831282954391668e+01,1.1142579310925145118e-03
6.6294578510670618243e+01,1.0871574447880553993e-03
6.6398325738386844819e+01,1.0599628974920292761e-03
6.6502072966103085605e+01,1.0326793663295876467e-03
6.6605820193819312180e+01,1.0053118967927648832e-03
6.6709567421535538756e+01,9.7786550435337792585e-04
6.6813314649251765331e+01,9.5034518730518753680e-04
6.6917061876967991907e+01,9.2275592112348026313e-04
6.7020809104684232693e+01,8.9510265057921977860e-04
6.7124556332400459269e+01,8.6739028987297414966e-04
6.7228303560116685844e+01,8.3962372287077317607e-04
6.7332050787832912420e+01,8.1180780315506903717e-04
6.7435798015549138995e+01,7.8394735034291213212e-04
6.7539545243265379781e+01,7.5604715040137172952e-04
6.7643292470981606357e+01,7.2811195976478829649e-04
6.7747039698697832932e+01,7.0014650573164212595e-04
6.7850786926414059508e+01,6.7215548668731991185e-04
6.7954534154130286083e+01,6.4414357222541474609e-04
6.8058281381846526870e+01,6.1611539123119303703e-04
6.8162028609562753445e+01,5.8807552055947960590e-04
6.8265775837278980021e+01,5.6002850648933328800e-04
6.8369523064995206596e+01,5.3197886770484082136e-04
6.8473270292711433171e+01,5.0393109550416425278e-04
6.8577017520427673958e+01,4.7588965400669234551e-04
6.8680764748143900533e+01,4.4785897126338794754e-04
6.8784511975860127109e+01,4.1984340387152865306e-04
6.8888259203576353684e+01,3.9184726845102352700e-04
6.8992006431292580260e+01,3.6387485565345892725e-04
6.9095753659008821046e+01,3.3593043036077562544e-04
6.9199500886725047621e+01,3.0801823187845937682e-04
6.9303248114441274197e+01,2.8014247147305849960e-04
6.9406995342157500772e+01,2.5230728701940575553e-04
6.9510742569873727348e+01,2.2451674970482867052e-04
6.9614489797589968134e+01,1.9677490504196767625e-04
6.9718237025306194710e+01,1.6908577446307681072e-04
6.9821984253022421285e+01,1.4145335549890412051e-04
6.9925731480738647861e+01,1.1388162192770072108e-04
7.0029478708454874436e+01,8.6374496773549661217e-05
7.0133225936171115222e+01,5.8935802028827036269e-05
7.0236973163887341798e+01,3.1569323278211392555e-05
7.0340720391603568373e+01,4.2788237725691695662e-06
7.0444467619319794949e+01,-2.2931955406569909400e-05
7.0548214847036021524e+01,-5.0059295184006825149e-05
7.0651962074752262311e+01,-7.7099503701212523054e-05
7.0755709302468488886e+01,-1.0404898776199797189e-04
7.0859456530184715461e+01,-1.3090423279052727117e-04
7.0963203757900942037e+01,-1.5766174615251574392e-04
7.1066950985617168612e+01,-1.8431805560859449052e-04
7.1170698213333409399e+01,-2.1086970916566383141e-04
7.1274445441049635974e+01,-2.3731327493211687722e-04
7.1378192668765862550e+01,-2.6364537180318525908e-04
7.1481939896482089125e+01,-2.8986274568900468208e-04
7.1585687124198315701e+01,-3.1596218472750324047e-04
7.1689434351914556487e+01,-3.4194049564913056669e-04
7.1793181579630783062e+01,-3.6779450364250585630e-04
7.1896928807347009638e+01,-3.9352105222126282499e-04
7.2000676035063236213e+01,-4.1911700527772909226e-04
7.2104423262779462789e+01,-4.4457932135999993087e-04
7.2208170490495703575e+01,-4.6990507135216805137e-04
7.2311917718211930151e+01,-4.9509134884450213369e-04
7.2415664945928156726e+01,-5.2013526408290129167e-04
7.2519412173644383302e+01,-5.4503394384974260950e-04
7.2623159401360624088e+01,-5.6978453134577037968e-04
7.2726906629076850663e+01,-5.9438419852674646750e-04
7.2830653856793077239e+01,-6.1883025096016379234e-04
7.2934401084509303814e+01,-6.4312007411345230908e-04
7.3038148312225530390e+01,-6.6725106897934805678e-04
7.3141895539941771176e+01,-6.9122065129670947486e-04
7.3245642767657997751e+01,-7.1502625144607219639e-04
7.3349389995374224327e+01,-7.3866531434612053408e-04
7.3453137223090450902e+01,-7.6213533102204565096e-04
7.3556884450806677478e+01,-7.8543394547002951065e-04
7.3660631678522918264e+01,-8.0855885298120771295e-04
7.3764378906239144840e+01,-8.3150776181372797885e-04
7.3868126133955371415e+01,-8.5427839310068447252e-04
7.3971873361671597991e+01,-8.7686848075981742127e-04
7.4075620589387824566e+01,-8.9927577152115235632e-04
7.4179367817104065352e+01,-9.2149807956437774278e-04
7.4283115044820291928e+01,-9.4353337318066516932e-04
7.4386862272536518503e+01,-9.6537965464414091273e-04
7.4490609500252745079e+01,-9.8703493735830482268e-04
7.4594356727968971654e+01,-1.0084972457786393202e-03
7.4698103955685212441e+01,-1.0297646153358626289e-03
7.4801851183401439016e+01,-1.0508350930273271245e-03
7.4905598411117665592e+01,-1.0717068101067032514e-03
7.5009345638833892167e+01,-1.0923780468705462585e-03
7.5113092866550118742e+01,-1.1128471085238374107e-03
7.5216840094266359529e+01,-1.1331123096221407814e-03
7.5320587321982586104e+01,-1.1531719740071949207e-03
7.5424334549698812680e+01,-1.1730244347430641896e-03
7.5528081777415039255e+01,-1.1926680351716180319e-03
7.5631829005131265831e+01,-1.2121012103810970256e-03
7.5735576232847506617e+01,-1.2313225418554756083e-03
7.5839323460563733192e+01,-1.2503306319133027352e-03
7.5943070688279959768e+01,-1.2691240905107290665e-03
7.6046817915996186343e+01,-1.2877015351893971763e-03
7.6150565143712412919e+01,-1.3060615910247728132e-03
7.6254312371428653705e+01,-1.3242028914934355147e-03
7.6358059599144880281e+01,-1.3421241582951149579e-03
7.6461806826861106856e+01,-1.3598242627167532286e-03
7.6565554054577333432e+01,-1.3773020967276490643e-03
7.6669301282293560007e+01,-1.3945565582945520025e-03
7.6773048510009800793e+01,-1.4115865513411427097e-03
7.6876795737726027369e+01,-1.4283909857078303310e-03
7.6980542965442253944e+01,-1.4449687774130090014e-03
7.7084290193158480520e+01,-1.4613189158389249585e-03
7.7188037420874707095e+01,-1.4774405481590177462e-03
7.7291784648590947882e+01,-1.4933328470096835210e-03
7.7395531876307174457e+01,-1.5089949894635710202e-03
7.7499279104023401032e+01,-1.5244261569999030450e-03
7.7603026331739627608e+01,-1.5396255354750110981e-03
7.7706773559455854183e+01,-1.5545923150953697579e-03
7.7810520787172094970e+01,-1.5693257354222130313e-03
7.7914268014888321545e+01,-1.5838252005020800762e-03
7.8018015242604548121e+01,-1.5980901532621598349e-03
7.8121762470320774696e+01,-1.6121200395888542027e-03
7.8225509698037001272e+01,-1.6259143083081563537e-03
7.8329256925753242058e+01,-1.6394724111661843242e-03
7.8433004153469468633e+01,-1.6527938028098616147e-03
7.8536751381185695209e+01,-1.6658779621513887959e-03
7.8640498608901921784e+01,-1.6787245227960104037e-03
7.8744245836618148360e+01,-1.6913331860574083547e-03
7.8847993064334389146e+01,-1.7037036550862445696e-03
7.8951740292050615722e+01,-1.7158356345934829869e-03
7.9055487519766842297e+01,-1.7277288308401657531e-03
7.9159234747483068872e+01,-1.7393829516272470929e-03
7.9262981975199295448e+01,-1.7507977116879734278e-03
7.9366729202915536234e+01,-1.7619729425933350862e-03
7.9470476430631762810e+01,-1.7729085873351931903e-03
7.9574223658347989385e+01,-1.7836045936539188239e-03
7.9677970886064215961e+01,-1.7940609095620681235e-03
7.9781718113780442536e+01,-1.8042774833426109080e-03
7.9885465341496683322e+01,-1.8142542635471792592e-03
7.9989212569212909898e+01,-1.8239911991225238753e-03
8.0092959796929136473e+01,-1.8334882971384166075e-03
8.0196707024645363049e+01,-1.8427457134596618091e-03
8.0300454252361589624e+01,-1.8517636267505127937e-03
8.0404201480077830411e+01,-1.8605422147530878939e-03
8.0507948707794056986e+01,-1.8690816542933064680e-03
8.0611695935510283562e+01,-1.8773821212867904291e-03
8.0715443163226510137e+01,-1.8854437907447135162e-03
8.0819190390942736713e+01,-1.8932668502380032693e-03
8.0922937618658977499e+01,-1.9008516195638614291e-03
8.1026684846375204074e+01,-1.9081984928932724764e-03
8.1130432074091430650e+01,-1.9153078632710178117e-03
8.1234179301807657225e+01,-1.9221801217339860683e-03
8.1337926529523883801e+01,-1.9288156573239846961e-03
8.1441673757240124587e+01,-1.9352148571004437749e-03
8.1545420984956351163e+01,-1.9413781064515438744e-03
8.1649168212672577738e+01,-1.9473058500568277487e-03
8.1752915440388804313e+01,-1.9529986658756986074e-03
8.1856662668105030889e+01,-1.9584571471076648447e-03
8.1960409895821271675e+01,-1.9636818839486977657e-03
8.2064157123537498251e+01,-1.9686734636102124971e-03
8.2167904351253724826e+01,-1.9734324703379177088e-03
8.2271651578969951402e+01,-1.9779594854305087778e-03
8.2375398806686192188e+01,-1.9822550954715339316e-03
8.2479146034402418763e+01,-1.9863199972975070090e-03
8.2582893262118645339e+01,-1.9901549666509307963e-03
8.2686640489834871914e+01,-1.9937607772475621215e-03
8.2790387717551098490e+01,-1.9971381989248907472e-03
8.2894134945267339276e+01,-2.0002879976664046831e-03
8.2997882172983565852e+01,-2.0032109356256772546e-03
8.3101629400699792427e+01,-2.0059077711502785318e-03
8.3205376628416019003e+01,-2.0083792881237243384e-03
8.3309123856132245578e+01,-2.0106263963100075472e-03
8.3412871083848486364e+01,-2.0126500368478398260e-03
8.3516618311564712940e+01,-2.0144511462007672065e-03
8.3620365539280939515e+01,-2.0160306561848796887e-03
8.3724112766997166091e+01,-2.0173894939976076517e-03
8.3827859994713392666e+01,-2.0185285822462979526e-03
8.3931607222429633453e+01,-2.0194488393845137948e-03
8.4035354450145860028e+01,-2.0201512356030032307e-03
8.4139101677862086603e+01,-2.0206368494257030861e-03
8.4242848905578313179e+01,-2.0209067676142228841e-03
8.4346596133294539754e+01,-2.0209620715832573960e-03
8.4450343361010780541e+01,-2.0208038374334305956e-03
8.4554090588727007116e+01,-2.0204331359838989188e-03
8.4657837816443233692e+01,-2.0198510328047081935e-03
8.4761585044159460267e+01,-2.0190585905768242136e-03
8.4865332271875686843e+01,-2.0180569414725438651e-03
8.4969079499591927629e+01,-2.0168473008331877852e-03
8.5072826727308154204e+01,-2.0154308832344173738e-03
8.5176573955024380780e+01,-2.0138088973343597730e-03
8.5280321182740607355e+01,-2.0119825459095994763e-03
8.5384068410456833931e+01,-2.0099530258909127645e-03
8.5487815638173074717e+01,-2.0077215283987384642e-03
8.5591562865889301293e+01,-2.0052892432827155306e-03
8.5695310093605527868e+01,-2.0026574355561225539e-03
8.5799057321321754443e+01,-1.9998274341138447263e-03
8.5902804549037981019e+01,-1.9968005637420517019e-03
8.6006551776754221805e+01,-1.9935781428347099618e-03
8.6110299004470448381e+01,-1.9901614834320867364e-03
8.6214046232186674956e+01,-1.9865518912589776729e-03
8.6317793459902901532e+01,-1.9827506657626673553e-03
8.6421540687619128107e+01,-1.9787591053581428564e-03
8.6525287915335368893e+01,-1.9745785799239403031e-03
8.6629035143051595469e+01,-1.9702105124419890328e-03
8.6732782370767822044e+01,-1.9656563206146750872e-03
8.6836529598484048620e+01,-1.9609174153692333215e-03
8.6940276826200275195e+01,-1.9559952008981694969e-03
8.7044024053916515982e+01,-1.9508910746993954940e-03
8.7147771281632742557e+01,-1.9456064276160821985e-03
8.7251518509348969133e+01,-1.9401426478779894898e-03
8.7355265737065195708e+01,-1.9345011849225925756e-03
8.7459012964781422284e+01,-1.9286835378548147692e-03
8.7562760192497663070e+01,-1.9226912004067834260e-03
8.7666507420213889645e+01,-1.9165256592397132522e-03
8.7770254647930116221e+01,-1.9101883939856944931e-03
8.7874001875646342796e+01,-1.9036808772891862171e-03
8.7977749103362569372e+01,-1.8970045748482240212e-03
8.8081496331078810158e+01,-1.8901609473401866524e-03
8.8185243558795036733e+01,-1.8831515011869834168e-03
8.8288990786511263309e+01,-1.8759777940439360984e-03
8.8392738014227489884e+01,-1.8686413792857472192e-03
8.8496485241943716460e+01,-1.8611438030028395682e-03
8.8600232469659957246e+01,-1.8534866040439991735e-03
8.8703979697376183822e+01,-1.8456713140587322625e-03
8.8807726925092410397e+01,-1.8376994575393086704e-03
8.8911474152808636973e+01,-1.8295725522077231368e-03
8.9015221380524863548e+01,-1.8212921422753182259e-03
8.9118968608241104334e+01,-1.8128598258975788405e-03
8.9222715835957330910e+01,-1.8042772002881690436e-03
8.9326463063673557485e+01,-1.7955458552404862400e-03
8.9430210291389784061e+01,-1.7866673731707040026e-03
8.9533957519106010636e+01,-1.7776433291605150087e-03
8.9637704746822251423e+01,-1.7684752909995749524e-03
8.9741451974538477998e+01,-1.7591648192276608791e-03
8.9845199202254704574e+01,-1.7497134820440509058e-03
8.9948946429970931149e+01,-1.7401228985908586029e-03
9.0052693657687157724e+01,-1.7303946947771469550e-03
9.0156440885403398511e+01,-1.7205304890279371315e-03
9.0260188113119625086e+01,-1.7105318923272289783e-03
9.0363935340835851662e+01,-1.7004005082607079585e-03
9.0467682568552078237e+01,-1.6901379330581701999e-03
9.0571429796268304813e+01,-1.6797457556356530737e-03
9.0675177023984545599e+01,-1.6692255611666032954e-03
9.0778924251700772174e+01,-1.6585789694027067240e-03
9.0882671479416998750e+01,-1.6478076200577979060e-03
9.0986418707133225325e+01,-1.6369131458409747534e-03
9.1090165934849451901e+01,-1.6258971720230317327e-03
9.1193913162565692687e+01,-1.6147613164787721560e-03
9.1297660390281919263e+01,-1.6035071897290351095e-03
9.1401407617998145838e+01,-1.5921363949824222754e-03
9.1505154845714372414e+01,-1.5806505283049560560e-03
9.1608902073430598989e+01,-1.5690511966669734144e-03
9.1712649301146839775e+01,-1.5573400364635623608e-03
9.1816396528863066351e+01,-1.5455186811244052067e-03
9.1920143756579292926e+01,-1.5335887567047882477e-03
9.2023890984295519502e+01,-1.5215518819271770141e-03
9.2127638212011760288e+01,-1.5094096682224990031e-03
9.2231385439727986864e+01,-1.4971637197711620826e-03
9.2335132667444213439e+01,-1.4848156335437786429e-03
9.2438879895160440014e+01,-1.4723670022910720964e-03
9.2542627122876666590e+01,-1.4598194393309975835e-03
9.2646374350592907376e+01,-1.4471745659319116498e-03
9.2750121578309133952e+01,-1.4344339962638554160e-03
9.2853868806025360527e+01,-1.4215993372827075755e-03
9.2957616033741587103e+01,-1.4086721887704432062e-03
9.3061363261457813678e+01,-1.3956541433751250020e-03
9.3165110489174054464e+01,-1.3825467866506199830e-03
9.3268857716890281040e+01,-1.3693516971103410120e-03
9.3372604944606507615e+01,-1.3560704543132437276e-03
9.3476352172322734191e+01,-1.3427046522805660515e-03
9.3580099400038960766e+01,-1.3292558815019676639e-03
9.3683846627755201553e+01,-1.3157257254217563126e-03
9.3787593855471428128e+01,-1.3021157604778631472e-03
9.3891341083187654704e+01,-1.2884275561405381105e-03
9.3995088310903881279e+01,-1.2746626749508130957e-03
9.4098835538620107855e+01,-1.2608226725586964365e-03
9.4202582766336348641e+01,-1.2469090981087843726e-03
9.4306329994052575216e+01,-1.2329235034205896383e-03
9.4410077221768801792e+01,-1.2188674438923796650e-03
9.4513824449485028367e+01,-1.2047424686235392449e-03
9.4617571677201254943e+01,-1.1905501199191649477e-03
9.4721318904917495729e+01,-1.1762919333272719036e-03
9.4825066132633722304e+01,-1.1619694376757644470e-03
9.4928813360349948880e+01,-1.1475841551091491531e-03
9.5032560588066175455e+01,-1.1331376011250210607e-03
9.5136307815782402031e+01,-1.1186312851500382695e-03
9.5240055043498642817e+01,-1.1040667154423370027e-03
9.5343802271214869393e+01,-1.0894453968123920563e-03
9.5447549498931095968e+01,-1.0747688275656351944e-03
9.5551296726647322544e+01,-1.0600384995002102000e-03
9.5655043954363549119e+01,-1.0452558979422565000e-03
9.5758791182079789905e+01,-1.0304225017809694447e-03
9.5862538409796016481e+01,-1.0155397835034391928e-03
9.5966285637512243056e+01,-1.0006092092292447841e-03
9.6070032865228469632e+01,-9.8563223854679967578e-04
9.6173780092944696207e+01,-9.7061032356381485298e-04
9.6277527320660936994e+01,-9.5554490969186286521e-04
9.6381274548377163569e+01,-9.4043743611830891461e-04
9.6485021776093390145e+01,-9.2528933584046539271e-04
9.6588769003809616720e+01,-9.1010203569884338525e-04
9.6692516231525843295e+01,-8.9487695641018180723e-04
9.6796263459242084082e+01,-8.7961551260026219108e-04
9.6900010686958310657e+01,-8.6431911283652409009e-04
9.7003757914674537233e+01,-8.4898915798981738120e-04
9.7107505142390763808e+01,-8.3362703498106771778e-04
9.7211252370106990384e+01,-8.1823412244044475914e-04
9.7314999597823231170e+01,-8.0281179311869881737e-04
9.7418746825539457745e+01,-7.8736141391887962560e-04
9.7522494053255684321e+01,-7.7188434592742735316e-04
9.7626241280971910896e+01,-7.5638194444508743790e-04
9.7729988508688137472e+01,-7.4085555901761974539e-04
9.7833735736404378258e+01,-7.2530653346630910225e-04
9.7937482964120604834e+01,-7.0973620307297096473e-04
9.8041230191836831409e+01,-6.9414588339382636735e-04
9.8144977419553057985e+01,-6.7853688007910571180e-04
9.8248724647269284560e+01,-6.6291049326289424194e-04
9.8352471874985525346e+01,-6.4726801759348146469e-04
9.8456219102701751922e+01,-6.3161074226227465356e-04
9.8559966330417978497e+01,-6.1593995103250667907e-04
9.8663713558134205073e+01,-6.0025692226778164240e-04
9.8767460785850431648e+01,-5.8456292896043391804e-04
9.8871208013566672435e+01,-5.6885923590863714423e-04
9.8974955241282899010e+01,-5.5314708346691288717e-04
9.9078702468999125585e+01,-5.3742769891777504403e-04
9.9182449696715352161e+01,-5.2170230438419327914e-04
9.9286196924431578736e+01,-5.0597211688099960267e-04
9.9389944152147819523e+01,-4.9023834834154814306e-04
9.9493691379864046098e+01,-4.7450220564421602973e-04
9.9597438607580272674e+01,-4.5876489063871969025e-04
9.9701185835296499249e+01,-4.4302760017228629821e-04
9.9804933063012725825e+01,-4.2729152446912681837e-04
9.9908680290728966611e+01,-4.1155782794089179307e-04
1.0001242751844519319e+02,-3.9582765583959521371e-04
1.0011617474616141976e+02,-3.8010214838882894857e-04
1.0021992197387764634e+02,-3.6438244109076851993e-04
1.0032366920159387291e+02,-3.4866966475058397022e-04
1.0042741642931011370e+02,-3.3296494550069964452e-04
1.0053116365702634027e+02,-3.1726940482491318950e-04
1.0063491088474256685e+02,-3.0158415958234503730e-04
1.0073865811245879343e+02,-2.8591081213425611780e-04
1.0084240534017502000e+02,-2.7027425791966292997e-04
1.0094615256789126079e+02,-2.5473225260131136848e-04
1.0104989979560748736e+02,-2.3934481238338165248e-04
1.0115364702332371394e+02,-2.2417170724996600883e-04
1.0125739425103994051e+02,-2.0927246222644964573e-04
1.0136114147875616709e+02,-1.9470635863313409718e-04
1.0146488870647240788e+02,-1.8053243533117037563e-04
1.0156863593418863445e+02,-1.6680948996086514182e-04
1.0167238316190486103e+02,-1.5359608017223488332e-04
1.0177613038962108760e+02,-1.4093565399169691614e-04
1.0187987761733732839e+02,-1.2881244588572795672e-04
1.0198362484505355496e+02,-1.1719610618538334255e-04
1.0208737207276978154e+02,-1.0605640859423033824e-04
1.0219111930048600811e+02,-9.5363249562099408120e-05
1.0229486652820223469e+02,-8.5086647662637392934e-05
1.0239861375591847548e+02,-7.5196742974645039924e-05
1.0250236098363470205e+02,-6.5663796467178462768e-05
1.0260610821135092863e+02,-5.6458189388367436288e-05
1.0270985543906715520e+02,-4.7554975629979263235e-05
1.0281360266678338178e+02,-3.9014113309065942819e-05
1.0291734989449962256e+02,-3.0970313751442995033e-05
1.0302109712221584914e+02,-2.3560333145520367736e-05
1.0312484434993207572e+02,-1.6920377353524421958e-05
1.0322859157764830229e+02,-1.1186104676957901889e-05
1.0333233880536452887e+02,-6.4926286053949585459e-06
1.0343608603308076965e+02,-2.9745205487345279785e-06
1.0353983326079699623e+02,-7.6581255302950898309e-07
1.0364358048851322280e+02,0.0000000000000000000e+00
