1.0000000000000000479e-04,-2.6672646686470249815e-16
1.0384722771622945103e-01,-1.9951451049352101320e-07
2.0759445543245888532e-01,-1.5522207982274425291e-06
3.1134168314868831962e-01,-5.1000089437005710207e-06
4.1508891086491778166e-01,-1.1771457313588579822e-05
5.1883613858114718820e-01,-2.2388837277165419035e-05
6.2258336629737665024e-01,-3.7674790080064223853e-05
7.2633059401360611229e-01,-5.8258688766626425958e-05
8.3007782172983557434e-01,-8.4682697623862879461e-05
9.3382504944606503638e-01,-1.1740754115664615582e-04
1.0375722771622943874e+00,-1.5681799419529172533e-04
1.1413195048785238495e+00,-2.0322810433719880612e-04
1.2450667325947533115e+00,-2.5688615748642554563e-04
1.3488139603109827735e+00,-3.1797939691761528376e-04
1.4525611880272122356e+00,-3.8663850597232997256e-04
1.5563084157434416976e+00,-4.6294186381882964244e-04
1.6600556434596711597e+00,-5.4691958414993435602e-04
1.7638028711759006217e+00,-6.3855734484490056513e-04
1.8675500988921300838e+00,-7.3780001884383842638e-04
1.9712973266083595458e+00,-8.4455511257555009909e-04
2.0750445543245890079e+00,-9.5869602150086856082e-04
2.1787917820408186920e+00,-1.0800651107236533977e-03
2.2825390097570479320e+00,-1.2084766266087457881e-03
2.3862862374732776161e+00,-1.3437194472321102329e-03
2.4900334651895068561e+00,-1.4855596805451508433e-03
2.5937806929057365402e+00,-1.6337431132841860690e-03
2.6975279206219657802e+00,-1.7879975213038481162e-03
2.8012751483381954642e+00,-1.9480348421021737634e-03
2.9050223760544247043e+00,-2.1135532222924880222e-03
3.0087696037706543883e+00,-2.2842389387697013652e-03
3.1125168314868836283e+00,-2.4597682038670835684e-03
3.2162640592031133124e+00,-2.6398088636884172245e-03
3.3200112869193425524e+00,-2.8240219748139195992e-03
3.4237585146355717924e+00,-3.0120632966594593043e-03
3.5275057423518014765e+00,-3.2035846761352365468e-03
3.6312529700680307165e+00,-3.3982353396885441044e-03
3.7350001977842604006e+00,-3.5956631001192694563e-03
3.8387474255004896406e+00,-3.7955154783030154234e-03
3.9424946532167193247e+00,-3.9974407430247022033e-03
4.0462418809329481206e+00,-4.2010888749190308453e-03
4.1499891086491773606e+00,-4.4061124625841855892e-03
4.2537363363654074888e+00,-4.6121675246117172647e-03
4.3574835640816367288e+00,-4.8189142568985732576e-03
4.4612307917978659688e+00,-5.0260177485622527932e-03
4.5649780195140952088e+00,-5.2331485920554081381e-03
4.6687252472303253370e+00,-5.4399834867652294840e-03
4.7724724749465545770e+00,-5.6462057509229822763e-03
4.8762197026627838170e+00,-5.8515057985111416580e-03
4.9799669303790130570e+00,-6.0555815750275984385e-03
5.0837141580952422970e+00,-6.2581389363916776342e-03
5.1874613858114724252e+00,-6.4588919877040310014e-03
5.2912086135277016652e+00,-6.6575633841423221410e-03
5.3949558412439309052e+00,-6.8538845938919045961e-03
5.4987030689601601452e+00,-7.0475961236073020669e-03
5.6024502966763902734e+00,-7.2384477102064781126e-03
5.7061975243926195134e+00,-7.4261984809235468200e-03
5.8099447521088487534e+00,-7.6106170834098338038e-03
5.9136919798250779934e+00,-7.7914817870165815200e-03
6.0174392075413081216e+00,-7.9685805575211293705e-03
6.1211864352575373616e+00,-8.1417111082793796467e-03
6.2249336629737666016e+00,-8.3106809280411898799e-03
6.3286808906899958416e+00,-8.4753072862198321896e-03
6.4324281184062259697e+00,-8.6354172155739122863e-03
6.5361753461224552098e+00,-8.7908474803141053999e-03
6.6399225738386844498e+00,-8.9414445250091852124e-03
6.7436698015549136898e+00,-9.0870644043980920018e-03
6.8474170292711429298e+00,-9.2275727041400724959e-03
6.9511642569873730579e+00,-9.3628444369949943848e-03
7.0549114847036022979e+00,-9.4927639423868972329e-03
7.1586587124198315379e+00,-9.6172247529190610371e-03
7.2624059401360607779e+00,-9.7361294728791208941e-03
7.3661531678522909061e+00,-9.8493896235141067258e-03
7.4699003955685201461e+00,-9.9569255044284626921e-03
7.5736476232847493861e+00,-1.0058666014033153940e-02
7.6773948510009786261e+00,-1.0154548509669684281e-02
7.7811420787172087543e+00,-1.0244518594099456463e-02
7.8848893064334379943e+00,-1.0328529979420929263e-02
7.9886365341496672343e+00,-1.0406544264388768034e-02
8.0923837618658964743e+00,-1.0478530753328626698e-02
8.1961309895821266025e+00,-1.0544466285650665183e-02
8.2998782172983549543e+00,-1.0604334997168651453e-02
8.4036254450145850825e+00,-1.0658128138281359673e-02
8.5073726727308152107e+00,-1.0705843890292929266e-02
8.6111199004470435625e+00,-1.0747487126882169714e-02
8.7148671281632736907e+00,-1.0783069208636645447e-02
8.8186143558795020425e+00,-1.0812607800127781860e-02
8.9223615835957321707e+00,-1.0836126652134707091e-02
9.0261088113119622989e+00,-1.0853655377976318894e-02
9.1298560390281906507e+00,-1.0865229247003876240e-02
9.2336032667444207789e+00,-1.0870888982140931509e-02
9.3373504944606509071e+00,-1.0870680562300023136e-02
9.4410977221768792589e+00,-1.0864655002932360056e-02
9.5448449498931093871e+00,-1.0852868148096548803e-02
9.6485921776093377389e+00,-1.0835380467577067701e-02
9.7523394053255678671e+00,-1.0812256855430898983e-02
9.8560866330417979952e+00,-1.0783566430218603435e-02
9.9598338607580263471e+00,-1.0749382337353913935e-02
1.0063581088474256475e+01,-1.0709781554807919907e-02
1.0167328316190484827e+01,-1.0664844697677308000e-02
1.0271075543906714955e+01,-1.0614655826327456731e-02
1.0374822771622945083e+01,-1.0559302258823824797e-02
1.0478569999339173435e+01,-1.0498874386268451306e-02
1.0582317227055403563e+01,-1.0433465491158575023e-02
1.0686064454771633692e+01,-1.0363171568904780070e-02
1.0789811682487862043e+01,-1.0288091152625135696e-02
1.0893558910204092172e+01,-1.0208325141313815548e-02
1.0997306137920320523e+01,-1.0123976631468578624e-02
1.1101053365636550652e+01,-1.0035150752250759573e-02
1.1204800593352780780e+01,-9.9419545042300945525e-03
1.1308547821069009132e+01,-9.8444966017624119248e-03
1.1412295048785239260e+01,-9.7428873190258061948e-03
1.1516042276501469388e+01,-9.6372383397405614325e-03
1.1619789504217697740e+01,-9.5276626105793241900e-03
1.1723536731933927868e+01,-9.4142741982766921932e-03
1.1827283959650156220e+01,-9.2971881505096876791e-03
1.1931031187366386348e+01,-9.1765203626232392381e-03
1.2034778415082616476e+01,-9.0523874475326223527e-03
1.2138525642798844828e+01,-8.9249066066922847634e-03
1.2242272870515074956e+01,-8.7941955059464369665e-03
1.2346020098231303308e+01,-8.6603721550426900067e-03
1.2449767325947533436e+01,-8.5235547907080710939e-03
1.2553514553663763564e+01,-8.3838617632703369559e-03
1.2657261781379991916e+01,-8.2414114268176772576e-03
1.2761009009096222044e+01,-8.0963220353321187217e-03
1.2864756236812452173e+01,-7.9487116541663276753e-03
1.2968503464528680524e+01,-7.7986980549143583921e-03
1.3072250692244910653e+01,-7.6463986143931418279e-03
1.3175997919961139004e+01,-7.4919302221231800359e-03
1.3279745147677369133e+01,-7.3354091912899944614e-03
1.3383492375393599261e+01,-7.1769511783977800456e-03
1.3487239603109827613e+01,-7.0166711264736331480e-03
1.3590986830826057741e+01,-6.8546831703785397055e-03
1.3694734058542286093e+01,-6.6911005512955814070e-03
1.3798481286258516221e+01,-6.5260355442174969309e-03
1.3902228513974746349e+01,-6.3595993979767943827e-03
1.4005975741690974701e+01,-6.1919023028032121880e-03
1.4109722969407204829e+01,-6.0230532995879364905e-03
1.4213470197123434957e+01,-5.8531602082781712323e-03
1.4317217424839663309e+01,-5.6823295747135474376e-03
1.4420964652555893437e+01,-5.5106666553079884305e-03
1.4524711880272121789e+01,-5.3382753561914209409e-03
1.4628459107988351917e+01,-5.1652581554146670753e-03
1.4732206335704582045e+01,-4.9917160631295755605e-03
1.4835953563420810397e+01,-4.8177486222965781523e-03
1.4939700791137040525e+01,-4.6434538510237554493e-03
1.5043448018853268877e+01,-4.4689281765611993044e-03
1.5147195246569499005e+01,-4.2942664180139061836e-03
1.5250942474285729133e+01,-4.1195617931889406266e-03
1.5354689702001957485e+01,-3.9449058456607353010e-03
1.5458436929718187614e+01,-3.7703884123300619724e-03
1.5562184157434417742e+01,-3.5960976369379818798e-03
1.5665931385150646094e+01,-3.4221199353394126351e-03
1.5769678612866876222e+01,-3.2485399493159586824e-03
1.5873425840583104574e+01,-3.0754405556519971016e-03
1.5977173068299334702e+01,-2.9029028551243530112e-03
1.6080920296015563054e+01,-2.7310061311518782183e-03
1.6184667523731793182e+01,-2.5598278576338803422e-03
1.6288414751448023310e+01,-2.3894436903675155340e-03
1.6392161979164253438e+01,-2.2199274432535610370e-03
1.6495909206880483566e+01,-2.0513510983758516046e-03
1.6599656434596710142e+01,-1.8837847875655304788e-03
1.6703403662312940270e+01,-1.7172967946672420495e-03
1.6807150890029170398e+01,-1.5519535632228696146e-03
1.6910898117745400526e+01,-1.3878196669165211285e-03
1.7014645345461630654e+01,-1.2249578468735836719e-03
1.7118392573177857230e+01,-1.0634289963036966040e-03
1.7222139800894087358e+01,-9.0329214097234391666e-04
1.7325887028610317486e+01,-7.4460450727525831320e-04
1.7429634256326547614e+01,-5.8742145567337021063e-04
1.7533381484042777743e+01,-4.3179652301390841112e-04
1.7637128711759004318e+01,-2.7778146949659362304e-04
1.7740875939475234446e+01,-1.2542618107108769072e-04
1.7844623167191464574e+01,2.5221192397694277627e-05
1.7948370394907694703e+01,1.7411430938112635626e-04
1.8052117622623924831e+01,3.2120863109564608403e-04
1.8155864850340154959e+01,4.6646129678555711337e-04
1.8259612078056381534e+01,6.0983129513605472457e-04
1.8363359305772611663e+01,7.5127925601784222194e-04
1.8467106533488841791e+01,8.9076756130529704657e-04
1.8570853761205071919e+01,1.0282603170518988655e-03
1.8674600988921302047e+01,1.1637232148459157686e-03
1.8778348216637528623e+01,1.2971237460072141887e-03
1.8882095444353758751e+01,1.4284308956744437482e-03
1.8985842672069988879e+01,1.5576153953380845758e-03
1.9089589899786219007e+01,1.6846495108892129648e-03
1.9193337127502449135e+01,1.8095070873391165371e-03
1.9297084355218675711e+01,1.9321636092065835964e-03
1.9400831582934905839e+01,2.0525959571871389524e-03
1.9504578810651135967e+01,2.1707827216461287115e-03
1.9608326038367366095e+01,2.2867037771967684869e-03
1.9712073266083596224e+01,2.4003406778320105115e-03
1.9815820493799822799e+01,2.5116762535511323595e-03
1.9919567721516052927e+01,2.6206948870588645320e-03
2.0023314949232283055e+01,2.7273822989963914312e-03
2.0127062176948513184e+01,2.8317255915162060226e-03
2.0230809404664743312e+01,2.9337132850990100576e-03
2.0334556632380969887e+01,3.0333351094662566565e-03
2.0438303860097200015e+01,3.1305822775175079151e-03
2.0542051087813430144e+01,3.2254470636536866981e-03
2.0645798315529660272e+01,3.3179232575850791005e-03
2.0749545543245890400e+01,3.4080055976976600038e-03
2.0853292770962120528e+01,3.4956903333429592204e-03
2.0957039998678347104e+01,3.5809745834607864187e-03
2.1060787226394577232e+01,3.6638569431806894232e-03
2.1164534454110807360e+01,3.7443368222172131697e-03
2.1268281681827037488e+01,3.8224150540379820025e-03
2.1372028909543267616e+01,3.8980932422674609110e-03
2.1475776137259494192e+01,3.9713743574936012995e-03
2.1579523364975724320e+01,4.0422620954685163641e-03
2.1683270592691954448e+01,4.1107614667415717097e-03
2.1787017820408184576e+01,4.1768781549670983694e-03
2.1890765048124414704e+01,4.2406191158100830368e-03
2.1994512275840641280e+01,4.3019919162505118951e-03
2.2098259503556871408e+01,4.3610053629925937119e-03
2.2202006731273101536e+01,4.4176688034525670931e-03
2.2305753958989331664e+01,4.4719928003374865427e-03
2.2409501186705561793e+01,4.5239883826871472167e-03
2.2513248414421788368e+01,4.5736677708923621083e-03
2.2616995642138018496e+01,4.6210435840172521191e-03
2.2720742869854248625e+01,4.6661295957087607286e-03
2.2824490097570478753e+01,4.7089399335157895027e-03
2.2928237325286708881e+01,4.7494898125908825703e-03
2.3031984553002939009e+01,4.7877947967326439996e-03
2.3135731780719165585e+01,4.8238714261147619400e-03
2.3239479008435395713e+01,4.8577366347435169472e-03
2.3343226236151625841e+01,4.8894081709507947880e-03
2.3446973463867855969e+01,4.9189042738393973231e-03
2.3550720691584086097e+01,4.9462437894190755885e-03
2.3654467919300312673e+01,4.9714461898039035218e-03
2.3758215147016542801e+01,4.9945313240679148348e-03
2.3861962374732772929e+01,5.0155198076238414681e-03
2.3965709602449003057e+01,5.0344324260395822285e-03
2.4069456830165233185e+01,5.0512908177700304585e-03
2.4173204057881459761e+01,5.0661166798997379207e-03
2.4276951285597689889e+01,5.0789325193718957291e-03
2.4380698513313920017e+01,5.0897609455368029649e-03
2.4484445741030150145e+01,5.0986251769721026295e-03
2.4588192968746380274e+01,5.1055487176804035046e-03
2.4691940196462606849e+01,5.1105553824165273966e-03
2.4795687424178836977e+01,5.1136695035415352315e-03
2.4899434651895067105e+01,5.1149154416273868301e-03
2.5003181879611297234e+01,5.1143182210194914131e-03
2.5106929107327527362e+01,5.1119027803250482664e-03
2.5210676335043753937e+01,5.1076946403318251866e-03
2.5314423562759984065e+01,5.1017193686495026367e-03
2.5418170790476214194e+01,5.0940028186013432132e-03
2.5521918018192444322e+01,5.0845711650477094096e-03
2.5625665245908674450e+01,5.0734505378219546881e-03
2.5729412473624904578e+01,5.0606675831865967005e-03
2.5833159701341131154e+01,5.0462487771505779716e-03
2.5936906929057361282e+01,5.0302210161693450274e-03
2.6040654156773591410e+01,5.0126112052349732634e-03
2.6144401384489821538e+01,4.9934463331825652138e-03
2.6248148612206051666e+01,4.9727536925958651035e-03
2.6351895839922278242e+01,4.9505603755142938219e-03
2.6455643067638508370e+01,4.9268938686785127001e-03
2.6559390295354738498e+01,4.9017814969395268748e-03
2.6663137523070968626e+01,4.8752507189207695132e-03
2.6766884750787198755e+01,4.8473291248993287741e-03
2.6870631978503425330e+01,4.8180441056941119421e-03
2.6974379206219655458e+01,4.7874233584992917367e-03
2.7078126433935885586e+01,4.7554943472804533933e-03
2.7181873661652115715e+01,4.7222846357159627140e-03
2.7285620889368345843e+01,4.6878218276009582521e-03
2.7389368117084572418e+01,4.6521332992074801091e-03
2.7493115344800802546e+01,4.6152466459324385448e-03
2.7596862572517032675e+01,4.5771892090048487550e-03
2.7700609800233262803e+01,4.5379883388487109869e-03
2.7804357027949492931e+01,4.4976714004314223561e-03
2.7908104255665723059e+01,4.4562654802029616485e-03
2.8011851483381949635e+01,4.4137977975788143109e-03
2.8115598711098179763e+01,4.3702953378112734811e-03
2.8219345938814409891e+01,4.3257849687874461511e-03
2.8323093166530640019e+01,4.2802935812018601952e-03
2.8426840394246870147e+01,4.2338477513819442952e-03
2.8530587621963096723e+01,4.1864740719304606442e-03
2.8634334849679326851e+01,4.1381989653664968606e-03
2.8738082077395556979e+01,4.0890486060724809056e-03
2.8841829305111787107e+01,4.0390491824445458671e-03
2.8945576532828017235e+01,3.9882265870238983382e-03
2.9049323760544243811e+01,3.9366065733615618338e-03
2.9153070988260473939e+01,3.8842148000435275032e-03
2.9256818215976704067e+01,3.8310766094522843116e-03
2.9360565443692934195e+01,3.7772172658846526506e-03
2.9464312671409164324e+01,3.7226618220598675993e-03
2.9568059899125390899e+01,3.6674350528202912490e-03
2.9671807126841621027e+01,3.6115616469080593504e-03
2.9775554354557851156e+01,3.5550660087933548884e-03
2.9879301582274081284e+01,3.4979723168764549970e-03
2.9983048809990311412e+01,3.4403046081643647199e-03
3.0086796037706537987e+01,3.3820866136217418198e-03
3.0190543265422768116e+01,3.3233418690976142436e-03
3.0294290493138998244e+01,3.2640937092439973287e-03
3.0398037720855228372e+01,3.2043651681917147134e-03
3.0501784948571458500e+01,3.1441790892642717398e-03
3.0605532176287688628e+01,3.0835580714677918862e-03
3.0709279404003915204e+01,3.0225244273728050712e-03
3.0813026631720145332e+01,2.9611002632819152965e-03
3.0916773859436375460e+01,2.8993074189604946082e-03
3.1020521087152605588e+01,2.8371674594516514516e-03
3.1124268314868835716e+01,2.7747017189102911837e-03
3.1228015542585062292e+01,2.7119312595050037475e-03
3.1331762770301292420e+01,2.6488768729853555406e-03
3.1435509998017522548e+01,2.5855590959658059091e-03
3.1539257225733752676e+01,2.5219981974120161093e-03
3.1643004453449982805e+01,2.4582141728964924943e-03
3.1746751681166209380e+01,2.3942267435216437257e-03
3.1850498908882439508e+01,2.3300553715661035531e-03
3.1954246136598669636e+01,2.2657192383911967798e-03
3.2057993364314903317e+01,2.2012372366433854282e-03
3.2161740592031129893e+01,2.1366280107561158412e-03
3.2265487819747363574e+01,2.0719099153280436457e-03
3.2369235047463590149e+01,2.0071010052609404052e-03
3.2472982275179823830e+01,1.9422190984960637557e-03
3.2576729502896050406e+01,1.8772817157556268182e-03
3.2680476730612276981e+01,1.8123060678814316687e-03
3.2784223958328510662e+01,1.7473091401673677883e-03
3.2887971186044737237e+01,1.6823076174667091296e-03
3.2991718413760970918e+01,1.6173178629959152411e-03
3.3095465641477197494e+01,1.5523560254811948067e-03
3.3199212869193424069e+01,1.4874379565837135900e-03
3.3302960096909657750e+01,1.4225791712117515780e-03
3.3406707324625884326e+01,1.3577949794365880981e-03
3.3510454552342118006e+01,1.2931004063802739850e-03
3.3614201780058344582e+01,1.2285101213475179034e-03
3.3717949007774571157e+01,1.1640385951533569874e-03
3.3821696235490804838e+01,1.0997000357636120202e-03
3.3925443463207031414e+01,1.0355082739629680681e-03
3.4029190690923265095e+01,9.7147694218552500030e-04
3.4132937918639491670e+01,9.0761944107756512262e-04
3.4236685146355718246e+01,8.4394877604036539626e-04
3.4340432374071951926e+01,7.8047774403502208525e-04
3.4444179601788178502e+01,7.1721894513420716109e-04
3.4547926829504412183e+01,6.5418458079772234467e-04
3.4651674057220638758e+01,5.9138661760112167139e-04
3.4755421284936865334e+01,5.2883685764130452210e-04
3.4859168512653099015e+01,4.6654672688030949818e-04
3.4962915740369325590e+01,4.0452737015591818965e-04
3.5066662968085559271e+01,3.4278979145187466002e-04
3.5170410195801785846e+01,2.8134467144830152237e-04
3.5274157423518012422e+01,2.2020234891372957725e-04
3.5377904651234246103e+01,1.5937302932528740404e-04
3.5481651878950472678e+01,9.8866671947456401573e-05
3.5585399106666706359e+01,3.8692837193577654935e-05
3.5689146334382932935e+01,-2.1139063910767701880e-05
3.5792893562099159510e+01,-8.0619788387841103371e-05
3.5896640789815393191e+01,-1.3974050740863262136e-04
3.6000388017531619766e+01,-1.9849259373989352356e-04
3.6104135245247853447e+01,-2.5686753599474666625e-04
3.6207882472964080023e+01,-3.1485717741697204827e-04
3.6311629700680313704e+01,-3.7245365648577862753e-04
3.6415376928396540279e+01,-4.2964920785839558117e-04
3.6519124156112766855e+01,-4.8643630677803442915e-04
3.6622871383829000536e+01,-5.4280781781415870114e-04
3.6726618611545227111e+01,-5.9875672228784952364e-04
3.6830365839261460792e+01,-6.5427613317455273357e-04
3.6934113066977687367e+01,-7.0935956683472001314e-04
3.7037860294693913943e+01,-7.6400073704351999671e-04
3.7141607522410147624e+01,-8.1819343524103520671e-04
3.7245354750126374199e+01,-8.7193174693561237114e-04
3.7349101977842607880e+01,-9.2521008727494127508e-04
3.7452849205558834456e+01,-9.7802294837555305181e-04
3.7556596433275061031e+01,-1.0303649663281728380e-03
3.7660343660991294712e+01,-1.0822311803707937265e-03
3.7764090888707521287e+01,-1.1336167732625853071e-03
3.7867838116423754968e+01,-1.1845169916981034518e-03
3.7971585344139981544e+01,-1.2349273847408661492e-03
3.8075332571856208119e+01,-1.2848437968652421173e-03
3.8179079799572441800e+01,-1.3342621282008458941e-03
3.8282827027288668376e+01,-1.3831784069287514274e-03
3.8386574255004902056e+01,-1.4315890504515787172e-03
3.8490321482721128632e+01,-1.4794906044358758883e-03
3.8594068710437355207e+01,-1.5268796589104544938e-03
3.8697815938153588888e+01,-1.5737530680666497566e-03
3.8801563165869815464e+01,-1.6201079875516376586e-03
3.8905310393586049145e+01,-1.6659416187264515768e-03
3.9009057621302275720e+01,-1.7112512458400733466e-03
3.9112804849018502296e+01,-1.7560345145694042975e-03
3.9216552076734735977e+01,-1.8002892239574036764e-03
3.9320299304450962552e+01,-1.8440131976181972293e-03
3.9424046532167196233e+01,-1.8872044367656693863e-03
3.9527793759883422808e+01,-1.9298612785504090303e-03
3.9631540987599649384e+01,-1.9719821158526609599e-03
3.9735288215315883065e+01,-2.0135653744902341084e-03
3.9839035443032109640e+01,-2.0546097607996686996e-03
3.9942782670748343321e+01,-2.0951142097940396967e-03
4.0046529898464569897e+01,-2.1350776738119519628e-03
4.0150277126180796472e+01,-2.1744991736070804107e-03
4.0254024353897030153e+01,-2.2133780628335346027e-03
4.0357771581613256728e+01,-2.2517138141871567356e-03
4.0461518809329490409e+01,-2.2895059062321022197e-03
4.0565266037045716985e+01,-2.3267539479319460267e-03
4.0669013264761943560e+01,-2.3634578621096551630e-03
4.0772760492478177241e+01,-2.3996176195501222987e-03
4.0876507720194403817e+01,-2.4352331963979228537e-03
4.0980254947910637497e+01,-2.4703047646565837007e-03
4.1084002175626864073e+01,-2.5048327476543024231e-03
4.1187749403343097754e+01,-2.5388175812828999225e-03
4.1291496631059324329e+01,-2.5722597138194032429e-03
4.1395243858775550905e+01,-2.6051598364130695677e-03
4.1498991086491784586e+01,-2.6375188217927811145e-03
4.1602738314208011161e+01,-2.6693375387353227707e-03
4.1706485541924244842e+01,-2.7006168809975343408e-03
4.1810232769640471417e+01,-2.7313580079730325270e-03
4.1913979997356697993e+01,-2.7615622015258562902e-03
4.2017727225072931674e+01,-2.7912307317706315166e-03
4.2121474452789158249e+01,-2.8203649079218988047e-03
4.2225221680505391930e+01,-2.8489663071448708201e-03
4.2328968908221618506e+01,-2.8770365861769827374e-03
4.2432716135937845081e+01,-2.9045773856298190765e-03
4.2536463363654078762e+01,-2.9315903964761036611e-03
4.2640210591370305337e+01,-2.9580775672839116144e-03
4.2743957819086539018e+01,-2.9840408984316436208e-03
4.2847705046802765594e+01,-3.0094823709286709808e-03
4.2951452274518992169e+01,-3.0344040211165127126e-03
4.3055199502235225850e+01,-3.0588081276166265675e-03
4.3158946729951452426e+01,-3.0826970046873023237e-03
4.3262693957667686107e+01,-3.1060729443998678564e-03
4.3366441185383912682e+01,-3.1289382911692410066e-03
4.3470188413100139257e+01,-3.1512956164525124381e-03
4.3573935640816372938e+01,-3.1731475195160424585e-03
4.3677682868532599514e+01,-3.1944965749326485922e-03
4.3781430096248833195e+01,-3.2153453990380028230e-03
4.3885177323965059770e+01,-3.2356968213201548271e-03
4.3988924551681286346e+01,-3.2555536980200180941e-03
4.4092671779397520027e+01,-3.2749188584963017518e-03
4.4196419007113746602e+01,-3.2937951576535711568e-03
4.4300166234829980283e+01,-3.3121856491146314458e-03
4.4403913462546206858e+01,-3.3300934189235448409e-03
4.4507660690262433434e+01,-3.3475215243512334434e-03
4.4611407917978667115e+01,-3.3644730296164986928e-03
4.4715155145694893690e+01,-3.3809511784824264162e-03
4.4818902373411127371e+01,-3.3969592604030803516e-03
4.4922649601127353947e+01,-3.4125005345556863427e-03
4.5026396828843580522e+01,-3.4275782496974742039e-03
4.5130144056559814203e+01,-3.4421958058989407872e-03
4.5233891284276040778e+01,-3.4563566699013035383e-03
4.5337638511992274459e+01,-3.4700642776745484197e-03
4.5441385739708501035e+01,-3.4833220416505151357e-03
4.5545132967424727610e+01,-3.4961334862014859827e-03
4.5648880195140961291e+01,-3.5085022284971098365e-03
4.5752627422857187867e+01,-3.5204318570993603163e-03
4.5856374650573421548e+01,-3.5319259296655368223e-03
4.5960121878289648123e+01,-3.5429880677324936122e-03
4.6063869106005881804e+01,-3.5536220098155114552e-03
4.6167616333722108379e+01,-3.5638314737989648488e-03
4.6271363561438334955e+01,-3.5736201442362666020e-03
4.6375110789154568636e+01,-3.5829917217131751137e-03
4.6478858016870795211e+01,-3.5919500329433333950e-03
4.6582605244587028892e+01,-3.6004989028116701939e-03
4.6686352472303255468e+01,-3.6086421222042124740e-03
4.6790099700019482043e+01,-3.6163834650020133810e-03
4.6893846927735715724e+01,-3.6237268083723476499e-03
4.6997594155451942299e+01,-3.6306760623692029000e-03
4.7101341383168175980e+01,-3.6372351030643837975e-03
4.7205088610884402556e+01,-3.6434077749926104331e-03
4.7308835838600629131e+01,-3.6491979756075555372e-03
4.7412583066316862812e+01,-3.6546096741755375141e-03
4.7516330294033089388e+01,-3.6596468117548134474e-03
4.7620077521749323068e+01,-3.6643132950604346242e-03
4.7723824749465549644e+01,-3.6686130307553143498e-03
4.7827571977181776219e+01,-3.6725500130623174068e-03
4.7931319204898009900e+01,-3.6761282287978711350e-03
4.8035066432614236476e+01,-3.6793516303351338909e-03
4.8138813660330470157e+01,-3.6822241421307360006e-03
4.8242560888046696732e+01,-3.6847497439809542841e-03
4.8346308115762923308e+01,-3.6869324485557320240e-03
4.8450055343479156988e+01,-3.6887762357968789315e-03
4.8553802571195383564e+01,-3.6902850516921229841e-03
4.8657549798911617245e+01,-3.6914628440824180655e-03
4.8761297026627843820e+01,-3.6923136218177912866e-03
4.8865044254344070396e+01,-3.6928413752904537537e-03
4.8968791482060304077e+01,-3.6930500610758035078e-03
4.9072538709776530652e+01,-3.6929436074581030967e-03
4.9176285937492764333e+01,-3.6925259802364019182e-03
4.9280033165208990908e+01,-3.6918011629580556668e-03
4.9383780392925217484e+01,-3.6907731068392978825e-03
4.9487527620641451165e+01,-3.6894457299676045557e-03
4.9591274848357677740e+01,-3.6878229400137056519e-03
4.9695022076073911421e+01,-3.6859086855923687935e-03
4.9798769303790137997e+01,-3.6837068975180031934e-03
4.9902516531506364572e+01,-3.6812214739163958560e-03
5.0006263759222598253e+01,-3.6784562821347835046e-03
5.0110010986938824828e+01,-3.6754152006661690300e-03
5.0213758214655058509e+01,-3.6721021233926099368e-03
5.0317505442371285085e+01,-3.6685209145154167205e-03
5.0421252670087511660e+01,-3.6646754064318361535e-03
5.0524999897803745341e+01,-3.6605694072447429385e-03
5.0628747125519971917e+01,-3.6562067440344117250e-03
5.0732494353236205598e+01,-3.6515912339814102401e-03
5.0836241580952432173e+01,-3.6467266631860489196e-03
5.0939988808668665854e+01,-3.6416167869260458907e-03
5.1043736036384892429e+01,-3.6362653450723704876e-03
5.1147483264101119005e+01,-3.6306760887357294836e-03
5.1251230491817352686e+01,-3.6248527457390399865e-03
5.1354977719533579261e+01,-3.6187990137814614496e-03
5.1458724947249812942e+01,-3.6125185612321387800e-03
5.1562472174966039518e+01,-3.6060150471570926421e-03
5.1666219402682266093e+01,-3.5992921281662979167e-03
5.1769966630398499774e+01,-3.5923534334287667881e-03
5.1873713858114726349e+01,-3.5852025630802148402e-03
5.1977461085830960030e+01,-3.5778430898634086370e-03
5.2081208313547186606e+01,-3.5702785776119266847e-03
5.2184955541263413181e+01,-3.5625125765399554174e-03
5.2288702768979646862e+01,-3.5545486090461718247e-03
5.2392449996695873438e+01,-3.5463901696291171353e-03
5.2496197224412107118e+01,-3.5380407270053540296e-03
5.2599944452128333694e+01,-3.5295037370356931346e-03
5.2703691679844560269e+01,-3.5207826352383285971e-03
5.2807438907560793950e+01,-3.5118808301746184952e-03
5.2911186135277020526e+01,-3.5028017036721598686e-03
5.3014933362993254207e+01,-3.4935486124915617751e-03
5.3118680590709480782e+01,-3.4841248946377695837e-03
5.3222427818425707358e+01,-3.4745338645601419290e-03
5.3326175046141941039e+01,-3.4647788109163240623e-03
5.3429922273858167614e+01,-3.4548629968210319181e-03
5.3533669501574401295e+01,-3.4447896601339251382e-03
5.3637416729290627870e+01,-3.4345620138329147931e-03
5.3741163957006854446e+01,-3.4241832461297306602e-03
5.3844911184723088127e+01,-3.4136565206641842317e-03
5.3948658412439314702e+01,-3.4029849767404436907e-03
5.4052405640155548383e+01,-3.3921717278164753052e-03
5.4156152867871774959e+01,-3.3812198568202536143e-03
5.4259900095588001534e+01,-3.3701324215057275324e-03
5.4363647323304235215e+01,-3.3589124562852564621e-03
5.4467394551020461790e+01,-3.3475629724519129389e-03
5.4571141778736695471e+01,-3.3360869551795854261e-03
5.4674889006452922047e+01,-3.3244873540184348946e-03
5.4778636234169148622e+01,-3.3127670929101390995e-03
5.4882383461885382303e+01,-3.3009290736872071333e-03
5.4986130689601608879e+01,-3.2889761762815768881e-03
5.5089877917317842559e+01,-3.2769112551416989740e-03
5.5193625145034069135e+01,-3.2647371246698518935e-03
5.5297372372750295710e+01,-3.2524565724589660047e-03
5.5401119600466529391e+01,-3.2400723652196718703e-03
5.5504866828182755967e+01,-3.2275872489769532811e-03
5.5608614055898989648e+01,-3.2150039459939755600e-03
5.5712361283615216223e+01,-3.2023251354293185908e-03
5.5816108511331449904e+01,-3.1895534667925758664e-03
5.5919855739047676479e+01,-3.1766915698945900025e-03
5.6023602966763903055e+01,-3.1637420550661523623e-03
5.6127350194480136736e+01,-3.1507075113398337433e-03
5.6231097422196363311e+01,-3.1375904843073689453e-03
5.6334844649912596992e+01,-3.1243934845768253292e-03
5.6438591877628823568e+01,-3.1111190039995917540e-03
5.6542339105345050143e+01,-3.0977695161382664581e-03
5.6646086333061283824e+01,-3.0843474757359132070e-03
5.6749833560777510399e+01,-3.0708552979310647403e-03
5.6853580788493744080e+01,-3.0572953549462753009e-03
5.6957328016209970656e+01,-3.0436700002868756140e-03
5.7061075243926197231e+01,-3.0299815703418199464e-03
5.7164822471642430912e+01,-3.0162323844892761221e-03
5.7268569699358657488e+01,-3.0024247306966013807e-03
5.7372316927074891169e+01,-2.9885608455860312310e-03
5.7476064154791117744e+01,-2.9746429445585602716e-03
5.7579811382507344319e+01,-2.9606732270483536798e-03
5.7683558610223578000e+01,-2.9466538766663367792e-03
5.7787305837939804576e+01,-2.9325870550199516565e-03
5.7891053065656038257e+01,-2.9184748697843659535e-03
5.7994800293372264832e+01,-2.9043193991086561044e-03
5.8098547521088491408e+01,-2.8901227062717994680e-03
5.8202294748804725089e+01,-2.8758868398413611929e-03
5.8306041976520951664e+01,-2.8616138325193245760e-03
5.8409789204237185345e+01,-2.8473056724235743485e-03
5.8513536431953411920e+01,-2.8329643031247912083e-03
5.8617283659669638496e+01,-2.8185916530841059573e-03
5.8721030887385872177e+01,-2.8041896371339726513e-03
5.8824778115102098752e+01,-2.7897601565931213520e-03
5.8928525342818332433e+01,-2.7753050855068963146e-03
5.9032272570534559009e+01,-2.7608262407832610298e-03
5.9136019798250785584e+01,-2.7463254178983816794e-03
5.9239767025967019265e+01,-2.7318043997506804774e-03
5.9343514253683245840e+01,-2.7172649567707850456e-03
5.9447261481399479521e+01,-2.7027088444349102979e-03
5.9551008709115706097e+01,-2.6881377683899074227e-03
5.9654755936831932672e+01,-2.6735533941125099421e-03
5.9758503164548166353e+01,-2.6589573748198535273e-03
5.9862250392264392929e+01,-2.6443513522683170271e-03
5.9965997619980626610e+01,-2.6297369568453357429e-03
6.0069744847696853185e+01,-2.6151157925157378185e-03
6.0173492075413079760e+01,-2.6004894051984243919e-03
6.0277239303129313441e+01,-2.5858593210933821654e-03
6.0380986530845540017e+01,-2.5712270559112688183e-03
6.0484733758561773698e+01,-2.5565941149633705613e-03
6.0588480986278000273e+01,-2.5419619916491526836e-03
6.0692228213994233954e+01,-2.5273321338950358733e-03
6.0795975441710460530e+01,-2.5127059453598074232e-03
6.0899722669426687105e+01,-2.4980848187072216167e-03
6.1003469897142920786e+01,-2.4834701371271457847e-03
6.1107217124859147361e+01,-2.4688632744159859887e-03
6.1210964352575381042e+01,-2.4542655867069332158e-03
6.1314711580291607618e+01,-2.4396783729010262758e-03
6.1418458808007834193e+01,-2.4251029059677571380e-03
6.1522206035724067874e+01,-2.4105404502684315594e-03
6.1625953263440294450e+01,-2.3959922616501516321e-03
6.1729700491156528130e+01,-2.3814595874256396478e-03
6.1833447718872754706e+01,-2.3669436458350432556e-03
6.1937194946588981281e+01,-2.3524456001970763842e-03
6.2040942174305214962e+01,-2.3379665996312113535e-03
6.2144689402021441538e+01,-2.3235077855833495032e-03
6.2248436629737675219e+01,-2.3090702918897622331e-03
6.2352183857453901794e+01,-2.2946552436695797847e-03
6.2455931085170128370e+01,-2.2802637251955262809e-03
6.2559678312886362050e+01,-2.2658967761805502705e-03
6.2663425540602588626e+01,-2.2515554274746820904e-03
6.2767172768318822307e+01,-2.2372407031124195639e-03
6.2870919996035048882e+01,-2.2229536203689733743e-03
6.2974667223751275458e+01,-2.2086951862661571150e-03
6.3078414451467509139e+01,-2.1944663592444748311e-03
6.3182161679183735714e+01,-2.1802680640615342521e-03
6.3285908906899969395e+01,-2.1661012189386581392e-03
6.3389656134616195970e+01,-2.1519667360859130907e-03
6.3493403362332422546e+01,-2.1378655217512139257e-03
6.3597150590048656227e+01,-2.1237984698065032543e-03
6.3700897817764882802e+01,-2.1097664223220318445e-03
6.3804645045481116483e+01,-2.0957701959648591949e-03
6.3908392273197343059e+01,-2.0818106020182398572e-03
6.4012139500913576740e+01,-2.0678884465058994593e-03
6.4115886728629803315e+01,-2.0540045302345913761e-03
6.4219633956346029890e+01,-2.0401596400383302174e-03
6.4323381184062256466e+01,-2.0263545108369705565e-03
6.4427128411778497252e+01,-2.0125898572925875717e-03
6.4530875639494723828e+01,-1.9988663894611249927e-03
6.4634622867210950403e+01,-1.9851848128395839163e-03
6.4738370094927176979e+01,-1.9715458284025556487e-03
6.4842117322643403554e+01,-1.9579501229619977569e-03
6.4945864550359644340e+01,-1.9443983327926681656e-03
6.5049611778075870916e+01,-1.9308910763680743085e-03
6.5153359005792097491e+01,-1.9174289682200216199e-03
6.5257106233508324067e+01,-1.9040126189723320053e-03
6.5360853461224550642e+01,-1.8906426353718572275e-03
6.5464600688940791429e+01,-1.8773196115284365194e-03
6.5568347916657018004e+01,-1.8640440930826013364e-03
6.5672095144373244580e+01,-1.8508166080491879595e-03
6.5775842372089471155e+01,-1.8376376811058939449e-03
6.5879589599805697731e+01,-1.8245078336253648700e-03
6.5983336827521938517e+01,-1.8114275837011776724e-03
6.6087084055238165092e+01,-1.7983974396782375846e-03
6.6190831282954391668e+01,-1.7854178645423039295e-03
6.6294578510670618243e+01,-1.7724893015448335131e-03
6.6398325738386844819e+01,-1.7596121911226505000e-03
6.6502072966103085605e+01,-1.7467869709641464966e-03
6.6605820193819312180e+01,-1.7340140760306924604e-03
6.6709567421535538756e+01,-1.7212939349209037572e-03
6.6813314649251765331e+01,-1.7086269361876061518e-03
6.6917061876967991907e+01,-1.6960134440940478982e-03
6.7020809104684232693e+01,-1.6834538203709984664e-03
6.7124556332400459269e+01,-1.6709484245128792840e-03
6.7228303560116685844e+01,-1.6584976137950086222e-03
6.7332050787832912420e+01,-1.6461017419843937057e-03
6.7435798015549138995e+01,-1.6337611313847302027e-03
6.7539545243265379781e+01,-1.6214760734679890212e-03
6.7643292470981606357e+01,-1.6092468566955438723e-03
6.7747039698697832932e+01,-1.5970737677617771830e-03
6.7850786926414059508e+01,-1.5849570916075929414e-03
6.7954534154130286083e+01,-1.5728971112857574859e-03
6.8058281381846526870e+01,-1.5608940899014688182e-03
6.8162028609562753445e+01,-1.5489482534410097935e-03
6.8265775837278980021e+01,-1.5370598224169532402e-03
6.8369523064995206596e+01,-1.5252290160034072744e-03
6.8473270292711433171e+01,-1.5134560520461545416e-03
6.8577017520427673958e+01,-1.5017411470726975669e-03
6.8680764748143900533e+01,-1.4900845088737309403e-03
6.8784511975860127109e+01,-1.4784863074452060053e-03
6.8888259203576353684e+01,-1.4669467005424072920e-03
6.8992006431292580260e+01,-1.4554658449686709576e-03
6.9095753659008821046e+01,-1.4440438965855710834e-03
6.9199500886725047621e+01,-1.4326810103199865039e-03
6.9303248114441274197e+01,-1.4213773386984093067e-03
6.9406995342157500772e+01,-1.4101330065818694273e-03
6.9510742569873727348e+01,-1.3989481147887077375e-03
6.9614489797589968134e+01,-1.3878227627564191510e-03
6.9718237025306194710e+01,-1.3767570493306137500e-03
6.9821984253022421285e+01,-1.3657510727694067206e-03
6.9925731480738647861e+01,-1.3548049307360240934e-03
7.0029478708454874436e+01,-1.3439187090195457014e-03
7.0133225936171115222e+01,-1.3330924605925325611e-03
7.0236973163887341798e+01,-1.3223262323743335041e-03
7.0340720391603568373e+01,-1.3116200710074871032e-03
7.0444467619319794949e+01,-1.3009740228597582376e-03
7.0548214847036021524e+01,-1.2903881340261620821e-03
7.0651962074752262311e+01,-1.2798624485685096940e-03
7.0755709302468488886e+01,-1.2693969850244334399e-03
7.0859456530184715461e+01,-1.2589917429327937299e-03
7.0963203757900942037e+01,-1.2486467213795962063e-03
7.1066950985617168612e+01,-1.2383619194561846892e-03
7.1170698213333409399e+01,-1.2281373362591997602e-03
7.1274445441049635974e+01,-1.2179729708898488771e-03
7.1378192668765862550e+01,-1.2078688141767123399e-03
7.1481939896482089125e+01,-1.1978248281722561445e-03
7.1585687124198315701e+01,-1.1878409688766426635e-03
7.1689434351914556487e+01,-1.1779171925447328752e-03
7.1793181579630783062e+01,-1.1680534556842555802e-03
7.1896928807347009638e+01,-1.1582497150539707628e-03
7.2000676035063236213e+01,-1.1485059271700908887e-03
7.2104423262779462789e+01,-1.1388220315629497912e-03
7.2208170490495703575e+01,-1.1291979467680372026e-03
7.2311917718211930151e+01,-1.1196335904617015378e-03
7.2415664945928156726e+01,-1.1101288807920553330e-03
7.2519412173644383302e+01,-1.1006837363756038096e-03
7.2623159401360624088e+01,-1.0912980762939020630e-03
7.2726906629076850663e+01,-1.0819718177011666913e-03
7.2830653856793077239e+01,-1.0727048556835171601e-03
7.2934401084509303814e+01,-1.0634970735374389954e-03
7.3038148312225530390e+01,-1.0543483550939708113e-03
7.3141895539941771176e+01,-1.0452585848432635260e-03
7.3245642767657997751e+01,-1.0362276479299174260e-03
7.3349389995374224327e+01,-1.0272554301483469846e-03
7.3453137223090450902e+01,-1.0183418126917512161e-03
7.3556884450806677478e+01,-1.0094866544281388271e-03
7.3660631678522918264e+01,-1.0006898087221664101e-03
7.3764378906239144840e+01,-9.9195112976327524251e-04
7.3868126133955371415e+01,-9.8327047256006297644e-04
7.3971873361671597991e+01,-9.7464769293454322184e-04
7.4075620589387824566e+01,-9.6608264749952811341e-04
7.4179367817104065352e+01,-9.5757518574935535614e-04
7.4283115044820291928e+01,-9.4912513752576843293e-04
7.4386862272536518503e+01,-9.4073233034886523819e-04
7.4490609500252745079e+01,-9.3239659269963345422e-04
7.4594356727968971654e+01,-9.2411775401326915532e-04
7.4698103955685212441e+01,-9.1589564467254691148e-04
7.4801851183401439016e+01,-9.0773009591659957127e-04
7.4905598411117665592e+01,-8.9962093060613030574e-04
7.5009345638833892167e+01,-8.9156795499106540441e-04
7.5113092866550118742e+01,-8.8357097443777805196e-04
7.5216840094266359529e+01,-8.7562979538647874121e-04
7.5320587321982586104e+01,-8.6774422534382524268e-04
7.5424334549698812680e+01,-8.5991407287558114646e-04
7.5528081777415039255e+01,-8.5213914747406965290e-04
7.5631829005131265831e+01,-8.4441925042181805502e-04
7.5735576232847506617e+01,-8.3675416865828860721e-04
7.5839323460563733192e+01,-8.2914368882505977594e-04
7.5943070688279959768e+01,-8.2158759872959816022e-04
7.6046817915996186343e+01,-8.1408568733731063918e-04
7.6150565143712412919e+01,-8.0663774476365441603e-04
7.6254312371428653705e+01,-7.9924356217515358809e-04
7.6358059599144880281e+01,-7.9190292385468603886e-04
7.6461806826861106856e+01,-7.8461560109872592432e-04
7.6565554054577333432e+01,-7.7738136499786564780e-04
7.6669301282293560007e+01,-7.7019998788171800067e-04
7.6773048510009800793e+01,-7.6307124331054460367e-04
7.6876795737726027369e+01,-7.5599490606695503823e-04
7.6980542965442253944e+01,-7.4897075212110677568e-04
7.7084290193158480520e+01,-7.4199855269362123642e-04
7.7188037420874707095e+01,-7.3507806679798284692e-04
7.7291784648590947882e+01,-7.2820905289970269160e-04
7.7395531876307174457e+01,-7.2139127075938360139e-04
7.7499279104023401032e+01,-7.1462448142404697005e-04
7.7603026331739627608e+01,-7.0790844721853698248e-04
7.7706773559455854183e+01,-7.0124293173681154397e-04
7.7810520787172094970e+01,-6.9462769629891356251e-04
7.7914268014888321545e+01,-6.8806249090402947597e-04
7.8018015242604548121e+01,-6.8154706407829519950e-04
7.8121762470320774696e+01,-6.7508116568369648178e-04
7.8225509698037001272e+01,-6.6866454690920978064e-04
7.8329256925753242058e+01,-6.6229696026201306976e-04
7.8433004153469468633e+01,-6.5597815955877091312e-04
7.8536751381185695209e+01,-6.4970789842291540046e-04
7.8640498608901921784e+01,-6.4348592116180499279e-04
7.8744245836618148360e+01,-6.3731196883447260599e-04
7.8847993064334389146e+01,-6.3118578384428411249e-04
7.8951740292050615722e+01,-6.2510710994859684797e-04
7.9055487519766842297e+01,-6.1907569224986904507e-04
7.9159234747483068872e+01,-6.1309127718684949815e-04
7.9262981975199295448e+01,-6.0715361219009704279e-04
7.9366729202915536234e+01,-6.0126243884263939638e-04
7.9470476430631762810e+01,-5.9541749320738031337e-04
7.9574223658347989385e+01,-5.8961851244706479491e-04
7.9677970886064215961e+01,-5.8386523509338197121e-04
7.9781718113780442536e+01,-5.7815740103806217542e-04
7.9885465341496683322e+01,-5.7249475152404459902e-04
7.9989212569212909898e+01,-5.6687702912964674749e-04
8.0092959796929136473e+01,-5.6130397457567144173e-04
8.0196707024645363049e+01,-5.5577532171548606286e-04
8.0300454252361589624e+01,-5.5029080447591279760e-04
8.0404201480077830411e+01,-5.4485015815705205994e-04
8.0507948707794056986e+01,-5.3945311942343735293e-04
8.0611695935510283562e+01,-5.3409942629525019534e-04
8.0715443163226510137e+01,-5.2878881813961191825e-04
8.0819190390942736713e+01,-5.2352103500542270485e-04
8.0922937618658977499e+01,-5.1829581177762222479e-04
8.1026684846375204074e+01,-5.1311288099105368480e-04
8.1130432074091430650e+01,-5.0797197650525010692e-04
8.1234179301807657225e+01,-5.0287283353933663957e-04
8.1337926529523883801e+01,-4.9781518866336040962e-04
8.1441673757240124587e+01,-4.9279877978968336660e-04
8.1545420984956351163e+01,-4.8782334615163781139e-04
8.1649168212672577738e+01,-4.8288862567949573761e-04
8.1752915440388804313e+01,-4.7799435181752761639e-04
8.1856662668105030889e+01,-4.7314025858162479451e-04
8.1960409895821271675e+01,-4.6832608133443113510e-04
8.2064157123537498251e+01,-4.6355155677683322320e-04
8.2167904351253724826e+01,-4.5881642293950727516e-04
8.2271651578969951402e+01,-4.5412041917453738844e-04
8.2375398806686192188e+01,-4.4946328583937006623e-04
8.2479146034402418763e+01,-4.4484476035646513961e-04
8.2582893262118645339e+01,-4.4026457838024012992e-04
8.2686640489834871914e+01,-4.3572247682188160710e-04
8.2790387717551098490e+01,-4.3121819391131558383e-04
8.2894134945267339276e+01,-4.2675146918895408071e-04
8.2997882172983565852e+01,-4.2232204349750728564e-04
8.3101629400699792427e+01,-4.1792965897385089911e-04
8.3205376628416019003e+01,-4.1357405809202380745e-04
8.3309123856132245578e+01,-4.0925498040815164440e-04
8.3412871083848486364e+01,-4.0497216561210201951e-04
8.3516618311564712940e+01,-4.0072535468716814116e-04
8.3620365539280939515e+01,-3.9651428990208139073e-04
8.3724112766997166091e+01,-3.9233871480305176080e-04
8.3827859994713392666e+01,-3.8819837420586033499e-04
8.3931607222429633453e+01,-3.8409301417677516131e-04
8.4035354450145860028e+01,-3.8002238048583537183e-04
8.4139101677862086603e+01,-3.7598621704075849527e-04
8.4242848905578313179e+01,-3.7198426863750309272e-04
8.4346596133294539754e+01,-3.6801628132764242383e-04
8.4450343361010780541e+01,-3.6408200241065148683e-04
8.4554090588727007116e+01,-3.6018118042625358113e-04
8.4657837816443233692e+01,-3.5631356514681728539e-04
8.4761585044159460267e+01,-3.5247890751638542677e-04
8.4865332271875686843e+01,-3.4867695798265893256e-04
8.4969079499591927629e+01,-3.4490746617636187281e-04
8.5072826727308154204e+01,-3.4117018283103542819e-04
8.5176573955024380780e+01,-3.3746485989467130302e-04
8.5280321182740607355e+01,-3.3379125052232565219e-04
8.5384068410456833931e+01,-3.3014910906878586292e-04
8.5487815638173074717e+01,-3.2653819108128964927e-04
8.5591562865889301293e+01,-3.2295825320887555903e-04
8.5695310093605527868e+01,-3.1940905178020028961e-04
8.5799057321321754443e+01,-3.1589034300601740108e-04
8.5902804549037981019e+01,-3.1240188423200133255e-04
8.6006551776754221805e+01,-3.0894343397465395557e-04
8.6110299004470448381e+01,-3.0551475191425308577e-04
8.6214046232186674956e+01,-3.0211559888784707316e-04
8.6317793459902901532e+01,-2.9874573688230571678e-04
8.6421540687619128107e+01,-2.9540492895346165923e-04
8.6525287915335368893e+01,-2.9209293819022579246e-04
8.6629035143051595469e+01,-2.8880952796905937389e-04
8.6732782370767822044e+01,-2.8555446277687691588e-04
8.6836529598484048620e+01,-2.8232750822610266396e-04
8.6940276826200275195e+01,-2.7912843104795450645e-04
8.7044024053916515982e+01,-2.7595699908577656480e-04
8.7147771281632742557e+01,-2.7281298128842078983e-04
8.7251518509348969133e+01,-2.6969614766390626352e-04
8.7355265737065195708e+01,-2.6660626863909806959e-04
8.7459012964781422284e+01,-2.6354311516828970736e-04
8.7562760192497663070e+01,-2.6050645927408754053e-04
8.7666507420213889645e+01,-2.5749607405828079136e-04
8.7770254647930116221e+01,-2.5451173369546106501e-04
8.7874001875646342796e+01,-2.5155321342669066317e-04
8.7977749103362569372e+01,-2.4862028955321486190e-04
8.8081496331078810158e+01,-2.4571273941953930466e-04
8.8185243558795036733e+01,-2.4283034111987949945e-04
8.8288990786511263309e+01,-2.3997287346113685956e-04
8.8392738014227489884e+01,-2.3714011627149931497e-04
8.8496485241943716460e+01,-2.3433185041161233532e-04
8.8600232469659957246e+01,-2.3154785776853366243e-04
8.8703979697376183822e+01,-2.2878792124973238689e-04
8.8807726925092410397e+01,-2.2605182477712659501e-04
8.8911474152808636973e+01,-2.2333935328071281368e-04
8.9015221380524863548e+01,-2.2065029264909074820e-04
8.9118968608241104334e+01,-2.1798442968764725788e-04
8.9222715835957330910e+01,-2.1534155218485203915e-04
8.9326463063673557485e+01,-2.1272144891505679167e-04
8.9430210291389784061e+01,-2.1012390963277759680e-04
8.9533957519106010636e+01,-2.0754872506701621906e-04
8.9637704746822251423e+01,-2.0499568691562024898e-04
8.9741451974538477998e+01,-2.0246458783968417474e-04
8.9845199202254704574e+01,-1.9995522150577894828e-04
8.9948946429970931149e+01,-1.9746738271943505374e-04
9.0052693657687157724e+01,-1.9500086727751743117e-04
9.0156440885403398511e+01,-1.9255547191683472725e-04
9.0260188113119625086e+01,-1.9013099430873918244e-04
9.0363935340835851662e+01,-1.8772723305375966759e-04
9.0467682568552078237e+01,-1.8534398767627502575e-04
9.0571429796268304813e+01,-1.8298105861922259641e-04
9.0675177023984545599e+01,-1.8063824726725520174e-04
9.0778924251700772174e+01,-1.7831535624968257512e-04
9.0882671479416998750e+01,-1.7601218931729027337e-04
9.0986418707133225325e+01,-1.7372855111977235083e-04
9.1090165934849451901e+01,-1.7146424719680051509e-04
9.1193913162565692687e+01,-1.6921908397296130935e-04
9.1297660390281919263e+01,-1.6699286875272950723e-04
9.1401407617998145838e+01,-1.6478540971547265127e-04
9.1505154845714372414e+01,-1.6259651591221123998e-04
9.1608902073430598989e+01,-1.6042599750212927314e-04
9.1712649301146839775e+01,-1.5827366599547082926e-04
9.1816396528863066351e+01,-1.5613933381382195226e-04
9.1920143756579292926e+01,-1.5402281422562206234e-04
9.2023890984295519502e+01,-1.5192392134139148774e-04
9.2127638212011760288e+01,-1.4984247010898913734e-04
9.2231385439727986864e+01,-1.4777827630890465085e-04
9.2335132667444213439e+01,-1.4573115654957865704e-04
9.2438879895160440014e+01,-1.4370092832083382881e-04
9.2542627122876666590e+01,-1.4168741047653838011e-04
9.2646374350592907376e+01,-1.3969042298080474565e-04
9.2750121578309133952e+01,-1.3770978660634003356e-04
9.2853868806025360527e+01,-1.3574532292686566329e-04
9.2957616033741587103e+01,-1.3379685431264825711e-04
9.3061363261457813678e+01,-1.3186420392605956121e-04
9.3165110489174054464e+01,-1.2994719571716550465e-04
9.3268857716890281040e+01,-1.2804565441974343691e-04
9.3372604944606507615e+01,-1.2615940577061687789e-04
9.3476352172322734191e+01,-1.2428827687721482665e-04
9.3580099400038960766e+01,-1.2243209571200262343e-04
9.3683846627755201553e+01,-1.2059069100947126423e-04
9.3787593855471428128e+01,-1.1876389226192373045e-04
9.3891341083187654704e+01,-1.1695152971528662098e-04
9.3995088310903881279e+01,-1.1515343436495206070e-04
9.4098835538620107855e+01,-1.1336943795164594151e-04
9.4202582766336348641e+01,-1.1159937297141246215e-04
9.4306329994052575216e+01,-1.0984307304203829077e-04
9.4410077221768801792e+01,-1.0810037293411178588e-04
9.4513824449485028367e+01,-1.0637110816520539138e-04
9.4617571677201254943e+01,-1.0465511497430517553e-04
9.4721318904917495729e+01,-1.0295223031785953746e-04
9.4825066132633722304e+01,-1.0126229186585523553e-04
9.4928813360349948880e+01,-9.9585137997917146276e-05
9.5032560588066175455e+01,-9.7920607799435358627e-05
9.5136307815782402031e+01,-9.6268541097581421468e-05
9.5240055043498642817e+01,-9.4628778816918063884e-05
9.5343802271214869393e+01,-9.3001162804622037358e-05
9.5447549498931095968e+01,-9.1385535598267661592e-05
9.5551296726647322544e+01,-8.9781740419304643702e-05
9.5655043954363549119e+01,-8.8189621169349252986e-05
9.5758791182079789905e+01,-8.6609022426499483651e-05
9.5862538409796016481e+01,-8.5039789441675425253e-05
9.5966285637512243056e+01,-8.3481768134980991912e-05
9.6070032865228469632e+01,-8.1934805137234205212e-05
9.6173780092944696207e+01,-8.0398748010602349859e-05
9.6277527320660936994e+01,-7.8873445073935038573e-05
9.6381274548377163569e+01,-7.7358745299336908476e-05
9.6485021776093390145e+01,-7.5854498308493639399e-05
9.6588769003809616720e+01,-7.4360554369184143257e-05
9.6692516231525843295e+01,-7.2876764391814207074e-05
9.6796263459242084082e+01,-7.1402979925972497673e-05
9.6900010686958310657e+01,-6.9939053157009497251e-05
9.7003757914674537233e+01,-6.8484836911574117294e-05
9.7107505142390763808e+01,-6.7040184687862776564e-05
9.7211252370106990384e+01,-6.5604950622158509700e-05
9.7314999597823231170e+01,-6.4178989472765760873e-05
9.7418746825539457745e+01,-6.2762156616696967082e-05
9.7522494053255684321e+01,-6.1354308046380256277e-05
9.7626241280971910896e+01,-5.9955300366390333871e-05
9.7729988508688137472e+01,-5.8564990790199000076e-05
9.7833735736404378258e+01,-5.7183237136946531360e-05
9.7937482964120604834e+01,-5.5809897778650907662e-05
9.8041230191836831409e+01,-5.4444831441561279683e-05
9.8144977419553057985e+01,-5.3087897373589026787e-05
9.8248724647269284560e+01,-5.1738955417140745550e-05
9.8352471874985525346e+01,-5.0397866006004441450e-05
9.8456219102701751922e+01,-4.9064490162234588927e-05
9.8559966330417978497e+01,-4.7738689493054789384e-05
9.8663713558134205073e+01,-4.6420326187781896406e-05
9.8767460785850431648e+01,-4.5109263014768714709e-05
9.8871208013566672435e+01,-4.3805363231373613568e-05
9.8974955241282899010e+01,-4.2508490084281459428e-05
9.9078702468999125585e+01,-4.1218507152626816933e-05
9.9182449696715352161e+01,-3.9935278585595526874e-05
9.9286196924431578736e+01,-3.8658669100192381352e-05
9.9389944152147819523e+01,-3.7388543978277355494e-05
9.9493691379864046098e+01,-3.6124769063621280270e-05
9.9597438607580272674e+01,-3.4867210758978191699e-05
9.9701185835296499249e+01,-3.3615736023177710684e-05
9.9804933063012725825e+01,-3.2370212300867874872e-05
9.9908680290728966611e+01,-3.1130506733455328599e-05
1.0001242751844519319e+02,-2.9896486427401694334e-05
1.0011617474616141976e+02,-2.8668019028513913306e-05
1.0021992197387764634e+02,-2.7444972730649013366e-05
1.0032366920159387291e+02,-2.6227216272880211185e-05
1.0042741642931011370e+02,-2.5014618936680531092e-05
1.0053116365702634027e+02,-2.3807050543124736765e-05
1.0063491088474256685e+02,-2.2604381450106855104e-05
1.0073865811245879343e+02,-2.1406518898447557484e-05
1.0084240534017502000e+02,-2.0215098549028071029e-05
1.0094615256789126079e+02,-1.9034194033159427346e-05
1.0104989979560748736e+02,-1.7868047498828796324e-05
1.0115364702332371394e+02,-1.6720883690356017466e-05
1.0125739425103994051e+02,-1.5596910037552291317e-05
1.0136114147875616709e+02,-1.4500316744330513598e-05
1.0146488870647240788e+02,-1.3435276876772015800e-05
1.0156863593418863445e+02,-1.2405946450654281102e-05
1.0167238316190486103e+02,-1.1416464518430076024e-05
1.0177613038962108760e+02,-1.0469850698548426732e-05
1.0187987761733732839e+02,-9.5647352109861722086e-06
1.0198362484505355496e+02,-8.6986677941508541283e-06
1.0208737207276978154e+02,-7.8692081468528525778e-06
1.0219111930048600811e+02,-7.0739258777455337314e-06
1.0229486652820223469e+02,-6.3104004550724071584e-06
1.0239861375591847548e+02,-5.5762211567198062204e-06
1.0250236098363470205e+02,-4.8689870205734068104e-06
1.0260610821135092863e+02,-4.1863067951748947579e-06
1.0270985543906715520e+02,-3.5261417553238109104e-06
1.0281360266678338178e+02,-2.8928475924459957950e-06
1.0291734989449962256e+02,-2.2964099821549529731e-06
1.0302109712221584914e+02,-1.7469692297150927836e-06
1.0312484434993207572e+02,-1.2546248343727467016e-06
1.0322859157764830229e+02,-8.2943569441166695082e-07
1.0333233880536452887e+02,-4.8142031097283686649e-07
1.0343608603308076965e+02,-2.2055699064774125968e-07
1.0353983326079699623e+02,-5.6784046853800802269e-08
1.0364358048851322280e+02,0.0000000000000000000e+00
