1.0000000000000000479e-04,2.0039556654182430484e-01
1.0384722771622945103e-01,1.6391957353284114518e-01
2.0759445543245888532e-01,1.4676576130914487095e-01
3.1134168314868831962e-01,1.3083446229422904250e-01
4.1508891086491778166e-01,1.1605422909772204754e-01
5.1883613858114718820e-01,1.0236019749198188578e-01
6.2258336629737665024e-01,8.9691064706025447339e-02
7.2633059401360611229e-01,7.7988553223726164720e-02
8.3007782172983557434e-01,6.7197189505886045779e-02
9.3382504944606503638e-01,5.7264156115061602692e-02
1.0375722771622943874e+00,4.8139168799028950185e-02
1.1413195048785238495e+00,3.9774365206938291917e-02
1.2450667325947533115e+00,3.2124200708853065112e-02
1.3488139603109827735e+00,2.5145349483939628821e-02
1.4525611880272122356e+00,1.8796610050537333053e-02
1.5563084157434416976e+00,1.3038814662346857182e-02
1.6600556434596711597e+00,7.8347424880189260599e-03
1.7638028711759006217e+00,3.1490360767345896252e-03
1.8675500988921300838e+00,-1.0518787345486968390e-03
1.9712973266083595458e+00,-4.7998699375543492709e-03
2.0750445543245890079e+00,-8.1251733789482367964e-03
2.1787917820408186920e+00,-1.1056463872091342598e-02
2.2825390097570479320e+00,-1.3620923598745282579e-02
2.3862862374732776161e+00,-1.5844307830758637412e-02
2.4900334651895068561e+00,-1.7751007987965142926e-02
2.5937806929057365402e+00,-1.9364112320148223201e-02
2.6975279206219657802e+00,-2.0705464091753889022e-02
2.8012751483381954642e+00,-2.1795717587163431633e-02
2.9050223760544247043e+00,-2.2654391759118458483e-02
3.0087696037706543883e+00,-2.3299921850820384112e-02
3.1125168314868836283e+00,-2.3749708898104224253e-02
3.2162640592031133124e+00,-2.4020167137894246623e-02
3.3200112869193425524e+00,-2.4126769835042756462e-02
3.4237585146355717924e+00,-2.4084092855741041916e-02
3.5275057423518014765e+00,-2.3905856711251109725e-02
3.6312529700680307165e+00,-2.3604966868553931697e-02
3.7350001977842604006e+00,-2.3193552353360034901e-02
3.8387474255004896406e+00,-2.2683002788075883049e-02
3.9424946532167193247e+00,-2.2084003924362889670e-02
4.0462418809329481206e+00,-2.1406571691650184280e-02
4.1499891086491773606e+00,-2.0660084782523100572e-02
4.2537363363654074888e+00,-1.9853315944670213433e-02
4.3574835640816367288e+00,-1.8994462012144115726e-02
4.4612307917978659688e+00,-1.8091172434523038193e-02
4.5649780195140952088e+00,-1.7150576947084744672e-02
4.6687252472303253370e+00,-1.6179311722851003053e-02
4.7724724749465545770e+00,-1.5183544653614636580e-02
4.8762197026627838170e+00,-1.4168999439909754287e-02
4.9799669303790130570e+00,-1.3140978633240995438e-02
5.0837141580952422970e+00,-1.2104385725306662444e-02
5.1874613858114724252e+00,-1.1063746254472655792e-02
5.2912086135277016652e+00,-1.0023227983009301567e-02
5.3949558412439309052e+00,-8.9866601921559079863e-03
5.4987030689601601452e+00,-7.9575521241266305300e-03
5.6024502966763902734e+00,-6.9391106026443823834e-03
5.7061975243926195134e+00,-5.9342568658215530744e-03
5.8099447521088487534e+00,-4.9456426441209224917e-03
5.9136919798250779934e+00,-3.9756655055265118989e-03
6.0174392075413081216e+00,-3.0264834921165857141e-03
6.1211864352575373616e+00,-2.1000290986172053323e-03
6.2249336629737666016e+00,-1.1980226212198517941e-03
6.3286808906899958416e+00,-3.2198490975363032495e-04
6.4324281184062259697e+00,5.2675058866041683543e-04
6.5361753461224552098e+00,1.3470263062796579683e-03
6.6399225738386844498e+00,2.1378493760971775325e-03
6.7436698015549136898e+00,2.8983812931708255109e-03
6.8474170292711429298e+00,3.6279280245395399869e-03
6.9511642569873730579e+00,4.3259301628582515903e-03
7.0549114847036022979e+00,4.9919543993403340740e-03
7.1586587124198315379e+00,5.6256844181856299411e-03
7.2624059401360607779e+00,6.2269131779096858342e-03
7.3661531678522909061e+00,6.7955347783284639554e-03
7.4699003955685201461e+00,7.3315374584908303210e-03
7.5736476232847493861e+00,7.8349961777903209814e-03
7.6773948510009786261e+00,8.3060665296148319947e-03
7.7811420787172087543e+00,8.7449777730630243178e-03
7.8848893064334379943e+00,9.1520275868205436254e-03
7.9886365341496672343e+00,9.5275758663311543167e-03
8.0923837618658964743e+00,9.8720395337160392335e-03
8.1961309895821266025e+00,1.0185887767160919232e-02
8.2998782172983549543e+00,1.0469636733654358665e-02
8.4036254450145850825e+00,1.0723845309035437076e-02
8.5073726727308152107e+00,1.0949110995496735138e-02
8.6111199004470435625e+00,1.1146065559074873341e-02
8.7148671281632736907e+00,1.1315371270267620199e-02
8.8186143558795020425e+00,1.1457717540294591260e-02
8.9223615835957321707e+00,1.1573817457820009466e-02
9.0261088113119622989e+00,1.1664404504965990642e-02
9.1298560390281906507e+00,1.1730229607511575771e-02
9.2336032667444207789e+00,1.1772058383016198793e-02
9.3373504944606509071e+00,1.1790668575636454110e-02
9.4410977221768792589e+00,1.1786847508965907216e-02
9.5448449498931093871e+00,1.1761389772579206037e-02
9.6485921776093377389e+00,1.1715095079899505437e-02
9.7523394053255678671e+00,1.1648766264986702354e-02
9.8560866330417979952e+00,1.1563207412360543974e-02
9.9598338607580263471e+00,1.1459222115014615698e-02
1.0063581088474256475e+01,1.1337611858764123224e-02
1.0167328316190484827e+01,1.1199174507521459862e-02
1.0271075543906714955e+01,1.1044702905792846970e-02
1.0374822771622945083e+01,1.0874983593461425360e-02
1.0478569999339173435e+01,1.0690795620431148630e-02
1.0582317227055403563e+01,1.0492909456191525444e-02
1.0686064454771633692e+01,1.0282085989600744935e-02
1.0789811682487862043e+01,1.0059075614327287612e-02
1.0893558910204092172e+01,9.8246173955400615402e-03
1.0997306137920320523e+01,9.5794383135920837397e-03
1.1101053365636550652e+01,9.3242525806063163846e-03
1.1204800593352780780e+01,9.0597610260253567255e-03
1.1308547821069009132e+01,8.7866505473596472064e-03
1.1412295048785239260e+01,8.5055936225272247425e-03
1.1516042276501469388e+01,8.2172478803534936692e-03
1.1619789504217697740e+01,7.9222557259615387221e-03
1.1723536731933927868e+01,7.6212440179606348242e-03
1.1827283959650156220e+01,7.3148237945700857535e-03
1.1931031187366386348e+01,7.0035900473108961620e-03
1.2034778415082616476e+01,6.6881215354806624121e-03
1.2138525642798844828e+01,6.3689806387698492951e-03
1.2242272870515074956e+01,6.0467132496288085106e-03
1.2346020098231303308e+01,5.7218487016139239418e-03
1.2449767325947533436e+01,5.3948997316057081819e-03
1.2553514553663763564e+01,5.0663624740179885250e-03
1.2657261781379991916e+01,4.7367164852493166133e-03
1.2761009009096222044e+01,4.4064247952397593913e-03
1.2864756236812452173e+01,4.0759339732158268374e-03
1.2968503464528680524e+01,3.7456742213999596157e-03
1.3072250692244910653e+01,3.4160594983256185528e-03
1.3175997919961139004e+01,3.0874876635572181573e-03
1.3279745147677369133e+01,2.7603406438033916900e-03
1.3383492375393599261e+01,2.4349846102450093191e-03
1.3487239603109827613e+01,2.1117701262660490587e-03
1.3590986830826057741e+01,1.7910323662426474479e-03
1.3694734058542286093e+01,1.4730913584496648557e-03
1.3798481286258516221e+01,1.1582522323448267779e-03
1.3902228513974746349e+01,8.4680545542054216045e-04
1.4005975741690974701e+01,5.3902698716102584106e-04
1.4109722969407204829e+01,2.3517859736372421814e-04
1.4213470197123434957e+01,-6.4491813230880005916e-05
1.4317217424839663309e+01,-3.5974991797330953648e-04
1.4420964652555893437e+01,-6.5037482252679906271e-04
1.4524711880272121789e+01,-9.3615877638864454079e-04
1.4628459107988351917e+01,-1.2169067439861717354e-03
1.4732206335704582045e+01,-1.4924360840955976527e-03
1.4835953563420810397e+01,-1.7625764743721711748e-03
1.4939700791137040525e+01,-2.0271695685876254395e-03
1.5043448018853268877e+01,-2.2860684921406694038e-03
1.5147195246569499005e+01,-2.5391375802963534088e-03
1.5250942474285729133e+01,-2.7862524079416976959e-03
1.5354689702001957485e+01,-3.0272991970561238112e-03
1.5458436929718187614e+01,-3.2621743611878492239e-03
1.5562184157434417742e+01,-3.4907845572944283009e-03
1.5665931385150646094e+01,-3.7130463899357805078e-03
1.5769678612866876222e+01,-3.9288857080835085100e-03
1.5873425840583104574e+01,-4.1382375611691965198e-03
1.5977173068299334702e+01,-4.3410462185586090253e-03
1.6080920296015563054e+01,-4.5372643009337441239e-03
1.6184667523731793182e+01,-4.7268526548390121453e-03
1.6288414751448023310e+01,-4.9097805707580127743e-03
1.6392161979164253438e+01,-5.0860248145979045087e-03
1.6495909206880483566e+01,-5.2555695055341222419e-03
1.6599656434596710142e+01,-5.4184064163696685212e-03
1.6703403662312940270e+01,-5.5745338997778915227e-03
1.6807150890029170398e+01,-5.7239569281883418209e-03
1.6910898117745400526e+01,-5.8666873066927499591e-03
1.7014645345461630654e+01,-6.0027425159422855699e-03
1.7118392573177857230e+01,-6.1321461022624769097e-03
1.7222139800894087358e+01,-6.2549275115459648453e-03
1.7325887028610317486e+01,-6.3711210542539203558e-03
1.7429634256326547614e+01,-6.4807666860954909679e-03
1.7533381484042777743e+01,-6.5839091532608785828e-03
1.7637128711759004318e+01,-6.6805975686882856229e-03
1.7740875939475234446e+01,-6.7708861144212852123e-03
1.7844623167191464574e+01,-6.8548326520403912374e-03
1.7948370394907694703e+01,-6.9324993336772828059e-03
1.8052117622623924831e+01,-7.0039522734954423600e-03
1.8155864850340154959e+01,-7.0692606856221215303e-03
1.8259612078056381534e+01,-7.1284978666370790723e-03
1.8363359305772611663e+01,-7.1817397512241977833e-03
1.8467106533488841791e+01,-7.2290655757699228551e-03
1.8570853761205071919e+01,-7.2705574938867392060e-03
1.8674600988921302047e+01,-7.3062998846579645454e-03
1.8778348216637528623e+01,-7.3363802472335096910e-03
1.8882095444353758751e+01,-7.3608876989991718978e-03
1.8985842672069988879e+01,-7.3799140601088688424e-03
1.9089589899786219007e+01,-7.3935527937214647054e-03
1.9193337127502449135e+01,-7.4018992193092807835e-03
1.9297084355218675711e+01,-7.4050505613126992727e-03
1.9400831582934905839e+01,-7.4031050861620558909e-03
1.9504578810651135967e+01,-7.3961630584418250334e-03
1.9608326038367366095e+01,-7.3843252957660546199e-03
1.9712073266083596224e+01,-7.3676943610762818740e-03
1.9815820493799822799e+01,-7.3463732466930685427e-03
1.9919567721516052927e+01,-7.3204661752143971101e-03
2.0023314949232283055e+01,-7.2900778739060870942e-03
2.0127062176948513184e+01,-7.2553137211488934188e-03
2.0230809404664743312e+01,-7.2162796980219422530e-03
2.0334556632380969887e+01,-7.1730819211751964404e-03
2.0438303860097200015e+01,-7.1258271433588581470e-03
2.0542051087813430144e+01,-7.0746218526262331927e-03
2.0645798315529660272e+01,-7.0195731166267484949e-03
2.0749545543245890400e+01,-6.9607874564859874289e-03
2.0853292770962120528e+01,-6.8983718376446059514e-03
2.0957039998678347104e+01,-6.8324324927906731134e-03
2.1060787226394577232e+01,-6.7630759133429181260e-03
2.1164534454110807360e+01,-6.6904077336943758650e-03
2.1268281681827037488e+01,-6.6145336443864111153e-03
2.1372028909543267616e+01,-6.5355583848299729152e-03
2.1475776137259494192e+01,-6.4535865563847003359e-03
2.1579523364975724320e+01,-6.3687217254254297263e-03
2.1683270592691954448e+01,-6.2810671464535103303e-03
2.1787017820408184576e+01,-6.1907249575397661073e-03
2.1890765048124414704e+01,-6.0977968338635389275e-03
2.1994512275840641280e+01,-6.0023832547636060686e-03
2.2098259503556871408e+01,-5.9045841051516383124e-03
2.2202006731273101536e+01,-5.8044980007634760372e-03
2.2305753958989331664e+01,-5.7022228442125174469e-03
2.2409501186705561793e+01,-5.5978552081504522747e-03
2.2513248414421788368e+01,-5.4914908380165380203e-03
2.2616995642138018496e+01,-5.3832241082954462169e-03
2.2720742869854248625e+01,-5.2731484489557129552e-03
2.2824490097570478753e+01,-5.1613559029056082020e-03
2.2928237325286708881e+01,-5.0479374446343126120e-03
2.3031984553002939009e+01,-4.9329826684045884402e-03
2.3135731780719165585e+01,-4.8165799751380871177e-03
2.3239479008435395713e+01,-4.6988164044076078524e-03
2.3343226236151625841e+01,-4.5797776899327352282e-03
2.3446973463867855969e+01,-4.4595482178658414976e-03
2.3550720691584086097e+01,-4.3382109859763009346e-03
2.3654467919300312673e+01,-4.2158476347450082877e-03
2.3758215147016542801e+01,-4.0925383789824796785e-03
2.3861962374732772929e+01,-3.9683620314010029095e-03
2.3965709602449003057e+01,-3.8433959901449598305e-03
2.4069456830165233185e+01,-3.7177161780424989625e-03
2.4173204057881459761e+01,-3.5913971409526914379e-03
2.4276951285597689889e+01,-3.4645118835257243499e-03
2.4380698513313920017e+01,-3.3371320490455775275e-03
2.4484445741030150145e+01,-3.2093277330137838857e-03
2.4588192968746380274e+01,-3.0811676183702149494e-03
2.4691940196462606849e+01,-2.9527189196878389152e-03
2.4795687424178836977e+01,-2.8240473171896166883e-03
2.4899434651895067105e+01,-2.6952171610521258142e-03
2.5003181879611297234e+01,-2.5662911364476045754e-03
2.5106929107327527362e+01,-2.4373306935968233437e-03
2.5210676335043753937e+01,-2.3083956032680587496e-03
2.5314423562759984065e+01,-2.1795443401855497077e-03
2.5418170790476214194e+01,-2.0508338695799941190e-03
2.5521918018192444322e+01,-1.9223196447218119862e-03
2.5625665245908674450e+01,-1.7940558806746533405e-03
2.5729412473624904578e+01,-1.6660950653495537090e-03
2.5833159701341131154e+01,-1.5384885968119303527e-03
2.5936906929057361282e+01,-1.4112861786405330160e-03
2.6040654156773591410e+01,-1.2845362693142065372e-03
2.6144401384489821538e+01,-1.1582859646305429784e-03
2.6248148612206051666e+01,-1.0325807666360978763e-03
2.6351895839922278242e+01,-9.0746517088772658995e-04
2.6455643067638508370e+01,-7.8298191084806242381e-04
2.6559390295354738498e+01,-6.5917270137953807695e-04
2.6663137523070968626e+01,-5.3607780199946318891e-04
2.6766884750787198755e+01,-4.1373604439421323787e-04
2.6870631978503425330e+01,-2.9218530269161697857e-04
2.6974379206219655458e+01,-1.7146170737762132601e-04
2.7078126433935885586e+01,-5.1600525538706351072e-05
2.7181873661652115715e+01,6.7364427905843083971e-05
2.7285620889368345843e+01,1.8540066101292845542e-04
2.7389368117084572418e+01,3.0247654138325412660e-04
2.7493115344800802546e+01,4.1856214125398998570e-04
2.7596862572517032675e+01,5.3362829849912891880e-04
2.7700609800233262803e+01,6.4764718375541312223e-04
2.7804357027949492931e+01,7.6059228736550751372e-04
2.7908104255665723059e+01,8.7243779283082973763e-04
2.8011851483381949635e+01,9.8315952738656470049e-04
2.8115598711098179763e+01,1.0927340720229125268e-03
2.8219345938814409891e+01,1.2011390821316397532e-03
2.8323093166530640019e+01,1.3083536283675400221e-03
2.8426840394246870147e+01,1.4143573039782175813e-03
2.8530587621963096723e+01,1.5191311679453101732e-03
2.8634334849679326851e+01,1.6226571785650340755e-03
2.8738082077395556979e+01,1.7249179865007060672e-03
2.8841829305111787107e+01,1.8258977584516737983e-03
2.8945576532828017235e+01,1.9255811491935800103e-03
2.9049323760544243811e+01,2.0239538758111763964e-03
2.9153070988260473939e+01,2.1210028505150553893e-03
2.9256818215976704067e+01,2.2167153617629400952e-03
2.9360565443692934195e+01,2.3110800421686380178e-03
2.9464312671409164324e+01,2.4040862841629754253e-03
2.9568059899125390899e+01,2.4957239825557251886e-03
2.9671807126841621027e+01,2.5859844245835119508e-03
2.9775554354557851156e+01,2.6748593075413104776e-03
2.9879301582274081284e+01,2.7623410840268993426e-03
2.9983048809990311412e+01,2.8484234067835548579e-03
3.0086796037706537987e+01,2.9331001686829115058e-03
3.0190543265422768116e+01,3.0163662504955352645e-03
3.0294290493138998244e+01,3.0982174389972984806e-03
3.0398037720855228372e+01,3.1786497283615290470e-03
3.0501784948571458500e+01,3.2576602444785818062e-03
3.0605532176287688628e+01,3.3352467271199584715e-03
3.0709279404003915204e+01,3.4114071742903278109e-03
3.0813026631720145332e+01,3.4861407531682785978e-03
3.0916773859436375460e+01,3.5594470080755240618e-03
3.1020521087152605588e+01,3.6313258319973958088e-03
3.1124268314868835716e+01,3.7017782318617561098e-03
3.1228015542585062292e+01,3.7708054287853352664e-03
3.1331762770301292420e+01,3.8384090823156261953e-03
3.1435509998017522548e+01,3.9045918586325337879e-03
3.1539257225733752676e+01,3.9693565368171561045e-03
3.1643004453449982805e+01,4.0327063981274976004e-03
3.1746751681166209380e+01,4.0946456121932475400e-03
3.1850498908882439508e+01,4.1551783988408768147e-03
3.1954246136598669636e+01,4.2143095108121923081e-03
3.2057993364314903317e+01,4.2720444827387743167e-03
3.2161740592031129893e+01,4.3283888588921699131e-03
3.2265487819747363574e+01,4.3833487148280912693e-03
3.2369235047463590149e+01,4.4369308235824170619e-03
3.2472982275179823830e+01,4.4891419393345835184e-03
3.2576729502896050406e+01,4.5399893170246603466e-03
3.2680476730612276981e+01,4.5894808495944121318e-03
3.2784223958328510662e+01,4.6376243898194847645e-03
3.2887971186044737237e+01,4.6844282356124575251e-03
3.2991718413760970918e+01,4.7299012868306841012e-03
3.3095465641477197494e+01,4.7740523881874569884e-03
3.3199212869193424069e+01,4.8168907522311678673e-03
3.3302960096909657750e+01,4.8584261762898142342e-03
3.3406707324625884326e+01,4.8986683958782738582e-03
3.3510454552342118006e+01,4.9376274192142336275e-03
3.3614201780058344582e+01,4.9753138334339558346e-03
3.3717949007774571157e+01,5.0117381691912052735e-03
3.3821696235490804838e+01,5.0469111229785373549e-03
3.3925443463207031414e+01,5.0808439639925583389e-03
3.4029190690923265095e+01,5.1135479266785147101e-03
3.4132937918639491670e+01,5.1450343034346529905e-03
3.4236685146355718246e+01,5.1753149355610447366e-03
3.4340432374071951926e+01,5.2044016722993533333e-03
3.4444179601788178502e+01,5.2323063284149358074e-03
3.4547926829504412183e+01,5.2590412036704172263e-03
3.4651674057220638758e+01,5.2846186755706094779e-03
3.4755421284936865334e+01,5.3090510213553840022e-03
3.4859168512653099015e+01,5.3323508902646411106e-03
3.4962915740369325590e+01,5.3545311013633457159e-03
3.5066662968085559271e+01,5.3756043398025385102e-03
3.5170410195801785846e+01,5.3955835119163320437e-03
3.5274157423518012422e+01,5.4144817867537902226e-03
3.5377904651234246103e+01,5.4323122017793110464e-03
3.5481651878950472678e+01,5.4490878546014859599e-03
3.5585399106666706359e+01,5.4648221639669921496e-03
3.5689146334382932935e+01,5.4795284566566734158e-03
3.5792893562099159510e+01,5.4932199914288744672e-03
3.5896640789815393191e+01,5.5059103247346152105e-03
3.6000388017531619766e+01,5.5176130032511981269e-03
3.6104135245247853447e+01,5.5283414393838044981e-03
3.6207882472964080023e+01,5.5381092219876195196e-03
3.6311629700680313704e+01,5.5469300440708357858e-03
3.6415376928396540279e+01,5.5548174508740413152e-03
3.6519124156112766855e+01,5.5617850045757638924e-03
3.6622871383829000536e+01,5.5678464546937865218e-03
3.6726618611545227111e+01,5.5730154359010190129e-03
3.6830365839261460792e+01,5.5773054805218214014e-03
3.6934113066977687367e+01,5.5807302868375215088e-03
3.7037860294693913943e+01,5.5833035213558599233e-03
3.7141607522410147624e+01,5.5850387041835192897e-03
3.7245354750126374199e+01,5.5859493944085420597e-03
3.7349101977842607880e+01,5.5860492229951701215e-03
3.7452849205558834456e+01,5.5853516825933738690e-03
3.7556596433275061031e+01,5.5838701768021626465e-03
3.7660343660991294712e+01,5.5816182100470335820e-03
3.7764090888707521287e+01,5.5786092026497285934e-03
3.7867838116423754968e+01,5.5748564346716992374e-03
3.7971585344139981544e+01,5.5703731940992271335e-03
3.8075332571856208119e+01,5.5651727750004112427e-03
3.8179079799572441800e+01,5.5592683333525972841e-03
3.8282827027288668376e+01,5.5526729250139194444e-03
3.8386574255004902056e+01,5.5453996406909806388e-03
3.8490321482721128632e+01,5.5374614755078818001e-03
3.8594068710437355207e+01,5.5288712878321013416e-03
3.8697815938153588888e+01,5.5196418919498772826e-03
3.8801563165869815464e+01,5.5097860754827259963e-03
3.8905310393586049145e+01,5.4993164959881209869e-03
3.9009057621302275720e+01,5.4882456934736197768e-03
3.9112804849018502296e+01,5.4765861820075204675e-03
3.9216552076734735977e+01,5.4643503845997953502e-03
3.9320299304450962552e+01,5.4515505934888902964e-03
3.9424046532167196233e+01,5.4381990081687108310e-03
3.9527793759883422808e+01,5.4243077746688964785e-03
3.9631540987599649384e+01,5.4098889209135327810e-03
3.9735288215315883065e+01,5.3949543517298852169e-03
3.9839035443032109640e+01,5.3795158891559438294e-03
3.9942782670748343321e+01,5.3635852659935975145e-03
4.0046529898464569897e+01,5.3471740944431430873e-03
4.0150277126180796472e+01,5.3302938712222929299e-03
4.0254024353897030153e+01,5.3129559999747291710e-03
4.0357771581613256728e+01,5.2951717759440793815e-03
4.0461518809329490409e+01,5.2769523785363772750e-03
4.0565266037045716985e+01,5.2583088733713949023e-03
4.0669013264761943560e+01,5.2392522145936560110e-03
4.0772760492478177241e+01,5.2197932450744749522e-03
4.0876507720194403817e+01,5.1999426972660746718e-03
4.0980254947910637497e+01,5.1797111818228883801e-03
4.1084002175626864073e+01,5.1591091852549791560e-03
4.1187749403343097754e+01,5.1381470872868453131e-03
4.1291496631059324329e+01,5.1168351610321894524e-03
4.1395243858775550905e+01,5.0951835427968826184e-03
4.1498991086491784586e+01,5.0732022417538050890e-03
4.1602738314208011161e+01,5.0509011665840911412e-03
4.1706485541924244842e+01,5.0282901204875638662e-03
4.1810232769640471417e+01,5.0053787531316052545e-03
4.1913979997356697993e+01,4.9821765912041963281e-03
4.2017727225072931674e+01,4.9586930671161964096e-03
4.2121474452789158249e+01,4.9349375063169531250e-03
4.2225221680505391930e+01,4.9109190662624006493e-03
4.2328968908221618506e+01,4.8866467887936299377e-03
4.2432716135937845081e+01,4.8621296273022628423e-03
4.2536463363654078762e+01,4.8373764253834689031e-03
4.2640210591370305337e+01,4.8123958478742774256e-03
4.2743957819086539018e+01,4.7871964515656950656e-03
4.2847705046802765594e+01,4.7617867103724089567e-03
4.2951452274518992169e+01,4.7361749862217718959e-03
4.3055199502235225850e+01,4.7103694545384666020e-03
4.3158946729951452426e+01,4.6843781888677117273e-03
4.3262693957667686107e+01,4.6582091853051166980e-03
4.3366441185383912682e+01,4.6318703284612718074e-03
4.3470188413100139257e+01,4.6053693102550826918e-03
4.3573935640816372938e+01,4.5787137247282920158e-03
4.3677682868532599514e+01,4.5519110937690294982e-03
4.3781430096248833195e+01,4.5249688323745450302e-03
4.3885177323965059770e+01,4.4978941574518255600e-03
4.3988924551681286346e+01,4.4706941890731762695e-03
4.4092671779397520027e+01,4.4433759802986142612e-03
4.4196419007113746602e+01,4.4159464863599683787e-03
4.4300166234829980283e+01,4.3884124606086722525e-03
4.4403913462546206858e+01,4.3607805563132861007e-03
4.4507660690262433434e+01,4.3330573647067036069e-03
4.4611407917978667115e+01,4.3052493917559815292e-03
4.4715155145694893690e+01,4.2773629422744917708e-03
4.4818902373411127371e+01,4.2494042114426021708e-03
4.4922649601127353947e+01,4.2213793371356075554e-03
4.5026396828843580522e+01,4.1932943859459776217e-03
4.5130144056559814203e+01,4.1651552328021059640e-03
4.5233891284276040778e+01,4.1369676253418851200e-03
4.5337638511992274459e+01,4.1087372578727616654e-03
4.5441385739708501035e+01,4.0804697662190055410e-03
4.5545132967424727610e+01,4.0521706166311123945e-03
4.5648880195140961291e+01,4.0238451224838657841e-03
4.5752627422857187867e+01,3.9954985454859559893e-03
4.5856374650573421548e+01,3.9671360983030146130e-03
4.5960121878289648123e+01,3.9387628593948202302e-03
4.6063869106005881804e+01,3.9103837256773549269e-03
4.6167616333722108379e+01,3.8820035382736619439e-03
4.6271363561438334955e+01,3.8536270948755849131e-03
4.6375110789154568636e+01,3.8252591015035530830e-03
4.6478858016870795211e+01,3.7969040638505084651e-03
4.6582605244587028892e+01,3.7685664153816219972e-03
4.6686352472303255468e+01,3.7402505501535785945e-03
4.6790099700019482043e+01,3.7119608051568507394e-03
4.6893846927735715724e+01,3.6837013301641960590e-03
4.6997594155451942299e+01,3.6554761652151748254e-03
4.7101341383168175980e+01,3.6272893142452319534e-03
4.7205088610884402556e+01,3.5991447429632021128e-03
4.7308835838600629131e+01,3.5710462789542958897e-03
4.7412583066316862812e+01,3.5429975899667247655e-03
4.7516330294033089388e+01,3.5150023040138042921e-03
4.7620077521749323068e+01,3.4870640174903323218e-03
4.7723824749465549644e+01,3.4591862511327529928e-03
4.7827571977181776219e+01,3.4313723361945923720e-03
4.7931319204898009900e+01,3.4036255395265657513e-03
4.8035066432614236476e+01,3.3759490997561196479e-03
4.8138813660330470157e+01,3.3483462187261182549e-03
4.8242560888046696732e+01,3.3208199424148354337e-03
4.8346308115762923308e+01,3.2933731941092924886e-03
4.8450055343479156988e+01,3.2660088696934851289e-03
4.8553802571195383564e+01,3.2387298402008451829e-03
4.8657549798911617245e+01,3.2115388956238492824e-03
4.8761297026627843820e+01,3.1844386515246106764e-03
4.8865044254344070396e+01,3.1574316764254582203e-03
4.8968791482060304077e+01,3.1305205170816248310e-03
4.9072538709776530652e+01,3.1037076895460507207e-03
4.9176285937492764333e+01,3.0769955633222819541e-03
4.9280033165208990908e+01,3.0503863972606640176e-03
4.9383780392925217484e+01,3.0238824292008708965e-03
4.9487527620641451165e+01,2.9974858782065788923e-03
4.9591274848357677740e+01,2.9711989001855124842e-03
4.9695022076073911421e+01,2.9450234863988584283e-03
4.9798769303790137997e+01,2.9189615814090336295e-03
4.9902516531506364572e+01,2.8930151136074841803e-03
5.0006263759222598253e+01,2.8671859918180924581e-03
5.0110010986938824828e+01,2.8414760111017652380e-03
5.0213758214655058509e+01,2.8158868440429532347e-03
5.0317505442371285085e+01,2.7904201439099152876e-03
5.0421252670087511660e+01,2.7650775503637852609e-03
5.0524999897803745341e+01,2.7398606707129619445e-03
5.0628747125519971917e+01,2.7147709671327337373e-03
5.0732494353236205598e+01,2.6898098335601935624e-03
5.0836241580952432173e+01,2.6649786523421600294e-03
5.0939988808668665854e+01,2.6402787944973210403e-03
5.1043736036384892429e+01,2.6157115726400310442e-03
5.1147483264101119005e+01,2.5912781587983249945e-03
5.1251230491817352686e+01,2.5669796933699331326e-03
5.1354977719533579261e+01,2.5428173075372766283e-03
5.1458724947249812942e+01,2.5187921214700186717e-03
5.1562472174966039518e+01,2.4949051683276295653e-03
5.1666219402682266093e+01,2.4711573690831488935e-03
5.1769966630398499774e+01,2.4475496301123778921e-03
5.1873713858114726349e+01,2.4240828505401289250e-03
5.1977461085830960030e+01,2.4007579154758638441e-03
5.2081208313547186606e+01,2.3775756039695061794e-03
5.2184955541263413181e+01,2.3545366143570725485e-03
5.2288702768979646862e+01,2.3316416376061716020e-03
5.2392449996695873438e+01,2.3088913592114171033e-03
5.2496197224412107118e+01,2.2862864455395139236e-03
5.2599944452128333694e+01,2.2638274497310995233e-03
5.2703691679844560269e+01,2.2415148694632509689e-03
5.2807438907560793950e+01,2.2193491981947950122e-03
5.2911186135277020526e+01,2.1973309255143044609e-03
5.3014933362993254207e+01,2.1754605168956969719e-03
5.3118680590709480782e+01,2.1537383263710084373e-03
5.3222427818425707358e+01,2.1321646695358783229e-03
5.3326175046141941039e+01,2.1107398595066975168e-03
5.3429922273858167614e+01,2.0894642069678903869e-03
5.3533669501574401295e+01,2.0683379956827029067e-03
5.3637416729290627870e+01,2.0473614043588182765e-03
5.3741163957006854446e+01,2.0265345833482394794e-03
5.3844911184723088127e+01,2.0058576818440731690e-03
5.3948658412439314702e+01,1.9853308478917212378e-03
5.4052405640155548383e+01,1.9649542031653305721e-03
5.4156152867871774959e+01,1.9447277718703964190e-03
5.4259900095588001534e+01,1.9246515549460377868e-03
5.4363647323304235215e+01,1.9047255533242055895e-03
5.4467394551020461790e+01,1.8849497679297542042e-03
5.4571141778736695471e+01,1.8653241772716934368e-03
5.4674889006452922047e+01,1.8458486697795351960e-03
5.4778636234169148622e+01,1.8265231120144025632e-03
5.4882383461885382303e+01,1.8073473715464055678e-03
5.4986130689601608879e+01,1.7883213169451296978e-03
5.5089877917317842559e+01,1.7694448007643363580e-03
5.5193625145034069135e+01,1.7507175932589560084e-03
5.5297372372750295710e+01,1.7321394408790990148e-03
5.5401119600466529391e+01,1.7137100919674302154e-03
5.5504866828182755967e+01,1.6954292967481631848e-03
5.5608614055898989648e+01,1.6772967966750028726e-03
5.5712361283615216223e+01,1.6593122608708390630e-03
5.5816108511331449904e+01,1.6414753292680649491e-03
5.5919855739047676479e+01,1.6237856443528262892e-03
5.6023602966763903055e+01,1.6062428512595104940e-03
5.6127350194480136736e+01,1.5888465927321330021e-03
5.6231097422196363311e+01,1.5715964530907103238e-03
5.6334844649912596992e+01,1.5544919789871321052e-03
5.6438591877628823568e+01,1.5375327196630642589e-03
5.6542339105345050143e+01,1.5207182276684801017e-03
5.6646086333061283824e+01,1.5040480574276019702e-03
5.6749833560777510399e+01,1.4875217230883785655e-03
5.6853580788493744080e+01,1.4711386915059218410e-03
5.6957328016209970656e+01,1.4548984305382129788e-03
5.7061075243926197231e+01,1.4388004119133457250e-03
5.7164822471642430912e+01,1.4228441111122820673e-03
5.7268569699358657488e+01,1.4070289833017872710e-03
5.7372316927074891169e+01,1.3913544301317661706e-03
5.7476064154791117744e+01,1.3758198491963648333e-03
5.7579811382507344319e+01,1.3604246424313817983e-03
5.7683558610223578000e+01,1.3451682160752292082e-03
5.7787305837939804576e+01,1.3300499719097601693e-03
5.7891053065656038257e+01,1.3150692629877451696e-03
5.7994800293372264832e+01,1.3002254270676461261e-03
5.8098547521088491408e+01,1.2855178066020719364e-03
5.8202294748804725089e+01,1.2709457487320163782e-03
5.8306041976520951664e+01,1.2565086037474120211e-03
5.8409789204237185345e+01,1.2422056914233366859e-03
5.8513536431953411920e+01,1.2280363008728785359e-03
5.8617283659669638496e+01,1.2139997246687652104e-03
5.8721030887385872177e+01,1.2000952603832032613e-03
5.8824778115102098752e+01,1.1863222105385992124e-03
5.8928525342818332433e+01,1.1726798687913141030e-03
5.9032272570534559009e+01,1.1591674901357043852e-03
5.9136019798250785584e+01,1.1457843261789175948e-03
5.9239767025967019265e+01,1.1325296337707732326e-03
5.9343514253683245840e+01,1.1194026749579404773e-03
5.9447261481399479521e+01,1.1064027147355533307e-03
5.9551008709115706097e+01,1.0935289913083256520e-03
5.9654755936831932672e+01,1.0807807241547055365e-03
5.9758503164548166353e+01,1.0681571375845018684e-03
5.9862250392264392929e+01,1.0556574612849188924e-03
5.9965997619980626610e+01,1.0432809302687038114e-03
6.0069744847696853185e+01,1.0310267738056053035e-03
6.0173492075413079760e+01,1.0188941923010583299e-03
6.0277239303129313441e+01,1.0068823850630627750e-03
6.0380986530845540017e+01,9.9499055690264862940e-04
6.0484733758561773698e+01,9.8321791808667568201e-04
6.0588480986278000273e+01,9.7156368329309446361e-04
6.0692228213994233954e+01,9.6002705059473750823e-04
6.0795975441710460530e+01,9.4860720211040455013e-04
6.0899722669426687105e+01,9.3730332464096830381e-04
6.1003469897142920786e+01,9.2611461051925994710e-04
6.1107217124859147361e+01,9.1504025756311004828e-04
6.1210964352575381042e+01,9.0407946458445772545e-04
6.1314711580291607618e+01,8.9323141023865584420e-04
6.1418458808007834193e+01,8.8249526959887334993e-04
6.1522206035724067874e+01,8.7187022329122346870e-04
6.1625953263440294450e+01,8.6135545745948149162e-04
6.1729700491156528130e+01,8.5095016367724575067e-04
6.1833447718872754706e+01,8.4065352958442157976e-04
6.1937194946588981281e+01,8.3046472712346359503e-04
6.2040942174305214962e+01,8.2038293087406406311e-04
6.2144689402021441538e+01,8.1040732092789642162e-04
6.2248436629737675219e+01,8.0053708284267947621e-04
6.2352183857453901794e+01,7.9077140715111122853e-04
6.2455931085170128370e+01,7.8110947706418675743e-04
6.2559678312886362050e+01,7.7155046698976984931e-04
6.2663425540602588626e+01,7.6209355605064642812e-04
6.2767172768318822307e+01,7.5273792879687812570e-04
6.2870919996035048882e+01,7.4348277516102863512e-04
6.2974667223751275458e+01,7.3432728929158526659e-04
6.3078414451467509139e+01,7.2527065737453737335e-04
6.3182161679183735714e+01,7.1631206228267932119e-04
6.3285908906899969395e+01,7.0745069209768990642e-04
6.3389656134616195970e+01,6.9868574021658257783e-04
6.3493403362332422546e+01,6.9001640530827565868e-04
6.3597150590048656227e+01,6.8144188960606987687e-04
6.3700897817764882802e+01,6.7296138869785636881e-04
6.3804645045481116483e+01,6.6457409827107944908e-04
6.3908392273197343059e+01,6.5627921921517916749e-04
6.4012139500913576740e+01,6.4807595760020422857e-04
6.4115886728629803315e+01,6.3996352463490334926e-04
6.4219633956346029890e+01,6.3194113483153429699e-04
6.4323381184062256466e+01,6.2400799822092149413e-04
6.4427128411778497252e+01,6.1616332675728320740e-04
6.4530875639494723828e+01,6.0840633746056277820e-04
6.4634622867210950403e+01,6.0073625237785173350e-04
6.4738370094927176979e+01,5.9315229854311319301e-04
6.4842117322643403554e+01,5.8565370644453264466e-04
6.4945864550359644340e+01,5.7823970436807724249e-04
6.5049611778075870916e+01,5.7090952340297100760e-04
6.5153359005792097491e+01,5.6366239953558076523e-04
6.5257106233508324067e+01,5.5649757361085931337e-04
6.5360853461224550642e+01,5.4941429129378425468e-04
6.5464600688940791429e+01,5.4241180208102965365e-04
6.5568347916657018004e+01,5.3548935538697830464e-04
6.5672095144373244580e+01,5.2864620383666469008e-04
6.5775842372089471155e+01,5.2188160476978804041e-04
6.5879589599805697731e+01,5.1519482020421494481e-04
6.5983336827521938517e+01,5.0858511679920137029e-04
6.6087084055238165092e+01,5.0205176539826537867e-04
6.6190831282954391668e+01,4.9559403868497430359e-04
6.6294578510670618243e+01,4.8921121280526725251e-04
6.6398325738386844819e+01,4.8290256842629383305e-04
6.6502072966103085605e+01,4.7666739070401233742e-04
6.6605820193819312180e+01,4.7050496924823463065e-04
6.6709567421535538756e+01,4.6441459800076513326e-04
6.6813314649251765331e+01,4.5839557439721854157e-04
6.6917061876967991907e+01,4.5244719970833371893e-04
6.7020809104684232693e+01,4.4656877952473208798e-04
6.7124556332400459269e+01,4.4075962373013447600e-04
6.7228303560116685844e+01,4.3501904646822979385e-04
6.7332050787832912420e+01,4.2934636612956524277e-04
6.7435798015549138995e+01,4.2374090574099753520e-04
6.7539545243265379781e+01,4.1820199292420058611e-04
6.7643292470981606357e+01,4.1272895944430548071e-04
6.7747039698697832932e+01,4.0732114115975764186e-04
6.7850786926414059508e+01,4.0197787799102480382e-04
6.7954534154130286083e+01,3.9669851389734792297e-04
6.8058281381846526870e+01,3.9148239779316680457e-04
6.8162028609562753445e+01,3.8632888441828369024e-04
6.8265775837278980021e+01,3.8123733264991551632e-04
6.8369523064995206596e+01,3.7620710525676335926e-04
6.8473270292711433171e+01,3.7123756886953059335e-04
6.8577017520427673958e+01,3.6632809395170846684e-04
6.8680764748143900533e+01,3.6147805542768841024e-04
6.8784511975860127109e+01,3.5668683522514527812e-04
6.8888259203576353684e+01,3.5195381998719539552e-04
6.8992006431292580260e+01,3.4727840004658376821e-04
6.9095753659008821046e+01,3.4265996939771470233e-04
6.9199500886725047621e+01,3.3809792566920576860e-04
6.9303248114441274197e+01,3.3359167027859597124e-04
6.9406995342157500772e+01,3.2914061152715059664e-04
6.9510742569873727348e+01,3.2474416412648515490e-04
6.9614489797589968134e+01,3.2040174637359145537e-04
6.9718237025306194710e+01,3.1611278002797641275e-04
6.9821984253022421285e+01,3.1187669028593344167e-04
6.9925731480738647861e+01,3.0769290575690630722e-04
7.0029478708454874436e+01,3.0356086022025529844e-04
7.0133225936171115222e+01,2.9947999590835557666e-04
7.0236973163887341798e+01,2.9544975925566851907e-04
7.0340720391603568373e+01,2.9146959996252322237e-04
7.0444467619319794949e+01,2.8753897097106873590e-04
7.0548214847036021524e+01,2.8365732844143695538e-04
7.0651962074752262311e+01,2.7982413206643561021e-04
7.0755709302468488886e+01,2.7603884955783650331e-04
7.0859456530184715461e+01,2.7230095537091937065e-04
7.0963203757900942037e+01,2.6860992712176862823e-04
7.1066950985617168612e+01,2.6496524547688164166e-04
7.1170698213333409399e+01,2.6136639413093472111e-04
7.1274445441049635974e+01,2.5781285978490283729e-04
7.1378192668765862550e+01,2.5430413399406720824e-04
7.1481939896482089125e+01,2.5083971777820871125e-04
7.1585687124198315701e+01,2.4741911646669064546e-04
7.1689434351914556487e+01,2.4404183825237768394e-04
7.1793181579630783062e+01,2.4070739417094750732e-04
7.1896928807347009638e+01,2.3741529808037745478e-04
7.2000676035063236213e+01,2.3416506676851358833e-04
7.2104423262779462789e+01,2.3095622428700331966e-04
7.2208170490495703575e+01,2.2778830297348913307e-04
7.2311917718211930151e+01,2.2466083819450393799e-04
7.2415664945928156726e+01,2.2157336797923180352e-04
7.2519412173644383302e+01,2.1852543300046310703e-04
7.2623159401360624088e+01,2.1551657655571136436e-04
7.2726906629076850663e+01,2.1254634525279760449e-04
7.2830653856793077239e+01,2.0961429492786568776e-04
7.2934401084509303814e+01,2.0671998759590214968e-04
7.3038148312225530390e+01,2.0386298779833381860e-04
7.3141895539941771176e+01,2.0104286254727060483e-04
7.3245642767657997751e+01,1.9825918130800951333e-04
7.3349389995374224327e+01,1.9551151598168290953e-04
7.3453137223090450902e+01,1.9279944262171308023e-04
7.3556884450806677478e+01,1.9012254727202983835e-04
7.3660631678522918264e+01,1.8748042038999339267e-04
7.3764378906239144840e+01,1.8487265473705527725e-04
7.3868126133955371415e+01,1.8229884536252006577e-04
7.3971873361671597991e+01,1.7975858958750256752e-04
7.4075620589387824566e+01,1.7725148699523573755e-04
7.4179367817104065352e+01,1.7477714231915473576e-04
7.4283115044820291928e+01,1.7233517003034670451e-04
7.4386862272536518503e+01,1.6992518795244855069e-04
7.4490609500252745079e+01,1.6754681603821104229e-04
7.4594356727968971654e+01,1.6519967635469215753e-04
7.4698103955685212441e+01,1.6288339306857422270e-04
7.4801851183401439016e+01,1.6059759246598984996e-04
7.4905598411117665592e+01,1.5834190668632388763e-04
7.5009345638833892167e+01,1.5611597704900655268e-04
7.5113092866550118742e+01,1.5391944764878045843e-04
7.5216840094266359529e+01,1.5175196454400027108e-04
7.5320587321982586104e+01,1.4961317574311086553e-04
7.5424334549698812680e+01,1.4750273119123333211e-04
7.5528081777415039255e+01,1.4542028281289964549e-04
7.5631829005131265831e+01,1.4336548858220660076e-04
7.5735576232847506617e+01,1.4133801524986278173e-04
7.5839323460563733192e+01,1.3933753204481438511e-04
7.5943070688279959768e+01,1.3736371000349625535e-04
7.6046817915996186343e+01,1.3541622195750404505e-04
7.6150565143712412919e+01,1.3349474252136490243e-04
7.6254312371428653705e+01,1.3159894812520833165e-04
7.6358059599144880281e+01,1.2972852089833492527e-04
7.6461806826861106856e+01,1.2788315165261854517e-04
7.6565554054577333432e+01,1.2606253358610311792e-04
7.6669301282293560007e+01,1.2426636155746337720e-04
7.6773048510009800793e+01,1.2249433207478429295e-04
7.6876795737726027369e+01,1.2074614328443226453e-04
7.6980542965442253944e+01,1.1902149497434057863e-04
7.7084290193158480520e+01,1.1732009176145785623e-04
7.7188037420874707095e+01,1.1564164709956955245e-04
7.7291784648590947882e+01,1.1398587697456577527e-04
7.7395531876307174457e+01,1.1235249889519925216e-04
7.7499279104023401032e+01,1.1074123188289061758e-04
7.7603026331739627608e+01,1.0915179646161824139e-04
7.7706773559455854183e+01,1.0758391464799195133e-04
7.7810520787172094970e+01,1.0603731203520225712e-04
7.7914268014888321545e+01,1.0451172313764166180e-04
7.8018015242604548121e+01,1.0300688554227504341e-04
7.8121762470320774696e+01,1.0152253823002618935e-04
7.8225509698037001272e+01,1.0005842156653371245e-04
7.8329256925753242058e+01,9.8614277292980516659e-05
7.8433004153469468633e+01,9.7189848516997083289e-05
7.8536751381185695209e+01,9.5784880677240202590e-05
7.8640498608901921784e+01,9.4399127473736063718e-05
7.8744245836618148360e+01,9.3032346899410116726e-05
7.8847993064334389146e+01,9.1684298232970489915e-05
7.8951740292050615722e+01,9.0354742018413614318e-05
7.9055487519766842297e+01,8.9043440056720536105e-05
7.9159234747483068872e+01,8.7750155397620815435e-05
7.9262981975199295448e+01,8.6474652572808018733e-05
7.9366729202915536234e+01,8.5216702498986776127e-05
7.9470476430631762810e+01,8.3976082228239635813e-05
7.9574223658347989385e+01,8.2752570174233249910e-05
7.9677970886064215961e+01,8.1545945904728546743e-05
7.9781718113780442536e+01,8.0355990134076588126e-05
7.9885465341496683322e+01,7.9182484715773082001e-05
7.9989212569212909898e+01,7.8025212640706555667e-05
8.0092959796929136473e+01,7.6883960567175648458e-05
8.0196707024645363049e+01,7.5758522798933784922e-05
8.0300454252361589624e+01,7.4648695740254112502e-05
8.0404201480077830411e+01,7.3554276846224988769e-05
8.0507948707794056986e+01,7.2475064615979843587e-05
8.0611695935510283562e+01,7.1410858585977849701e-05
8.0715443163226510137e+01,7.0361459323337963178e-05
8.0819190390942736713e+01,6.9326669002632012608e-05
8.0922937618658977499e+01,6.8306296586497202762e-05
8.1026684846375204074e+01,6.7300155311026256359e-05
8.1130432074091430650e+01,6.6308059406205380887e-05
8.1234179301807657225e+01,6.5329824051036457276e-05
8.1337926529523883801e+01,6.4365265367484521936e-05
8.1441673757240124587e+01,6.3414200414471354477e-05
8.1545420984956351163e+01,6.2476447194716075136e-05
8.1649168212672577738e+01,6.1551827262309145796e-05
8.1752915440388804313e+01,6.0640168888876180061e-05
8.1856662668105030889e+01,5.9741301995777089005e-05
8.1960409895821271675e+01,5.8855057365528320947e-05
8.2064157123537498251e+01,5.7981266636359848063e-05
8.2167904351253724826e+01,5.7119762296812234598e-05
8.2271651578969951402e+01,5.6270377680375670466e-05
8.2375398806686192188e+01,5.5432947309672627541e-05
8.2479146034402418763e+01,5.4607311357137460948e-05
8.2582893262118645339e+01,5.3793314305078299869e-05
8.2686640489834871914e+01,5.2990801495746391991e-05
8.2790387717551098490e+01,5.2199619046618958096e-05
8.2894134945267339276e+01,5.1419613845547631288e-05
8.2997882172983565852e+01,5.0650633545944246977e-05
8.3101629400699792427e+01,4.9892526562001334118e-05
8.3205376628416019003e+01,4.9145143306628382373e-05
8.3309123856132245578e+01,4.8408340438937296022e-05
8.3412871083848486364e+01,4.7681976852869203693e-05
8.3516618311564712940e+01,4.6965912143567730688e-05
8.3620365539280939515e+01,4.6260006602973587401e-05
8.3724112766997166091e+01,4.5564121215507933564e-05
8.3827859994713392666e+01,4.4878117653786987848e-05
8.3931607222429633453e+01,4.4201858291663150404e-05
8.4035354450145860028e+01,4.3535208568371309697e-05
8.4139101677862086603e+01,4.2878039382604780710e-05
8.4242848905578313179e+01,4.2230222843516169280e-05
8.4346596133294539754e+01,4.1591631689486534978e-05
8.4450343361010780541e+01,4.0962139284260339121e-05
8.4554090588727007116e+01,4.0341619613109239325e-05
8.4657837816443233692e+01,3.9729947279023117865e-05
8.4761585044159460267e+01,3.9126997598122413959e-05
8.4865332271875686843e+01,3.8532649678693346620e-05
8.4969079499591927629e+01,3.7946786998923290747e-05
8.5072826727308154204e+01,3.7369293825387618971e-05
8.5176573955024380780e+01,3.6800054988526536030e-05
8.5280321182740607355e+01,3.6238955879215381376e-05
8.5384068410456833931e+01,3.5685882445359902318e-05
8.5487815638173074717e+01,3.5140721188516043684e-05
8.5591562865889301293e+01,3.4603359354507943113e-05
8.5695310093605527868e+01,3.4073688220147684024e-05
8.5799057321321754443e+01,3.3551602602586907270e-05
8.5902804549037981019e+01,3.3036997926629379477e-05
8.6006551776754221805e+01,3.2529770121663055017e-05
8.6110299004470448381e+01,3.2029815618620616864e-05
8.6214046232186674956e+01,3.1537031346961335568e-05
8.6317793459902901532e+01,3.1051314731675466090e-05
8.6421540687619128107e+01,3.0572563918432191709e-05
8.6525287915335368893e+01,3.0100680944752238077e-05
8.6629035143051595469e+01,2.9635570931161570019e-05
8.6732782370767822044e+01,2.9177139519132807590e-05
8.6836529598484048620e+01,2.8725292801074957868e-05
8.6940276826200275195e+01,2.8279937317642747039e-05
8.7044024053916515982e+01,2.7840980055065291934e-05
8.7147771281632742557e+01,2.7408328442494090689e-05
8.7251518509348969133e+01,2.6981890529078008149e-05
8.7355265737065195708e+01,2.6561577845615830999e-05
8.7459012964781422284e+01,2.6147304881967429113e-05
8.7562760192497663070e+01,2.5738986611030896583e-05
8.7666507420213889645e+01,2.5336538408199144219e-05
8.7770254647930116221e+01,2.4939876048980844889e-05
8.7874001875646342796e+01,2.4548915706638614278e-05
8.7977749103362569372e+01,2.4163573949843800278e-05
8.8081496331078810158e+01,2.3783767827935343233e-05
8.8185243558795036733e+01,2.3409417225722550424e-05
8.8288990786511263309e+01,2.3040445114377268101e-05
8.8392738014227489884e+01,2.2676774967616583043e-05
8.8496485241943716460e+01,2.2318330618014372608e-05
8.8600232469659957246e+01,2.1965036254900107381e-05
8.8703979697376183822e+01,2.1616816422272822464e-05
8.8807726925092410397e+01,2.1273596016729135984e-05
8.8911474152808636973e+01,2.0935300302198529008e-05
8.9015221380524863548e+01,2.0601856523797344300e-05
8.9118968608241104334e+01,2.0273195239335668484e-05
8.9222715835957330910e+01,1.9949247645386719113e-05
8.9326463063673557485e+01,1.9629945258167469786e-05
8.9430210291389784061e+01,1.9315219911684772849e-05
8.9533957519106010636e+01,1.9005003755894092729e-05
8.9637704746822251423e+01,1.8699229254871110780e-05
8.9741451974538477998e+01,1.8397829184996364267e-05
8.9845199202254704574e+01,1.8100737401493602324e-05
8.9948946429970931149e+01,1.7807891071338163196e-05
9.0052693657687157724e+01,1.7519228386371527462e-05
9.0156440885403398511e+01,1.7234687822937228832e-05
9.0260188113119625086e+01,1.6954208140246019567e-05
9.0363935340835851662e+01,1.6677728378751806781e-05
9.0467682568552078237e+01,1.6405187858539145649e-05
9.0571429796268304813e+01,1.6136526177721703397e-05
9.0675177023984545599e+01,1.5871683408427617772e-05
9.0778924251700772174e+01,1.5610602238137940960e-05
9.0882671479416998750e+01,1.5353227147582048143e-05
9.0986418707133225325e+01,1.5099502897247366490e-05
9.1090165934849451901e+01,1.4849374499281696481e-05
9.1193913162565692687e+01,1.4602787216061656773e-05
9.1297660390281919263e+01,1.4359686558771080002e-05
9.1401407617998145838e+01,1.4120018285988741202e-05
9.1505154845714372414e+01,1.3883728410272497364e-05
9.1608902073430598989e+01,1.3650764318498201247e-05
9.1712649301146839775e+01,1.3421075921726205739e-05
9.1816396528863066351e+01,1.3194613633435047620e-05
9.1920143756579292926e+01,1.2971328090969838162e-05
9.2023890984295519502e+01,1.2751170154280485575e-05
9.2127638212011760288e+01,1.2534090904668179422e-05
9.2231385439727986864e+01,1.2320041643540597778e-05
9.2335132667444213439e+01,1.2108973891175171358e-05
9.2438879895160440014e+01,1.1900839598306406031e-05
9.2542627122876666590e+01,1.1695592930506765270e-05
9.2646374350592907376e+01,1.1493189353734743641e-05
9.2750121578309133952e+01,1.1293584544438403511e-05
9.2853868806025360527e+01,1.1096734377159593363e-05
9.2957616033741587103e+01,1.0902594923428635861e-05
9.3061363261457813678e+01,1.0711122450666259753e-05
9.3165110489174054464e+01,1.0522273421092850134e-05
9.3268857716890281040e+01,1.0336004491919081676e-05
9.3372604944606507615e+01,1.0152273232254608438e-05
9.3476352172322734191e+01,9.9710393156862977632e-06
9.3580099400038960766e+01,9.7922629102462932119e-06
9.3683846627755201553e+01,9.6159043604093441890e-06
9.3787593855471428128e+01,9.4419241861170121323e-06
9.3891341083187654704e+01,9.2702830818080973090e-06
9.3995088310903881279e+01,9.1009419154557199026e-06
9.4098835538620107855e+01,8.9338617276106776138e-06
9.4202582766336348641e+01,8.7690037739740923900e-06
9.4306329994052575216e+01,8.6063306689866298535e-06
9.4410077221768801792e+01,8.4458064933521270930e-06
9.4513824449485028367e+01,8.2873955519018716693e-06
9.4617571677201254943e+01,8.1310623060247386754e-06
9.4721318904917495729e+01,7.9767713728098036579e-06
9.4825066132633722304e+01,7.8244875241946645417e-06
9.4928813360349948880e+01,7.6741756861191557656e-06
9.5032560588066175455e+01,7.5258009376847934428e-06
9.5136307815782402031e+01,7.3793286443575952359e-06
9.5240055043498642817e+01,7.2347256656707795624e-06
9.5343802271214869393e+01,7.0919597795101178939e-06
9.5447549498931095968e+01,6.9509989131976473030e-06
9.5551296726647322544e+01,6.8118111333502940637e-06
9.5655043954363549119e+01,6.6743646451244625643e-06
9.5758791182079789905e+01,6.5386277914655344695e-06
9.5862538409796016481e+01,6.4045690523623314964e-06
9.5966285637512243056e+01,6.2721570441062233185e-06
9.6070032865228469632e+01,6.1413607289694546490e-06
9.6173780092944696207e+01,6.0121504596077137176e-06
9.6277527320660936994e+01,5.8844971808223136528e-06
9.6381274548377163569e+01,5.7583719632664221894e-06
9.6485021776093390145e+01,5.6337460020203259934e-06
9.6588769003809616720e+01,5.5105906159232470273e-06
9.6692516231525843295e+01,5.3888772469093949272e-06
9.6796263459242084082e+01,5.2685774593482748740e-06
9.6900010686958310657e+01,5.1496629393893170260e-06
9.7003757914674537233e+01,5.0321057186342212707e-06
9.7107505142390763808e+01,4.9158790174782934903e-06
9.7211252370106990384e+01,4.8009564888783536746e-06
9.7314999597823231170e+01,4.6873118981994175611e-06
9.7418746825539457745e+01,4.5749191225620687611e-06
9.7522494053255684321e+01,4.4637521502479136280e-06
9.7626241280971910896e+01,4.3537850801089985467e-06
9.7729988508688137472e+01,4.2449921209809008042e-06
9.7833735736404378258e+01,4.1373475910995557227e-06
9.7937482964120604834e+01,4.0308260911586478990e-06
9.8041230191836831409e+01,3.9254031882084944685e-06
9.8144977419553057985e+01,3.8210548176668110543e-06
9.8248724647269284560e+01,3.7177570166737530230e-06
9.8352471874985525346e+01,3.6154859234784717777e-06
9.8456219102701751922e+01,3.5142177769064576658e-06
9.8559966330417978497e+01,3.4139289158301130468e-06
9.8663713558134205073e+01,3.3145957786427880304e-06
9.8767460785850431648e+01,3.2161949027360823743e-06
9.8871208013566672435e+01,3.1187030180314850980e-06
9.8974955241282899010e+01,3.0220975834263888250e-06
9.9078702468999125585e+01,2.9263564120710020220e-06
9.9182449696715352161e+01,2.8314574107549623708e-06
9.9286196924431578736e+01,2.7373785786114297220e-06
9.9389944152147819523e+01,2.6440980066351192656e-06
9.9493691379864046098e+01,2.5515938772034018086e-06
9.9597438607580272674e+01,2.4598444636002826931e-06
9.9701185835296499249e+01,2.3688281295434677268e-06
9.9804933063012725825e+01,2.2785233585765322368e-06
9.9908680290728966611e+01,2.1889091021016148395e-06
1.0001242751844519319e+02,2.0999646587203364336e-06
1.0011617474616141976e+02,2.0116694179442262353e-06
1.0021992197387764634e+02,1.9240028546283748857e-06
1.0032366920159387291e+02,1.8369445285301470135e-06
1.0042741642931011370e+02,1.7504740838706225154e-06
1.0053116365702634027e+02,1.6645712488988180101e-06
1.0063491088474256685e+02,1.5792158354584794606e-06
1.0073865811245879343e+02,1.4943902629316615712e-06
1.0084240534017502000e+02,1.4101970326914544834e-06
1.0094615256789126079e+02,1.3269080050639684352e-06
1.0104989979560748736e+02,1.2448067889713220978e-06
1.0115364702332371394e+02,1.1641758298129653847e-06
1.0125739425103994051e+02,1.0852964154263917560e-06
1.0136114147875616709e+02,1.0084486820111814080e-06
1.0146488870647240788e+02,9.3391162001670780740e-07
1.0156863593418863445e+02,8.6196307999380488003e-07
1.0167238316190486103e+02,7.9287977840973056772e-07
1.0177613038962108760e+02,7.2686090127981047621e-07
1.0187987761733732839e+02,6.6380151043025300585e-07
1.0198362484505355496e+02,6.0352183604210879708e-07
1.0208737207276978154e+02,5.4584283906730703574e-07
1.0219111930048600811e+02,4.9058620751920012732e-07
1.0229486652820223469e+02,4.3757435278563134789e-07
1.0239861375591847548e+02,3.8663040596442239825e-07
1.0250236098363470205e+02,3.3757821422114713624e-07
1.0260610821135092863e+02,2.9024233716893234773e-07
1.0270985543906715520e+02,2.4447207516962472798e-07
1.0281360266678338178e+02,2.0056495436954188140e-07
1.0291734989449962256e+02,1.5921314631982472307e-07
1.0302109712221584914e+02,1.2111969197289987872e-07
1.0312484434993207572e+02,8.6984803145278810718e-08
1.0322859157764830229e+02,5.7505876734330143744e-08
1.0333233880536452887e+02,3.3377508849380543573e-08
1.0343608603308076965e+02,1.5291508857777494891e-08
1.0353983326079699623e+02,3.9369133465180415664e-09
1.0364358048851322280e+02,0.0000000000000000000e+00
