1.0000000000000000479e-04,-2.9698616416827872122e-01
3.0129929929929927940e-02,-2.6234555972794176837e-01
6.0159859859859859954e-02,-2.5427334544118040949e-01
9.0189789789789795438e-02,-2.4639484500030381375e-01
1.2021971971971971704e-01,-2.3868557686067534696e-01
1.5024964964964962477e-01,-2.3113862892156422646e-01
1.8027957957957957413e-01,-2.2375005163824798760e-01
2.1030950950950949574e-01,-2.1651676508895428830e-01
2.4033943943943941735e-01,-2.0943603483669429033e-01
2.7036936936936933895e-01,-2.0250529687124707579e-01
3.0039929929929926056e-01,-1.9572208736370524940e-01
3.3042922922922918216e-01,-1.8908401053294798810e-01
3.6045915915915915928e-01,-1.8258872243877982688e-01
3.9048908908908908089e-01,-1.7623392210279498205e-01
4.2051901901901900249e-01,-1.7001734628852330222e-01
4.5054894894894892410e-01,-1.6393676626569059218e-01
4.8057887887887884570e-01,-1.5798998563245086890e-01
5.1060880880880876731e-01,-1.5217483889110608453e-01
5.4063873873873868892e-01,-1.4648919029910265066e-01
5.7066866866866861052e-01,-1.4093093304695875068e-01
6.0069859859859853213e-01,-1.3549798856770098321e-01
6.3072852852852845373e-01,-1.3018830596011896072e-01
6.6075845845845837534e-01,-1.2499986163437562525e-01
6.9078838838838829695e-01,-1.1993065862388381515e-01
7.2081831831831832957e-01,-1.1497872641880949041e-01
7.5084824824824825118e-01,-1.1014212054098683480e-01
7.8087817817817817279e-01,-1.0541892213970500969e-01
8.1090810810810809439e-01,-1.0080723770321627086e-01
8.4093803803803801600e-01,-9.6305198767521985048e-02
8.7096796796796793760e-01,-9.1910961600403143223e-02
9.0099789789789785921e-01,-8.7622706858534876728e-02
9.3102782782782778082e-01,-8.3438639305693187986e-02
9.6105775775775770242e-01,-7.9356987711010948394e-02
9.9108768768768762403e-01,-7.5376004404694579852e-02
1.0211176176176175456e+00,-7.1493964773239535027e-02
1.0511475475475475783e+00,-6.7709167769292977201e-02
1.0811774774774773888e+00,-6.4019934489174465386e-02
1.1112074074074074215e+00,-6.0424609270114774950e-02
1.1412373373373372321e+00,-5.6921558035595565261e-02
1.1712672672672672647e+00,-5.3509169243538844130e-02
1.2012971971971970753e+00,-5.0185853030237842498e-02
1.2313271271271271079e+00,-4.6950040738626352965e-02
1.2613570570570569185e+00,-4.3800185364494009788e-02
1.2913869869869869511e+00,-4.0734761011504222461e-02
1.3214169169169167617e+00,-3.7752262287003526819e-02
1.3514468468468467943e+00,-3.4851204441649678845e-02
1.3814767767767766049e+00,-3.2030123162384932511e-02
1.4115067067067066375e+00,-2.9287574275215472186e-02
1.4415366366366366702e+00,-2.6622133484352404620e-02
1.4715665665665664807e+00,-2.4032396136095916794e-02
1.5015964964964965134e+00,-2.1516976995145317003e-02
1.5316264264264263240e+00,-1.9074510038121848809e-02
1.5616563563563563566e+00,-1.6703648251350892984e-02
1.5916862862862861672e+00,-1.4403063410744480766e-02
1.6217162162162161998e+00,-1.2171445865904496897e-02
1.6517461461461460104e+00,-1.0007504330165107459e-02
1.6817760760760760430e+00,-7.9099656758962397229e-03
1.7118060060060058536e+00,-5.8775747152420496078e-03
1.7418359359359358862e+00,-3.9090939764692871419e-03
1.7718658658658656968e+00,-2.0033034975777716351e-03
1.8018957957957957294e+00,-1.5900062558472916312e-04
1.8319257257257255400e+00,1.6250001703596605486e-03
1.8619556556556555726e+00,3.3498674666192747654e-03
1.8919855855855853832e+00,5.0167530278398299315e-03
1.9220155155155154159e+00,6.6267919375034194454e-03
1.9520454454454454485e+00,8.1811030959295875237e-03
1.9820753753753752591e+00,9.6807895114204445958e-03
2.0121053053053055137e+00,1.1126938130524198500e-02
2.0421352352352353243e+00,1.2520619854157638909e-02
2.0721651651651651349e+00,1.3862889654771441694e-02
2.1021950950950953896e+00,1.5154787731852883276e-02
2.1322250250250252002e+00,1.6397339266737458868e-02
2.1622549549549550107e+00,1.7591553818489619188e-02
2.1922848848848848213e+00,1.8738425541099466842e-02
2.2223148148148150760e+00,1.9838935066058192153e-02
2.2523447447447448866e+00,2.0894048376734804945e-02
2.2823746746746746972e+00,2.1904715944599011807e-02
2.3124046046046045078e+00,2.2871874781744766514e-02
2.3424345345345347624e+00,2.3796448744507724127e-02
2.3724644644644645730e+00,2.4679346234356615286e-02
2.4024943943943943836e+00,2.5521462496627237565e-02
2.4325243243243246383e+00,2.6323680515663593765e-02
2.4625542542542544489e+00,2.7086867819395354234e-02
2.4925841841841842594e+00,2.7811879971540304224e-02
2.5226141141141140700e+00,2.8499560144726869548e-02
2.5526440440440443247e+00,2.9150736301646548027e-02
2.5826739739739741353e+00,2.9766226361777042148e-02
2.6127039039039039459e+00,3.0346834132719827798e-02
2.6427338338338337564e+00,3.0893350569714293080e-02
2.6727637637637640111e+00,3.1406556540150704082e-02
2.7027936936936938217e+00,3.1887217596235022110e-02
2.7328236236236236323e+00,3.2336090523364634242e-02
2.7628535535535534429e+00,3.2753917961405802639e-02
2.7928834834834836975e+00,3.3141431747483830750e-02
2.8229134134134135081e+00,3.3499352802677018204e-02
2.8529433433433433187e+00,3.3828388642012617582e-02
2.8829732732732735734e+00,3.4129238575439195535e-02
2.9130032032032033840e+00,3.4402587057364604484e-02
2.9430331331331331945e+00,3.4649111592116574321e-02
2.9730630630630630051e+00,3.4869474810497756712e-02
3.0030929929929932598e+00,3.5064332425776667534e-02
3.0331229229229230704e+00,3.5234326091263333536e-02
3.0631528528528528810e+00,3.5380090137240333137e-02
3.0931827827827826916e+00,3.5502245754684927381e-02
3.1232127127127129462e+00,3.5601406519341981249e-02
3.1532426426426427568e+00,3.5678173515909301916e-02
3.1832725725725725674e+00,3.5733140268472809997e-02
3.2133025025025023780e+00,3.5766888057850047822e-02
3.2433324324324326327e+00,3.5779991058270385618e-02
3.2733623623623624432e+00,3.5773011056367431948e-02
3.3033922922922922538e+00,3.5746503520900058115e-02
3.3334222222222220644e+00,3.5701011124075150704e-02
3.3634521521521523191e+00,3.5637071138438843054e-02
3.3934820820820821297e+00,3.5555207671354727150e-02
3.4235120120120119402e+00,3.5455940055598524074e-02
3.4535419419419421949e+00,3.5339774681879751461e-02
3.4835718718718720055e+00,3.5207212886658637019e-02
3.5136018018018018161e+00,3.5058744399740743303e-02
3.5436317317317316267e+00,3.4894852398749114097e-02
3.5736616616616618813e+00,3.4716010926086698918e-02
3.6036915915915916919e+00,3.4522685075682235656e-02
3.6337215215215215025e+00,3.4315333725003116516e-02
3.6637514514514513131e+00,3.4094404599238889442e-02
3.6937813813813815678e+00,3.3860341089427634098e-02
3.7238113113113113783e+00,3.3613575234116108148e-02
3.7538412412412411889e+00,3.3354533888715467982e-02
3.7838711711711709995e+00,3.3083635120473062208e-02
3.8139011011011012542e+00,3.2801288796356464772e-02
3.8439310310310310648e+00,3.2507899484748629948e-02
3.8739609609609608754e+00,3.2203861303530777194e-02
3.9039908908908911300e+00,3.1889564147035857899e-02
3.9340208208208209406e+00,3.1565388794271308226e-02
3.9640507507507507512e+00,3.1231709119665829189e-02
3.9940806806806805618e+00,3.0888893558989466426e-02
4.0241106106106103724e+00,3.0537301034797591226e-02
4.0541405405405397389e+00,3.0177286280031093146e-02
4.0841704704704699935e+00,2.9809195940048167917e-02
4.1142004004004002482e+00,2.9433369590911698938e-02
4.1442303303303296147e+00,2.9050142204004612834e-02
4.1742602602602598694e+00,2.8659840005415451736e-02
4.2042901901901901240e+00,2.8262784380479463037e-02
4.2343201201201194905e+00,2.7859290531707475019e-02
4.2643500500500497452e+00,2.7449665898466469455e-02
4.2943799799799791117e+00,2.7034213900475296405e-02
4.3244099099099093664e+00,2.6613230774460393258e-02
4.3544398398398396210e+00,2.6187006413378496883e-02
4.3844697697697689875e+00,2.5755826432112098601e-02
4.4144996996996992422e+00,2.5319969187030652580e-02
4.4445296296296294969e+00,2.4879707762772509255e-02
4.4745595595595588634e+00,2.4435310489311870552e-02
4.5045894894894891181e+00,2.3987038835979981877e-02
4.5346194194194193727e+00,2.3535149606930181460e-02
4.5646493493493487392e+00,2.3079894571570242628e-02
4.5946792792792789939e+00,2.2621519155578792559e-02
4.6247092092092083604e+00,2.2160264394849915615e-02
4.6547391391391386151e+00,2.1696366263270591007e-02
4.6847690690690688697e+00,2.1230054877263853513e-02
4.7147989989989982362e+00,2.0761556055020266576e-02
4.7448289289289284909e+00,2.0291090707782118846e-02
4.7748588588588587456e+00,1.9818874315376378004e-02
4.8048887887887881121e+00,1.9345118062981208479e-02
4.8349187187187183667e+00,1.8870028475426570136e-02
4.8649486486486486214e+00,1.8393807036494212032e-02
4.8949785785785779879e+00,1.7916650905942174687e-02
4.9250085085085082426e+00,1.7438752838964483027e-02
4.9550384384384376091e+00,1.6960300934996553474e-02
4.9850683683683678638e+00,1.6481478961304991265e-02
5.0150982982982981184e+00,1.6002466468024965918e-02
5.0451282282282274849e+00,1.5523438735718356543e-02
5.0751581581581577396e+00,1.5044566805292468661e-02
5.1051880880880879943e+00,1.4566017554329919320e-02
5.1352180180180173608e+00,1.4087953945123890889e-02
5.1652479479479476154e+00,1.3610534969492259563e-02
5.1952778778778769819e+00,1.3133915382155185447e-02
5.2253078078078072366e+00,1.2658246271744513778e-02
5.2553377377377374913e+00,1.2183675166457070063e-02
5.2853676676676668578e+00,1.1710345362700515931e-02
5.3153975975975971124e+00,1.1238396487854912173e-02
5.3454275275275273671e+00,1.0767965010040903007e-02
5.3754574574574567336e+00,1.0299183556429222092e-02
5.4054873873873869883e+00,9.8321807412852166297e-03
5.4355173173173172430e+00,9.3670822612910761146e-03
5.4655472472472466094e+00,8.9040107134789481941e-03
5.4955771771771768641e+00,8.4430843944482986824e-03
5.5256071071071062306e+00,7.9844185427639501745e-03
5.5556370370370364853e+00,7.5281258684263526251e-03
5.5856669669669667400e+00,7.0743154076497952870e-03
5.6156968968968961065e+00,6.6230923435671605268e-03
5.6457268268268263611e+00,6.1745595292233765305e-03
5.6757567567567566158e+00,5.7288173105367176316e-03
5.7057866866866859823e+00,5.2859617851642431291e-03
5.7358166166166162370e+00,4.8460861892618183402e-03
5.7658465465465464916e+00,4.4092818101990104498e-03
5.7958764764764758581e+00,3.9756370206213064930e-03
5.8259064064064061128e+00,3.5452360277770356665e-03
5.8559363363363354793e+00,3.1181609845895167168e-03
5.8859662662662657340e+00,2.6944922987476344241e-03
5.9159961961961959886e+00,2.2743068914566179697e-03
5.9460261261261253551e+00,1.8576781143908066996e-03
5.9760560560560556098e+00,1.4446777430766142430e-03
6.0060859859859858645e+00,1.0353758972469508364e-03
6.0361159159159152310e+00,6.2983879303630033435e-04
6.0661458458458454857e+00,2.2812974396163360116e-04
6.0961757757757748521e+00,-1.6968920956368191313e-04
6.1262057057057051068e+00,-5.6355764331693185536e-04
6.1562356356356353615e+00,-9.5341922892740172107e-04
6.1862655655655647280e+00,-1.3392200238607659176e-03
6.2162954954954949827e+00,-1.7209071338117208540e-03
6.2463254254254252373e+00,-2.0984291961510374326e-03
6.2763553553553546038e+00,-2.4717389752343804643e-03
6.3063852852852848585e+00,-2.8407913220171304713e-03
6.3364152152152151132e+00,-3.2055419456030603831e-03
6.3664451451451444797e+00,-3.5659478893061277369e-03
6.3964750750750747343e+00,-3.9219702481923203116e-03
6.4265050050050041008e+00,-4.2735721426594751662e-03
6.4565349349349343555e+00,-4.6207173827347569617e-03
6.4865648648648646102e+00,-4.9633708028960082936e-03
6.5165947947947939767e+00,-5.3015010561509008993e-03
6.5466247247247242314e+00,-5.6350790391990002517e-03
6.5766546546546544860e+00,-5.9640761953758843206e-03
6.6066845845845838525e+00,-6.2884646466383553945e-03
6.6367145145145141072e+00,-6.6082197852394648427e-03
6.6667444444444434737e+00,-6.9233197849564243401e-03
6.6967743743743737284e+00,-7.2337432849909196961e-03
6.7268043043043039830e+00,-7.5394693315502768483e-03
6.7568342342342333495e+00,-7.8404792544141208716e-03
6.7868641641641636042e+00,-8.1367579064518993220e-03
6.8168940940940938589e+00,-8.4282907113178932162e-03
6.8469240240240232254e+00,-8.7150633483880114716e-03
6.8769539539539534800e+00,-8.9970625671902254572e-03
6.9069838838838837347e+00,-9.2742790052476424545e-03
6.9370138138138131012e+00,-9.5467044815698755972e-03
6.9670437437437433559e+00,-9.8143309562649123229e-03
6.9970736736736727224e+00,-1.0077150670703723459e-02
7.0271036036036029770e+00,-1.0335158778310073180e-02
7.0571335335335332317e+00,-1.0588353030899966614e-02
7.0871634634634625982e+00,-1.0836731309543778251e-02
7.1171933933933928529e+00,-1.1080291531088316478e-02
7.1472233233233231076e+00,-1.1319032644141595670e-02
7.1772532532532524741e+00,-1.1552957299419687812e-02
7.2072831831831827287e+00,-1.1782068954649749584e-02
7.2373131131131129834e+00,-1.2006371010170036745e-02
7.2673430430430423499e+00,-1.2225866881400895142e-02
7.2973729729729726046e+00,-1.2440562309646669911e-02
7.3274029029029019711e+00,-1.2650465822344520231e-02
7.3574328328328322257e+00,-1.2855585980484885225e-02
7.3874627627627624804e+00,-1.3055931205856940655e-02
7.4174926926926918469e+00,-1.3251510150024259707e-02
7.4475226226226221016e+00,-1.3442334636906238046e-02
7.4775525525525523562e+00,-1.3628418058902148566e-02
7.5075824824824817227e+00,-1.3809773610491514126e-02
7.5376124124124119774e+00,-1.3986414275886096051e-02
7.5676423423423413439e+00,-1.4158353623611506442e-02
7.5976722722722715986e+00,-1.4325608580964587294e-02
7.6277022022022018533e+00,-1.4488196817948247389e-02
7.6577321321321312197e+00,-1.4646135727458672524e-02
7.6877620620620614744e+00,-1.4799442431189760438e-02
7.7177919919919917291e+00,-1.4948134910064522080e-02
7.7478219219219210956e+00,-1.5092234340272637702e-02
7.7778518518518513503e+00,-1.5231762239112144400e-02
7.8078817817817816049e+00,-1.5366739792849953145e-02
7.8379117117117109714e+00,-1.5497187864519854084e-02
7.8679416416416412261e+00,-1.5623128197533388967e-02
7.8979715715715705926e+00,-1.5744585561566677018e-02
7.9280015015015008473e+00,-1.5861584934239118111e-02
7.9580314314314311019e+00,-1.5974150916154152002e-02
7.9880613613613604684e+00,-1.6082307738132906039e-02
8.0180912912912898349e+00,-1.6186080250314201917e-02
8.0481212212212209778e+00,-1.6285496243264741684e-02
8.0781511511511503443e+00,-1.6380583791364630719e-02
8.1081810810810797108e+00,-1.6471370553082346350e-02
8.1382110110110108536e+00,-1.6557883778648328776e-02
8.1682409409409402201e+00,-1.6640150895213191157e-02
8.1982708708708695866e+00,-1.6718202092523178071e-02
8.2283008008008007295e+00,-1.6792068197493396908e-02
8.2583307307307300960e+00,-1.6861779589586428640e-02
8.2883606606606594625e+00,-1.6927366207988115560e-02
8.3183905905905906053e+00,-1.6988857756460633286e-02
8.3484205205205199718e+00,-1.7046286093930232419e-02
8.3784504504504493383e+00,-1.7099684437666923947e-02
8.4084803803803804811e+00,-1.7149085568317682521e-02
8.4385103103103098476e+00,-1.7194521799906579279e-02
8.4685402402402392141e+00,-1.7236025002640948528e-02
8.4985701701701703570e+00,-1.7273628051889644563e-02
8.5286001001000997235e+00,-1.7307366030618040464e-02
8.5586300300300290900e+00,-1.7337273815737460486e-02
8.5886599599599584565e+00,-1.7363385796375967185e-02
8.6186898898898895993e+00,-1.7385735882376171513e-02
8.6487198198198189658e+00,-1.7404357875525477278e-02
8.6787497497497483323e+00,-1.7419287767131419464e-02
8.7087796796796794752e+00,-1.7430562232992427574e-02
8.7388096096096088417e+00,-1.7438217450202006531e-02
8.7688395395395382081e+00,-1.7442289100282715869e-02
8.7988694694694693510e+00,-1.7442812385538488534e-02
8.8288993993993987175e+00,-1.7439823227207568862e-02
8.8589293293293280840e+00,-1.7433359523050966089e-02
8.8889592592592592268e+00,-1.7423458962074301476e-02
8.9189891891891885933e+00,-1.7410158725692861936e-02
8.9490191191191179598e+00,-1.7393495496248106980e-02
8.9790490490490491027e+00,-1.7373505566977334030e-02
9.0090789789789784692e+00,-1.7350226641112662801e-02
9.0391089089089078357e+00,-1.7323697594744301431e-02
9.0691388388388389785e+00,-1.7293956846873147215e-02
9.0991687687687683450e+00,-1.7261042309324171190e-02
9.1291986986986977115e+00,-1.7224991395087974749e-02
9.1592286286286288544e+00,-1.7185841275356734253e-02
9.1892585585585582209e+00,-1.7143630767221661182e-02
9.2192884884884875873e+00,-1.7098399264736698078e-02
9.2493184184184169538e+00,-1.7050185658937011546e-02
9.2793483483483480967e+00,-1.6999028337419362644e-02
9.3093782782782774632e+00,-1.6944965192462028286e-02
9.3394082082082068297e+00,-1.6888033957641206129e-02
9.3694381381381379725e+00,-1.6828273955394115746e-02
9.3994680680680673390e+00,-1.6765724811239866160e-02
9.4294979979979967055e+00,-1.6700425647744068097e-02
9.4595279279279278484e+00,-1.6632415090683107944e-02
9.4895578578578572149e+00,-1.6561731276904630844e-02
9.5195877877877865814e+00,-1.6488412143103026858e-02
9.5496177177177177242e+00,-1.6412497031520298374e-02
9.5796476476476470907e+00,-1.6334025564177144518e-02
9.6096775775775764572e+00,-1.6253036870220401167e-02
9.6397075075075076001e+00,-1.6169569591211307297e-02
9.6697374374374369665e+00,-1.6083661888696709069e-02
9.6997673673673663330e+00,-1.5995351600660980690e-02
9.7297972972972974759e+00,-1.5904677664911392315e-02
9.7598272272272268424e+00,-1.5811679476912990361e-02
9.7898571571571562089e+00,-1.5716395961432920447e-02
9.8198870870870855754e+00,-1.5618865567099255581e-02
9.8499170170170167182e+00,-1.5519126273659117343e-02
9.8799469469469460847e+00,-1.5417215632901458411e-02
9.9099768768768754512e+00,-1.5313171794686143701e-02
9.9400068068068065941e+00,-1.5207033679986310323e-02
9.9700367367367359606e+00,-1.5098839810940930042e-02
1.0000066666666665327e+01,-1.4988628246965177843e-02
1.0030096596596596470e+01,-1.4876436591677390936e-02
1.0060126526526525836e+01,-1.4762301999787438844e-02
1.0090156456456455203e+01,-1.4646261606505658892e-02
1.0120186386386386346e+01,-1.4528353506226065334e-02
1.0150216316316315712e+01,-1.4408615631899129861e-02
1.0180246246246245079e+01,-1.4287085468893248597e-02
1.0210276176176176222e+01,-1.4163800061576796441e-02
1.0240306106106105588e+01,-1.4038796019784383420e-02
1.0270336036036034955e+01,-1.3912109579725757610e-02
1.0300365965965966097e+01,-1.3783777505276468764e-02
1.0330395895895895464e+01,-1.3653836938626495029e-02
1.0360425825825824830e+01,-1.3522324616930897490e-02
1.0390455755755754197e+01,-1.3389276852641802951e-02
1.0420485685685685340e+01,-1.3254729539628036517e-02
1.0450515615615614706e+01,-1.3118718159189165021e-02
1.0480545545545544073e+01,-1.2981277999960171357e-02
1.0510575475475475216e+01,-1.2842444983107352205e-02
1.0540605405405404582e+01,-1.2702254933412520516e-02
1.0570635335335333949e+01,-1.2560743268630585739e-02
1.0600665265265265091e+01,-1.2417945005185917345e-02
1.0630695195195194458e+01,-1.2273894763840824396e-02
1.0660725125125123824e+01,-1.2128626776545910898e-02
1.0690755055055054967e+01,-1.1982175241245510838e-02
1.0720784984984984334e+01,-1.1834574796482937378e-02
1.0750814914914913700e+01,-1.1685859812011808317e-02
1.0780844844844844843e+01,-1.1536064274639386273e-02
1.0810874774774774210e+01,-1.1385221793545265145e-02
1.0840904704704703576e+01,-1.1233365605511564864e-02
1.0870934634634634719e+01,-1.1080528584479006071e-02
1.0900964564564564085e+01,-1.0926743598036147559e-02
1.0930994494494493452e+01,-1.0772043763076456432e-02
1.0961024424424422818e+01,-1.0616461893671323355e-02
1.0991054354354353961e+01,-1.0460030445271682742e-02
1.1021084284284283328e+01,-1.0302781519593793777e-02
1.1051114214214212694e+01,-1.0144746869425373334e-02
1.1081144144144143837e+01,-9.9859579060498620401e-03
1.1111174074074073204e+01,-9.8264459587087838593e-03
1.1141204004004002570e+01,-9.6662424849054875281e-03
1.1171233933933933713e+01,-9.5053786529977635916e-03
1.1201263863863863079e+01,-9.3438852971012790333e-03
1.1231293793793792446e+01,-9.1817929215579803526e-03
1.1261323723723723589e+01,-9.0191317053330520570e-03
1.1291353653653652955e+01,-8.8559315064907686427e-03
1.1321383583583582322e+01,-8.6922219894685018998e-03
1.1351413513513513465e+01,-8.5280328501938784669e-03
1.1381443443443442831e+01,-8.3633935312849381344e-03
1.1411473373373372198e+01,-8.1983331654401029459e-03
1.1441503303303303340e+01,-8.0328805795053751654e-03
1.1471533233233232707e+01,-7.8670642984776193579e-03
1.1501563163163162073e+01,-7.7009125494450735017e-03
1.1531593093093093216e+01,-7.5344532928443910813e-03
1.1561623023023022583e+01,-7.3677143854919691091e-03
1.1591652952952951949e+01,-7.2007234735817077231e-03
1.1621682882882881316e+01,-7.0335079178251470877e-03
1.1651712812812812459e+01,-6.8660947968670364358e-03
1.1681742742742741825e+01,-6.6985109109109000625e-03
1.1711772672672671192e+01,-6.5307827852886879763e-03
1.1741802602602602335e+01,-6.3629366746383864140e-03
1.1771832532532531701e+01,-6.1949985933459550055e-03
1.1801862462462461068e+01,-6.0269943280212663270e-03
1.1831892392392392210e+01,-5.8589494060710591711e-03
1.1861922322322321577e+01,-5.6908890963988977355e-03
1.1891952252252250943e+01,-5.5228384126690087397e-03
1.1921982182182182086e+01,-5.3548221165208983660e-03
1.1952012112112111453e+01,-5.1868647207354776074e-03
1.1982042042042040819e+01,-5.0189904796965117625e-03
1.2012071971971971962e+01,-4.8512233140366317619e-03
1.2042101901901901329e+01,-4.6835868658078533625e-03
1.2072131831831830695e+01,-4.5161045416483207651e-03
1.2102161761761761838e+01,-4.3487995158741458990e-03
1.2132191691691691204e+01,-4.1816947333546882967e-03
1.2162221621621620571e+01,-4.0148129123451477621e-03
1.2192251551551549937e+01,-3.8481765472488005560e-03
1.2222281481481481080e+01,-3.6818078396564945555e-03
1.2252311411411410447e+01,-3.5157285475372686452e-03
1.2282341341341339813e+01,-3.3499601716898441163e-03
1.2312371271271270956e+01,-3.1845240031507541720e-03
1.2342401201201200323e+01,-3.0194411257462071621e-03
1.2372431131131129689e+01,-2.8547324186066931617e-03
1.2402461061061060832e+01,-2.6904185586451535503e-03
1.2432490990990990198e+01,-2.5265200222788783760e-03
1.2462520920920919565e+01,-2.3630569392204901075e-03
1.2492550850850850708e+01,-2.2000489146849168051e-03
1.2522580780780780074e+01,-2.0375153213821619279e-03
1.2552610710710709441e+01,-1.8754753466388954675e-03
1.2582640640640640584e+01,-1.7139479946106728550e-03
1.2612670570570569950e+01,-1.5529520884625545776e-03
1.2642700500500499317e+01,-1.3925062725185643076e-03
1.2672730430430430459e+01,-1.2326290138010432672e-03
1.2702760360360359826e+01,-1.0733384211589020937e-03
1.2732790290290289192e+01,-9.1465198915415435888e-04
1.2762820220220218559e+01,-7.5658698203790830487e-04
1.2792850150150149702e+01,-5.9916050195688692025e-04
1.2822880080080079068e+01,-4.4238949085162584734e-04
1.2852910010010008435e+01,-2.8629073232797308231e-04
1.2882939939939939578e+01,-1.3088085350249304014e-04
1.2912969869869868944e+01,2.3823673177875942888e-05
1.2942999799799798311e+01,1.7780666279260795896e-04
1.2973029729729729453e+01,3.3105264326955250766e-04
1.3003059659659658820e+01,4.8354643258192395736e-04
1.3033089589589588186e+01,6.3527298862892892396e-04
1.3063119519519519329e+01,7.8621740762688328147e-04
1.3093149449449448696e+01,9.3636492252299264368e-04
1.3123179379379378062e+01,1.0857009014309903887e-03
1.3153209309309309205e+01,1.2342108460881254673e-03
1.3183239239239238572e+01,1.3818804330851990406e-03
1.3213269169169167938e+01,1.5286960181210645059e-03
1.3243299099099099081e+01,1.6746444608401001106e-03
1.3273329029029028447e+01,1.8197127474463153669e-03
1.3303358958958957814e+01,1.9638879816489202348e-03
1.3333388888888887180e+01,2.1071573833390455296e-03
1.3363418818818818323e+01,2.2495082872843528803e-03
1.3393448748748747690e+01,2.3909281418411591075e-03
1.3423478678678677056e+01,2.5314045081046578599e-03
1.3453508608608608199e+01,2.6709253221624523061e-03
1.3483538538538537566e+01,2.8094793408788517643e-03
1.3513568468468466932e+01,2.9470555403880789765e-03
1.3543598398398398075e+01,3.0836429945962752844e-03
1.3573628328328327441e+01,3.2192308740999478131e-03
1.3603658258258256808e+01,3.3538084451187936096e-03
1.3633688188188187951e+01,3.4873650684425663675e-03
1.3663718118118117317e+01,3.6198901983918309148e-03
1.3693748048048046684e+01,3.7513734012077112716e-03
1.3723777977977977827e+01,3.8818048778799553455e-03
1.3753807907907907193e+01,4.0111755177415992293e-03
1.3783837837837836560e+01,4.1394763209301500828e-03
1.3813867767767767702e+01,4.2666983658422178230e-03
1.3843897697697697069e+01,4.3928328082847127589e-03
1.3873927627627626435e+01,4.5178708806371146653e-03
1.3903957557557555802e+01,4.6418038910245283668e-03
1.3933987487487486945e+01,4.7646232225014894038e-03
1.3964017417417416311e+01,4.8863203829161063613e-03
1.3994047347347345678e+01,5.0068876560371983198e-03
1.4024077277277276821e+01,5.1263179056853938956e-03
1.4054107207207206187e+01,5.2446040684473883148e-03
1.4084137137137135554e+01,5.3617391411517984975e-03
1.4114167067067066696e+01,5.4777161802282824804e-03
1.4144196996996996063e+01,5.5925283010748042326e-03
1.4174226926926925429e+01,5.7061686774330256516e-03
1.4204256856856856572e+01,5.8186305407715447138e-03
1.4234286786786785939e+01,5.9299072298144165152e-03
1.4264316716716715305e+01,6.0399928689848590008e-03
1.4294346646646646448e+01,6.1488821829994528764e-03
1.4324376576576575815e+01,6.2565699544136965313e-03
1.4354406506506505181e+01,6.3630510094434197810e-03
1.4384436436436436324e+01,6.4683202175090451225e-03
1.4414466366366365691e+01,6.5723724907854920441e-03
1.4444496296296295057e+01,6.6752027837578137293e-03
1.4474526226226226200e+01,6.7768060927822617104e-03
1.4504556156156155566e+01,6.8771774728185941158e-03
1.4534586086086084933e+01,6.9763126152422982179e-03
1.4564616016016014299e+01,7.0742079806604962755e-03
1.4594645945945945442e+01,7.1708601040763727749e-03
1.4624675875875874809e+01,7.2662655489528250874e-03
1.4654705805805804175e+01,7.3604209069209223723e-03
1.4684735735735735318e+01,7.4533227974918556114e-03
1.4714765665665664685e+01,7.5449678677724446932e-03
1.4744795595595594051e+01,7.6353527921841366291e-03
1.4774825525525525194e+01,7.7244742722228408940e-03
1.4804855455455454560e+01,7.8123293140036726909e-03
1.4834885385385383927e+01,7.8989158917355875578e-03
1.4864915315315315070e+01,7.9842321962303418326e-03
1.4894945245245244436e+01,8.0682764328898082945e-03
1.4924975175175173803e+01,8.1510468215592133540e-03
1.4955005105105104946e+01,8.2325415963821341192e-03
1.4985035035035034312e+01,8.3127590056571894206e-03
1.5015064964964963679e+01,8.3916973116965297430e-03
1.5045094894894894821e+01,8.4693547906859838192e-03
1.5075124824824824188e+01,8.5457297637842235399e-03
1.5105154754754753554e+01,8.6208212601626699190e-03
1.5135184684684682921e+01,8.6946289978009783789e-03
1.5165214614614614064e+01,8.7671527255328875194e-03
1.5195244544544543430e+01,8.8383921941776241032e-03
1.5225274474474472797e+01,8.9083471565203336401e-03
1.5255304404404403940e+01,8.9770173672927382202e-03
1.5285334334334333306e+01,9.0444025831539608812e-03
1.5315364264264262673e+01,9.1105025626716986537e-03
1.5345394194194193815e+01,9.1753170663035135690e-03
1.5375424124124123182e+01,9.2388459675523167819e-03
1.5405454054054052548e+01,9.3010900320198378749e-03
1.5435483983983983691e+01,9.3620504475245107379e-03
1.5465513913913913058e+01,9.4217283953940828001e-03
1.5495543843843842424e+01,9.4801250477988003446e-03
1.5525573773773773567e+01,9.5372415678399435901e-03
1.5555603703703702934e+01,9.5930791096373660420e-03
1.5585633633633632300e+01,9.6476388184160433159e-03
1.5615663563563563443e+01,9.7009218305915759228e-03
1.5645693493493492809e+01,9.7529292738547396918e-03
1.5675723423423422176e+01,9.8036624140077459344e-03
1.5705753353353351542e+01,9.8531234227144000315e-03
1.5735783283283282685e+01,9.9013148074366241075e-03
1.5765813213213212052e+01,9.9482390572781364407e-03
1.5795843143143141418e+01,9.9938986424142374487e-03
1.5825873073073072561e+01,1.0038296014271402140e-02
1.5855903003003001928e+01,1.0081433605704789164e-02
1.5885932932932931294e+01,1.0123313831173800029e-02
1.5915962862862862437e+01,1.0163939086915626045e-02
1.5945992792792791803e+01,1.0203311751116807271e-02
1.5976022722722721170e+01,1.0241434277408338269e-02
1.6006052652652652313e+01,1.0278309941687803486e-02
1.6036082582582579903e+01,1.0313942440362169894e-02
1.6066112512512511046e+01,1.0348335446278439723e-02
1.6096142442442442189e+01,1.0381492604874463861e-02
1.6126172372372369779e+01,1.0413417534434166525e-02
1.6156202302302300922e+01,1.0444113826339905884e-02
1.6186232232232232064e+01,1.0473585045322005363e-02
1.6216262162162159655e+01,1.0501834729705545809e-02
1.6246292092092090797e+01,1.0528866391654408130e-02
1.6276322022022021940e+01,1.0554683535069105810e-02
1.6306351951951949530e+01,1.0579290218704783325e-02
1.6336381881881880673e+01,1.0602691169075627656e-02
1.6366411811811811816e+01,1.0624891119376755899e-02
1.6396441741741739406e+01,1.0645894768128074531e-02
1.6426471671671670549e+01,1.0665706779491244613e-02
1.6456501601601601692e+01,1.0684331783583148057e-02
1.6486531531531529282e+01,1.0701774376785960774e-02
1.6516561461461460425e+01,1.0718039122053836174e-02
1.6546591391391391568e+01,1.0733130549216216357e-02
1.6576621321321319158e+01,1.0747053155277902850e-02
1.6606651251251250301e+01,1.0759811570414321014e-02
1.6636681181181181444e+01,1.0771411236070747852e-02
1.6666711111111109034e+01,1.0781857822945512676e-02
1.6696741041041040177e+01,1.0791156961054274022e-02
1.6726770970970971320e+01,1.0799314239981927521e-02
1.6756800900900898910e+01,1.0806335209244909840e-02
1.6786830830830830052e+01,1.0812225378649561319e-02
1.6816860760760761195e+01,1.0816990218646717337e-02
1.6846890690690688785e+01,1.0820635160682432960e-02
1.6876920620620619928e+01,1.0823165597545021319e-02
1.6906950550550551071e+01,1.0824586885442837730e-02
1.6936980480480478661e+01,1.0824904688575569603e-02
1.6967010410410409804e+01,1.0824125391514177394e-02
1.6997040340340340947e+01,1.0822255434881763655e-02
1.7027070270270268537e+01,1.0819301213865232733e-02
1.7057100200200199680e+01,1.0815269078615208712e-02
1.7087130130130130823e+01,1.0810165334641802168e-02
1.7117160060060058413e+01,1.0803996243206196240e-02
1.7147189989989989556e+01,1.0796768021708091911e-02
1.7177219919919917146e+01,1.0788486844069140880e-02
1.7207249849849848289e+01,1.0779158841112294887e-02
1.7237279779779779432e+01,1.0768790105200277615e-02
1.7267309709709707022e+01,1.0757387067066914721e-02
1.7297339639639638165e+01,1.0744956788086991450e-02
1.7327369569569569308e+01,1.0731506350038050659e-02
1.7357399499499496898e+01,1.0717042785689068901e-02
1.7387429429429428041e+01,1.0701573079223683851e-02
1.7417459359359359183e+01,1.0685104166659024211e-02
1.7447489289289286774e+01,1.0667642936260220143e-02
1.7477519219219217916e+01,1.0649196228950649767e-02
1.7507549149149149059e+01,1.0629770838717944245e-02
1.7537579079079076649e+01,1.0609373513015848620e-02
1.7567609009009007792e+01,1.0588010953732990282e-02
1.7597638938938938935e+01,1.0565690078072835500e-02
1.7627668868868866525e+01,1.0542418428813676856e-02
1.7657698798798797668e+01,1.0518203604322148154e-02
1.7687728728728728811e+01,1.0493053151363389286e-02
1.7717758658658656401e+01,1.0466974565538307573e-02
1.7747788588588587544e+01,1.0439975291716443312e-02
1.7777818518518518687e+01,1.0412062724464455146e-02
1.7807848448448446277e+01,1.0383244208470254755e-02
1.7837878378378377420e+01,1.0353527038962837686e-02
1.7867908308308308563e+01,1.0322918462127928310e-02
1.7897938238238236153e+01,1.0291425675519402447e-02
1.7927968168168167296e+01,1.0259055908847571417e-02
1.7957998098098098438e+01,1.0225816939443077569e-02
1.7988028028028026029e+01,1.0191716760515058884e-02
1.8018057957957957171e+01,1.0156763313270604845e-02
1.8048087887887888314e+01,1.0120964486063838139e-02
1.8078117817817815904e+01,1.0084328114834843065e-02
1.8108147747747747047e+01,1.0046861983544288360e-02
1.8138177677677678190e+01,1.0008573824603718416e-02
1.8168207607607605780e+01,9.9694713193015874891e-03
1.8198237537537536923e+01,9.9295620982250368952e-03
1.8228267467467468066e+01,9.8888537416775626476e-03
1.8258297397397395656e+01,9.8473537817665157679e-03
1.8288327327327326799e+01,9.8050699552514712642e-03
1.8318357257257257942e+01,9.7620104715654253819e-03
1.8348387187187185532e+01,9.7181835509411607782e-03
1.8378417117117116675e+01,9.6735973598847078969e-03
1.8408447047047044265e+01,9.6282600116136349971e-03
1.8438476976976975408e+01,9.5821795664909337198e-03
1.8468506906906906551e+01,9.5353640324547708079e-03
1.8498536836836834141e+01,9.4878213654439966934e-03
1.8528566766766765284e+01,9.4395594698195150335e-03
1.8558596696696696426e+01,9.3905861987816051373e-03
1.8588626626626624017e+01,9.3409093547831625881e-03
1.8618656556556555159e+01,9.2905366999579200304e-03
1.8648686486486486302e+01,9.2394762686471513385e-03
1.8678716416416413892e+01,9.1877364265305731805e-03
1.8708746346346345035e+01,9.1353255079077745615e-03
1.8738776276276276178e+01,9.0822517936536423244e-03
1.8768806206206203768e+01,9.0285235116457536464e-03
1.8798836136136134911e+01,8.9741488371876398933e-03
1.8828866066066066054e+01,8.9191358934280883658e-03
1.8858895995995993644e+01,8.8634927517763570370e-03
1.8888925925925924787e+01,8.8072274323134427942e-03
1.8918955855855855930e+01,8.7503479041994829818e-03
1.8948985785785783520e+01,8.6928620860772121831e-03
1.8979015715715714663e+01,8.6347778536764278889e-03
1.9009045645645645806e+01,8.5761032976657183141e-03
1.9039075575575573396e+01,8.5168467926018242425e-03
1.9069105505505504539e+01,8.4570166818146354920e-03
1.9099135435435435681e+01,8.3966212561605701320e-03
1.9129165365365363272e+01,8.3356687544344307966e-03
1.9159195295295294414e+01,8.2741673637773665434e-03
1.9189225225225225557e+01,8.2121252200811224037e-03
1.9219255155155153147e+01,8.1495504083883771318e-03
1.9249285085085084290e+01,8.0864509632893634417e-03
1.9279315015015015433e+01,8.0228348693148453241e-03
1.9309344944944943023e+01,7.9587100613253605047e-03
1.9339374874874874166e+01,7.8940844252023065208e-03
1.9369404804804805309e+01,7.8289659288660658903e-03
1.9399434734734732899e+01,7.7633628248242958839e-03
1.9429464664664664042e+01,7.6972833670294798017e-03
1.9459494594594595185e+01,7.6307357584840642198e-03
1.9489524524524522775e+01,7.5637281516329592582e-03
1.9519554454454453918e+01,7.4962686487524219509e-03
1.9549584384384381508e+01,7.4283653023354111883e-03
1.9579614314314312651e+01,7.3600261154733170876e-03
1.9609644244244243794e+01,7.2912590422342746926e-03
1.9639674174174171384e+01,7.2220719880379275618e-03
1.9669704104104102527e+01,7.1524728100267765535e-03
1.9699734034034033670e+01,7.0824693174341701862e-03
1.9729763963963961260e+01,7.0120692912405500202e-03
1.9759793893893892403e+01,6.9412806968567695304e-03
1.9789823823823823545e+01,6.8701116044090479104e-03
1.9819853753753751135e+01,6.7985700378365649180e-03
1.9849883683683682278e+01,6.7266639725223576970e-03
1.9879913613613613421e+01,6.6544013356601029036e-03
1.9909943543543541011e+01,6.5817900066175143853e-03
1.9939973473473472154e+01,6.5088378172964474894e-03
1.9970003403403403297e+01,6.4355525524898322953e-03
2.0000033333333330887e+01,6.3619419502353195470e-03
2.0030063263263262030e+01,6.2880137021657494384e-03
2.0060093193193193173e+01,6.2137754538565273879e-03
2.0090123123123120763e+01,6.1392348051698356765e-03
2.0120153053053051906e+01,6.0643993492154862207e-03
2.0150182982982983049e+01,5.9892768302210819611e-03
2.0180212912912910639e+01,5.9138750085819371052e-03
2.0210242842842841782e+01,5.8382015985948658432e-03
2.0240272772772772925e+01,5.7622642687747615761e-03
2.0270302702702700515e+01,5.6860706421936876506e-03
2.0300332632632631658e+01,5.6096282968169652872e-03
2.0330362562562562800e+01,5.5329447658363679896e-03
2.0360392492492490391e+01,5.4560275380002801887e-03
2.0390422422422421533e+01,5.3788840579409311418e-03
2.0420452352352352676e+01,5.3015217264988437340e-03
2.0450482282282280266e+01,5.2239479010443221063e-03
2.0480512212212211409e+01,5.1461698957961186235e-03
2.0510542142142142552e+01,5.0681950081334740943e-03
2.0540572072072070142e+01,4.9900306189574116997e-03
2.0570602002002001285e+01,4.9116841043074684070e-03
2.0600631931931932428e+01,4.8331627972230698995e-03
2.0630661861861860018e+01,4.7544739880478470440e-03
2.0660691791791791161e+01,4.6756249247398833785e-03
2.0690721721721722304e+01,4.5966228131793665859e-03
2.0720751651651649894e+01,4.5174748174734687470e-03
2.0750781581581581037e+01,4.4381880602585750684e-03
2.0780811511511508627e+01,4.3587696230000015987e-03
2.0810841441441439770e+01,4.2792265462889668773e-03
2.0840871371371370913e+01,4.1995658301371280308e-03
2.0870901301301298503e+01,4.1197944342685069788e-03
2.0900931231231229646e+01,4.0399192833901805683e-03
2.0930961161161160788e+01,3.9599473140924405443e-03
2.0960991091091088379e+01,3.8798854537496242634e-03
2.0991021021021019521e+01,3.7997405904935223700e-03
2.1021050950950950664e+01,3.7195195730953889771e-03
2.1051080880880878254e+01,3.6392292112466559199e-03
2.1081110810810809397e+01,3.5588762758372509236e-03
2.1111140740740740540e+01,3.4784674992316215979e-03
2.1141170670670668130e+01,3.3980095755423295190e-03
2.1171200600600599273e+01,3.3175091609013006994e-03
2.1201230530530530416e+01,3.2369728737288759948e-03
2.1231260460460458006e+01,3.1564072950004801697e-03
2.1261290390390389149e+01,3.0758189685110275818e-03
2.1291320320320320292e+01,2.9952144011224945443e-03
2.1321350250250247882e+01,2.9146000601162369049e-03
2.1351380180180179025e+01,2.8339823699685840613e-03
2.1381410110110110168e+01,2.7533677182096875230e-03
2.1411440040040037758e+01,2.6727624565351976345e-03
2.1441469969969968901e+01,2.5921729010571696421e-03
2.1471499899899900043e+01,2.5116053325529609508e-03
2.1501529829829827634e+01,2.4310659967119500023e-03
2.1531559759759758776e+01,2.3505611043801938678e-03
2.1561589689689689919e+01,2.2700968318031243022e-03
2.1591619619619617509e+01,2.1896793208661356755e-03
2.1621649549549548652e+01,2.1093146793331645286e-03
2.1651679479479479795e+01,2.0290089810833748102e-03
2.1681709409409407385e+01,1.9487682663457846482e-03
2.1711739339339338528e+01,1.8685985403880060046e-03
2.1741769269269269671e+01,1.7885057297904172462e-03
2.1771799199199197261e+01,1.7084956765983227035e-03
2.1801829129129128404e+01,1.6285741878487394220e-03
2.1831859059059059547e+01,1.5487470386281721162e-03
2.1861888988988987137e+01,1.4690199722920272828e-03
2.1891918918918918280e+01,1.3893987006822182146e-03
2.1921948848848845870e+01,1.3098889043430721538e-03
2.1951978778778777013e+01,1.2304962327353327189e-03
2.1982008708708708156e+01,1.1512263044485412326e-03
2.2012038638638635746e+01,1.0720847074115894340e-03
2.2042068568568566889e+01,9.9307699910154982777e-04
2.2072098498498498031e+01,9.1420870675088851138e-04
2.2102128428428425622e+01,8.3548532755289936936e-04
2.2132158358358356764e+01,7.5691232644228834125e-04
2.2162188288288287907e+01,6.7849505822179781347e-04
2.2192218218218215497e+01,6.0023875148618752260e-04
2.2222248148148146640e+01,5.2214860075655154976e-04
2.2252278078078077783e+01,4.4422977251353873906e-04
2.2282308008008005373e+01,3.6648740538627438404e-04
2.2312337937937936516e+01,2.8892661033975926060e-04
2.2342367867867867659e+01,2.1155247086083827203e-04
2.2372397797797795249e+01,1.3437004314258903194e-04
2.2402427727727726392e+01,5.7384356267227936256e-05
2.2432457657657657535e+01,-1.9399587612371025101e-05
2.2462487587587585125e+01,-9.5976813092695255130e-05
2.2492517517517516268e+01,-1.7234237134105466439e-04
2.2522547447447447411e+01,-2.4849133991838916148e-04
2.2552577377377375001e+01,-3.2441882270628247687e-04
2.2582607307307306144e+01,-4.0012001280911955320e-04
2.2612637237237237287e+01,-4.7559029926771403604e-04
2.2642667167167164877e+01,-5.5082512402724248188e-04
2.2672697097097096020e+01,-6.2581995318143699824e-04
2.2702727027027027162e+01,-7.0057027681281927155e-04
2.2732756956956954753e+01,-7.7507160883428193304e-04
2.2762786886886885895e+01,-8.4931948683192196124e-04
2.2792816816816817038e+01,-9.2330947190904101140e-04
2.2822846746746744628e+01,-9.9703714853145134107e-04
2.2852876676676675771e+01,-1.0704981243740063421e-03
2.2882906606606606914e+01,-1.1436880301682560406e-03
2.2912936536536534504e+01,-1.2166025195513841244e-03
2.2942966466466465647e+01,-1.2892372689163257744e-03
2.2972996396396396790e+01,-1.3615879772629901900e-03
2.3003026326326324380e+01,-1.4336503757650482724e-03
2.3033056256256255523e+01,-1.5054203880418277721e-03
2.3063086186186186666e+01,-1.5768941038662219554e-03
2.3093116116116114256e+01,-1.6480676379855821369e-03
2.3123146046046045399e+01,-1.7189371253303264379e-03
2.3153175975975972989e+01,-1.7894987208829959188e-03
2.3183205905905904132e+01,-1.8597485995484486915e-03
2.3213235835835835275e+01,-1.9296829560249391736e-03
2.3243265765765762865e+01,-1.9992980046762793764e-03
2.3273295695695694008e+01,-2.0685899794049902867e-03
2.3303325625625625150e+01,-2.1375551335263568223e-03
2.3333355555555552741e+01,-2.2061897396435351144e-03
2.3363385485485483883e+01,-2.2744900895236173574e-03
2.3393415415415415026e+01,-2.3424524939745791988e-03
2.3423445345345342616e+01,-2.4100732827232501827e-03
2.3453475275275273759e+01,-2.4773488270908978169e-03
2.3483505205205204902e+01,-2.5442757468058484205e-03
2.3513535135135132492e+01,-2.6108508119628672309e-03
2.3543565065065063635e+01,-2.6770708107659718644e-03
2.3573594994994994778e+01,-2.7429325477849246344e-03
2.3603624924924922368e+01,-2.8084328438511504435e-03
2.3633654854854853511e+01,-2.8735685359544457101e-03
2.3663684784784784654e+01,-2.9383364771404076390e-03
2.3693714714714712244e+01,-3.0027335364087065668e-03
2.3723744644644643387e+01,-3.0667565986121345968e-03
2.3753774574574574530e+01,-3.1304025643563485569e-03
2.3783804504504502120e+01,-3.1936683499004516959e-03
2.3813834434434433263e+01,-3.2565508870583113367e-03
2.3843864364364364405e+01,-3.3190471231005630459e-03
2.3873894294294291996e+01,-3.3811540206574253534e-03
2.3903924224224223138e+01,-3.4428685706332628341e-03
2.3933954154154154281e+01,-3.5041880046021963227e-03
2.3963984084084081871e+01,-3.5651097588572221858e-03
2.3994014014014013014e+01,-3.6256312885486648157e-03
2.4024043943943944157e+01,-3.6857500615510205809e-03
2.4054073873873871747e+01,-3.7454635583835560637e-03
2.4084103803803802890e+01,-3.8047692721314965367e-03
2.4114133733733734033e+01,-3.8636647083677404940e-03
2.4144163663663661623e+01,-3.9221473850752147303e-03
2.4174193593593592766e+01,-3.9802148325698222600e-03
2.4204223523523523909e+01,-4.0378645934238954762e-03
2.4234253453453451499e+01,-4.0950942223902707731e-03
2.4264283383383382642e+01,-4.1519012863269399646e-03
2.4294313313313310232e+01,-4.2082833641221865581e-03
2.4324343243243241375e+01,-4.2642380466203794881e-03
2.4354373173173172518e+01,-4.3197629367093598116e-03
2.4384403103103100108e+01,-4.3748557614361055501e-03
2.4414433033033031251e+01,-4.4295145674541945915e-03
2.4444462962962962393e+01,-4.4837374634780040317e-03
2.4474492892892889984e+01,-4.5375225675042532222e-03
2.4504522822822821126e+01,-4.5908680067551473417e-03
2.4534552752752752269e+01,-4.6437719176218861250e-03
2.4564582682682679859e+01,-4.6962324456086314284e-03
2.4594612612612611002e+01,-4.7482477452768937290e-03
2.4624642542542542145e+01,-4.7998159801902681720e-03
2.4654672472472469735e+01,-4.8509353228596285845e-03
2.4684702402402400878e+01,-4.9016039546887204756e-03
2.4714732332332332021e+01,-4.9518200659201018488e-03
2.4744762262262259611e+01,-5.0015818555815255014e-03
2.4774792192192190754e+01,-5.0508875314327090350e-03
2.4804822122122121897e+01,-5.0997353099124535444e-03
2.4834852052052049487e+01,-5.1481234210677441487e-03
2.4864881981981980630e+01,-5.1960503082838522398e-03
2.4894911911911911773e+01,-5.2435146949214618550e-03
2.4924941841841839363e+01,-5.2905153293763629643e-03
2.4954971771771770506e+01,-5.3370509660689083309e-03
2.4985001701701701649e+01,-5.3831203654077690660e-03
2.5015031631631629239e+01,-5.4287222937540197815e-03
2.5045061561561560382e+01,-5.4738555233854561954e-03
2.5075091491491491524e+01,-5.5185188324611356495e-03
2.5105121421421419114e+01,-5.5627110049862264068e-03
2.5135151351351350257e+01,-5.6064308307770963427e-03
2.5165181281281281400e+01,-5.6496771054266002599e-03
2.5195211211211208990e+01,-5.6924486302696829243e-03
2.5225241141141140133e+01,-5.7347442123492102170e-03
2.5255271071071071276e+01,-5.7765626643820067176e-03
2.5285301001000998866e+01,-5.8179028047251708441e-03
2.5315330930930930009e+01,-5.8587634610167919208e-03
2.5345360860860861152e+01,-5.8991436640274995742e-03
2.5375390790790788742e+01,-5.9390427426724975643e-03
2.5405420720720719885e+01,-5.9784600528764693730e-03
2.5435450650650647475e+01,-6.0173949536057383392e-03
2.5465480580580578618e+01,-6.0558468068503843937e-03
2.5495510510510509761e+01,-6.0938149776063998270e-03
2.5525540440440437351e+01,-6.1312988338580115891e-03
2.5555570370370368494e+01,-6.1682977465601553785e-03
2.5585600300300299637e+01,-6.2048110896209974358e-03
2.5615630230230227227e+01,-6.2408382398846488914e-03
2.5645660160160158370e+01,-6.2763785771139798605e-03
2.5675690090090089512e+01,-6.3114314839735410900e-03
2.5705720020020017103e+01,-6.3459963460126061693e-03
2.5735749949949948245e+01,-6.3800725516483742031e-03
2.5765779879879879388e+01,-6.4136594921492123822e-03
2.5795809809809806978e+01,-6.4467565616180911095e-03
2.5825839739739738121e+01,-6.4793632436617185424e-03
2.5855869669669669264e+01,-6.5114793750629118563e-03
2.5885899599599596854e+01,-6.5431048820766288601e-03
2.5915929529529527997e+01,-6.5742396912996520220e-03
2.5945959459459459140e+01,-6.6048837296685822609e-03
2.5975989389389386730e+01,-6.6350369244578778424e-03
2.6006019319319317873e+01,-6.6646992032779297024e-03
2.6036049249249249016e+01,-6.6938704940730899343e-03
2.6066079179179176606e+01,-6.7225507251197644601e-03
2.6096109109109107749e+01,-6.7507398250245083046e-03
2.6126139039039038892e+01,-6.7784377227221156645e-03
2.6156168968968966482e+01,-6.8056443474737386007e-03
2.6186198898898897625e+01,-6.8323596288650282823e-03
2.6216228828828828767e+01,-6.8585834968042545465e-03
2.6246258758758756358e+01,-6.8843158815204740300e-03
2.6276288688688687500e+01,-6.9095567135617052407e-03
2.6306318618618618643e+01,-6.9343059268083548710e-03
2.6336348548548546233e+01,-6.9585636469183228051e-03
2.6366378478478477376e+01,-6.9823303017813274918e-03
2.6396408408408408519e+01,-7.0056063441142337953e-03
2.6426438338338336109e+01,-7.0283922245761099382e-03
2.6456468268268267252e+01,-7.0506883917799160685e-03
2.6486498198198198395e+01,-7.0724952923040861411e-03
2.6516528128128125985e+01,-7.0938133707040568893e-03
2.6546558058058057128e+01,-7.1146430695237126637e-03
2.6576587987987988271e+01,-7.1349848293067470034e-03
2.6606617917917915861e+01,-7.1548390886079470119e-03
2.6636647847847847004e+01,-7.1742062840044126815e-03
2.6666677777777774594e+01,-7.1930868501066816748e-03
2.6696707707707705737e+01,-7.2114812195698029321e-03
2.6726737637637636880e+01,-7.2293898231043105321e-03
2.6756767567567564470e+01,-7.2468130894871411740e-03
2.6786797497497495613e+01,-7.2637514455724761994e-03
2.6816827427427426755e+01,-7.2802053194230180802e-03
2.6846857357357354346e+01,-7.2961753266464306200e-03
2.6876887287287285488e+01,-7.3116623748436162383e-03
2.6906917217217216631e+01,-7.3266673930550106630e-03
2.6936947147147144221e+01,-7.3411913061781977619e-03
2.6966977077077075364e+01,-7.3552350349909588131e-03
2.6997007007007006507e+01,-7.3687994961741951419e-03
2.7027036936936934097e+01,-7.3818856023346816203e-03
2.7057066866866865240e+01,-7.3944942620276874617e-03
2.7087096796796796383e+01,-7.4066263797794200732e-03
2.7117126726726723973e+01,-7.4182828561093440076e-03
2.7147156656656655116e+01,-7.4294645875523394538e-03
2.7177186586586586259e+01,-7.4401724666807124084e-03
2.7207216516516513849e+01,-7.4504073821260695387e-03
2.7237246446446444992e+01,-7.4601702186010412574e-03
2.7267276376376376135e+01,-7.4694618569208599476e-03
2.7297306306306303725e+01,-7.4782831740247864005e-03
2.7327336236236234868e+01,-7.4866350429974781386e-03
2.7357366166166166010e+01,-7.4945184173173043374e-03
2.7387396096096093601e+01,-7.5019345749466580242e-03
2.7417426026026024743e+01,-7.5088848684050218951e-03
2.7447455955955955886e+01,-7.5153706442927722953e-03
2.7477485885885883476e+01,-7.5213932433235309444e-03
2.7507515815815814619e+01,-7.5269540003562980870e-03
2.7537545745745745762e+01,-7.5320542444273731394e-03
2.7567575675675673352e+01,-7.5366952987820628324e-03
2.7597605605605604495e+01,-7.5408784809062046062e-03
2.7627635535535535638e+01,-7.5446051025574471446e-03
2.7657665465465463228e+01,-7.5478764697963643751e-03
2.7687695395395394371e+01,-7.5506938830173404853e-03
2.7717725325325325514e+01,-7.5530586369792710594e-03
2.7747755255255253104e+01,-7.5549720208360543125e-03
2.7777785185185184247e+01,-7.5564353181668863016e-03
2.7807815115115111837e+01,-7.5574498070063687860e-03
2.7837845045045042980e+01,-7.5580167598744080540e-03
2.7867874974974974123e+01,-7.5581374470832657364e-03
2.7897904904904901713e+01,-7.5578133105848373935e-03
2.7927934834834832856e+01,-7.5570460497971590069e-03
2.7957964764764763999e+01,-7.5558373783044486746e-03
2.7987994694694691589e+01,-7.5541890023365105417e-03
2.8018024624624622732e+01,-7.5521026208081485850e-03
2.8048054554554553874e+01,-7.5495799253583279961e-03
2.8078084484484481465e+01,-7.5466226003890824262e-03
2.8108114414414412607e+01,-7.5432323231041705641e-03
2.8138144344344343750e+01,-7.5394107635474846493e-03
2.8168174274274271340e+01,-7.5351595846412273982e-03
2.8198204204204202483e+01,-7.5304804422238191819e-03
2.8228234134134133626e+01,-7.5253749850875900976e-03
2.8258264064064061216e+01,-7.5198448550162074952e-03
2.8288293993993992359e+01,-7.5138916868218883979e-03
2.8318323923923923502e+01,-7.5075171083823551837e-03
2.8348353853853851092e+01,-7.5007227406775674877e-03
2.8378383783783782235e+01,-7.4935101978262199166e-03
2.8408413713713713378e+01,-7.4858810900908989358e-03
2.8438443643643640968e+01,-7.4778371842131345290e-03
2.8468473573573572111e+01,-7.4693804842155993307e-03
2.8498503503503503254e+01,-7.4605130057883769362e-03
2.8528533433433430844e+01,-7.4512367561344640399e-03
2.8558563363363361987e+01,-7.4415537340143823181e-03
2.8588593293293293129e+01,-7.4314659297905396457e-03
2.8618623223223220720e+01,-7.4209753254712799292e-03
2.8648653153153151862e+01,-7.4100838947546631905e-03
2.8678683083083083005e+01,-7.3987936030719863092e-03
2.8708713013013010595e+01,-7.3871064076310097302e-03
2.8738742942942941738e+01,-7.3750242574589222264e-03
2.8768772872872872881e+01,-7.3625490934450471894e-03
2.8798802802802800471e+01,-7.3496828483832626899e-03
2.8828832732732731614e+01,-7.3364274470141630641e-03
2.8858862662662662757e+01,-7.3227848060669689656e-03
2.8888892592592590347e+01,-7.3087568343011520555e-03
2.8918922522522521490e+01,-7.2943454325478307085e-03
2.8948952452452452633e+01,-7.2795524937508838265e-03
2.8978982382382380223e+01,-7.2643799669579707870e-03
2.9009012312312311366e+01,-7.2488300536234593491e-03
2.9039042242242238956e+01,-7.2329050124052621240e-03
2.9069072172172170099e+01,-7.2166070926280388026e-03
2.9099102102102101242e+01,-7.1999385343313451399e-03
2.9129132032032028832e+01,-7.1829015683174965781e-03
2.9159161961961959975e+01,-7.1654984161991204863e-03
2.9189191891891891117e+01,-7.1477312904464395185e-03
2.9219221821821818708e+01,-7.1296023944342592008e-03
2.9249251751751749850e+01,-7.1111139224886337276e-03
2.9279281681681680993e+01,-7.0922680599332897644e-03
2.9309311611611608583e+01,-7.0730669831357492749e-03
2.9339341541541539726e+01,-7.0535128595531392318e-03
2.9369371471471470869e+01,-7.0336078477777758122e-03
2.9399401401401398459e+01,-7.0133540975824146604e-03
2.9429431331331329602e+01,-6.9927537499652652267e-03
2.9459461261261260745e+01,-6.9718089371946989283e-03
2.9489491191191188335e+01,-6.9505217828537179184e-03
2.9519521121121119478e+01,-6.9288944032273999327e-03
2.9549551051051050621e+01,-6.9069290230534870906e-03
2.9579580980980978211e+01,-6.8846280641364446945e-03
2.9609610910910909354e+01,-6.8619939594241740471e-03
2.9639640840840840497e+01,-6.8390291320046424015e-03
2.9669670770770768087e+01,-6.8157359951557796793e-03
2.9699700700700699230e+01,-6.7921169523950681440e-03
2.9729730630630630372e+01,-6.7681743975288389051e-03
2.9759760560560557963e+01,-6.7439107147012804580e-03
2.9789790490490489105e+01,-6.7193282784431167601e-03
2.9819820420420420248e+01,-6.6944294537200329034e-03
2.9849850350350347838e+01,-6.6692165959807798645e-03
2.9879880280280278981e+01,-6.6436920512049999626e-03
2.9909910210210210124e+01,-6.6178581559507565490e-03
2.9939940140140137714e+01,-6.5917172374018008843e-03
2.9969970070070068857e+01,-6.5652716134145120211e-03
3.0000000000000000000e+01,-6.5385235925646007643e-03
