1.0000000000000000479e-04,-9.0894691852560719213e-06
3.0129929929929927940e-02,-2.2381144553970289297e-03
6.0159859859859859954e-02,-4.3992245891055032844e-03
9.0189789789789795438e-02,-6.4936388071624015147e-03
1.2021971971971971704e-01,-8.5226290058811049466e-03
1.5024964964964962477e-01,-1.0487448288413549896e-02
1.8027957957957957413e-01,-1.2389331162922408158e-02
2.1030950950950949574e-01,-1.4229493769541379580e-02
2.4033943943943941735e-01,-1.6009134112619539947e-02
2.7036936936936933895e-01,-1.7729432289448045224e-02
3.0039929929929926056e-01,-1.9391550713679903822e-02
3.3042922922922918216e-01,-2.0996634346846121399e-02
3.6045915915915915928e-01,-2.2545810912778980334e-02
3.9048908908908908089e-01,-2.4040191116015199868e-02
4.2051901901901900249e-01,-2.5480868864200700852e-02
4.5054894894894892410e-01,-2.6868921476642680657e-02
4.8057887887887884570e-01,-2.8205409912641477010e-02
5.1060880880880876731e-01,-2.9491378948114342629e-02
5.4063873873873868892e-01,-3.0727857409249454551e-02
5.7066866866866861052e-01,-3.1915858368215775653e-02
6.0069859859859853213e-01,-3.3056379352756772028e-02
6.3072852852852845373e-01,-3.4150402552032867176e-02
6.6075845845845837534e-01,-3.5198894951744982840e-02
6.9078838838838829695e-01,-3.6202808649672610364e-02
7.2081831831831832957e-01,-3.7163080941676279734e-02
7.5084824824824825118e-01,-3.8080634541108222824e-02
7.8087817817817817279e-01,-3.8956377796042898631e-02
8.1090810810810809439e-01,-3.9791204858077876272e-02
8.4093803803803801600e-01,-4.0585995856697351658e-02
8.7096796796796793760e-01,-4.1341617087990910340e-02
9.0099789789789785921e-01,-4.2058921217446344765e-02
9.3102782782782778082e-01,-4.2738747455651725227e-02
9.6105775775775770242e-01,-4.3381921653240854142e-02
9.9108768768768762403e-01,-4.3989256553053704413e-02
1.0211176176176175456e+00,-4.4561552067381618447e-02
1.0511475475475475783e+00,-4.5099595098479508537e-02
1.0811774774774773888e+00,-4.5604160229604062682e-02
1.1112074074074074215e+00,-4.6076009282596259997e-02
1.1412373373373372321e+00,-4.6515892108857780085e-02
1.1712672672672672647e+00,-4.6924546216499718465e-02
1.2012971971971970753e+00,-4.7302697201769085267e-02
1.2313271271271271079e+00,-4.7651059006799979800e-02
1.2613570570570569185e+00,-4.7970333772713730225e-02
1.2913869869869869511e+00,-4.8261212130001299170e-02
1.3214169169169167617e+00,-4.8524373511275975535e-02
1.3514468468468467943e+00,-4.8760486138693014124e-02
1.3814767767767766049e+00,-4.8970207163115835047e-02
1.4115067067067066375e+00,-4.9154182841534867221e-02
1.4415366366366366702e+00,-4.9313048697612112126e-02
1.4715665665665664807e+00,-4.9447429670691135650e-02
1.5015964964964965134e+00,-4.9557940258688246149e-02
1.5316264264264263240e+00,-4.9645184653013332832e-02
1.5616563563563563566e+00,-4.9709756871121349442e-02
1.5916862862862861672e+00,-4.9752240895973486035e-02
1.6217162162162161998e+00,-4.9773210812981173723e-02
1.6517461461461460104e+00,-4.9773230943767968193e-02
1.6817760760760760430e+00,-4.9752855977080227834e-02
1.7118060060060058536e+00,-4.9712631104991134023e-02
1.7418359359359358862e+00,-4.9653092160036160774e-02
1.7718658658658656968e+00,-4.9574765744412191415e-02
1.8018957957957957294e+00,-4.9478169356141049606e-02
1.8319257257257255400e+00,-4.9363811508979053844e-02
1.8619556556556555726e+00,-4.9232191844146441784e-02
1.8919855855855853832e+00,-4.9083801231969426127e-02
1.9220155155155154159e+00,-4.8919121868881906834e-02
1.9520454454454454485e+00,-4.8738627518381524850e-02
1.9820753753753752591e+00,-4.8542783666059137471e-02
2.0121053053053055137e+00,-4.8332047494436300439e-02
2.0421352352352353243e+00,-4.8106867933929868542e-02
2.0721651651651651349e+00,-4.7867685754820719912e-02
2.1021950950950953896e+00,-4.7614934053382074186e-02
2.1322250250250252002e+00,-4.7349038192716443041e-02
2.1622549549549550107e+00,-4.7070415616291605421e-02
2.1922848848848848213e+00,-4.6779475980261102375e-02
2.2223148148148150760e+00,-4.6476621898964204371e-02
2.2523447447447448866e+00,-4.6162248554748389062e-02
2.2823746746746746972e+00,-4.5836743427970394471e-02
2.3124046046046045078e+00,-4.5500487100999520429e-02
2.3424345345345347624e+00,-4.5153853393682788497e-02
2.3724644644644645730e+00,-4.4797208572323075904e-02
2.4024943943943943836e+00,-4.4430912233766738095e-02
2.4325243243243246383e+00,-4.4055317646288096045e-02
2.4625542542542544489e+00,-4.3670770658111764118e-02
2.4925841841841842594e+00,-4.3277610984900252711e-02
2.5226141141141140700e+00,-4.2876172073849486144e-02
2.5526440440440443247e+00,-4.2466780181324791099e-02
2.5826739739739741353e+00,-4.2049756195128989988e-02
2.6127039039039039459e+00,-4.1625414259319815091e-02
2.6427338338338337564e+00,-4.1194062272077822118e-02
2.6727637637637640111e+00,-4.0756002826430021146e-02
2.7027936936936938217e+00,-4.0311531518724838530e-02
2.7328236236236236323e+00,-3.9860939156403644990e-02
2.7628535535535534429e+00,-3.9404510011605768660e-02
2.7928834834834836975e+00,-3.8942522977909746484e-02
2.8229134134134135081e+00,-3.8475251533291413009e-02
2.8529433433433433187e+00,-3.8002963022200055010e-02
2.8829732732732735734e+00,-3.7525920300742407476e-02
2.9130032032032033840e+00,-3.7044379722721280934e-02
2.9430331331331331945e+00,-3.6558593603134847960e-02
2.9730630630630630051e+00,-3.6068807840632113870e-02
3.0030929929929932598e+00,-3.5575264360477303061e-02
3.0331229229229230704e+00,-3.5078199009202039316e-02
3.0631528528528528810e+00,-3.4577843594381450776e-02
3.0931827827827826916e+00,-3.4074424207162015699e-02
3.1232127127127129462e+00,-3.3568162870451632995e-02
3.1532426426426427568e+00,-3.3059276167663978474e-02
3.1832725725725725674e+00,-3.2547976683805698861e-02
3.2133025025025023780e+00,-3.2034471726933626268e-02
3.2433324324324326327e+00,-3.1518964781245793760e-02
3.2733623623623624432e+00,-3.1001654114839793941e-02
3.3033922922922922538e+00,-3.0482734423027197518e-02
3.3334222222222220644e+00,-2.9962395188434451376e-02
3.3634521521521523191e+00,-2.9440822586352898699e-02
3.3934820820820821297e+00,-2.8918197608886097444e-02
3.4235120120120119402e+00,-2.8394698114739994749e-02
3.4535419419419421949e+00,-2.7870496962176149330e-02
3.4835718718718720055e+00,-2.7345763829639348902e-02
3.5136018018018018161e+00,-2.6820663824319034702e-02
3.5436317317317316267e+00,-2.6295358574866114360e-02
3.5736616616616618813e+00,-2.5770005772684210360e-02
3.6036915915915916919e+00,-2.5244759198724382732e-02
3.6337215215215215025e+00,-2.4719769346209605199e-02
3.6637514514514513131e+00,-2.4195182484926618799e-02
3.6937813813813815678e+00,-2.3671141966625723618e-02
3.7238113113113113783e+00,-2.3147787032406851038e-02
3.7538412412412411889e+00,-2.2625253864391948327e-02
3.7838711711711709995e+00,-2.2103675089523076164e-02
3.8139011011011012542e+00,-2.1583179859625770819e-02
3.8439310310310310648e+00,-2.1063894350545914885e-02
3.8739609609609608754e+00,-2.0545941087416395160e-02
3.9039908908908911300e+00,-2.0029439757179749032e-02
3.9340208208208209406e+00,-1.9514506717775742528e-02
3.9640507507507507512e+00,-1.9001255223983187781e-02
3.9940806806806805618e+00,-1.8489795654060767194e-02
4.0241106106106103724e+00,-1.7980235192323362758e-02
4.0541405405405397389e+00,-1.7472678235496186955e-02
4.0841704704704699935e+00,-1.6967226249792244364e-02
4.1142004004004002482e+00,-1.6463977811474891921e-02
4.1442303303303296147e+00,-1.5963028763838160023e-02
4.1742602602602598694e+00,-1.5464472196899049089e-02
4.2042901901901901240e+00,-1.4968398451347487976e-02
4.2343201201201194905e+00,-1.4474895246339467697e-02
4.2643500500500497452e+00,-1.3984047750894136250e-02
4.2943799799799791117e+00,-1.3495938415150003642e-02
4.3244099099099093664e+00,-1.3010647306624106498e-02
4.3544398398398396210e+00,-1.2528252027232650301e-02
4.3844697697697689875e+00,-1.2048827537971264559e-02
4.4144996996996992422e+00,-1.1572446681490135278e-02
4.4445296296296294969e+00,-1.1099179820169950000e-02
4.4745595595595588634e+00,-1.0629094842047810340e-02
4.5045894894894891181e+00,-1.0162257740014292093e-02
4.5346194194194193727e+00,-9.6987319806894241314e-03
4.5646493493493487392e+00,-9.2385787675267339036e-03
4.5946792792792789939e+00,-8.7818575894523485947e-03
4.6247092092092083604e+00,-8.3286253763185293802e-03
4.6547391391391386151e+00,-7.8789369972036265438e-03
4.6847690690690688697e+00,-7.4328457697405486346e-03
4.7147989989989982362e+00,-6.9904024506901949604e-03
4.7448289289289284909e+00,-6.5516558893954687098e-03
4.7748588588588587456e+00,-6.1166535555238115210e-03
4.8048887887887881121e+00,-5.6854403975084288891e-03
4.8349187187187183667e+00,-5.2580595306218553056e-03
4.8649486486486486214e+00,-4.8345528813104089727e-03
4.8949785785785779879e+00,-4.4149599619621613875e-03
4.9250085085085082426e+00,-3.9993184187774389118e-03
4.9550384384384376091e+00,-3.5876649044216343300e-03
4.9850683683683678638e+00,-3.1800338822855003795e-03
5.0150982982982981184e+00,-2.7764577876826998515e-03
5.0451282282282274849e+00,-2.3769682205105843210e-03
5.0751581581581577396e+00,-1.9815949847859573585e-03
5.1051880880880879943e+00,-1.5903655850162041509e-03
5.1352180180180173608e+00,-1.2033067472789359034e-03
5.1652479479479476154e+00,-8.2044394698492680018e-04
5.1952778778778769819e+00,-4.4180011740140441275e-04
5.2253078078078072366e+00,-6.7397286631997873024e-05
5.2553377377377374913e+00,3.0274325472612632557e-04
5.2853676676676668578e+00,6.6860262141366913133e-04
5.3153975975975971124e+00,1.0301632966252572982e-03
5.3454275275275273671e+00,1.3874081945679838171e-03
5.3754574574574567336e+00,1.7403219210278774148e-03
5.4054873873873869883e+00,2.0888911875241037222e-03
5.4355173173173172430e+00,2.4331031239067787628e-03
5.4655472472472466094e+00,2.7729456030268027217e-03
5.4955771771771768641e+00,3.1084089749307854122e-03
5.5256071071071062306e+00,3.4394844633355904119e-03
5.5556370370370364853e+00,3.7661635254055531551e-03
5.5856669669669667400e+00,4.0884392788893613932e-03
5.6156968968968961065e+00,4.4063067856236490596e-03
5.6457268268268263611e+00,4.7197613214345884164e-03
5.6757567567567566158e+00,5.0287986106010099802e-03
5.7057866866866859823e+00,5.3334167201168434375e-03
5.7358166166166162370e+00,5.6336146529673740771e-03
5.7658465465465464916e+00,5.9293914392694177171e-03
5.7958764764764758581e+00,6.2207471126837603215e-03
5.8259064064064061128e+00,6.5076839593404571180e-03
5.8559363363363354793e+00,6.7902045329208309335e-03
5.8859662662662657340e+00,7.0683113960974992829e-03
5.9159961961961959886e+00,7.3420087091205657806e-03
5.9460261261261253551e+00,7.6113023417133758228e-03
5.9760560560560556098e+00,7.8761981361713459537e-03
6.0060859859859858645e+00,8.1367020014018621304e-03
6.0361159159159152310e+00,8.3928218173783958322e-03
6.0661458458458454857e+00,8.6445666332666849796e-03
6.0961757757757748521e+00,8.8919453412171847728e-03
6.1262057057057051068e+00,9.1349669732194438421e-03
6.1562356356356353615e+00,9.3736426777070360611e-03
6.1862655655655647280e+00,9.6079844022421857092e-03
6.2162954954954949827e+00,9.8380038681402087047e-03
6.2463254254254252373e+00,1.0063712955585904507e-02
6.2763553553553546038e+00,1.0285125665637695133e-02
6.3063852852852848585e+00,1.0502256619157797693e-02
6.3364152152152151132e+00,1.0715120161524975539e-02
6.3664451451451444797e+00,1.0923730723187056665e-02
6.3964750750750747343e+00,1.1128104779085282172e-02
6.4265050050050041008e+00,1.1328259422503041479e-02
6.4565349349349343555e+00,1.1524211431217038989e-02
6.4865648648648646102e+00,1.1715977514851856275e-02
6.5165947947947939767e+00,1.1903576245476870515e-02
6.5466247247247242314e+00,1.2087026996691920683e-02
6.5766546546546544860e+00,1.2266348798568440376e-02
6.6066845845845838525e+00,1.2441560440265519299e-02
6.6367145145145141072e+00,1.2612682193968645025e-02
6.6667444444444434737e+00,1.2779735507853325766e-02
6.6967743743743737284e+00,1.2942741494112031467e-02
6.7268043043043039830e+00,1.3101720904214209443e-02
6.7568342342342333495e+00,1.3256695337146540484e-02
6.7868641641641636042e+00,1.3407688041794731809e-02
6.8168940940940938589e+00,1.3554722050802762989e-02
6.8469240240240232254e+00,1.3697819992739045450e-02
6.8769539539539534800e+00,1.3837004606134094276e-02
6.9069838838838837347e+00,1.3972300487512401973e-02
6.9370138138138131012e+00,1.4103732435529234973e-02
6.9670437437437433559e+00,1.4231324821313069695e-02
6.9970736736736727224e+00,1.4355101683199981283e-02
7.0271036036036029770e+00,1.4475088309397751013e-02
7.0571335335335332317e+00,1.4591311060994503757e-02
7.0871634634634625982e+00,1.4703795906751030570e-02
7.1171933933933928529e+00,1.4812568377151299689e-02
7.1472233233233231076e+00,1.4917654152161907016e-02
7.1772532532532524741e+00,1.5019080620626838740e-02
7.2072831831831827287e+00,1.5116875208985317003e-02
7.2373131131131129834e+00,1.5211064888472224446e-02
7.2673430430430423499e+00,1.5301676224771123755e-02
7.2973729729729726046e+00,1.5388736691226600345e-02
7.3274029029029019711e+00,1.5472274937013745510e-02
7.3574328328328322257e+00,1.5552319241122106869e-02
7.3874627627627624804e+00,1.5628897422726446831e-02
7.4174926926926918469e+00,1.5702037051803244272e-02
7.4475226226226221016e+00,1.5771767074493008021e-02
7.4775525525525523562e+00,1.5838116938699572239e-02
7.5075824824824817227e+00,1.5901115630158776243e-02
7.5376124124124119774e+00,1.5960791672688531828e-02
7.5676423423423413439e+00,1.6017173560860027692e-02
7.5976722722722715986e+00,1.6070291253334027803e-02
7.6277022022022018533e+00,1.6120174777762754509e-02
7.6577321321321312197e+00,1.6166853690818046990e-02
7.6877620620620614744e+00,1.6210357087646391772e-02
7.7177919919919917291e+00,1.6250714198752090611e-02
7.7478219219219210956e+00,1.6287955616676258463e-02
7.7778518518518513503e+00,1.6322111810608809501e-02
7.8078817817817816049e+00,1.6353212780988914815e-02
7.8379117117117109714e+00,1.6381288069227208093e-02
7.8679416416416412261e+00,1.6406367376874460284e-02
7.8979715715715705926e+00,1.6428481664997069550e-02
7.9280015015015008473e+00,1.6447661722871230461e-02
7.9580314314314311019e+00,1.6463937875035174196e-02
7.9880613613613604684e+00,1.6477339990097837619e-02
8.0180912912912898349e+00,1.6487897977846506514e-02
8.0481212212212209778e+00,1.6495642948830741004e-02
8.0781511511511503443e+00,1.6500605897733926913e-02
8.1081810810810797108e+00,1.6502817360064595681e-02
8.1382110110110108536e+00,1.6502307420628206658e-02
8.1682409409409402201e+00,1.6499106002218856537e-02
8.1982708708708695866e+00,1.6493244125306987663e-02
8.2283008008008007295e+00,1.6484752880747959025e-02
8.2583307307307300960e+00,1.6473662907625169494e-02
8.2883606606606594625e+00,1.6460004400982674450e-02
8.3183905905905906053e+00,1.6443807213097308417e-02
8.3484205205205199718e+00,1.6425101989849290318e-02
8.3784504504504493383e+00,1.6403919797408537951e-02
8.4084803803803804811e+00,1.6380291276099474829e-02
8.4385103103103098476e+00,1.6354246630090520792e-02
8.4685402402402392141e+00,1.6325815641839779707e-02
8.4985701701701703570e+00,1.6295028345195534947e-02
8.5286001001000997235e+00,1.6261915584539342328e-02
8.5586300300300290900e+00,1.6226507903609035943e-02
8.5886599599599584565e+00,1.6188835418962276708e-02
8.6186898898898895993e+00,1.6148927827418627090e-02
8.6487198198198189658e+00,1.6106814576709718723e-02
8.6787497497497483323e+00,1.6062525903197281962e-02
8.7087796796796794752e+00,1.6016092157782609029e-02
8.7388096096096088417e+00,1.5967543276618877818e-02
8.7688395395395382081e+00,1.5916908785779639718e-02
8.7988694694694693510e+00,1.5864217811716992135e-02
8.8288993993993987175e+00,1.5809499609583221869e-02
8.8589293293293280840e+00,1.5752784117534762015e-02
8.8889592592592592268e+00,1.5694101002116836452e-02
8.9189891891891885933e+00,1.5633479530329733725e-02
8.9490191191191179598e+00,1.5570948576332463778e-02
8.9790490490490491027e+00,1.5506536671310865855e-02
9.0090789789789784692e+00,1.5440272772971575313e-02
9.0391089089089078357e+00,1.5372186167399552043e-02
9.0691388388388389785e+00,1.5302305777424252131e-02
9.0991687687687683450e+00,1.5230660144059819661e-02
9.1291986986986977115e+00,1.5157277432784825588e-02
9.1592286286286288544e+00,1.5082185542581139429e-02
9.1892585585585582209e+00,1.5005412889063592802e-02
9.2192884884884875873e+00,1.4926987965230099908e-02
9.2493184184184169538e+00,1.4846938897593578086e-02
9.2793483483483480967e+00,1.4765293448573605858e-02
9.3093782782782774632e+00,1.4682079022368862628e-02
9.3394082082082068297e+00,1.4597322802206710163e-02
9.3694381381381379725e+00,1.4511052452047428982e-02
9.3994680680680673390e+00,1.4423295604633517772e-02
9.4294979979979967055e+00,1.4334079541431853783e-02
9.4595279279279278484e+00,1.4243431197481637787e-02
9.4895578578578572149e+00,1.4151377166875816691e-02
9.5195877877877865814e+00,1.4057943816574573412e-02
9.5496177177177177242e+00,1.3963157908250381500e-02
9.5796476476476470907e+00,1.3867046166273117730e-02
9.6096775775775764572e+00,1.3769634981885993733e-02
9.6397075075075076001e+00,1.3670950417472765848e-02
9.6697374374374369665e+00,1.3571018211664244088e-02
9.6997673673673663330e+00,1.3469863839517067297e-02
9.7297972972972974759e+00,1.3367513041664768128e-02
9.7598272272272268424e+00,1.3263991588768618210e-02
9.7898571571571562089e+00,1.3159324939981701871e-02
9.8198870870870855754e+00,1.3053538243033345131e-02
9.8499170170170167182e+00,1.2946656338976335679e-02
9.8799469469469460847e+00,1.2838703778769311112e-02
9.9099768768768754512e+00,1.2729705187308893236e-02
9.9400068068068065941e+00,1.2619685326538995773e-02
9.9700367367367359606e+00,1.2508668684793064832e-02
1.0000066666666665327e+01,1.2396679456253310164e-02
1.0030096596596596470e+01,1.2283741545354141117e-02
1.0060126526526525836e+01,1.2169878571135182843e-02
1.0090156456456455203e+01,1.2055114012123736497e-02
1.0120186386386386346e+01,1.1939471533916628035e-02
1.0150216316316315712e+01,1.1822974618317386858e-02
1.0180246246246245079e+01,1.1705646470060818501e-02
1.0210276176176176222e+01,1.1587510020887519663e-02
1.0240306106106105588e+01,1.1468587933546709259e-02
1.0270336036036034955e+01,1.1348902622579024047e-02
1.0300365965965966097e+01,1.1228476534625502978e-02
1.0330395895895895464e+01,1.1107332104201120965e-02
1.0360425825825824830e+01,1.0985491513618304144e-02
1.0390455755755754197e+01,1.0862976688749033383e-02
1.0420485685685685340e+01,1.0739809302719911105e-02
1.0450515615615614706e+01,1.0616010779543539472e-02
1.0480545545545544073e+01,1.0491602357472486554e-02
1.0510575475475475216e+01,1.0366605321424979605e-02
1.0540605405405404582e+01,1.0241040801195000834e-02
1.0570635335335333949e+01,1.0114929686486785754e-02
1.0600665265265265091e+01,9.9882926302962606740e-03
1.0630695195195194458e+01,9.8611500522543995423e-03
1.0660725125125123824e+01,9.7335221422218086429e-03
1.0690755055055054967e+01,9.6054289476836945960e-03
1.0720784984984984334e+01,9.4768904899761759186e-03
1.0750814914914913700e+01,9.3479265952204904089e-03
1.0780844844844844843e+01,9.2185568686360651325e-03
1.0810874774774774210e+01,9.0888006976085847916e-03
1.0840904704704703576e+01,8.9586772547070279982e-03
1.0870934634634634719e+01,8.8282055014765690309e-03
1.0900964564564564085e+01,8.6974042571308762123e-03
1.0930994494494493452e+01,8.5662922483399506907e-03
1.0961024424424422818e+01,8.4348880078001994831e-03
1.0991054354354353961e+01,8.3032098656667351066e-03
1.1021084284284283328e+01,8.1712759523127898031e-03
1.1051114214214212694e+01,8.0391042010440928733e-03
1.1081144144144143837e+01,7.9067123510496734734e-03
1.1111174074074073204e+01,7.7741179765402276813e-03
1.1141204004004002570e+01,7.6413385107371297952e-03
1.1171233933933933713e+01,7.5083912045183880124e-03
1.1201263863863863079e+01,7.3752931237676851162e-03
1.1231293793793792446e+01,7.2420611518474731216e-03
1.1261323723723723589e+01,7.1087119920326099012e-03
1.1291353653653652955e+01,6.9752621698981817633e-03
1.1321383583583582322e+01,6.8417280299329528634e-03
1.1351413513513513465e+01,6.7081257275444297616e-03
1.1381443443443442831e+01,6.5744712448301337315e-03
1.1411473373373372198e+01,6.4407803956564287431e-03
1.1441503303303303340e+01,6.3070688278662918880e-03
1.1471533233233232707e+01,6.1733520254523893342e-03
1.1501563163163162073e+01,6.0396453106960519552e-03
1.1531593093093093216e+01,5.9059638347802112870e-03
1.1561623023023022583e+01,5.7723225130282430212e-03
1.1591652952952951949e+01,5.6387360734396346773e-03
1.1621682882882881316e+01,5.5052190916770092979e-03
1.1651712812812812459e+01,5.3717859931397072062e-03
1.1681742742742741825e+01,5.2384510548952089096e-03
1.1711772672672671192e+01,5.1052284075807563210e-03
1.1741802602602602335e+01,4.9721320351931563158e-03
1.1771832532532531701e+01,4.8391756921259809071e-03
1.1801862462462461068e+01,4.7063728764835111029e-03
1.1831892392392392210e+01,4.5737369412010226224e-03
1.1861922322322321577e+01,4.4412811039953566453e-03
1.1891952252252250943e+01,4.3090184490721635327e-03
1.1921982182182182086e+01,4.1769619288074145286e-03
1.1952012112112111453e+01,4.0451243654035544048e-03
1.1982042042042040819e+01,3.9135184264786340366e-03
1.2012071971971971962e+01,3.7821564653104161255e-03
1.2042101901901901329e+01,3.6510506297080377522e-03
1.2072131831831830695e+01,3.5202129462550413308e-03
1.2102161761761761838e+01,3.3896553221653990574e-03
1.2132191691691691204e+01,3.2593895467608715102e-03
1.2162221621621620571e+01,3.1294272929264085534e-03
1.2192251551551549937e+01,2.9997801185130843968e-03
1.2222281481481481080e+01,2.8704593899230783187e-03
1.2252311411411410447e+01,2.7414761168862633242e-03
1.2282341341341339813e+01,2.6128411532924792661e-03
1.2312371271271270956e+01,2.4845652471408167031e-03
1.2342401201201200323e+01,2.3566590418278407677e-03
1.2372431131131129689e+01,2.2291330774169802742e-03
1.2402461061061060832e+01,2.1019977918895487064e-03
1.2432490990990990198e+01,1.9752635217767846448e-03
1.2462520920920919565e+01,1.8489403794129633755e-03
1.2492550850850850708e+01,1.7230381038554286842e-03
1.2522580780780780074e+01,1.5975663036685589652e-03
1.2552610710710709441e+01,1.4725344954694594667e-03
1.2582640640640640584e+01,1.3479521050251967902e-03
1.2612670570570569950e+01,1.2238284683343608143e-03
1.2642700500500499317e+01,1.1001728326931470292e-03
1.2672730430430430459e+01,9.7699435733059839665e-04
1.2702760360360359826e+01,8.5430198321285598546e-04
1.2732790290290289192e+01,7.3210424888547074099e-04
1.2762820220220218559e+01,6.1040956543782450873e-04
1.2792850150150149702e+01,4.8922626498254485287e-04
1.2822880080080079068e+01,3.6856260158031145741e-04
1.2852910010010008435e+01,2.4842675215162976672e-04
1.2882939939939939578e+01,1.2882681737591263017e-04
1.2912969869869868944e+01,9.7708225780214511761e-06
1.2942999799799798311e+01,-1.0873336876958569991e-04
1.2973029729729729453e+01,-2.2667833131465378593e-04
1.3003059659659658820e+01,-3.4405680375999760524e-04
1.3033089589589588186e+01,-4.6086159173267795749e-04
1.3063119519519519329e+01,-5.7708556701440262907e-04
1.3093149449449448696e+01,-6.9272166678285731871e-04
1.3123179379379378062e+01,-8.0776289286351495716e-04
1.3153209309309309205e+01,-9.2220231099163197351e-04
1.3183239239239238572e+01,-1.0360330758836539672e-03
1.3213269169169167938e+01,-1.1492487357252284194e-03
1.3243299099099099081e+01,-1.2618431266520526834e-03
1.3273329029029028447e+01,-1.3738101451934337134e-03
1.3303358958958957814e+01,-1.4851437429886284874e-03
1.3333388888888887180e+01,-1.5958379261662150247e-03
1.3363418818818818323e+01,-1.7058867547318700905e-03
1.3393448748748747690e+01,-1.8152843419643465046e-03
1.3423478678678677056e+01,-1.9240248540597709118e-03
1.3453508608608608199e+01,-2.0321026599548195658e-03
1.3483538538538537566e+01,-2.1395125859084082598e-03
1.3513568468468466932e+01,-2.2462495722830092514e-03
1.3543598398398398075e+01,-2.3523086043155962653e-03
1.3573628328328327441e+01,-2.4576847116212332048e-03
1.3603658258258256808e+01,-2.5623729677032866872e-03
1.3633688188188187951e+01,-2.6663684894700613939e-03
1.3663718118118117317e+01,-2.7696664367578113959e-03
1.3693748048048046684e+01,-2.8722620224607489647e-03
1.3723777977977977827e+01,-2.9741507980819612521e-03
1.3753807907907907193e+01,-3.0753286830828784580e-03
1.3783837837837836560e+01,-3.1757916496343032396e-03
1.3813867767767767702e+01,-3.2755357049313853918e-03
1.3843897697697697069e+01,-3.3745568908137356205e-03
1.3873927627627626435e+01,-3.4728512833905218760e-03
1.3903957557557555802e+01,-3.5704149926703687007e-03
1.3933987487487486945e+01,-3.6672441621960704360e-03
1.3964017417417416311e+01,-3.7633349953570742301e-03
1.3994047347347345678e+01,-3.8586840982114383597e-03
1.4024077277277276821e+01,-3.9532883764405862825e-03
1.4054107207207206187e+01,-4.0471447683705953635e-03
1.4084137137137135554e+01,-4.1402502384397330687e-03
1.4114167067067066696e+01,-4.2326017769206527100e-03
1.4144196996996996063e+01,-4.3241963996461275921e-03
1.4174226926926925429e+01,-4.4150311477383179237e-03
1.4204256856856856572e+01,-4.5051030873414351849e-03
1.4234286786786785939e+01,-4.5944093349530460216e-03
1.4264316716716715305e+01,-4.6829474038171470598e-03
1.4294346646646646448e+01,-4.7707151093199107877e-03
1.4324376576576575815e+01,-4.8577102921108523265e-03
1.4354406506506505181e+01,-4.9439308109092581708e-03
1.4384436436436436324e+01,-5.0293745423155514912e-03
1.4414466366366365691e+01,-5.1140393806250079856e-03
1.4444496296296295057e+01,-5.1979232376438613134e-03
1.4474526226226226200e+01,-5.2810240425076289753e-03
1.4504556156156155566e+01,-5.3633397500386674125e-03
1.4534586086086084933e+01,-5.4448686281418972807e-03
1.4564616016016014299e+01,-5.5256093238926521846e-03
1.4594645945945945442e+01,-5.6055605180129787490e-03
1.4624675875875874809e+01,-5.6847209020607879226e-03
1.4654705805805804175e+01,-5.7630891783188734415e-03
1.4684735735735735318e+01,-5.8406640596852269984e-03
1.4714765665665664685e+01,-5.9174442695647151702e-03
1.4744795595595594051e+01,-5.9934285417620946843e-03
1.4774825525525525194e+01,-6.0686156203945251092e-03
1.4804855455455454560e+01,-6.1430043948801213091e-03
1.4834885385385383927e+01,-6.2165942225894639875e-03
1.4864915315315315070e+01,-6.2893845634518288912e-03
1.4894945245245244436e+01,-6.3613748817518593962e-03
1.4924975175175173803e+01,-6.4325646460857716785e-03
1.4955005105105104946e+01,-6.5029533293180594861e-03
1.4985035035035034312e+01,-6.5725404085387097858e-03
1.5015064964964963679e+01,-6.6413253650209743903e-03
1.5045094894894894821e+01,-6.7093076841796125617e-03
1.5075124824824824188e+01,-6.7764868704270888808e-03
1.5105154754754753554e+01,-6.8428627634092584545e-03
1.5135184684684682921e+01,-6.9084355288705654938e-03
1.5165214614614614064e+01,-6.9732053448919801078e-03
1.5195244544544543430e+01,-7.0371723881467156819e-03
1.5225274474474472797e+01,-7.1003368339141335538e-03
1.5255304404404403940e+01,-7.1626988560934594721e-03
1.5285334334334333306e+01,-7.2242586272173092352e-03
1.5315364264264262673e+01,-7.2850163184651327980e-03
1.5345394194194193815e+01,-7.3449720996764276612e-03
1.5375424124124123182e+01,-7.4041261915045106234e-03
1.5405454054054052548e+01,-7.4624792308148960029e-03
1.5435483983983983691e+01,-7.5200320503313322629e-03
1.5465513913913913058e+01,-7.5767854775925739391e-03
1.5495543843843842424e+01,-7.6327403337224028479e-03
1.5525573773773773567e+01,-7.6878974334916487868e-03
1.5555603703703702934e+01,-7.7422575853795102749e-03
1.5585633633633632300e+01,-7.7958215916341796689e-03
1.5615663563563563443e+01,-7.8485902483327457668e-03
1.5645693493493492809e+01,-7.9005643454404181347e-03
1.5675723423423422176e+01,-7.9517447347211347997e-03
1.5705753353353351542e+01,-8.0021326847315218250e-03
1.5735783283283282685e+01,-8.0517296172677773475e-03
1.5765813213213212052e+01,-8.1005369436384176002e-03
1.5795843143143141418e+01,-8.1485560644196600860e-03
1.5825873073073072561e+01,-8.1957883695572188859e-03
1.5855903003003001928e+01,-8.2422352384669810704e-03
1.5885932932932931294e+01,-8.2878980401345416634e-03
1.5915962862862862437e+01,-8.3327781332135936881e-03
1.5945992792792791803e+01,-8.3768768661232097250e-03
1.5976022722722721170e+01,-8.4201956197820226890e-03
1.6006052652652652313e+01,-8.4627361488305175713e-03
1.6036082582582579903e+01,-8.5045003980967447121e-03
1.6066112512512511046e+01,-8.5454902997305591528e-03
1.6096142442442442189e+01,-8.5857077714628655257e-03
1.6126172372372369779e+01,-8.6251547167398735089e-03
1.6156202302302300922e+01,-8.6638330248558857033e-03
1.6186232232232232064e+01,-8.7017445710845364032e-03
1.6216262162162159655e+01,-8.7388912168086339133e-03
1.6246292092092090797e+01,-8.7752748096485491680e-03
1.6276322022022021940e+01,-8.8108971915788810575e-03
1.6306351951951949530e+01,-8.8457604537621730562e-03
1.6336381881881880673e+01,-8.8798669876565781978e-03
1.6366411811811811816e+01,-8.9132191858890073149e-03
1.6396441741741739406e+01,-8.9458194235580747178e-03
1.6426471671671670549e+01,-8.9776700583943241929e-03
1.6456501601601601692e+01,-9.0087734309186890541e-03
1.6486531531531529282e+01,-9.0391318645992313474e-03
1.6516561461461460425e+01,-9.0687476660061706185e-03
1.6546591391391391568e+01,-9.0976231249652074473e-03
1.6576621321321319158e+01,-9.1257605147092059339e-03
1.6606651251251250301e+01,-9.1531621664717854187e-03
1.6636681181181181444e+01,-9.1798307741542493204e-03
1.6666711111111109034e+01,-9.2057691328585548179e-03
1.6696741041041040177e+01,-9.2309800176291253310e-03
1.6726770970970971320e+01,-9.2554661835819781318e-03
1.6756800900900898910e+01,-9.2792303660833193313e-03
1.6786830830830830052e+01,-9.3022752809261942397e-03
1.6816860760760761195e+01,-9.3246036245052312669e-03
1.6846890690690688785e+01,-9.3462180739895435455e-03
1.6876920620620619928e+01,-9.3671212874937882786e-03
1.6906950550550551071e+01,-9.3873159050230584738e-03
1.6936980480480478661e+01,-9.4068047025898261088e-03
1.6967010410410409804e+01,-9.4255907766565023148e-03
1.6997040340340340947e+01,-9.4436772470495380927e-03
1.7027070270270268537e+01,-9.4610672115861532000e-03
1.7057100200200199680e+01,-9.4777637462680908859e-03
1.7087130130130130823e+01,-9.4937699054732978959e-03
1.7117160060060058413e+01,-9.5090887221456164846e-03
1.7147189989989989556e+01,-9.5237232079824745562e-03
1.7177219919919917146e+01,-9.5376763536206034255e-03
1.7207249849849848289e+01,-9.5509511288198040146e-03
1.7237279779779779432e+01,-9.5635504845482839642e-03
1.7267309709709707022e+01,-9.5754775212556538649e-03
1.7297339639639638165e+01,-9.5867356193882202753e-03
1.7327369569569569308e+01,-9.5973281669253941023e-03
1.7357399499499496898e+01,-9.6072585284004939632e-03
1.7387429429429428041e+01,-9.6165300451032231094e-03
1.7417459359359359183e+01,-9.6251460352800386616e-03
1.7447489289289286774e+01,-9.6331097943324478505e-03
1.7477519219219217916e+01,-9.6404245950133041210e-03
1.7507549149149149059e+01,-9.6470936876209990168e-03
1.7537579079079076649e+01,-9.6531203001917458700e-03
1.7567609009009007792e+01,-9.6585076389453065893e-03
1.7597638938938938935e+01,-9.6632590050009636168e-03
1.7627668868868866525e+01,-9.6673779779180308430e-03
1.7657698798798797668e+01,-9.6708681607263254770e-03
1.7687728728728728811e+01,-9.6737331319870275420e-03
1.7717758658658656401e+01,-9.6759764460000053515e-03
1.7747788588588587544e+01,-9.6776016330090992162e-03
1.7777818518518518687e+01,-9.6786121994052801143e-03
1.7807848448448446277e+01,-9.6790116279277717964e-03
1.7837878378378377420e+01,-9.6788033778631449994e-03
1.7867908308308308563e+01,-9.6779908852423924409e-03
1.7897938238238236153e+01,-9.6765775630360123527e-03
1.7927968168168167296e+01,-9.6745668375261290733e-03
1.7957998098098098438e+01,-9.6719623803230760778e-03
1.7988028028028026029e+01,-9.6687679590602079727e-03
1.8018057957957957171e+01,-9.6649873168321662892e-03
1.8048087887887888314e+01,-9.6606241718212946396e-03
1.8078117817817815904e+01,-9.6556822175045374512e-03
1.8108147747747747047e+01,-9.6501651228583004011e-03
1.8138177677677678190e+01,-9.6440765325612586717e-03
1.8168207607607605780e+01,-9.6374200671951841535e-03
1.8198237537537536923e+01,-9.6301993234437412855e-03
1.8228267467467468066e+01,-9.6224178742893504146e-03
1.8258297397397395656e+01,-9.6140792699702971869e-03
1.8288327327327326799e+01,-9.6051871531126643139e-03
1.8318357257257257942e+01,-9.5957453807706174359e-03
1.8348387187187185532e+01,-9.5857578141353375761e-03
1.8378417117117116675e+01,-9.5752282891616059823e-03
1.8408447047047044265e+01,-9.5641606167736394756e-03
1.8438476976976975408e+01,-9.5525585830689135197e-03
1.8468506906906906551e+01,-9.5404259495200198493e-03
1.8498536836836834141e+01,-9.5277664531745413085e-03
1.8528566766766765284e+01,-9.5145838068529629827e-03
1.8558596696696696426e+01,-9.5008816993447132992e-03
1.8588626626626624017e+01,-9.4866637956022518280e-03
1.8618656556556555159e+01,-9.4719337415813311537e-03
1.8648686486486486302e+01,-9.4566953092310307438e-03
1.8678716416416413892e+01,-9.4409524239281623903e-03
1.8708746346346345035e+01,-9.4247089962068118785e-03
1.8738776276276276178e+01,-9.4079689115336654487e-03
1.8768806206206203768e+01,-9.3907360305085681162e-03
1.8798836136136134911e+01,-9.3730141890631113455e-03
1.8828866066066066054e+01,-9.3548071986573784475e-03
1.8858895995995993644e+01,-9.3361188464747540267e-03
1.8888925925925924787e+01,-9.3169528956149189058e-03
1.8918955855855855930e+01,-9.2973130852849836941e-03
1.8948985785785783520e+01,-9.2772031309888130374e-03
1.8979015715715714663e+01,-9.2566267281545839413e-03
1.9009045645645645806e+01,-9.2355876752472972763e-03
1.9039075575575573396e+01,-9.2140899066865625949e-03
1.9069105505505504539e+01,-9.1921373423863288882e-03
1.9099135435435435681e+01,-9.1697338776071442984e-03
1.9129165365365363272e+01,-9.1468833831496489106e-03
1.9159195295295294414e+01,-9.1235897055462478189e-03
1.9189225225225225557e+01,-9.0998566672510425302e-03
1.9219255155155153147e+01,-9.0756880668279200919e-03
1.9249285085085084290e+01,-9.0510876791368797406e-03
1.9279315015015015433e+01,-9.0260592555186994201e-03
1.9309344944944943023e+01,-9.0006065239777669623e-03
1.9339374874874874166e+01,-8.9747331895156517989e-03
1.9369404804804805309e+01,-8.9484429994707518491e-03
1.9399434734734732899e+01,-8.9217398445367024351e-03
1.9429464664664664042e+01,-8.8946276175224572164e-03
1.9459494594594595185e+01,-8.8671101872074206685e-03
1.9489524524524522775e+01,-8.8391913985265656295e-03
1.9519554454454453918e+01,-8.8108750727538369396e-03
1.9549584384384381508e+01,-8.7821650076839018889e-03
1.9579614314314312651e+01,-8.7530649778121780852e-03
1.9609644244244243794e+01,-8.7235787345132619064e-03
1.9639674174174171384e+01,-8.6937100062176777410e-03
1.9669704104104102527e+01,-8.6634624985870208741e-03
1.9699734034034033670e+01,-8.6328398946875009590e-03
1.9729763963963961260e+01,-8.6018458654571871430e-03
1.9759793893893892403e+01,-8.5704841831853190853e-03
1.9789823823823823545e+01,-8.5387586789489045014e-03
1.9819853753753751135e+01,-8.5066731620593808577e-03
1.9849883683683682278e+01,-8.4742314187764688355e-03
1.9879913613613613421e+01,-8.4414372124823177507e-03
1.9909943543543541011e+01,-8.4082942838540290081e-03
1.9939973473473472154e+01,-8.3748063510345870791e-03
1.9970003403403403297e+01,-8.3409771098023471891e-03
2.0000033333333330887e+01,-8.3068102337388941003e-03
2.0030063263263262030e+01,-8.2723093743954541346e-03
2.0060093193193193173e+01,-8.2374781614577806399e-03
2.0090123123123120763e+01,-8.2023202029095857585e-03
2.0120153053053051906e+01,-8.1668391082061857211e-03
2.0150182982982983049e+01,-8.1310385823010096484e-03
2.0180212912912910639e+01,-8.0949223451945544194e-03
2.0210242842842841782e+01,-8.0584940947926540084e-03
2.0240272772772772925e+01,-8.0217575070552389616e-03
2.0270302702702700515e+01,-7.9847162361588678442e-03
2.0300332632632631658e+01,-7.9473739146578535608e-03
2.0330362562562562800e+01,-7.9097341536439724069e-03
2.0360392492492490391e+01,-7.8718005429047332999e-03
2.0390422422422421533e+01,-7.8335766510802314760e-03
2.0420452352352352676e+01,-7.7950660258186803275e-03
2.0450482282282280266e+01,-7.7562721939305225016e-03
2.0480512212212211409e+01,-7.7171986615411792415e-03
2.0510542142142142552e+01,-7.6778489331733850570e-03
2.0540572072072070142e+01,-7.6382265847543808976e-03
2.0570602002002001285e+01,-7.5983351991762071095e-03
2.0600631931931932428e+01,-7.5581783384458083030e-03
2.0630661861861860018e+01,-7.5177595438307431852e-03
2.0660691791791791161e+01,-7.4770823360098851926e-03
2.0690721721721722304e+01,-7.4361502152228715207e-03
2.0720751651651649894e+01,-7.3949666614181929977e-03
2.0750781581581581037e+01,-7.3535351344000002630e-03
2.0780811511511508627e+01,-7.3118590739736930365e-03
2.0810841441441439770e+01,-7.2699419000901771212e-03
2.0840871371371370913e+01,-7.2277870129889192422e-03
2.0870901301301298503e+01,-7.1853977933397719657e-03
2.0900931231231229646e+01,-7.1427776081902458888e-03
2.0930961161161160788e+01,-7.0999298654419963281e-03
2.0960991091091088379e+01,-7.0568579890620706727e-03
2.0991021021021019521e+01,-7.0135653838890943748e-03
2.1021050950950950664e+01,-6.9700554353055912266e-03
2.1051080880880878254e+01,-6.9263315093767161348e-03
2.1081110810810809397e+01,-6.8823969529878542550e-03
2.1111140740740740540e+01,-6.8382550939810431145e-03
2.1141170670670668130e+01,-6.7939092412902229307e-03
2.1171200600600599273e+01,-6.7493626850753064492e-03
2.1201230530530530416e+01,-6.7046186968551827953e-03
2.1231260460460458006e+01,-6.6596805296395278351e-03
2.1261290390390389149e+01,-6.6145514180594965070e-03
2.1291320320320320292e+01,-6.5692345785945231718e-03
2.1321350250250247882e+01,-6.5237332289234985228e-03
2.1351380180180179025e+01,-6.4780506110731503680e-03
2.1381410110110110168e+01,-6.4321899545013022648e-03
2.1411440040040037758e+01,-6.3861544705482980316e-03
2.1441469969969968901e+01,-6.3399473525638351881e-03
2.1471499899899900043e+01,-6.2935717760328252143e-03
2.1501529829829827634e+01,-6.2470308987001210363e-03
2.1531559759759758776e+01,-6.2003278606942097487e-03
2.1561589689689689919e+01,-6.1534657846499260861e-03
2.1591619619619617509e+01,-6.1064477758300894986e-03
2.1621649549549548652e+01,-6.0592769222461134032e-03
2.1651679479479479795e+01,-6.0119562947776915632e-03
2.1681709409409407385e+01,-5.9644889472914054684e-03
2.1711739339339338528e+01,-5.9168779172946916675e-03
2.1741769269269269671e+01,-5.8691262413216524485e-03
2.1771799199199197261e+01,-5.8212369571596046455e-03
2.1801829129129128404e+01,-5.7732130868386665953e-03
2.1831859059059059547e+01,-5.7250576357616494647e-03
2.1861888988988987137e+01,-5.6767735928182367494e-03
2.1891918918918918280e+01,-5.6283639304982278906e-03
2.1921948848848845870e+01,-5.5798316050039006506e-03
2.1951978778778777013e+01,-5.5311795563613803603e-03
2.1982008708708708156e+01,-5.4824107085311600193e-03
2.2012038638638635746e+01,-5.4335279695176827777e-03
2.2042068568568566889e+01,-5.3845342314780024126e-03
2.2072098498498498031e+01,-5.3354323708296397602e-03
2.2102128428428425622e+01,-5.2862252483574798459e-03
2.2132158358358356764e+01,-5.2369157093940955222e-03
2.2162188288288287907e+01,-5.1875065863185220935e-03
2.2192218218218215497e+01,-5.1380006991595577118e-03
2.2222248148148146640e+01,-5.0884008528808014407e-03
2.2252278078078077783e+01,-5.0387098373044355779e-03
2.2282308008008005373e+01,-4.9889304272132334664e-03
2.2312337937937936516e+01,-4.9390653824517563239e-03
2.2342367867867867659e+01,-4.8891174480267737823e-03
2.2372397797797795249e+01,-4.8390893542068300764e-03
2.2402427727727726392e+01,-4.7889838166210079232e-03
2.2432457657657657535e+01,-4.7388035363569508060e-03
2.2462487587587585125e+01,-4.6885512000580465211e-03
2.2492517517517516268e+01,-4.6382294800198361692e-03
2.2522547447447447411e+01,-4.5878410342856989004e-03
2.2552577377377375001e+01,-4.5373885067334059421e-03
2.2582607307307306144e+01,-4.4868745220632954424e-03
2.2612637237237237287e+01,-4.4363016772393940382e-03
2.2642667167167164877e+01,-4.3856725531463613618e-03
2.2672697097097096020e+01,-4.3349897169953381312e-03
2.2702727027027027162e+01,-4.2842557224144180508e-03
2.2732756956956954753e+01,-4.2334731095383399541e-03
2.2762786886886885895e+01,-4.1826444050974782504e-03
2.2792816816816817038e+01,-4.1317721225061837184e-03
2.2822846746746744628e+01,-4.0808587619503688265e-03
2.2852876676676675771e+01,-4.0299068104744017668e-03
2.2882906606606606914e+01,-3.9789187420673751208e-03
2.2912936536536534504e+01,-3.9278970177486407372e-03
2.2942966466466465647e+01,-3.8768440856526685014e-03
2.2972996396396396790e+01,-3.8257623811133027215e-03
2.3003026326326324380e+01,-3.7746543254111690480e-03
2.3033056256256255523e+01,-3.7235223037924030688e-03
2.3063086186186186666e+01,-3.6723686691472029985e-03
2.3093116116116114256e+01,-3.6211957614895847260e-03
2.3123146046046045399e+01,-3.5700059086776728297e-03
2.3153175975975972989e+01,-3.5188014264925923311e-03
2.3183205905905904132e+01,-3.4675846187166231918e-03
2.3213235835835835275e+01,-3.4163577772108647511e-03
2.3243265765765762865e+01,-3.3651231819922210187e-03
2.3273295695695694008e+01,-3.3138831013098018000e-03
2.3303325625625625150e+01,-3.2626397917207795515e-03
2.3333355555555552741e+01,-3.2113954981656061237e-03
2.3363385485485483883e+01,-3.1601524540426574779e-03
2.3393415415415415026e+01,-3.1089128812823462779e-03
2.3423445345345342616e+01,-3.0576789904206203886e-03
2.3453475275275273759e+01,-3.0064529767577586120e-03
2.3483505205205204902e+01,-2.9552369849009428940e-03
2.3513535135135132492e+01,-2.9040331256489295038e-03
2.3543565065065063635e+01,-2.8528434987512211844e-03
2.3573594994994994778e+01,-2.8016701932580237618e-03
2.3603624924924922368e+01,-2.7505152875882893718e-03
2.3633654854854853511e+01,-2.6993808495972401382e-03
2.3663684784784784654e+01,-2.6482689366434347504e-03
2.3693714714714712244e+01,-2.5971815956552669197e-03
2.3723744644644643387e+01,-2.5461208631969633673e-03
2.3753774574574574530e+01,-2.4950887655341277491e-03
2.3783804504504502120e+01,-2.4440873186987446472e-03
2.3813834434434433263e+01,-2.3931185285536826605e-03
2.3843864364364364405e+01,-2.3421843908567681510e-03
2.3873894294294291996e+01,-2.2912868913243203579e-03
2.3903924224224223138e+01,-2.2404280031610552225e-03
2.3933954154154154281e+01,-2.1896096457521630266e-03
2.3963984084084081871e+01,-2.1388336917062995834e-03
2.3994014014014013014e+01,-2.0881020030847877340e-03
2.4024043943943944157e+01,-2.0374164326387020005e-03
2.4054073873873871747e+01,-1.9867788238669627406e-03
2.4084103803803802890e+01,-1.9361910110740037771e-03
2.4114133733733734033e+01,-1.8856548194270583881e-03
2.4144163663663661623e+01,-1.8351720650129602248e-03
2.4174193593593592766e+01,-1.7847445548945304987e-03
2.4204223523523523909e+01,-1.7343740871665926356e-03
2.4234253453453451499e+01,-1.6840624510115146523e-03
2.4264283383383382642e+01,-1.6338114267543466917e-03
2.4294313313313310232e+01,-1.5836227859176014218e-03
2.4324343243243241375e+01,-1.5334982912755454592e-03
2.4354373173173172518e+01,-1.4834396968740927447e-03
2.4384403103103100108e+01,-1.4334487243565306302e-03
2.4414433033033031251e+01,-1.3835270216644034082e-03
2.4444462962962962393e+01,-1.3336762175456470803e-03
2.4474492892892889984e+01,-1.2838979327543730783e-03
2.4504522822822821126e+01,-1.2341937800998366900e-03
2.4534552752752752269e+01,-1.1845653644950908476e-03
2.4564582682682679859e+01,-1.1350142830052357273e-03
2.4594612612612611002e+01,-1.0855421248953109944e-03
2.4624642542542542145e+01,-1.0361504716778931461e-03
2.4654672472472469735e+01,-9.8684089716029213361e-04
2.4684702402402400878e+01,-9.3761496749140038794e-04
2.4714732332332332021e+01,-8.8847424120825680988e-04
2.4744762262262259611e+01,-8.3942026928221773630e-04
2.4774792192192190754e+01,-7.9045459516479039432e-04
2.4804822122122121897e+01,-7.4157875483318847452e-04
2.4834852052052049487e+01,-6.9279427571623667433e-04
2.4864881981981980630e+01,-6.4410263185182207828e-04
2.4894911911911911773e+01,-5.9550522894769833578e-04
2.4924941841841839363e+01,-5.4700346169456398951e-04
2.4954971771771770506e+01,-4.9859871806981546742e-04
2.4985001701701701649e+01,-4.5029237937792483161e-04
2.5015031631631629239e+01,-4.0208582029047594932e-04
2.5045061561561560382e+01,-3.5398040888591232036e-04
2.5075091491491491524e+01,-3.0597750668905234319e-04
2.5105121421421419114e+01,-2.5807846871026696037e-04
2.5135151351351350257e+01,-2.1028464348437879970e-04
2.5165181281281281400e+01,-1.6259737310933230462e-04
2.5195211211211208990e+01,-1.1501799328453777736e-04
2.5225241141141140133e+01,-6.7547833348940237975e-05
2.5255271071071071276e+01,-2.0188216318868180190e-05
2.5285301001000998866e+01,2.7059541074438115500e-05
2.5315330930930930009e+01,7.4194129213706345853e-05
2.5345360860860861152e+01,1.2121429126475475517e-04
2.5375390790790788742e+01,1.6811884554555420602e-04
2.5405420720720719885e+01,2.1490662158040743038e-04
2.5435450650650647475e+01,2.6157645442120353767e-04
2.5465480580580578618e+01,3.0812718461487037394e-04
2.5495510510510509761e+01,3.5455765817097440037e-04
2.5525540440440437351e+01,4.0086672652960356200e-04
2.5555570370370368494e+01,4.4705324652947829979e-04
2.5585600300300299637e+01,4.9311608037623554709e-04
2.5615630230230227227e+01,5.3905409561098686661e-04
2.5645660160160158370e+01,5.8486616507909640946e-04
2.5675690090090089512e+01,6.3055116689912963594e-04
2.5705720020020017103e+01,6.7610798443206842484e-04
2.5735749949949948245e+01,7.2153550625074101745e-04
2.5765779879879879388e+01,7.6683262610941806126e-04
2.5795809809809806978e+01,8.1199824291366929589e-04
2.5825839739739738121e+01,8.5703128198440345267e-04
2.5855869669669669264e+01,9.0193075980218037971e-04
2.5885899599599596854e+01,9.4669571920386291590e-04
2.5915929529529527997e+01,9.9132520746275762553e-04
2.5945959459459459140e+01,1.0358182762629120511e-03
2.5975989389389386730e+01,1.0801739816736310833e-03
2.6006019319319317873e+01,1.1243913841241773201e-03
2.6036049249249249016e+01,1.1684695483785922064e-03
2.6066079179179176606e+01,1.2124075435107457225e-03
2.6096109109109107749e+01,1.2562044428795513060e-03
2.6126139039039038892e+01,1.2998593241043095766e-03
2.6156168968968966482e+01,1.3433712690402665156e-03
2.6186198898898897625e+01,1.3867393637543425165e-03
2.6216228828828828767e+01,1.4299626985009748423e-03
2.6246258758758756358e+01,1.4730403676981821282e-03
2.6276288688688687500e+01,1.5159714699037863100e-03
2.6306318618618618643e+01,1.5587551085610006768e-03
2.6336348548548546233e+01,1.6013904400512012690e-03
2.6366378478478477376e+01,1.6438767018499879109e-03
2.6396408408408408519e+01,1.6862131417335088183e-03
2.6426438338338336109e+01,1.7283990108970996667e-03
2.6456468268268267252e+01,1.7704335639358904659e-03
2.6486498198198198395e+01,1.8123160588255056783e-03
2.6516528128128125985e+01,1.8540457569029362896e-03
2.6546558058058057128e+01,1.8956219228475409012e-03
2.6576587987987988271e+01,1.9370438246621346414e-03
2.6606617917917915861e+01,1.9783107336542480811e-03
2.6636647847847847004e+01,2.0194219244175138674e-03
2.6666677777777774594e+01,2.0603766748131264325e-03
2.6696707707707705737e+01,2.1011742659515094366e-03
2.6726737637637636880e+01,2.1418139821740215904e-03
2.6756767567567564470e+01,2.1822951110348444079e-03
2.6786797497497495613e+01,2.2226169432829857506e-03
2.6816827427427426755e+01,2.2627787736705286953e-03
2.6846857357357354346e+01,2.3027799502650741180e-03
2.6876887287287285488e+01,2.3426199020822316074e-03
2.6906917217217216631e+01,2.3822980674355113094e-03
2.6936947147147144221e+01,2.4218138871431502644e-03
2.6966977077077075364e+01,2.4611668045141756392e-03
2.6997007007007006507e+01,2.5003562653345273725e-03
2.7027036936936934097e+01,2.5393817178533070224e-03
2.7057066866866865240e+01,2.5782426127691289615e-03
2.7087096796796796383e+01,2.6169384032165093033e-03
2.7117126726726723973e+01,2.6554685447523936059e-03
2.7147156656656655116e+01,2.6938324953427726129e-03
2.7177186586586586259e+01,2.7320297153493456992e-03
2.7207216516516513849e+01,2.7700596675163105184e-03
2.7237246446446444992e+01,2.8079218169572467585e-03
2.7267276376376376135e+01,2.8456156311420393625e-03
2.7297306306306303725e+01,2.8831405798839314196e-03
2.7327336236236234868e+01,2.9204961353266729006e-03
2.7357366166166166010e+01,2.9576817951046724051e-03
2.7387396096096093601e+01,2.9946971494797477477e-03
2.7417426026026024743e+01,3.0315418125617431613e-03
2.7447455955955955886e+01,3.0682154001492783005e-03
2.7477485885885883476e+01,3.1047175297205359921e-03
2.7507515815815814619e+01,3.1410478204241107023e-03
2.7537545745745745762e+01,3.1772058930698656755e-03
2.7567575675675673352e+01,3.2131913701199063017e-03
2.7597605605605604495e+01,3.2490038756795981516e-03
2.7627635535535535638e+01,3.2846430354886132011e-03
2.7657665465465463228e+01,3.3201084769120697317e-03
2.7687695395395394371e+01,3.3553998289317312105e-03
2.7717725325325325514e+01,3.3905167221372203498e-03
2.7747755255255253104e+01,3.4254587887173342138e-03
2.7777785185185184247e+01,3.4602256624514113673e-03
2.7807815115115111837e+01,3.4948169787007142030e-03
2.7837845045045042980e+01,3.5292323743999318326e-03
2.7867874974974974123e+01,3.5634714889888497585e-03
2.7897904904904901713e+01,3.5975340142675228151e-03
2.7927934834834832856e+01,3.6314197190007993163e-03
2.7957964764764763999e+01,3.6651283791054832528e-03
2.7987994694694691589e+01,3.6986597714601023718e-03
2.8018024624624622732e+01,3.7320136738997707927e-03
2.8048054554554553874e+01,3.7651898652110412161e-03
2.8078084484484481465e+01,3.7981881251268360608e-03
2.8108114414414412607e+01,3.8310082343213937815e-03
2.8138144344344343750e+01,3.8636499744052260272e-03
2.8168174274274271340e+01,3.8961131279201441889e-03
2.8198204204204202483e+01,3.9283974783343037288e-03
2.8228234134134133626e+01,3.9605028100372589167e-03
2.8258264064064061216e+01,3.9924289083350765484e-03
2.8288293993993992359e+01,4.0241755594454834896e-03
2.8318323923923923502e+01,4.0557425504930090174e-03
2.8348353853853851092e+01,4.0871296695041961153e-03
2.8378383783783782235e+01,4.1183367054028344537e-03
2.8408413713713713378e+01,4.1493634488982437600e-03
2.8438443643643640968e+01,4.1802097406983340991e-03
2.8468473573573572111e+01,4.2108754957993817930e-03
2.8498503503503503254e+01,4.2413606356062902650e-03
2.8528533433433430844e+01,4.2716650818548822580e-03
2.8558563363363361987e+01,4.3017887566101807237e-03
2.8588593293293293129e+01,4.3317315822646506804e-03
2.8618623223223220720e+01,4.3614934815365009185e-03
2.8648653153153151862e+01,4.3910743774679805024e-03
2.8678683083083083005e+01,4.4204741934236605264e-03
2.8708713013013010595e+01,4.4496928530887653111e-03
2.8738742942942941738e+01,4.4787302804674983953e-03
2.8768772872872872881e+01,4.5075863998813676600e-03
2.8798802802802800471e+01,4.5362611359675321376e-03
2.8828832732732731614e+01,4.5647544136771748408e-03
2.8858862662662662757e+01,4.5930661582738408974e-03
2.8888892592592590347e+01,4.6211962953318311970e-03
2.8918922522522521490e+01,4.6491447507346003731e-03
2.8948952452452452633e+01,4.6769114506731235617e-03
2.8978982382382380223e+01,4.7044963419817301120e-03
2.9009012312312311366e+01,4.7318994545518053979e-03
2.9039042242242238956e+01,4.7591208392389070317e-03
2.9069072172172170099e+01,4.7861605466884681731e-03
2.9099102102102101242e+01,4.8130186273368461697e-03
2.9129132032032028832e+01,4.8396951314124171672e-03
2.9159161961961959975e+01,4.8661901089366542406e-03
2.9189191891891891117e+01,4.8925036097251682274e-03
2.9219221821821818708e+01,4.9186356833887806550e-03
2.9249251751751749850e+01,4.9445863793345862583e-03
2.9279281681681680993e+01,4.9703557467669669256e-03
2.9309311611611608583e+01,4.9959438346886585539e-03
2.9339341541541539726e+01,5.0213506919017719329e-03
2.9369371471471470869e+01,5.0465763670088179677e-03
2.9399401401401398459e+01,5.0716209084137198887e-03
2.9429431331331329602e+01,5.0964843643228506173e-03
2.9459461261261260745e+01,5.1211667827460102820e-03
2.9489491191191188335e+01,5.1456682114974427664e-03
2.9519521121121119478e+01,5.1699886986538738307e-03
2.9549551051051050621e+01,5.1941283319231435975e-03
2.9579580980980978211e+01,5.2180872687801176796e-03
2.9609610910910909354e+01,5.2418656731949729230e-03
2.9639640840840840497e+01,5.2654637084733604477e-03
2.9669670770770768087e+01,5.2888815372597753478e-03
2.9699700700700699230e+01,5.3121193215409142491e-03
2.9729730630630630372e+01,5.3351772226489712833e-03
2.9759760560560557963e+01,5.3580554012649540124e-03
2.9789790490490489105e+01,5.3807540174219733314e-03
2.9819820420420420248e+01,5.4032732305084926056e-03
2.9849850350350347838e+01,5.4256131992715698684e-03
2.9879880280280278981e+01,5.4477740818200991527e-03
2.9909910210210210124e+01,5.4697560356279859017e-03
2.9939940140140137714e+01,5.4915592175373553405e-03
2.9969970070070068857e+01,5.5131837837617114068e-03
3.0000000000000000000e+01,5.5346298898890748663e-03
