1.0000000000000000479e-04,8.3509227842401110742e-28
1.0384722771622945103e-01,5.6272609194789134548e-13
2.0759445543245888532e-01,1.7647817800247926955e-11
3.1134168314868831962e-01,1.3157347772310278491e-10
4.1508891086491778166e-01,5.4459711921398667065e-10
5.1883613858114718820e-01,1.6327283654483038320e-09
6.2258336629737665024e-01,3.9915806484165709429e-09
7.2633059401360611229e-01,8.4766269274572683994e-09
8.3007782172983557434e-01,1.6238208541987269183e-08
9.3382504944606503638e-01,2.8751630273143723150e-08
1.0375722771622943874e+00,4.7842659287442477731e-08
1.1413195048785238495e+00,7.5708731299524492134e-08
1.2450667325947533115e+00,1.1493615248084832197e-07
1.3488139603109827735e+00,1.6851357295100913196e-07
1.4525611880272122356e+00,2.3984198917198821124e-07
1.5563084157434416976e+00,3.3274154132580993132e-07
1.6600556434596711597e+00,4.5145530967247975668e-07
1.7638028711759006217e+00,6.0065038501460077227e-07
1.8675500988921300838e+00,7.8541636384050866606e-07
1.9712973266083595458e+00,1.0112615437686268159e-06
2.0750445543245890079e+00,1.2841069599212754468e-06
2.1787917820408186920e+00,1.6102784467642424826e-06
2.2825390097570479320e+00,1.9964969400509149201e-06
2.3862862374732776161e+00,2.4498671657143463405e-06
2.4900334651895068561e+00,2.9778648208102490322e-06
2.5937806929057365402e+00,3.5883224919247041445e-06
2.6975279206219657802e+00,4.2894143363174004827e-06
2.8012751483381954642e+00,5.0896398049354270985e-06
2.9050223760544247043e+00,5.9978063466737701655e-06
3.0087696037706543883e+00,7.0230114036011802582e-06
3.1125168314868836283e+00,8.1746236782121480517e-06
3.2162640592031133124e+00,9.4622636535490376418e-06
3.3200112869193425524e+00,1.0895784058838883980e-05
3.4237585146355717924e+00,1.2485249411888126858e-05
3.5275057423518014765e+00,1.4240915554355552863e-05
3.6312529700680307165e+00,1.6173208957461267666e-05
3.7350001977842604006e+00,1.8292705773017011681e-05
3.8387474255004896406e+00,2.0610110824308667827e-05
3.9424946532167193247e+00,2.3136236636318626689e-05
4.0462418809329481206e+00,2.5881982499942492561e-05
4.1499891086491773606e+00,2.8858313461822501946e-05
4.2537363363654074888e+00,3.2076239635641261890e-05
4.3574835640816367288e+00,3.5546796087047758891e-05
4.4612307917978659688e+00,3.9281021766347173441e-05
4.5649780195140952088e+00,4.3289940551231189769e-05
4.6687252472303253370e+00,4.7584540650789881660e-05
4.7724724749465545770e+00,5.2175755917875536792e-05
4.8762197026627838170e+00,5.7074446948720312467e-05
4.9799669303790130570e+00,6.2291382298066525522e-05
5.0837141580952422970e+00,6.7837220648850584856e-05
5.1874613858114724252e+00,7.3722493359738502927e-05
5.2912086135277016652e+00,7.9957587393158940947e-05
5.3949558412439309052e+00,8.6552728741150968070e-05
5.4987030689601601452e+00,9.3517966454456318936e-05
5.6024502966763902734e+00,1.0086315720718237092e-04
5.7061975243926195134e+00,1.0859795040948162824e-04
5.8099447521088487534e+00,1.1673177388106665533e-04
5.9136919798250779934e+00,1.2527382013946601570e-04
6.0174392075413081216e+00,1.3423303329038277997e-04
6.1211864352575373616e+00,1.4361809642603610743e-04
6.2249336629737666016e+00,1.5343741959912782441e-04
6.3286808906899958416e+00,1.6369912840260832185e-04
6.4324281184062259697e+00,1.7441105342761706104e-04
6.5361753461224552098e+00,1.8558072002341485514e-04
6.6399225738386844498e+00,1.9721533845342496924e-04
6.7436698015549136898e+00,2.0932179523042745810e-04
6.8474170292711429298e+00,2.2190664463358239391e-04
6.9511642569873730579e+00,2.3497610078604923289e-04
7.0549114847036022979e+00,2.4853603059048472862e-04
7.1586587124198315379e+00,2.6259194700724812618e-04
7.2624059401360607779e+00,2.7714900294101399479e-04
7.3661531678522909061e+00,2.9221198587001297057e-04
7.4699003955685201461e+00,3.0778531260041970628e-04
7.5736476232847493861e+00,3.2387302538252948697e-04
7.6773948510009786261e+00,3.4047878710465376804e-04
7.7811420787172087543e+00,3.5760587935743478509e-04
7.8848893064334379943e+00,3.7525719784104588899e-04
7.9886365341496672343e+00,3.9343525153638761504e-04
8.0923837618658964743e+00,4.1214216049524518516e-04
8.1961309895821266025e+00,4.3137965330603824602e-04
8.2998782172983549543e+00,4.5114906815931372355e-04
8.4036254450145850825e+00,4.7145135150997180161e-04
8.5073726727308152107e+00,4.9228705698953656878e-04
8.6111199004470435625e+00,5.1365634761684256758e-04
8.7148671281632736907e+00,5.3555899666843744845e-04
8.8186143558795020425e+00,5.5799438749730401708e-04
8.9223615835957321707e+00,5.8096151568540156315e-04
9.0261088113119622989e+00,6.0445899201164892452e-04
9.1298560390281906507e+00,6.2848504478921869091e-04
9.2336032667444207789e+00,6.5303752229145723730e-04
9.3373504944606509071e+00,6.7811389518028747196e-04
9.4410977221768792589e+00,7.0371126080692736338e-04
9.5448449498931093871e+00,7.2982634719499252501e-04
9.6485921776093377389e+00,7.5645551709123480099e-04
9.7523394053255678671e+00,7.8359477232590112831e-04
9.8560866330417979952e+00,8.1123975847267350541e-04
9.9598338607580263471e+00,8.3938576977736609110e-04
1.0063581088474256475e+01,8.6802775426037545939e-04
1.0167328316190484827e+01,8.9716031935613239565e-04
1.0271075543906714955e+01,9.2677773773460413956e-04
1.0374822771622945083e+01,9.5687395323063083406e-04
1.0478569999339173435e+01,9.8744258699000786624e-04
1.0582317227055403563e+01,1.0184769438197698813e-03
1.0686064454771633692e+01,1.0499700187299233246e-03
1.0789811682487862043e+01,1.0819145036545423436e-03
1.0893558910204092172e+01,1.1143027943397248135e-03
1.0997306137920320523e+01,1.1471269973868274735e-03
1.1101053365636550652e+01,1.1803789374403392699e-03
1.1204800593352780780e+01,1.2140501645097039746e-03
1.1308547821069009132e+01,1.2481319614160715174e-03
1.1412295048785239260e+01,1.2826153513549893442e-03
1.1516042276501469388e+01,1.3174911055671989241e-03
1.1619789504217697740e+01,1.3527497511106930522e-03
1.1723536731933927868e+01,1.3883815787279112433e-03
1.1827283959650156220e+01,1.4243766507928991554e-03
1.1931031187366386348e+01,1.4607248090777803003e-03
1.2034778415082616476e+01,1.4974156826206468443e-03
1.2138525642798844828e+01,1.5344386959670120504e-03
1.2242272870515074956e+01,1.5717830773318657283e-03
1.2346020098231303308e+01,1.6094378668139038783e-03
1.2449767325947533436e+01,1.6473919246708342620e-03
1.2553514553663763564e+01,1.6856339396542983477e-03
1.2657261781379991916e+01,1.7241524374029559320e-03
1.2761009009096222044e+01,1.7629357885312697731e-03
1.2864756236812452173e+01,1.8019722148958840658e-03
1.2968503464528680524e+01,1.8412497986762686644e-03
1.3072250692244910653e+01,1.8807564915275447152e-03
1.3175997919961139004e+01,1.9204801230703874484e-03
1.3279745147677369133e+01,1.9604084094259001565e-03
1.3383492375393599261e+01,2.0005289608859330025e-03
1.3487239603109827613e+01,2.0408292857667905199e-03
1.3590986830826057741e+01,2.0812968010455300955e-03
1.3694734058542286093e+01,2.1219188424331388541e-03
1.3798481286258516221e+01,2.1626826729361464489e-03
1.3902228513974746349e+01,2.2035754896116534554e-03
1.4005975741690974701e+01,2.2445844246597565670e-03
1.4109722969407204829e+01,2.2856965584316935036e-03
1.4213470197123434957e+01,2.3268989301673281313e-03
1.4317217424839663309e+01,2.3681785458406004463e-03
1.4420964652555893437e+01,2.4095223771318091677e-03
1.4524711880272121789e+01,2.4509173702463851394e-03
1.4628459107988351917e+01,2.4923504609259865619e-03
1.4732206335704582045e+01,2.5338085818989147108e-03
1.4835953563420810397e+01,2.5752786584743612638e-03
1.4939700791137040525e+01,2.6167476190135847448e-03
1.5043448018853268877e+01,2.6582024113064304550e-03
1.5147195246569499005e+01,2.6996300062300661142e-03
1.5250942474285729133e+01,2.7410173900237837750e-03
1.5354689702001957485e+01,2.7823515845420429896e-03
1.5458436929718187614e+01,2.8236196589560883484e-03
1.5562184157434417742e+01,2.8648087210568252969e-03
1.5665931385150646094e+01,2.9059059246490394866e-03
1.5769678612866876222e+01,2.9468984908231259448e-03
1.5873425840583104574e+01,2.9877737031582473314e-03
1.5977173068299334702e+01,3.0285189033111723986e-03
1.6080920296015563054e+01,3.0691215173277415842e-03
1.6184667523731793182e+01,3.1095690539774492080e-03
1.6288414751448023310e+01,3.1498490944385088008e-03
1.6392161979164253438e+01,3.1899493202839465829e-03
1.6495909206880483566e+01,3.2298575119611891947e-03
1.6599656434596710142e+01,3.2695615374718632780e-03
1.6703403662312940270e+01,3.3090493812952355077e-03
1.6807150890029170398e+01,3.3483091386045014080e-03
1.6910898117745400526e+01,3.3873290083099921385e-03
1.7014645345461630654e+01,3.4260973212608550678e-03
1.7118392573177857230e+01,3.4646025266033115241e-03
1.7222139800894087358e+01,3.5028331959079629307e-03
1.7325887028610317486e+01,3.5407780447043431596e-03
1.7429634256326547614e+01,3.5784259128175039712e-03
1.7533381484042777743e+01,3.6157657834734470946e-03
1.7637128711759004318e+01,3.6527867886331222280e-03
1.7740875939475234446e+01,3.6894781956887706849e-03
1.7844623167191464574e+01,3.7258294328750551916e-03
1.7948370394907694703e+01,3.7618300762035541789e-03
1.8052117622623924831e+01,3.7974698571293066980e-03
1.8155864850340154959e+01,3.8327386732723272428e-03
1.8259612078056381534e+01,3.8676265756318033845e-03
1.8363359305772611663e+01,3.9021237882010018257e-03
1.8467106533488841791e+01,3.9362206983728229362e-03
1.8570853761205071919e+01,3.9699078645561280271e-03
1.8674600988921302047e+01,4.0031760201979342539e-03
1.8778348216637528623e+01,4.0360160698709440091e-03
1.8882095444353758751e+01,4.0684190992366121853e-03
1.8985842672069988879e+01,4.1003763699277882490e-03
1.9089589899786219007e+01,4.1318793269943445562e-03
1.9193337127502449135e+01,4.1629195964961963547e-03
1.9297084355218675711e+01,4.1934889910957137346e-03
1.9400831582934905839e+01,4.2235795067192497682e-03
1.9504578810651135967e+01,4.2531833307608308409e-03
1.9608326038367366095e+01,4.2822928346928313889e-03
1.9712073266083596224e+01,4.3109005853266728694e-03
1.9815820493799822799e+01,4.3389993359760218108e-03
1.9919567721516052927e+01,4.3665820356163257895e-03
2.0023314949232283055e+01,4.3936418251705865873e-03
2.0127062176948513184e+01,4.4201720379007311545e-03
2.0230809404664743312e+01,4.4461662067220887595e-03
2.0334556632380969887e+01,4.4716180512431123045e-03
2.0438303860097200015e+01,4.4965214991106068620e-03
2.0542051087813430144e+01,4.5208706583729713416e-03
2.0645798315529660272e+01,4.5446598526185091535e-03
2.0749545543245890400e+01,4.5678835802751803497e-03
2.0853292770962120528e+01,4.5905365608775684436e-03
2.0957039998678347104e+01,4.6126136846936947530e-03
2.1060787226394577232e+01,4.6341100664273179519e-03
2.1164534454110807360e+01,4.6550209887610974682e-03
2.1268281681827037488e+01,4.6753419604337398754e-03
2.1372028909543267616e+01,4.6950686559744537335e-03
2.1475776137259494192e+01,4.7141969768482033798e-03
2.1579523364975724320e+01,4.7327229877439144085e-03
2.1683270592691954448e+01,4.7506429813170148596e-03
2.1787017820408184576e+01,4.7679534097414804500e-03
2.1890765048124414704e+01,4.7846509550081954554e-03
2.1994512275840641280e+01,4.8007324532832601482e-03
2.2098259503556871408e+01,4.8161949735785252943e-03
2.2202006731273101536e+01,4.8310357319745408922e-03
2.2305753958989331664e+01,4.8452521815017081733e-03
2.2409501186705561793e+01,4.8588419138483589926e-03
2.2513248414421788368e+01,4.8718027619828853728e-03
2.2616995642138018496e+01,4.8841326892212323998e-03
2.2720742869854248625e+01,4.8958299027462596695e-03
2.2824490097570478753e+01,4.9068927344867192125e-03
2.2928237325286708881e+01,4.9173197580379812005e-03
2.3031984553002939009e+01,4.9271096720635166460e-03
2.3135731780719165585e+01,4.9362614068126147923e-03
2.3239479008435395713e+01,4.9447740267019764382e-03
2.3343226236151625841e+01,4.9526468074329614219e-03
2.3446973463867855969e+01,4.9598791783512117745e-03
2.3550720691584086097e+01,4.9664707490846482160e-03
2.3654467919300312673e+01,4.9724213117799953565e-03
2.3758215147016542801e+01,4.9777308000813688671e-03
2.3861962374732772929e+01,4.9823993631331435494e-03
2.3965709602449003057e+01,4.9864272532445502034e-03
2.4069456830165233185e+01,4.9898149636834979864e-03
2.4173204057881459761e+01,4.9925630685286083443e-03
2.4276951285597689889e+01,4.9946723831272542282e-03
2.4380698513313920017e+01,4.9961438130557396867e-03
2.4484445741030150145e+01,4.9969784701081590081e-03
2.4588192968746380274e+01,4.9971775987184595749e-03
2.4691940196462606849e+01,4.9967425877247301919e-03
2.4795687424178836977e+01,4.9956750175024480440e-03
2.4899434651895067105e+01,4.9939765481463987279e-03
2.5003181879611297234e+01,4.9916490751908855483e-03
2.5106929107327527362e+01,4.9886945452844305704e-03
2.5210676335043753937e+01,4.9851151298812308027e-03
2.5314423562759984065e+01,4.9809130855678661678e-03
2.5418170790476214194e+01,4.9760908233674495948e-03
2.5521918018192444322e+01,4.9706509169601294229e-03
2.5625665245908674450e+01,4.9645960063179946781e-03
2.5729412473624904578e+01,4.9579289573799308760e-03
2.5833159701341131154e+01,4.9506526653804068527e-03
2.5936906929057361282e+01,4.9427702338591819956e-03
2.6040654156773591410e+01,4.9342848489459991551e-03
2.6144401384489821538e+01,4.9251998087349330852e-03
2.6248148612206051666e+01,4.9155185916381037570e-03
2.6351895839922278242e+01,4.9052446973569053049e-03
2.6455643067638508370e+01,4.8943818463172148250e-03
2.6559390295354738498e+01,4.8829337912722351259e-03
2.6663137523070968626e+01,4.8709044255656145511e-03
2.6766884750787198755e+01,4.8582977805764404264e-03
2.6870631978503425330e+01,4.8451179104882623888e-03
2.6974379206219655458e+01,4.8313690819449727973e-03
2.7078126433935885586e+01,4.8170555690915262820e-03
2.7181873661652115715e+01,4.8021817892953061815e-03
2.7285620889368345843e+01,4.7867522772462433450e-03
2.7389368117084572418e+01,4.7707715802346069289e-03
2.7493115344800802546e+01,4.7542444479219706996e-03
2.7596862572517032675e+01,4.7371756280029826691e-03
2.7700609800233262803e+01,4.7195699892485986834e-03
2.7804357027949492931e+01,4.7014325217805252172e-03
2.7908104255665723059e+01,4.6827682042424930570e-03
2.8011851483381949635e+01,4.6635822052160744861e-03
2.8115598711098179763e+01,4.6438796999235202462e-03
2.8219345938814409891e+01,4.6236659366133353935e-03
2.8323093166530640019e+01,4.6029463088763681797e-03
2.8426840394246870147e+01,4.5817261753669409619e-03
2.8530587621963096723e+01,4.5600110506662091744e-03
2.8634334849679326851e+01,4.5378064944420074336e-03
2.8738082077395556979e+01,4.5151180708874064443e-03
2.8841829305111787107e+01,4.4919515127808959734e-03
2.8945576532828017235e+01,4.4683125218812121821e-03
2.9049323760544243811e+01,4.4442068812111301321e-03
2.9153070988260473939e+01,4.4196404828933484252e-03
2.9256818215976704067e+01,4.3946191718597241507e-03
2.9360565443692934195e+01,4.3691489316741325896e-03
2.9464312671409164324e+01,4.3432357755670419897e-03
2.9568059899125390899e+01,4.3168856985839549126e-03
2.9671807126841621027e+01,4.2901048462063700456e-03
2.9775554354557851156e+01,4.2628993322935074956e-03
2.9879301582274081284e+01,4.2352753040309325250e-03
2.9983048809990311412e+01,4.2072390259550469099e-03
3.0086796037706537987e+01,4.1787967042804406367e-03
3.0190543265422768116e+01,4.1499546248191833409e-03
3.0294290493138998244e+01,4.1207191397641569630e-03
3.0398037720855228372e+01,4.0910965416723265795e-03
3.0501784948571458500e+01,4.0610932316449393359e-03
3.0605532176287688628e+01,4.0307156276105423481e-03
3.0709279404003915204e+01,3.9999701013438112088e-03
3.0813026631720145332e+01,3.9688631422912399802e-03
3.0916773859436375460e+01,3.9374012179898831842e-03
3.1020521087152605588e+01,3.9055907697902272381e-03
3.1124268314868835716e+01,3.8734383491012477907e-03
3.1228015542585062292e+01,3.8409504603472859920e-03
3.1331762770301292420e+01,3.8081336009598591372e-03
3.1435509998017522548e+01,3.7749943616912340870e-03
3.1539257225733752676e+01,3.7415392723279209536e-03
3.1643004453449982805e+01,3.7077748697238025778e-03
3.1746751681166209380e+01,3.6737077655656837777e-03
3.1850498908882439508e+01,3.6393445033601474863e-03
3.1954246136598669636e+01,3.6046916415724168659e-03
3.2057993364314903317e+01,3.5697557971876886680e-03
3.2161740592031129893e+01,3.5345435155598250998e-03
3.2265487819747363574e+01,3.4990613590238396624e-03
3.2369235047463590149e+01,3.4633159359547640091e-03
3.2472982275179823830e+01,3.4273137816033601329e-03
3.2576729502896050406e+01,3.3910614451308539533e-03
3.2680476730612276981e+01,3.3545655134284363755e-03
3.2784223958328510662e+01,3.3178324998666278503e-03
3.2887971186044737237e+01,3.2808689243799759282e-03
3.2991718413760970918e+01,3.2436813400771938309e-03
3.3095465641477197494e+01,3.2062762270773439988e-03
3.3199212869193424069e+01,3.1686600611952496151e-03
3.3302960096909657750e+01,3.1308393497080783119e-03
3.3406707324625884326e+01,3.0928205286463593578e-03
3.3510454552342118006e+01,3.0546100161746329513e-03
3.3614201780058344582e+01,3.0162142616781150752e-03
3.3717949007774571157e+01,2.9776396467691892272e-03
3.3821696235490804838e+01,2.9388925201214938579e-03
3.3925443463207031414e+01,2.8999792609179404768e-03
3.4029190690923265095e+01,2.8609061863330907498e-03
3.4132937918639491670e+01,2.8216795658691016906e-03
3.4236685146355718246e+01,2.7823056957273200468e-03
3.4340432374071951926e+01,2.7427908186397585710e-03
3.4444179601788178502e+01,2.7031411178387349144e-03
3.4547926829504412183e+01,2.6633627932580641179e-03
3.4651674057220638758e+01,2.6234620032381905479e-03
3.4755421284936865334e+01,2.5834448392282852343e-03
3.4859168512653099015e+01,2.5433173925469496068e-03
3.4962915740369325590e+01,2.5030857269113917021e-03
3.5066662968085559271e+01,2.4627558366811020708e-03
3.5170410195801785846e+01,2.4223336949264571288e-03
3.5274157423518012422e+01,2.3818252597121543010e-03
3.5377904651234246103e+01,2.3412364222577973158e-03
3.5481651878950472678e+01,2.3005730316098984937e-03
3.5585399106666706359e+01,2.2598409281767502417e-03
3.5689146334382932935e+01,2.2190458925089072764e-03
3.5792893562099159510e+01,2.1781936482190389186e-03
3.5896640789815393191e+01,2.1372899053241608061e-03
3.6000388017531619766e+01,2.0963403250980621080e-03
3.6104135245247853447e+01,2.0553505060047680929e-03
3.6207882472964080023e+01,2.0143260171723198666e-03
3.6311629700680313704e+01,1.9732723914512120302e-03
3.6415376928396540279e+01,1.9321950994956446288e-03
3.6519124156112766855e+01,1.8910995654909186665e-03
3.6622871383829000536e+01,1.8499911834889406700e-03
3.6726618611545227111e+01,1.8088752903144163231e-03
3.6830365839261460792e+01,1.7677571665013639204e-03
3.6934113066977687367e+01,1.7266420570796194803e-03
3.7037860294693913943e+01,1.6855351574306788945e-03
3.7141607522410147624e+01,1.6444416052294734843e-03
3.7245354750126374199e+01,1.6033664910514533550e-03
3.7349101977842607880e+01,1.5623148608155303790e-03
3.7452849205558834456e+01,1.5212917052108789785e-03
3.7556596433275061031e+01,1.4803019613335603386e-03
3.7660343660991294712e+01,1.4393505183028819979e-03
3.7764090888707521287e+01,1.3984422131742939299e-03
3.7867838116423754968e+01,1.3575818299216570705e-03
3.7971585344139981544e+01,1.3167740985970224129e-03
3.8075332571856208119e+01,1.2760236960838141143e-03
3.8179079799572441800e+01,1.2353352483613017423e-03
3.8282827027288668376e+01,1.1947133286845325242e-03
3.8386574255004902056e+01,1.1541624501897119245e-03
3.8490321482721128632e+01,1.1136870745898667587e-03
3.8594068710437355207e+01,1.0732916152296548534e-03
3.8697815938153588888e+01,1.0329804257330297418e-03
3.8801563165869815464e+01,9.9275779857869658751e-04
3.8905310393586049145e+01,9.5262797962189136279e-04
3.9009057621302275720e+01,9.1259516542785597010e-04
3.9112804849018502296e+01,8.7266348222709048347e-04
3.9216552076734735977e+01,8.3283700261918699407e-04
3.9320299304450962552e+01,7.9311975609282236478e-04
3.9424046532167196233e+01,7.5351571418148365761e-04
3.9527793759883422808e+01,7.1402877508399190381e-04
3.9631540987599649384e+01,6.7466279233118148576e-04
3.9735288215315883065e+01,6.3542157721803199828e-04
3.9839035443032109640e+01,5.9630886879655784546e-04
3.9942782670748343321e+01,5.5732834075257193900e-04
4.0046529898464569897e+01,5.1848362792779594411e-04
4.0150277126180796472e+01,4.7977831918613773887e-04
4.0254024353897030153e+01,4.4121591925875170304e-04
4.0357771581613256728e+01,4.0279988042713849245e-04
4.0461518809329490409e+01,3.6453361948977745658e-04
4.0565266037045716985e+01,3.2642049715118188428e-04
4.0669013264761943560e+01,2.8846378744620424991e-04
4.0772760492478177241e+01,2.5066672311209524208e-04
4.0876507720194403817e+01,2.1303250309235785553e-04
4.0980254947910637497e+01,1.7556425629829268994e-04
4.1084002175626864073e+01,1.3826503134552287576e-04
4.1187749403343097754e+01,1.0113784289523238891e-04
4.1291496631059324329e+01,6.4185671684072493769e-05
4.1395243858775550905e+01,2.7411415061032163681e-05
4.1498991086491784586e+01,-9.1820993692058597903e-06
4.1602738314208011161e+01,-4.5592073235586032124e-05
4.1706485541924244842e+01,-8.1815744110897968577e-05
4.1810232769640471417e+01,-1.1785044310933038810e-04
4.1913979997356697993e+01,-1.5369356003510167450e-04
4.2017727225072931674e+01,-1.8934251069150620484e-04
4.2121474452789158249e+01,-2.2479475008684675005e-04
4.2225221680505391930e+01,-2.6004783302537628478e-04
4.2328968908221618506e+01,-2.9509936359220159544e-04
4.2432716135937845081e+01,-3.2994696932479459974e-04
4.2536463363654078762e+01,-3.6458832033730382899e-04
4.2640210591370305337e+01,-3.9902118965537679849e-04
4.2743957819086539018e+01,-4.3324339263338520816e-04
4.2847705046802765594e+01,-4.6725276578605525954e-04
4.2951452274518992169e+01,-5.0104719039923621519e-04
4.3055199502235225850e+01,-5.3462465211979429049e-04
4.3158946729951452426e+01,-5.6798317440666986483e-04
4.3262693957667686107e+01,-6.0112079968262796884e-04
4.3366441185383912682e+01,-6.3403561507732980433e-04
4.3470188413100139257e+01,-6.6672581320296510094e-04
4.3573935640816372938e+01,-6.9918962217353872613e-04
4.3677682868532599514e+01,-7.3142528693899162145e-04
4.3781430096248833195e+01,-7.6343109427024380843e-04
4.3885177323965059770e+01,-7.9520543769022239075e-04
4.3988924551681286346e+01,-8.2674674622091768803e-04
4.4092671779397520027e+01,-8.5805346366996213155e-04
4.4196419007113746602e+01,-8.8912407001323829660e-04
4.4300166234829980283e+01,-9.1995715272720176344e-04
4.4403913462546206858e+01,-9.5055133770518261162e-04
4.4507660690262433434e+01,-9.8090526365312430412e-04
4.4611407917978667115e+01,-1.0110175978321025211e-03
4.4715155145694893690e+01,-1.0408871132734412966e-03
4.4818902373411127371e+01,-1.0705126283764483403e-03
4.4922649601127353947e+01,-1.0998929725055770368e-03
4.5026396828843580522e+01,-1.1290269953764192970e-03
4.5130144056559814203e+01,-1.1579136455910894830e-03
4.5233891284276040778e+01,-1.1865519290957479183e-03
4.5337638511992274459e+01,-1.2149408614037613286e-03
4.5441385739708501035e+01,-1.2430794711677370032e-03
4.5545132967424727610e+01,-1.2709668715716751844e-03
4.5648880195140961291e+01,-1.2986022499145643497e-03
4.5752627422857187867e+01,-1.3259848030896452357e-03
4.5856374650573421548e+01,-1.3531137361612289530e-03
4.5960121878289648123e+01,-1.3799883165645562139e-03
4.6063869106005881804e+01,-1.4066079043442054636e-03
4.6167616333722108379e+01,-1.4329718727558592335e-03
4.6271363561438334955e+01,-1.4590796006844865881e-03
4.6375110789154568636e+01,-1.4849305032309887548e-03
4.6478858016870795211e+01,-1.5105241002983395802e-03
4.6582605244587028892e+01,-1.5358599362505491893e-03
4.6686352472303255468e+01,-1.5609375595017093742e-03
4.6790099700019482043e+01,-1.5857565338091518439e-03
4.6893846927735715724e+01,-1.6103165200519430067e-03
4.6997594155451942299e+01,-1.6346172279020664605e-03
4.7101341383168175980e+01,-1.6586583699084787684e-03
4.7205088610884402556e+01,-1.6824396630416239753e-03
4.7308835838600629131e+01,-1.7059608914227919908e-03
4.7412583066316862812e+01,-1.7292219201233585517e-03
4.7516330294033089388e+01,-1.7522226202131652249e-03
4.7620077521749323068e+01,-1.7749628638868222581e-03
4.7723824749465549644e+01,-1.7974425522520362086e-03
4.7827571977181776219e+01,-1.8196616868264433534e-03
4.7931319204898009900e+01,-1.8416202913888299244e-03
4.8035066432614236476e+01,-1.8633183895125453571e-03
4.8138813660330470157e+01,-1.8847560101362408232e-03
4.8242560888046696732e+01,-1.9059332625505169805e-03
4.8346308115762923308e+01,-1.9268503157495689860e-03
4.8450055343479156988e+01,-1.9475073387651056084e-03
4.8553802571195383564e+01,-1.9679044992468707614e-03
4.8657549798911617245e+01,-1.9880419990934367416e-03
4.8761297026627843820e+01,-2.0079201335484538234e-03
4.8865044254344070396e+01,-2.0275392110108399549e-03
4.8968791482060304077e+01,-2.0468995372659687208e-03
4.9072538709776530652e+01,-2.0660014213287856977e-03
4.9176285937492764333e+01,-2.0848452491216487581e-03
4.9280033165208990908e+01,-2.1034314608670071078e-03
4.9383780392925217484e+01,-2.1217604943752519861e-03
4.9487527620641451165e+01,-2.1398327837918612072e-03
4.9591274848357677740e+01,-2.1576487881168563560e-03
4.9695022076073911421e+01,-2.1752090562118494080e-03
4.9798769303790137997e+01,-2.1925141515995488946e-03
4.9902516531506364572e+01,-2.2095646331164149959e-03
5.0006263759222598253e+01,-2.2263610572568143589e-03
5.0110010986938824828e+01,-2.2429040389923202148e-03
5.0213758214655058509e+01,-2.2591942575362388215e-03
5.0317505442371285085e+01,-2.2752323900562653608e-03
5.0421252670087511660e+01,-2.2910191081467134143e-03
5.0524999897803745341e+01,-2.3065550901561378272e-03
5.0628747125519971917e+01,-2.3218410946105549029e-03
5.0732494353236205598e+01,-2.3368779103967074647e-03
5.0836241580952432173e+01,-2.3516663200986976344e-03
5.0939988808668665854e+01,-2.3662070999689466949e-03
5.1043736036384892429e+01,-2.3805010509483585240e-03
5.1147483264101119005e+01,-2.3945490527129461439e-03
5.1251230491817352686e+01,-2.4083519923390425167e-03
5.1354977719533579261e+01,-2.4219107497346977105e-03
5.1458724947249812942e+01,-2.4352261989645895661e-03
5.1562472174966039518e+01,-2.4482992587424694253e-03
5.1666219402682266093e+01,-2.4611309092449971773e-03
5.1769966630398499774e+01,-2.4737221275725933614e-03
5.1873713858114726349e+01,-2.4860738830088857307e-03
5.1977461085830960030e+01,-2.4981871416775843983e-03
5.2081208313547186606e+01,-2.5100629283134846467e-03
5.2184955541263413181e+01,-2.5217023094108591448e-03
5.2288702768979646862e+01,-2.5331063442227568817e-03
5.2392449996695873438e+01,-2.5442760836121153245e-03
5.2496197224412107118e+01,-2.5552125794178273677e-03
5.2599944452128333694e+01,-2.5659169482922096310e-03
5.2703691679844560269e+01,-2.5763903327033553341e-03
5.2807438907560793950e+01,-2.5866338663492831861e-03
5.2911186135277020526e+01,-2.5966486740362803610e-03
5.3014933362993254207e+01,-2.6064358856558232473e-03
5.3118680590709480782e+01,-2.6159966961005580444e-03
5.3222427818425707358e+01,-2.6253323153782102788e-03
5.3326175046141941039e+01,-2.6344439440960519712e-03
5.3429922273858167614e+01,-2.6433327735362610600e-03
5.3533669501574401295e+01,-2.6520000027259642630e-03
5.3637416729290627870e+01,-2.6604468926653191720e-03
5.3741163957006854446e+01,-2.6686747133027560568e-03
5.3844911184723088127e+01,-2.6766847247991490052e-03
5.3948658412439314702e+01,-2.6844781776218908445e-03
5.4052405640155548383e+01,-2.6920563303183537955e-03
5.4156152867871774959e+01,-2.6994204994294063692e-03
5.4259900095588001534e+01,-2.7065720075985077314e-03
5.4363647323304235215e+01,-2.7135121673726256969e-03
5.4467394551020461790e+01,-2.7202422812983837776e-03
5.4571141778736695471e+01,-2.7267636578961855498e-03
5.4674889006452922047e+01,-2.7330776597012367696e-03
5.4778636234169148622e+01,-2.7391856550215685530e-03
5.4882383461885382303e+01,-2.7450890018188580342e-03
5.4986130689601608879e+01,-2.7507890478060343167e-03
5.5089877917317842559e+01,-2.7562871427279835718e-03
5.5193625145034069135e+01,-2.7615846859401099213e-03
5.5297372372750295710e+01,-2.7666830845868612028e-03
5.5401119600466529391e+01,-2.7715837352770941911e-03
5.5504866828182755967e+01,-2.7762880241777448953e-03
5.5608614055898989648e+01,-2.7807973348117102572e-03
5.5712361283615216223e+01,-2.7851130941657776911e-03
5.5816108511331449904e+01,-2.7892367415354190653e-03
5.5919855739047676479e+01,-2.7931697056206060761e-03
5.6023602966763903055e+01,-2.7969134045383657432e-03
5.6127350194480136736e+01,-2.8004692495876780910e-03
5.6231097422196363311e+01,-2.8038386863085914581e-03
5.6334844649912596992e+01,-2.8070231793806007213e-03
5.6438591877628823568e+01,-2.8100241832573948780e-03
5.6542339105345050143e+01,-2.8128431417177948183e-03
5.6646086333061283824e+01,-2.8154814889995113426e-03
5.6749833560777510399e+01,-2.8179406809815568495e-03
5.6853580788493744080e+01,-2.8202222004363509435e-03
5.6957328016209970656e+01,-2.8223275214595659743e-03
5.7061075243926197231e+01,-2.8242581074261964742e-03
5.7164822471642430912e+01,-2.8260154111489424467e-03
5.7268569699358657488e+01,-2.8276008928514646291e-03
5.7372316927074891169e+01,-2.8290160449366196990e-03
5.7476064154791117744e+01,-2.8302623552624835493e-03
5.7579811382507344319e+01,-2.8313413009638508690e-03
5.7683558610223578000e+01,-2.8322543485486640844e-03
5.7787305837939804576e+01,-2.8330029605217886719e-03
5.7891053065656038257e+01,-2.8335886285940923082e-03
5.7994800293372264832e+01,-2.8340128487175470992e-03
5.8098547521088491408e+01,-2.8342771061858310251e-03
5.8202294748804725089e+01,-2.8343828757023069830e-03
5.8306041976520951664e+01,-2.8343316226003617206e-03
5.8409789204237185345e+01,-2.8341248282164888117e-03
5.8513536431953411920e+01,-2.8337639900624521545e-03
5.8617283659669638496e+01,-2.8332505962310105749e-03
5.8721030887385872177e+01,-2.8325861242983825690e-03
5.8824778115102098752e+01,-2.8317720414208959884e-03
5.8928525342818332433e+01,-2.8308098147994363580e-03
5.9032272570534559009e+01,-2.8297009341782088446e-03
5.9136019798250785584e+01,-2.8284468853356074282e-03
5.9239767025967019265e+01,-2.8270491436417880156e-03
5.9343514253683245840e+01,-2.8255091741496542526e-03
5.9447261481399479521e+01,-2.8238284333410219352e-03
5.9551008709115706097e+01,-2.8220083915384002078e-03
5.9654755936831932672e+01,-2.8200505268974867396e-03
5.9758503164548166353e+01,-2.8179563077517441605e-03
5.9862250392264392929e+01,-2.8157271922555670088e-03
5.9965997619980626610e+01,-2.8133646284763114132e-03
6.0069744847696853185e+01,-2.8108700627135370896e-03
6.0173492075413079760e+01,-2.8082449568192298546e-03
6.0277239303129313441e+01,-2.8054907675119557936e-03
6.0380986530845540017e+01,-2.8026089414984870808e-03
6.0484733758561773698e+01,-2.7996009155596625513e-03
6.0588480986278000273e+01,-2.7964681173711001226e-03
6.0692228213994233954e+01,-2.7932119810457475481e-03
6.0795975441710460530e+01,-2.7898339467034545883e-03
6.0899722669426687105e+01,-2.7863354453076345438e-03
6.1003469897142920786e+01,-2.7827178980872743427e-03
6.1107217124859147361e+01,-2.7789827166195672260e-03
6.1210964352575381042e+01,-2.7751313061160926693e-03
6.1314711580291607618e+01,-2.7711650807201496614e-03
6.1418458808007834193e+01,-2.7670854516040001465e-03
6.1522206035724067874e+01,-2.7628938204293310155e-03
6.1625953263440294450e+01,-2.7585915794190447696e-03
6.1729700491156528130e+01,-2.7541801114654269021e-03
6.1833447718872754706e+01,-2.7496607966914303998e-03
6.1937194946588981281e+01,-2.7450350206814503121e-03
6.2040942174305214962e+01,-2.7403041617705681254e-03
6.2144689402021441538e+01,-2.7354695890896411382e-03
6.2248436629737675219e+01,-2.7305326626420023915e-03
6.2352183857453901794e+01,-2.7254947336723860454e-03
6.2455931085170128370e+01,-2.7203571527979249906e-03
6.2559678312886362050e+01,-2.7151212710273511970e-03
6.2663425540602588626e+01,-2.7097884309171716040e-03
6.2767172768318822307e+01,-2.7043599661474974384e-03
6.2870919996035048882e+01,-2.6988372015952894444e-03
6.2974667223751275458e+01,-2.6932214540802295634e-03
6.3078414451467509139e+01,-2.6875140397175259314e-03
6.3182161679183735714e+01,-2.6817162711732229867e-03
6.3285908906899969395e+01,-2.6758294525953294982e-03
6.3389656134616195970e+01,-2.6698548795940748105e-03
6.3493403362332422546e+01,-2.6637938393116577379e-03
6.3597150590048656227e+01,-2.6576476113442716077e-03
6.3700897817764882802e+01,-2.6514174730204839898e-03
6.3804645045481116483e+01,-2.6451046959910322863e-03
6.3908392273197343059e+01,-2.6387105436598578580e-03
6.4012139500913576740e+01,-2.6322362712402885138e-03
6.4115886728629803315e+01,-2.6256831258213084168e-03
6.4219633956346029890e+01,-2.6190523471049938047e-03
6.4323381184062256466e+01,-2.6123451703719373362e-03
6.4427128411778497252e+01,-2.6055628241314489173e-03
6.4530875639494723828e+01,-2.5987065289932525201e-03
6.4634622867210950403e+01,-2.5917774977301062320e-03
6.4738370094927176979e+01,-2.5847769353405918719e-03
6.4842117322643403554e+01,-2.5777060393258870857e-03
6.4945864550359644340e+01,-2.5705660005587447139e-03
6.5049611778075870916e+01,-2.5633580026193920724e-03
6.5153359005792097491e+01,-2.5560832215493840998e-03
6.5257106233508324067e+01,-2.5487428259114881801e-03
6.5360853461224550642e+01,-2.5413379768490385741e-03
6.5464600688940791429e+01,-2.5338698278710475482e-03
6.5568347916657018004e+01,-2.5263395237939559670e-03
6.5672095144373244580e+01,-2.5187482017586010526e-03
6.5775842372089471155e+01,-2.5110969917312613367e-03
6.5879589599805697731e+01,-2.5033870165603253066e-03
6.5983336827521938517e+01,-2.4956193920322561862e-03
6.6087084055238165092e+01,-2.4877952263810104022e-03
6.6190831282954391668e+01,-2.4799156173473174344e-03
6.6294578510670618243e+01,-2.4719816543850338386e-03
6.6398325738386844819e+01,-2.4639944201352093414e-03
6.6502072966103085605e+01,-2.4559549904829545454e-03
6.6605820193819312180e+01,-2.4478644346100602962e-03
6.6709567421535538756e+01,-2.4397238145458370086e-03
6.6813314649251765331e+01,-2.4315341805987407756e-03
6.6917061876967991907e+01,-2.4232965735644807631e-03
6.7020809104684232693e+01,-2.4150120277562502243e-03
6.7124556332400459269e+01,-2.4066815710927376946e-03
6.7228303560116685844e+01,-2.3983062251474629618e-03
6.7332050787832912420e+01,-2.3898870049486593652e-03
6.7435798015549138995e+01,-2.3814249136958343112e-03
6.7539545243265379781e+01,-2.3729209429249500767e-03
6.7643292470981606357e+01,-2.3643760778559196924e-03
6.7747039698697832932e+01,-2.3557912976736295439e-03
6.7850786926414059508e+01,-2.3471675755740743427e-03
6.7954534154130286083e+01,-2.3385058787737896847e-03
6.8058281381846526870e+01,-2.3298071641253553787e-03
6.8162028609562753445e+01,-2.3210723739501963082e-03
6.8265775837278980021e+01,-2.3123024438364107869e-03
6.8369523064995206596e+01,-2.3034983036932725302e-03
6.8473270292711433171e+01,-2.2946608777942483284e-03
6.8577017520427673958e+01,-2.2857910848196293097e-03
6.8680764748143900533e+01,-2.2768898356628325917e-03
6.8784511975860127109e+01,-2.2679580247229572283e-03
6.8888259203576353684e+01,-2.2589965376350108241e-03
6.8992006431292580260e+01,-2.2500062547059639269e-03
6.9095753659008821046e+01,-2.2409880509556630475e-03
6.9199500886725047621e+01,-2.2319427961564738613e-03
6.9303248114441274197e+01,-2.2228713543442570229e-03
6.9406995342157500772e+01,-2.2137745747915532797e-03
6.9510742569873727348e+01,-2.2046532933432815178e-03
6.9614489797589968134e+01,-2.1955083405819321093e-03
6.9718237025306194710e+01,-2.1863405421460634440e-03
6.9821984253022421285e+01,-2.1771507187670251574e-03
6.9925731480738647861e+01,-2.1679396863004420613e-03
7.0029478708454874436e+01,-2.1587082510369070415e-03
7.0133225936171115222e+01,-2.1494572009656104893e-03
7.0236973163887341798e+01,-2.1401873170160605302e-03
7.0340720391603568373e+01,-2.1308993755105158120e-03
7.0444467619319794949e+01,-2.1215941481979158287e-03
7.0548214847036021524e+01,-2.1122724022875081010e-03
7.0651962074752262311e+01,-2.1029348996332041834e-03
7.0755709302468488886e+01,-2.0935823854501549486e-03
7.0859456530184715461e+01,-2.0842155914898032563e-03
7.0963203757900942037e+01,-2.0748352450049123256e-03
7.1066950985617168612e+01,-2.0654420690015208757e-03
7.1170698213333409399e+01,-2.0560367822698949296e-03
7.1274445441049635974e+01,-2.0466200994148308311e-03
7.1378192668765862550e+01,-2.0371927263497561188e-03
7.1481939896482089125e+01,-2.0277553490899301487e-03
7.1585687124198315701e+01,-2.0183086462361786266e-03
7.1689434351914556487e+01,-2.0088532924611031925e-03
7.1793181579630783062e+01,-1.9993899585374745077e-03
7.1896928807347009638e+01,-1.9899193113663612292e-03
7.2000676035063236213e+01,-1.9804420137008523113e-03
7.2104423262779462789e+01,-1.9709587138187233991e-03
7.2208170490495703575e+01,-1.9614700430713228642e-03
7.2311917718211930151e+01,-1.9519766283661898251e-03
7.2415664945928156726e+01,-1.9424790930182731993e-03
7.2519412173644383302e+01,-1.9329780567756305477e-03
7.2623159401360624088e+01,-1.9234741358449059575e-03
7.2726906629076850663e+01,-1.9139679412588680822e-03
7.2830653856793077239e+01,-1.9044600649284742361e-03
7.2934401084509303814e+01,-1.8949510868019772518e-03
7.3038148312225530390e+01,-1.8854415834432870260e-03
7.3141895539941771176e+01,-1.8759321281450322058e-03
7.3245642767657997751e+01,-1.8664232909517315413e-03
7.3349389995374224327e+01,-1.8569156386827611899e-03
7.3453137223090450902e+01,-1.8474097308889187753e-03
7.3556884450806677478e+01,-1.8379061061417185062e-03
7.3660631678522918264e+01,-1.8284052950969045554e-03
7.3764378906239144840e+01,-1.8189078254246928215e-03
7.3868126133955371415e+01,-1.8094142218308584442e-03
7.3971873361671597991e+01,-1.7999250060775308022e-03
7.4075620589387824566e+01,-1.7904406969892051969e-03
7.4179367817104065352e+01,-1.7809618036515610564e-03
7.4283115044820291928e+01,-1.7714888146183758923e-03
7.4386862272536518503e+01,-1.7620222128947537164e-03
7.4490609500252745079e+01,-1.7525624787949657408e-03
7.4594356727968971654e+01,-1.7431100899611630568e-03
7.4698103955685212441e+01,-1.7336655213819316713e-03
7.4801851183401439016e+01,-1.7242292453294827230e-03
7.4905598411117665592e+01,-1.7148017225244950503e-03
7.5009345638833892167e+01,-1.7053833942624772521e-03
7.5113092866550118742e+01,-1.6959746975262234622e-03
7.5216840094266359529e+01,-1.6865760668875900453e-03
7.5320587321982586104e+01,-1.6771879345241055750e-03
7.5424334549698812680e+01,-1.6678107302354285880e-03
7.5528081777415039255e+01,-1.6584448813262030100e-03
7.5631829005131265831e+01,-1.6490908028950802561e-03
7.5735576232847506617e+01,-1.6397488913233542168e-03
7.5839323460563733192e+01,-1.6304195392637152017e-03
7.5943070688279959768e+01,-1.6211031372232089648e-03
7.6046817915996186343e+01,-1.6118000735778788540e-03
7.6150565143712412919e+01,-1.6025107345872798090e-03
7.6254312371428653705e+01,-1.5932355043009860905e-03
7.6358059599144880281e+01,-1.5839747551911300457e-03
7.6461806826861106856e+01,-1.5747288409529132738e-03
7.6565554054577333432e+01,-1.5654981116537487664e-03
7.6669301282293560007e+01,-1.5562829154662349146e-03
7.6773048510009800793e+01,-1.5470835986809582021e-03
7.6876795737726027369e+01,-1.5379005057191952842e-03
7.6980542965442253944e+01,-1.5287339791105545705e-03
7.7084290193158480520e+01,-1.5195843517029745083e-03
7.7188037420874707095e+01,-1.5104519368715288181e-03
7.7291784648590947882e+01,-1.5013370438848407974e-03
7.7395531876307174457e+01,-1.4922399803532643021e-03
7.7499279104023401032e+01,-1.4831610522399738331e-03
7.7603026331739627608e+01,-1.4741005638719817655e-03
7.7706773559455854183e+01,-1.4650588179507962727e-03
7.7810520787172094970e+01,-1.4560361103805815903e-03
7.7914268014888321545e+01,-1.4470327170258371480e-03
7.8018015242604548121e+01,-1.4380489081739422294e-03
7.8121762470320774696e+01,-1.4290849526764892990e-03
7.8225509698037001272e+01,-1.4201411179588058990e-03
7.8329256925753242058e+01,-1.4112176700293958820e-03
7.8433004153469468633e+01,-1.4023148734893166757e-03
7.8536751381185695209e+01,-1.3934329890931207788e-03
7.8640498608901921784e+01,-1.3845722588224093977e-03
7.8744245836618148360e+01,-1.3757329158522357999e-03
7.8847993064334389146e+01,-1.3669151921000817322e-03
7.8951740292050615722e+01,-1.3581193182644203232e-03
7.9055487519766842297e+01,-1.3493455238327070871e-03
7.9159234747483068872e+01,-1.3405940370893195367e-03
7.9262981975199295448e+01,-1.3318650845059692815e-03
7.9366729202915536234e+01,-1.3231588781869802265e-03
7.9470476430631762810e+01,-1.3144756164950148220e-03
7.9574223658347989385e+01,-1.3058154962495077331e-03
7.9677970886064215961e+01,-1.2971787132447960833e-03
7.9781718113780442536e+01,-1.2885654622567805760e-03
7.9885465341496683322e+01,-1.2799759370495406453e-03
7.9989212569212909898e+01,-1.2714103303672207208e-03
8.0092959796929136473e+01,-1.2628688273316215039e-03
8.0196707024645363049e+01,-1.2543515950682873009e-03
8.0300454252361589624e+01,-1.2458587971367603240e-03
8.0404201480077830411e+01,-1.2373905962524034581e-03
8.0507948707794056986e+01,-1.2289471542918453412e-03
8.0611695935510283562e+01,-1.2205286322983708008e-03
8.0715443163226510137e+01,-1.2121351904872804985e-03
8.0819190390942736713e+01,-1.2037669867024135620e-03
8.0922937618658977499e+01,-1.1954241626508771944e-03
8.1026684846375204074e+01,-1.1871068505665970279e-03
8.1130432074091430650e+01,-1.1788151819046859166e-03
8.1234179301807657225e+01,-1.1705492874487118636e-03
8.1337926529523883801e+01,-1.1623092973149825712e-03
8.1441673757240124587e+01,-1.1540953409567903092e-03
8.1545420984956351163e+01,-1.1459075471339720716e-03
8.1649168212672577738e+01,-1.1377460368392183342e-03
8.1752915440388804313e+01,-1.1296109147117129167e-03
8.1856662668105030889e+01,-1.1215022827501266132e-03
8.1960409895821271675e+01,-1.1134202424366804879e-03
8.2064157123537498251e+01,-1.1053648947404151777e-03
8.2167904351253724826e+01,-1.0973363401204237668e-03
8.2271651578969951402e+01,-1.0893346785290716500e-03
8.2375398806686192188e+01,-1.0813600084487290896e-03
8.2479146034402418763e+01,-1.0734124145455490804e-03
8.2582893262118645339e+01,-1.0654919713633426333e-03
8.2686640489834871914e+01,-1.0575987528521632944e-03
8.2790387717551098490e+01,-1.0497328325913873794e-03
8.2894134945267339276e+01,-1.0418942837920332992e-03
8.2997882172983565852e+01,-1.0340831792990680914e-03
8.3101629400699792427e+01,-1.0262995915936857626e-03
8.3205376628416019003e+01,-1.0185435892836982360e-03
8.3309123856132245578e+01,-1.0108152250888396886e-03
8.3412871083848486364e+01,-1.0031145471661672385e-03
8.3516618311564712940e+01,-9.9544160343329889280e-04
8.3620365539280939515e+01,-9.8779644157004332060e-04
8.3724112766997166091e+01,-9.8017910901988065595e-04
8.3827859994713392666e+01,-9.7258965299142194263e-04
8.3931607222429633453e+01,-9.6502812040985953661e-04
8.4035354450145860028e+01,-9.5749455107118589415e-04
8.4139101677862086603e+01,-9.4998897070994571881e-04
8.4242848905578313179e+01,-9.4251140327298828844e-04
8.4346596133294539754e+01,-9.3506187258934306446e-04
8.4450343361010780541e+01,-9.2764040237094252950e-04
8.4554090588727007116e+01,-9.2024701621334535021e-04
8.4657837816443233692e+01,-9.1288173759644230133e-04
8.4761585044159460267e+01,-9.0554458959145962740e-04
8.4865332271875686843e+01,-8.9823558573349485037e-04
8.4969079499591927629e+01,-8.9095472830050498163e-04
8.5072826727308154204e+01,-8.8370201890794659611e-04
8.5176573955024380780e+01,-8.7647745916340311784e-04
8.5280321182740607355e+01,-8.6928105066663534373e-04
8.5384068410456833931e+01,-8.6211279500962979903e-04
8.5487815638173074717e+01,-8.5497269377664297275e-04
8.5591562865889301293e+01,-8.4786074795523862831e-04
8.5695310093605527868e+01,-8.4077694794581667951e-04
8.5799057321321754443e+01,-8.3372127504151684677e-04
8.5902804549037981019e+01,-8.2669371032364005747e-04
8.6006551776754221805e+01,-8.1969423496477120724e-04
8.6110299004470448381e+01,-8.1272283022823174625e-04
8.6214046232186674956e+01,-8.0577947746752847085e-04
8.6317793459902901532e+01,-7.9886415812581716873e-04
8.6421540687619128107e+01,-7.9197685302384785485e-04
8.6525287915335368893e+01,-7.8511753245936327390e-04
8.6629035143051595469e+01,-7.7828615872020982195e-04
8.6732782370767822044e+01,-7.7148269406576610707e-04
8.6836529598484048620e+01,-7.6470710093577362338e-04
8.6940276826200275195e+01,-7.5795934194925851206e-04
8.7044024053916515982e+01,-7.5123937990346221268e-04
8.7147771281632742557e+01,-7.4454717777278577560e-04
8.7251518509348969133e+01,-7.3788269813089882830e-04
8.7355265737065195708e+01,-7.3124589395595943845e-04
8.7459012964781422284e+01,-7.2463671029864939847e-04
8.7562760192497663070e+01,-7.1805509222042269990e-04
8.7666507420213889645e+01,-7.1150098504279917465e-04
8.7770254647930116221e+01,-7.0497433434582384374e-04
8.7874001875646342796e+01,-6.9847508596654187853e-04
8.7977749103362569372e+01,-6.9200318599748537971e-04
8.8081496331078810158e+01,-6.8555858049514973619e-04
8.8185243558795036733e+01,-6.7914120767375392093e-04
8.8288990786511263309e+01,-6.7275099706540740507e-04
8.8392738014227489884e+01,-6.6638787806648871505e-04
8.8496485241943716460e+01,-6.6005178040446027890e-04
8.8600232469659957246e+01,-6.5374263413592792124e-04
8.8703979697376183822e+01,-6.4746036964472063278e-04
8.8807726925092410397e+01,-6.4120491763997359246e-04
8.8911474152808636973e+01,-6.3497620909670564847e-04
8.9015221380524863548e+01,-6.2877416971806265010e-04
8.9118968608241104334e+01,-6.2259871536491230397e-04
8.9222715835957330910e+01,-6.1644976120765564414e-04
8.9326463063673557485e+01,-6.1032722281078937657e-04
8.9430210291389784061e+01,-6.0423101613062265777e-04
8.9533957519106010636e+01,-5.9816105751300558280e-04
8.9637704746822251423e+01,-5.9211726369107577951e-04
8.9741451974538477998e+01,-5.8609955178302039838e-04
8.9845199202254704574e+01,-5.8010783655614408041e-04
8.9948946429970931149e+01,-5.7414202247376604563e-04
9.0052693657687157724e+01,-5.6820201182327409548e-04
9.0156440885403398511e+01,-5.6228770734182515964e-04
9.0260188113119625086e+01,-5.5639901221376326847e-04
9.0363935340835851662e+01,-5.5053583006804880130e-04
9.0467682568552078237e+01,-5.4469806497571039445e-04
9.0571429796268304813e+01,-5.3888562144731376284e-04
9.0675177023984545599e+01,-5.3309840369691365025e-04
9.0778924251700772174e+01,-5.2733630768363637560e-04
9.0882671479416998750e+01,-5.2159922415556290391e-04
9.0986418707133225325e+01,-5.1588704426055846403e-04
9.1090165934849451901e+01,-5.1019965964239758806e-04
9.1193913162565692687e+01,-5.0453696243794182458e-04
9.1297660390281919263e+01,-4.9889884527434195504e-04
9.1401407617998145838e+01,-4.9328520126624964253e-04
9.1505154845714372414e+01,-4.8769592398192977136e-04
9.1608902073430598989e+01,-4.8213090306844347786e-04
9.1712649301146839775e+01,-4.7659001976179939065e-04
9.1816396528863066351e+01,-4.7107315475894667289e-04
9.1920143756579292926e+01,-4.6558018929544574402e-04
9.2023890984295519502e+01,-4.6011100514243571209e-04
9.2127638212011760288e+01,-4.5466548460361622596e-04
9.2231385439727986864e+01,-4.4924351051225610730e-04
9.2335132667444213439e+01,-4.4384496622821325825e-04
9.2438879895160440014e+01,-4.3846973475746345555e-04
9.2542627122876666590e+01,-4.3311769138644826268e-04
9.2646374350592907376e+01,-4.2778870744479747688e-04
9.2750121578309133952e+01,-4.2248265479153361427e-04
9.2853868806025360527e+01,-4.1719940585837407727e-04
9.2957616033741587103e+01,-4.1193883364653742030e-04
9.3061363261457813678e+01,-4.0670081172356831786e-04
9.3165110489174054464e+01,-4.0148521422018372887e-04
9.3268857716890281040e+01,-3.9629191582153086614e-04
9.3372604944606507615e+01,-3.9112078860084874840e-04
9.3476352172322734191e+01,-3.8597169675753657640e-04
9.3580099400038960766e+01,-3.8084450370271221830e-04
9.3683846627755201553e+01,-3.7573907345253695564e-04
9.3787593855471428128e+01,-3.7065527062487212909e-04
9.3891341083187654704e+01,-3.6559296043595042097e-04
9.3995088310903881279e+01,-3.6055200869707624851e-04
9.4098835538620107855e+01,-3.5553228181134502233e-04
9.4202582766336348641e+01,-3.5053364656288649561e-04
9.4306329994052575216e+01,-3.4555596465704792059e-04
9.4410077221768801792e+01,-3.4059909220008233611e-04
9.4513824449485028367e+01,-3.3566288561341812990e-04
9.4617571677201254943e+01,-3.3074720194821433236e-04
9.4721318904917495729e+01,-3.2585189888191025149e-04
9.4825066132633722304e+01,-3.2097683471480210459e-04
9.4928813360349948880e+01,-3.1612186836663629238e-04
9.5032560588066175455e+01,-3.1128685937322977820e-04
9.5136307815782402031e+01,-3.0647166717986783083e-04
9.5240055043498642817e+01,-3.0167614479728447653e-04
9.5343802271214869393e+01,-2.9690014181456779972e-04
9.5447549498931095968e+01,-2.9214350842575892995e-04
9.5551296726647322544e+01,-2.8740609547552188998e-04
9.5655043954363549119e+01,-2.8268775445561484302e-04
9.5758791182079789905e+01,-2.7798833750138399971e-04
9.5862538409796016481e+01,-2.7330769738828354599e-04
9.5966285637512243056e+01,-2.6864568752841167139e-04
9.6070032865228469632e+01,-2.6400216072542173878e-04
9.6173780092944696207e+01,-2.5937696300377288032e-04
9.6277527320660936994e+01,-2.5476993831144906016e-04
9.6381274548377163569e+01,-2.5018093126393084512e-04
9.6485021776093390145e+01,-2.4560978714501674209e-04
9.6588769003809616720e+01,-2.4105635190323654879e-04
9.6692516231525843295e+01,-2.3652047214828419313e-04
9.6796263459242084082e+01,-2.3200199514747456048e-04
9.6900010686958310657e+01,-2.2750076882222485105e-04
9.7003757914674537233e+01,-2.2301664020873618387e-04
9.7107505142390763808e+01,-2.1854944967620996196e-04
9.7211252370106990384e+01,-2.1409903609648559377e-04
9.7314999597823231170e+01,-2.0966523902814378742e-04
9.7418746825539457745e+01,-2.0524789871322296313e-04
9.7522494053255684321e+01,-2.0084685607358007437e-04
9.7626241280971910896e+01,-1.9646195270728091940e-04
9.7729988508688137472e+01,-1.9209303088501018526e-04
9.7833735736404378258e+01,-1.8773993354650474782e-04
9.7937482964120604834e+01,-1.8340250285969519873e-04
9.8041230191836831409e+01,-1.7908057455129076691e-04
9.8144977419553057985e+01,-1.7477398284853479238e-04
9.8248724647269284560e+01,-1.7048256267823436736e-04
9.8352471874985525346e+01,-1.6620614966370651821e-04
9.8456219102701751922e+01,-1.6194458012111116263e-04
9.8559966330417978497e+01,-1.5769769105580089914e-04
9.8663713558134205073e+01,-1.5346532015869958202e-04
9.8767460785850431648e+01,-1.4924730580270144202e-04
9.8871208013566672435e+01,-1.4504348602879224540e-04
9.8974955241282899010e+01,-1.4085369277442807588e-04
9.9078702468999125585e+01,-1.3667775588977872721e-04
9.9182449696715352161e+01,-1.3251550592826346351e-04
9.9286196924431578736e+01,-1.2836677415154157476e-04
9.9389944152147819523e+01,-1.2423139252581522031e-04
9.9493691379864046098e+01,-1.2010919371815853714e-04
9.9597438607580272674e+01,-1.1600001109286377015e-04
9.9701185835296499249e+01,-1.1190367870781595756e-04
9.9804933063012725825e+01,-1.0782003084782721661e-04
9.9908680290728966611e+01,-1.0374889661701880016e-04
1.0001242751844519319e+02,-9.9690101799073473120e-05
1.0011617474616141976e+02,-9.5643472820711110502e-05
1.0021992197387764634e+02,-9.1608836827381269203e-05
1.0032366920159387291e+02,-8.7586021679546461650e-05
1.0042741642931011370e+02,-8.3574855948988333205e-05
1.0053116365702634027e+02,-7.9575168915139535167e-05
1.0063491088474256685e+02,-7.5586790561432701057e-05
1.0073865811245879343e+02,-7.1609673578859164476e-05
1.0084240534017502000e+02,-6.7649571118185772831e-05
1.0094615256789126079e+02,-6.3720418444226364701e-05
1.0104989979560748736e+02,-5.9836715382738976264e-05
1.0115364702332371394e+02,-5.6012902273074137839e-05
1.0125739425103994051e+02,-5.2263360272922691578e-05
1.0136114147875616709e+02,-4.8602411661189416625e-05
1.0146488870647240788e+02,-4.5044320139008514712e-05
1.0156863593418863445e+02,-4.1603291128916704224e-05
1.0167238316190486103e+02,-3.8293472072151952331e-05
1.0177613038962108760e+02,-3.5125251174416850233e-05
1.0187987761733732839e+02,-3.2094279353126664762e-05
1.0198362484505355496e+02,-2.9192579073278556557e-05
1.0208737207276978154e+02,-2.6412205228840714133e-05
1.0219111930048600811e+02,-2.3745244978140204697e-05
1.0229486652820223469e+02,-2.1183817580250252681e-05
1.0239861375591847548e+02,-1.8720074232372361871e-05
1.0250236098363470205e+02,-1.6346197908207585662e-05
1.0260610821135092863e+02,-1.4054403197305022615e-05
1.0270985543906715520e+02,-1.1838080674474180253e-05
1.0281360266678338178e+02,-9.7119655603373994206e-06
1.0291734989449962256e+02,-7.7095859452705753562e-06
1.0302109712221584914e+02,-5.8649853109350219202e-06
1.0312484434993207572e+02,-4.2120701432220137802e-06
1.0322859157764830229e+02,-2.7846106206741869514e-06
1.0333233880536452887e+02,-1.6162412987584239529e-06
1.0343608603308076965e+02,-7.4046179002095044270e-07
1.0353983326079699623e+02,-1.9063744015385593439e-07
1.0364358048851322280e+02,0.0000000000000000000e+00
