1.0000000000000000479e-04,1.1456677496439836688e-39
1.0384722771622945103e-01,6.9247441724182376277e-19
2.0759445543245888532e-01,8.7155559877028115521e-17
3.1134168314868831962e-01,1.4679115987330084602e-15
4.1508891086491778166e-01,1.0846935473305059303e-14
5.1883613858114718820e-01,5.1029364116493859403e-14
6.2258336629737665024e-01,1.8041995106966761862e-13
7.2633059401360611229e-01,5.2376581156091261922e-13
8.3007782172983557434e-01,1.3162050736213066974e-12
9.3382504944606503638e-01,2.9624106094763822773e-12
1.0375722771622943874e+00,6.1123622499873068415e-12
1.1413195048785238495e+00,1.1755041446574462918e-11
1.2450667325947533115e+00,2.1331117719118161394e-11
1.3488139603109827735e+00,3.6865487292216857607e-11
1.4525611880272122356e+00,6.1120321860094234940e-11
1.5563084157434416976e+00,9.7769130296781693091e-11
1.6600556434596711597e+00,1.5159210110691408416e-10
1.7638028711759006217e+00,2.2869295370356330966e-10
1.8675500988921300838e+00,3.3673719803219161074e-10
1.9712973266083595458e+00,4.8521181141280196680e-10
2.0750445543245890079e+00,6.8570599209194889566e-10
2.1787917820408186920e+00,9.5221258736051063137e-10
2.2825390097570479320e+00,1.3014498568181069666e-09
2.3862862374732776161e+00,1.7532029906313540672e-09
2.4900334651895068561e+00,2.3306845003849200685e-09
2.5937806929057365402e+00,3.0609131500641467206e-09
2.6975279206219657802e+00,3.9751101125997155597e-09
2.8012751483381954642e+00,5.1091122665001073520e-09
2.9050223760544247043e+00,6.5038006454868016818e-09
3.0087696037706543883e+00,8.2055442760476696326e-09
3.1125168314868836283e+00,1.0266657657046926448e-08
3.2162640592031133124e+00,1.2745869239033319801e-08
3.3200112869193425524e+00,1.5708805862348129416e-08
3.4237585146355717924e+00,1.9228482547182417022e-08
3.5275057423518014765e+00,2.3385804521653170406e-08
3.6312529700680307165e+00,2.8270077829695852823e-08
3.7350001977842604006e+00,3.3979525811704296220e-08
3.8387474255004896406e+00,4.0621811642543530982e-08
3.9424946532167193247e+00,4.8314566619088777847e-08
4.0462418809329481206e+00,5.7185922271484483689e-08
4.1499891086491773606e+00,6.7375041038496769942e-08
4.2537363363654074888e+00,7.9032650634576481955e-08
4.3574835640816367288e+00,9.2321589950405287325e-08
4.4612307917978659688e+00,1.0741732101928510192e-07
4.5649780195140952088e+00,1.2450848991441422561e-07
4.6687252472303253370e+00,1.4379742616343030608e-07
4.7724724749465545770e+00,1.6550068540969185332e-07
4.8762197026627838170e+00,1.8984956943675090772e-07
4.9799669303790130570e+00,2.1709062511617539723e-07
5.0837141580952422970e+00,2.4748615515378733152e-07
5.1874613858114724252e+00,2.8131471863317998228e-07
5.2912086135277016652e+00,3.1887161700267364478e-07
5.3949558412439309052e+00,3.6046936751338368276e-07
5.4987030689601601452e+00,4.0643816911760957894e-07
5.6024502966763902734e+00,4.5712635582770204462e-07
5.7061975243926195134e+00,5.1290083623366998196e-07
5.8099447521088487534e+00,5.7414751775417636026e-07
5.9136919798250779934e+00,6.4127171983719371955e-07
6.0174392075413081216e+00,7.1469857692718855854e-07
6.1211864352575373616e+00,7.9487341707412335419e-07
6.2249336629737666016e+00,8.8226211634778189443e-07
6.3286808906899958416e+00,9.7735142335832439795e-07
6.4324281184062259697e+00,1.0806493321215505952e-06
6.5361753461224552098e+00,1.1926854082418190523e-06
6.6399225738386844498e+00,1.3140109763104092445e-06
6.7436698015549136898e+00,1.4451994723233187636e-06
6.8474170292711429298e+00,1.5868467516588324619e-06
6.9511642569873730579e+00,1.7395710979204041201e-06
7.0549114847036022979e+00,1.9040137506689783749e-06
7.1586587124198315379e+00,2.0808387628575152439e-06
7.2624059401360607779e+00,2.2707334557259657254e-06
7.3661531678522909061e+00,2.4744083122255196149e-06
7.4699003955685201461e+00,2.6925973493595390979e-06
7.5736476232847493861e+00,2.9260579108494730636e-06
7.6773948510009786261e+00,3.1755711545860293832e-06
7.7811420787172087543e+00,3.4419415783872421574e-06
7.8848893064334379943e+00,3.7259976302091519873e-06
7.9886365341496672343e+00,4.0285912567354163462e-06
8.0923837618658964743e+00,4.3505980144442248436e-06
8.1961309895821266025e+00,4.6929173060688598472e-06
8.2998782172983549543e+00,5.0564718641560457029e-06
8.4036254450145850825e+00,5.4422078897200350654e-06
8.5073726727308152107e+00,5.8510951558277943713e-06
8.6111199004470435625e+00,6.2841265258302075685e-06
8.7148671281632736907e+00,6.7423178242632045631e-06
8.8186143558795020425e+00,7.2267079236196628679e-06
8.9223615835957321707e+00,7.7383584518094954602e-06
9.0261088113119622989e+00,8.2783534234222920202e-06
9.1298560390281906507e+00,8.8477990245359008811e-06
9.2336032667444207789e+00,9.4478234111145348398e-06
9.3373504944606509071e+00,1.0079576527640900810e-05
9.4410977221768792589e+00,1.0744229671849578423e-05
9.5448449498931093871e+00,1.1442975142136604602e-05
9.6485921776093377389e+00,1.2177025899397788354e-05
9.7523394053255678671e+00,1.2947615204690062513e-05
9.8560866330417979952e+00,1.3755996233384340651e-05
9.9598338607580263471e+00,1.4603441668855735125e-05
1.0063581088474256475e+01,1.5491243287006539113e-05
1.0167328316190484827e+01,1.6420711483186983804e-05
1.0271075543906714955e+01,1.7393174788612915789e-05
1.0374822771622945083e+01,1.8409979383364185403e-05
1.0478569999339173435e+01,1.9472488590494193563e-05
1.0582317227055403563e+01,2.0582082351745110196e-05
1.0686064454771633692e+01,2.1740156685584593473e-05
1.0789811682487862043e+01,2.2948123128204099124e-05
1.0893558910204092172e+01,2.4207408158071059119e-05
1.0997306137920320523e+01,2.5519452604653067285e-05
1.1101053365636550652e+01,2.6885711041794962934e-05
1.1204800593352780780e+01,2.8307651166232102410e-05
1.1308547821069009132e+01,2.9786753161668925441e-05
1.1412295048785239260e+01,3.1324509048800880980e-05
1.1516042276501469388e+01,3.2922422021528428523e-05
1.1619789504217697740e+01,3.4582005769729402421e-05
1.1723536731933927868e+01,3.6304783788715682855e-05
1.1827283959650156220e+01,3.8092288676693078281e-05
1.1931031187366386348e+01,3.9946061447713548899e-05
1.2034778415082616476e+01,4.1867650828089213481e-05
1.2138525642798844828e+01,4.3858612507711616346e-05
1.2242272870515074956e+01,4.5920508395230205190e-05
1.2346020098231303308e+01,4.8054905862485105010e-05
1.2449767325947533436e+01,5.0263376977165578397e-05
1.2553514553663763564e+01,5.2547497723907251829e-05
1.2657261781379991916e+01,5.4908847214192657365e-05
1.2761009009096222044e+01,5.7349006921522189184e-05
1.2864756236812452173e+01,5.9869560088946662912e-05
1.2968503464528680524e+01,6.2472090842371447530e-05
1.3072250692244910653e+01,6.5158183295861048711e-05
1.3175997919961139004e+01,6.7929420719982946974e-05
1.3279745147677369133e+01,7.0787384702112476518e-05
1.3383492375393599261e+01,7.3733654384851475484e-05
1.3487239603109827613e+01,7.6769806045730307133e-05
1.3590986830826057741e+01,7.9897412020371933101e-05
1.3694734058542286093e+01,8.3118039690742852137e-05
1.3798481286258516221e+01,8.6433250619320954535e-05
1.3902228513974746349e+01,8.9844599843323479224e-05
1.4005975741690974701e+01,9.3353635634977011424e-05
1.4109722969407204829e+01,9.6961898190700752422e-05
1.4213470197123434957e+01,1.0067091855601501991e-04
1.4317217424839663309e+01,1.0448221781591902197e-04
1.4420964652555893437e+01,1.0839730698564950572e-04
1.4524711880272121789e+01,1.1241768603116318354e-04
1.4628459107988351917e+01,1.1654484244497142261e-04
1.4732206335704582045e+01,1.2078025047601238697e-04
1.4835953563420810397e+01,1.2512537119960560482e-04
1.4939700791137040525e+01,1.2958165138661058985e-04
1.5043448018853268877e+01,1.3415052204916050067e-04
1.5147195246569499005e+01,1.3883339795569071633e-04
1.5250942474285729133e+01,1.4363167776026234952e-04
1.5354689702001957485e+01,1.4854674225936684187e-04
1.5458436929718187614e+01,1.5357995340641055664e-04
1.5562184157434417742e+01,1.5873265447386445065e-04
1.5665931385150646094e+01,1.6400616908078820386e-04
1.5769678612866876222e+01,1.6940179970373979283e-04
1.5873425840583104574e+01,1.7492082761012792982e-04
1.5977173068299334702e+01,1.8056451241293955466e-04
1.6080920296015563054e+01,1.8633409048535593813e-04
1.6184667523731793182e+01,1.9223077475182890196e-04
1.6288414751448023310e+01,1.9825575428873075086e-04
1.6392161979164253438e+01,2.0441019295770670051e-04
1.6495909206880483566e+01,2.1069522918608444553e-04
1.6599656434596710142e+01,2.1711197528069051924e-04
1.6703403662312940270e+01,2.2366151650821643128e-04
1.6807150890029170398e+01,2.3034491084750671470e-04
1.6910898117745400526e+01,2.3716318787759773550e-04
1.7014645345461630654e+01,2.4411734860219899473e-04
1.7118392573177857230e+01,2.5120836475022139799e-04
1.7222139800894087358e+01,2.5843717759333335567e-04
1.7325887028610317486e+01,2.6580469861825544104e-04
1.7429634256326547614e+01,2.7331180758573243124e-04
1.7533381484042777743e+01,2.8095935252614630002e-04
1.7637128711759004318e+01,2.8874815021744755159e-04
1.7740875939475234446e+01,2.9667898314021765461e-04
1.7844623167191464574e+01,3.0475260189475136428e-04
1.7948370394907694703e+01,3.1296972284228165469e-04
1.8052117622623924831e+01,3.2133102722461308418e-04
1.8155864850340154959e+01,3.2983716371376236133e-04
1.8259612078056381534e+01,3.3848874301230875896e-04
1.8363359305772611663e+01,3.4728634251437247738e-04
1.8467106533488841791e+01,3.5623050259374393562e-04
1.8570853761205071919e+01,3.6532172622685582693e-04
1.8674600988921302047e+01,3.7456048234665514918e-04
1.8778348216637528623e+01,3.8394719844347453179e-04
1.8882095444353758751e+01,3.9348226886022055673e-04
1.8985842672069988879e+01,4.0316604621532886816e-04
1.9089589899786219007e+01,4.1299884681773906458e-04
1.9193337127502449135e+01,4.2298094861086644536e-04
1.9297084355218675711e+01,4.3311258783446977697e-04
1.9400831582934905839e+01,4.4339396645422945878e-04
1.9504578810651135967e+01,4.5382524026402632509e-04
1.9608326038367366095e+01,4.6440653267415678935e-04
1.9712073266083596224e+01,4.7513791978961305998e-04
1.9815820493799822799e+01,4.8601944363984347225e-04
1.9919567721516052927e+01,4.9705110132416540237e-04
2.0023314949232283055e+01,5.0823285150259961320e-04
2.0127062176948513184e+01,5.1956461216158241270e-04
2.0230809404664743312e+01,5.3104625755162897412e-04
2.0334556632380969887e+01,5.4267762585967786650e-04
2.0438303860097200015e+01,5.5445850658790039531e-04
2.0542051087813430144e+01,5.6638865712080310993e-04
2.0645798315529660272e+01,5.7846778231671362389e-04
2.0749545543245890400e+01,5.9069555768485318067e-04
2.0853292770962120528e+01,6.0307160375600585636e-04
2.0957039998678347104e+01,6.1559551323122501960e-04
2.1060787226394577232e+01,6.2826682264488162288e-04
2.1164534454110807360e+01,6.4108504128380732444e-04
2.1268281681827037488e+01,6.5404962188124308748e-04
2.1372028909543267616e+01,6.6715999011064002801e-04
2.1475776137259494192e+01,6.8041551494794937690e-04
2.1579523364975724320e+01,6.9381553860800246076e-04
2.1683270592691954448e+01,7.0735934628285369787e-04
2.1787017820408184576e+01,7.2104619715645883703e-04
2.1890765048124414704e+01,7.3487529261550220937e-04
2.1994512275840641280e+01,7.4884580943565656665e-04
2.2098259503556871408e+01,7.6295686526066635712e-04
2.2202006731273101536e+01,7.7720755518308161022e-04
2.2305753958989331664e+01,7.9159691335484215838e-04
2.2409501186705561793e+01,8.0612395388184238977e-04
2.2513248414421788368e+01,8.2078762802261753979e-04
2.2616995642138018496e+01,8.3558686936172478586e-04
2.2720742869854248625e+01,8.5052054742849718134e-04
2.2824490097570478753e+01,8.6558751529796013665e-04
2.2928237325286708881e+01,8.8078656265504098703e-04
2.3031984553002939009e+01,8.9611646159281656537e-04
2.3135731780719165585e+01,9.1157592449010976365e-04
2.3239479008435395713e+01,9.2716364162446400846e-04
2.3343226236151625841e+01,9.4287825105448998947e-04
2.3446973463867855969e+01,9.5871836034914278274e-04
2.3550720691584086097e+01,9.7468253625720036471e-04
2.3654467919300312673e+01,9.9076930324309801790e-04
2.3758215147016542801e+01,1.0069771590672025978e-03
2.3861962374732772929e+01,1.0233045460706061049e-03
2.3965709602449003057e+01,1.0397498935889341529e-03
2.4069456830165233185e+01,1.0563115654364562193e-03
2.4173204057881459761e+01,1.0729879199294794535e-03
2.4276951285597689889e+01,1.0897772492988672469e-03
2.4380698513313920017e+01,1.1066778358457989625e-03
2.4484445741030150145e+01,1.1236879083790949838e-03
2.4588192968746380274e+01,1.1408056691609130395e-03
2.4691940196462606849e+01,1.1580292893275418321e-03
2.4795687424178836977e+01,1.1753568909378350228e-03
2.4899434651895067105e+01,1.1927865881399925870e-03
2.5003181879611297234e+01,1.2103164292107629774e-03
2.5106929107327527362e+01,1.2279444642693891198e-03
2.5210676335043753937e+01,1.2456686809564775260e-03
2.5314423562759984065e+01,1.2634870554554557525e-03
2.5418170790476214194e+01,1.2813975267599556247e-03
2.5521918018192444322e+01,1.2993979932595432856e-03
2.5625665245908674450e+01,1.3174863478183957040e-03
2.5729412473624904578e+01,1.3356604189143127595e-03
2.5833159701341131154e+01,1.3539180423332059129e-03
2.5936906929057361282e+01,1.3722569953884676975e-03
2.6040654156773591410e+01,1.3906750425355506734e-03
2.6144401384489821538e+01,1.4091699243732032452e-03
2.6248148612206051666e+01,1.4277393323523881498e-03
2.6351895839922278242e+01,1.4463809665319429538e-03
2.6455643067638508370e+01,1.4650924625368283698e-03
2.6559390295354738498e+01,1.4838714599502854288e-03
2.6663137523070968626e+01,1.5027155625878111430e-03
2.6766884750787198755e+01,1.5216223391285401724e-03
2.6870631978503425330e+01,1.5405893648258032255e-03
2.6974379206219655458e+01,1.5596141521676274225e-03
2.7078126433935885586e+01,1.5786942252268346392e-03
2.7181873661652115715e+01,1.5978270700072461086e-03
2.7285620889368345843e+01,1.6170101436020739138e-03
2.7389368117084572418e+01,1.6362409120550972050e-03
2.7493115344800802546e+01,1.6555167810733790405e-03
2.7596862572517032675e+01,1.6748351701108353095e-03
2.7700609800233262803e+01,1.6941934673909333359e-03
2.7804357027949492931e+01,1.7135890295681638438e-03
2.7908104255665723059e+01,1.7330192298031688210e-03
2.8011851483381949635e+01,1.7524813843262970932e-03
2.8115598711098179763e+01,1.7719728188384550709e-03
2.8219345938814409891e+01,1.7914908441912856356e-03
2.8323093166530640019e+01,1.8110327299021360906e-03
2.8426840394246870147e+01,1.8305957694434318948e-03
2.8530587621963096723e+01,1.8501772107538607022e-03
2.8634334849679326851e+01,1.8697742962757563610e-03
2.8738082077395556979e+01,1.8893842775129093825e-03
2.8841829305111787107e+01,1.9090043553375484007e-03
2.8945576532828017235e+01,1.9286317521967442229e-03
2.9049323760544243811e+01,1.9482636712800001106e-03
2.9153070988260473939e+01,1.9678972862559379262e-03
2.9256818215976704067e+01,1.9875297977202310493e-03
2.9360565443692934195e+01,2.0071583658410087347e-03
2.9464312671409164324e+01,2.0267801495863599533e-03
2.9568059899125390899e+01,2.0463923239134847523e-03
2.9671807126841621027e+01,2.0659920187784943865e-03
2.9775554354557851156e+01,2.0855763846499451517e-03
2.9879301582274081284e+01,2.1051425690491497658e-03
2.9983048809990311412e+01,2.1246876861753631605e-03
3.0086796037706537987e+01,2.1442088799427101546e-03
3.0190543265422768116e+01,2.1637032744470561206e-03
3.0294290493138998244e+01,2.1831679785519046179e-03
3.0398037720855228372e+01,2.2026001309250948547e-03
3.0501784948571458500e+01,2.2219968399490213143e-03
3.0605532176287688628e+01,2.2413552162742740939e-03
3.0709279404003915204e+01,2.2606723952190892549e-03
3.0813026631720145332e+01,2.2799454785890778917e-03
3.0916773859436375460e+01,2.2991715839928311173e-03
3.1020521087152605588e+01,2.3183478463869077249e-03
3.1124268314868835716e+01,2.3374713700402708141e-03
3.1228015542585062292e+01,2.3565392836144391682e-03
3.1331762770301292420e+01,2.3755487262372798445e-03
3.1435509998017522548e+01,2.3944968124392541908e-03
3.1539257225733752676e+01,2.4133806857538028269e-03
3.1643004453449982805e+01,2.4321974952756031732e-03
3.1746751681166209380e+01,2.4509443722109561063e-03
3.1850498908882439508e+01,2.4696184789725419972e-03
3.1954246136598669636e+01,2.4882169809359150868e-03
3.2057993364314903317e+01,2.5067370315380562221e-03
3.2161740592031129893e+01,2.5251758162997107147e-03
3.2265487819747363574e+01,2.5435305232548266301e-03
3.2369235047463590149e+01,2.5617983331437184542e-03
3.2472982275179823830e+01,2.5799764589840784926e-03
3.2576729502896050406e+01,2.5980621176683524332e-03
3.2680476730612276981e+01,2.6160525220766473256e-03
3.2784223958328510662e+01,2.6339449171809063525e-03
3.2887971186044737237e+01,2.6517365546340435772e-03
3.2991718413760970918e+01,2.6694246842122858893e-03
3.3095465641477197494e+01,2.6870065872888347809e-03
3.3199212869193424069e+01,2.7044795558050244849e-03
3.3302960096909657750e+01,2.7218408812070896130e-03
3.3406707324625884326e+01,2.7390878856696759119e-03
3.3510454552342118006e+01,2.7562179064973043457e-03
3.3614201780058344582e+01,2.7732282816573857603e-03
3.3717949007774571157e+01,2.7901163784995251620e-03
3.3821696235490804838e+01,2.8068795842150261535e-03
3.3925443463207031414e+01,2.8235152882434568465e-03
3.4029190690923265095e+01,2.8400209075241174446e-03
3.4132937918639491670e+01,2.8563938830137784557e-03
3.4236685146355718246e+01,2.8726316606463840088e-03
3.4340432374071951926e+01,2.8887317114851731453e-03
3.4444179601788178502e+01,2.9046915334958998446e-03
3.4547926829504412183e+01,2.9205086340504194178e-03
3.4651674057220638758e+01,2.9361805429602098189e-03
3.4755421284936865334e+01,2.9517048182490322056e-03
3.4859168512653099015e+01,2.9670790330492921062e-03
3.4962915740369325590e+01,2.9823007806770163164e-03
3.5066662968085559271e+01,2.9973676825436452141e-03
3.5170410195801785846e+01,3.0122773807898552134e-03
3.5274157423518012422e+01,3.0270275370947569669e-03
3.5377904651234246103e+01,3.0416158401221334365e-03
3.5481651878950472678e+01,3.0560400031957031357e-03
3.5585399106666706359e+01,3.0702977610169127250e-03
3.5689146334382932935e+01,3.0843868739127713006e-03
3.5792893562099159510e+01,3.0983051281162020917e-03
3.5896640789815393191e+01,3.1120503351334117929e-03
3.6000388017531619766e+01,3.1256203315944020710e-03
3.6104135245247853447e+01,3.1390129792532293386e-03
3.6207882472964080023e+01,3.1522261683574544396e-03
3.6311629700680313704e+01,3.1652578163986347728e-03
3.6415376928396540279e+01,3.1781058647204914712e-03
3.6519124156112766855e+01,3.1907682828213796734e-03
3.6622871383829000536e+01,3.2032430727102355512e-03
3.6726618611545227111e+01,3.2155282601010544592e-03
3.6830365839261460792e+01,3.2276218953949508544e-03
3.6934113066977687367e+01,3.2395220660400799763e-03
3.7037860294693913943e+01,3.2512268867087006780e-03
3.7141607522410147624e+01,3.2627344935896307465e-03
3.7245354750126374199e+01,3.2740430574232956377e-03
3.7349101977842607880e+01,3.2851507854525607670e-03
3.7452849205558834456e+01,3.2960559057093525605e-03
3.7556596433275061031e+01,3.3067566721195753784e-03
3.7660343660991294712e+01,3.3172513839868516573e-03
3.7764090888707521287e+01,3.3275383660657503054e-03
3.7867838116423754968e+01,3.3376159624794853736e-03
3.7971585344139981544e+01,3.3474825581409858345e-03
3.8075332571856208119e+01,3.3571365779399564566e-03
3.8179079799572441800e+01,3.3665764648371011326e-03
3.8282827027288668376e+01,3.3758006874811531499e-03
3.8386574255004902056e+01,3.3848077675628462750e-03
3.8490321482721128632e+01,3.3935962521563878096e-03
3.8594068710437355207e+01,3.4021647048274993724e-03
3.8697815938153588888e+01,3.4105117319336987307e-03
3.8801563165869815464e+01,3.4186359869648971256e-03
3.8905310393586049145e+01,3.4265361396238059981e-03
3.9009057621302275720e+01,3.4342108809694614838e-03
3.9112804849018502296e+01,3.4416589610627187738e-03
3.9216552076734735977e+01,3.4488791606138817503e-03
3.9320299304450962552e+01,3.4558702734004843188e-03
3.9424046532167196233e+01,3.4626311293129148454e-03
3.9527793759883422808e+01,3.4691606182010899240e-03
3.9631540987599649384e+01,3.4754576473397199611e-03
3.9735288215315883065e+01,3.4815211381238973104e-03
3.9839035443032109640e+01,3.4873500674652236839e-03
3.9942782670748343321e+01,3.4929434589900257638e-03
4.0046529898464569897e+01,3.4983003474969181536e-03
4.0150277126180796472e+01,3.5034197883906845715e-03
4.0254024353897030153e+01,3.5083009064010837498e-03
4.0357771581613256728e+01,3.5129428560052521589e-03
4.0461518809329490409e+01,3.5173448004433469603e-03
4.0565266037045716985e+01,3.5215059368156409816e-03
4.0669013264761943560e+01,3.5254255331000016425e-03
4.0772760492478177241e+01,3.5291028742684038728e-03
4.0876507720194403817e+01,3.5325372536703274554e-03
4.0980254947910637497e+01,3.5357280150200734274e-03
4.1084002175626864073e+01,3.5386745645586154679e-03
4.1187749403343097754e+01,3.5413763182266105867e-03
4.1291496631059324329e+01,3.5438327018667407399e-03
4.1395243858775550905e+01,3.5460432065671856905e-03
4.1498991086491784586e+01,3.5480073738357984121e-03
4.1602738314208011161e+01,3.5497247508970678105e-03
4.1706485541924244842e+01,3.5511948982653879919e-03
4.1810232769640471417e+01,3.5524174525346746516e-03
4.1913979997356697993e+01,3.5533920888923117495e-03
4.2017727225072931674e+01,3.5541184859716919153e-03
4.2121474452789158249e+01,3.5545963401965919616e-03
4.2225221680505391930e+01,3.5548254305417092275e-03
4.2328968908221618506e+01,3.5548055650759286146e-03
4.2432716135937845081e+01,3.5545365537670002044e-03
4.2536463363654078762e+01,3.5540182288061328286e-03
4.2640210591370305337e+01,3.5532505081303511485e-03
4.2743957819086539018e+01,3.5522333321814794985e-03
4.2847705046802765594e+01,3.5509666419798607828e-03
4.2951452274518992169e+01,3.5494504038554594919e-03
4.3055199502235225850e+01,3.5476846714686620897e-03
4.3158946729951452426e+01,3.5456695170809383877e-03
4.3262693957667686107e+01,3.5434050122649532813e-03
4.3366441185383912682e+01,3.5408912546048406864e-03
4.3470188413100139257e+01,3.5381284303996345282e-03
4.3573935640816372938e+01,3.5351167429712548711e-03
4.3677682868532599514e+01,3.5318563937108064625e-03
4.3781430096248833195e+01,3.5283476078284540557e-03
4.3885177323965059770e+01,3.5245907009065794921e-03
4.3988924551681286346e+01,3.5205860063322420503e-03
4.4092671779397520027e+01,3.5163338543547453287e-03
4.4196419007113746602e+01,3.5118345940510298578e-03
4.4300166234829980283e+01,3.5070886661006674644e-03
4.4403913462546206858e+01,3.5020965327161265347e-03
4.4507660690262433434e+01,3.4968586518006705526e-03
4.4611407917978667115e+01,3.4913754931228222107e-03
4.4715155145694893690e+01,3.4856476168613282143e-03
4.4818902373411127371e+01,3.4796756125135734974e-03
4.4922649601127353947e+01,3.4734600641816767291e-03
4.5026396828843580522e+01,3.4670015602742011024e-03
4.5130144056559814203e+01,3.4603007732801945723e-03
4.5233891284276040778e+01,3.4533584178556989489e-03
4.5337638511992274459e+01,3.4461752025898911497e-03
4.5441385739708501035e+01,3.4387518338042672578e-03
4.5545132967424727610e+01,3.4310890880672700702e-03
4.5648880195140961291e+01,3.4231878018150508312e-03
4.5752627422857187867e+01,3.4150488061493143588e-03
4.5856374650573421548e+01,3.4066729255663053683e-03
4.5960121878289648123e+01,3.3980610330845034163e-03
4.6063869106005881804e+01,3.3892140810726921647e-03
4.6167616333722108379e+01,3.3801330209023250188e-03
4.6271363561438334955e+01,3.3708187954207898158e-03
4.6375110789154568636e+01,3.3612723701732434047e-03
4.6478858016870795211e+01,3.3514948032130338455e-03
4.6582605244587028892e+01,3.3414871636656992386e-03
4.6686352472303255468e+01,3.3312505111534689538e-03
4.6790099700019482043e+01,3.3207859074394930482e-03
4.6893846927735715724e+01,3.3100944998040397055e-03
4.6997594155451942299e+01,3.2991774720066511378e-03
4.7101341383168175980e+01,3.2880359977019556900e-03
4.7205088610884402556e+01,3.2766712421597810403e-03
4.7308835838600629131e+01,3.2650844264126275586e-03
4.7412583066316862812e+01,3.2532768414753297781e-03
4.7516330294033089388e+01,3.2412497720056654242e-03
4.7620077521749323068e+01,3.2290044914673778076e-03
4.7723824749465549644e+01,3.2165422907016630143e-03
4.7827571977181776219e+01,3.2038645512261314241e-03
4.7931319204898009900e+01,3.1909726653917029268e-03
4.8035066432614236476e+01,3.1778680135203726809e-03
4.8138813660330470157e+01,3.1645519697514712214e-03
4.8242560888046696732e+01,3.1510259791487512347e-03
4.8346308115762923308e+01,3.1372915366268305966e-03
4.8450055343479156988e+01,3.1233501258204495431e-03
4.8553802571195383564e+01,3.1092032177483732054e-03
4.8657549798911617245e+01,3.0948523076317589753e-03
4.8761297026627843820e+01,3.0802989758800377804e-03
4.8865044254344070396e+01,3.0655448056131585563e-03
4.8968791482060304077e+01,3.0505913665348220916e-03
4.9072538709776530652e+01,3.0354402210839488176e-03
4.9176285937492764333e+01,3.0200930006839144665e-03
4.9280033165208990908e+01,3.0045513824909853354e-03
4.9383780392925217484e+01,2.9888170308979486456e-03
4.9487527620641451165e+01,2.9728915963471336421e-03
4.9591274848357677740e+01,2.9567767450023670246e-03
4.9695022076073911421e+01,2.9404742262458204681e-03
4.9798769303790137997e+01,2.9239857948221387000e-03
4.9902516531506364572e+01,2.9073131908835198392e-03
5.0006263759222598253e+01,2.8904581425279393669e-03
5.0110010986938824828e+01,2.8734224291369707925e-03
5.0213758214655058509e+01,2.8562078874679107214e-03
5.0317505442371285085e+01,2.8388163428271547678e-03
5.0421252670087511660e+01,2.8212496054980293857e-03
5.0524999897803745341e+01,2.8035094836869819956e-03
5.0628747125519971917e+01,2.7855978601610499254e-03
5.0732494353236205598e+01,2.7675166404059511720e-03
5.0836241580952432173e+01,2.7492677144955301322e-03
5.0939988808668665854e+01,2.7308529571515955878e-03
5.1043736036384892429e+01,2.7122742602406352264e-03
5.1147483264101119005e+01,2.6935335893260125943e-03
5.1251230491817352686e+01,2.6746329092285341805e-03
5.1354977719533579261e+01,2.6555741688917061313e-03
5.1458724947249812942e+01,2.6363593028524154663e-03
5.1562472174966039518e+01,2.6169902841549235774e-03
5.1666219402682266093e+01,2.5974691420256731597e-03
5.1769966630398499774e+01,2.5777978944270538500e-03
5.1873713858114726349e+01,2.5579785431777846832e-03
5.1977461085830960030e+01,2.5380130789082050446e-03
5.2081208313547186606e+01,2.5179035458145738145e-03
5.2184955541263413181e+01,2.4976520240925464793e-03
5.2288702768979646862e+01,2.4772605787088271788e-03
5.2392449996695873438e+01,2.4567312582739870251e-03
5.2496197224412107118e+01,2.4360661049205676459e-03
5.2599944452128333694e+01,2.4152672211945045745e-03
5.2703691679844560269e+01,2.3943367293101170193e-03
5.2807438907560793950e+01,2.3732767350219930412e-03
5.2911186135277020526e+01,2.3520893275690395174e-03
5.3014933362993254207e+01,2.3307765943513317208e-03
5.3118680590709480782e+01,2.3093406836134969772e-03
5.3222427818425707358e+01,2.2877837523816789249e-03
5.3326175046141941039e+01,2.2661079409125040041e-03
5.3429922273858167614e+01,2.2443153728392796140e-03
5.3533669501574401295e+01,2.2224081730216932624e-03
5.3637416729290627870e+01,2.2003885241042827128e-03
5.3741163957006854446e+01,2.1782586113431100065e-03
5.3844911184723088127e+01,2.1560206031523004855e-03
5.3948658412439314702e+01,2.1336766512659588457e-03
5.4052405640155548383e+01,2.1112289092243834328e-03
5.4156152867871774959e+01,2.0886795841734522028e-03
5.4259900095588001534e+01,2.0660308831407566549e-03
5.4363647323304235215e+01,2.0432849963063800906e-03
5.4467394551020461790e+01,2.0204440971633551988e-03
5.4571141778736695471e+01,1.9975103590142498367e-03
5.4674889006452922047e+01,1.9744860044607565400e-03
5.4778636234169148622e+01,1.9513732558269103901e-03
5.4882383461885382303e+01,1.9281743186328125731e-03
5.4986130689601608879e+01,1.9048913817531669748e-03
5.5089877917317842559e+01,1.8815266299820115545e-03
5.5193625145034069135e+01,1.8580822925430514649e-03
5.5297372372750295710e+01,1.8345606005571129908e-03
5.5401119600466529391e+01,1.8109637684374229206e-03
5.5504866828182755967e+01,1.7872939940408788181e-03
5.5608614055898989648e+01,1.7635534665559025880e-03
5.5712361283615216223e+01,1.7397444128636394261e-03
5.5816108511331449904e+01,1.7158690663048137108e-03
5.5919855739047676479e+01,1.6919296437323014075e-03
5.6023602966763903055e+01,1.6679283455778703017e-03
5.6127350194480136736e+01,1.6438673596190337984e-03
5.6231097422196363311e+01,1.6197489015106439781e-03
5.6334844649912596992e+01,1.5955751999515391682e-03
5.6438591877628823568e+01,1.5713484677892669301e-03
5.6542339105345050143e+01,1.5470709016303155463e-03
5.6646086333061283824e+01,1.5227446829854383078e-03
5.6749833560777510399e+01,1.4983720083198387267e-03
5.6853580788493744080e+01,1.4739550941589400768e-03
5.6957328016209970656e+01,1.4494961429244229353e-03
5.7061075243926197231e+01,1.4249973410203782814e-03
5.7164822471642430912e+01,1.4004608590355654106e-03
5.7268569699358657488e+01,1.3758888685369220946e-03
5.7372316927074891169e+01,1.3512835651909589196e-03
5.7476064154791117744e+01,1.3266471346139541241e-03
5.7579811382507344319e+01,1.3019817466700209663e-03
5.7683558610223578000e+01,1.2772895556127663273e-03
5.7787305837939804576e+01,1.2525727060502247698e-03
5.7891053065656038257e+01,1.2278333626293215421e-03
5.7994800293372264832e+01,1.2030736878153643760e-03
5.8098547521088491408e+01,1.1782958286516433902e-03
5.8202294748804725089e+01,1.1535019168727872474e-03
5.8306041976520951664e+01,1.1286940699893890320e-03
5.8409789204237185345e+01,1.1038744127136715292e-03
5.8513536431953411920e+01,1.0790450771601368344e-03
5.8617283659669638496e+01,1.0542081813448803563e-03
5.8721030887385872177e+01,1.0293658283157122117e-03
5.8824778115102098752e+01,1.0045201062871976418e-03
5.8928525342818332433e+01,9.7967309684113788870e-04
5.9032272570534559009e+01,9.5482689248907806623e-04
5.9136019798250785584e+01,9.2998357610631922875e-04
5.9239767025967019265e+01,9.0514521597711726161e-04
5.9343514253683245840e+01,8.8031386592223167739e-04
5.9447261481399479521e+01,8.5549156657595899940e-04
5.9551008709115706097e+01,8.3068036102285644842e-04
5.9654755936831932672e+01,8.0588229068549439935e-04
5.9758503164548166353e+01,7.8109938311756560957e-04
5.9862250392264392929e+01,7.5633365181695976550e-04
5.9965997619980626610e+01,7.3158709634967402161e-04
6.0069744847696853185e+01,7.0686170729398513368e-04
6.0173492075413079760e+01,6.8215947645826574379e-04
6.0277239303129313441e+01,6.5748238482737214865e-04
6.0380986530845540017e+01,6.3283239977117216810e-04
6.0484733758561773698e+01,6.0821147516129994964e-04
6.0588480986278000273e+01,5.8362155181090696020e-04
6.0692228213994233954e+01,5.5906456440026899238e-04
6.0795975441710460530e+01,5.3454244136367146025e-04
6.0899722669426687105e+01,5.1005709828394040634e-04
6.1003469897142920786e+01,4.8561043771274780938e-04
6.1107217124859147361e+01,4.6120434928123717720e-04
6.1210964352575381042e+01,4.3684071058347999491e-04
6.1314711580291607618e+01,4.1252139096016192561e-04
6.1418458808007834193e+01,3.8824824871156485241e-04
6.1522206035724067874e+01,3.6402312960508067651e-04
6.1625953263440294450e+01,3.3984786697871679183e-04
6.1729700491156528130e+01,3.1572428184434162208e-04
6.1833447718872754706e+01,2.9165418272353169559e-04
6.1937194946588981281e+01,2.6763936541341688162e-04
6.2040942174305214962e+01,2.4368161361580336472e-04
6.2144689402021441538e+01,2.1978269912132424534e-04
6.2248436629737675219e+01,1.9594438190868751514e-04
6.2352183857453901794e+01,1.7216841010672065968e-04
6.2455931085170128370e+01,1.4845651634579607901e-04
6.2559678312886362050e+01,1.2481041741484947671e-04
6.2663425540602588626e+01,1.0123181850328399683e-04
6.2767172768318822307e+01,7.7722413526534831754e-05
6.2870919996035048882e+01,5.4283885219101310536e-05
6.2974667223751275458e+01,3.0917904449747276598e-05
6.3078414451467509139e+01,7.6261219123555272557e-06
6.3182161679183735714e+01,-1.5589828535121827131e-05
6.3285908906899969395e+01,-3.8728323851911771749e-05
6.3389656134616195970e+01,-6.1787751622689783765e-05
6.3493403362332422546e+01,-8.4766509970781621841e-05
6.3597150590048656227e+01,-1.0766300955103266952e-04
6.3700897817764882802e+01,-1.3047568616258179092e-04
6.3804645045481116483e+01,-1.5320299218809049118e-04
6.3908392273197343059e+01,-1.7584339008564758432e-04
6.4012139500913576740e+01,-1.9839535228118943596e-04
6.4115886728629803315e+01,-2.2085736108784154229e-04
6.4219633956346029890e+01,-2.4322791237303630052e-04
6.4323381184062256466e+01,-2.6550553165619668761e-04
6.4427128411778497252e+01,-2.8768876056576621076e-04
6.4530875639494723828e+01,-3.0977615011312310041e-04
6.4634622867210950403e+01,-3.3176626061293834234e-04
6.4738370094927176979e+01,-3.5365766160861783181e-04
6.4842117322643403554e+01,-3.7544893695087318405e-04
6.4945864550359644340e+01,-3.9713870411206092471e-04
6.5049611778075870916e+01,-4.1872559670172676636e-04
6.5153359005792097491e+01,-4.4020825703380172438e-04
6.5257106233508324067e+01,-4.6158533605613477624e-04
6.5360853461224550642e+01,-4.8285549328197247682e-04
6.5464600688940791429e+01,-5.0401740236859346369e-04
6.5568347916657018004e+01,-5.2506977408551831071e-04
6.5672095144373244580e+01,-5.4601133645573729503e-04
6.5775842372089471155e+01,-5.6684082553105571978e-04
6.5879589599805697731e+01,-5.8755698532514529734e-04
6.5983336827521938517e+01,-6.0815856775095413368e-04
6.6087084055238165092e+01,-6.2864433747136512325e-04
6.6190831282954391668e+01,-6.4901309879060009155e-04
6.6294578510670618243e+01,-6.6926367623145062956e-04
6.6398325738386844819e+01,-6.8939490169694483263e-04
6.6502072966103085605e+01,-7.0940561437931877031e-04
6.6605820193819312180e+01,-7.2929466070323768594e-04
6.6709567421535538756e+01,-7.4906089747085052594e-04
6.6813314649251765331e+01,-7.6870322131062718881e-04
6.6917061876967991907e+01,-7.8822055484737958784e-04
6.7020809104684232693e+01,-8.0761182761943193370e-04
6.7124556332400459269e+01,-8.2687597578309270097e-04
6.7228303560116685844e+01,-8.4601194206160410145e-04
6.7332050787832912420e+01,-8.6501867700140367204e-04
6.7435798015549138995e+01,-8.8389516690574171636e-04
6.7539545243265379781e+01,-9.0264043316996020547e-04
6.7643292470981606357e+01,-9.2125350441603890989e-04
6.7747039698697832932e+01,-9.3973341521620494792e-04
6.7850786926414059508e+01,-9.5807920604743228993e-04
6.7954534154130286083e+01,-9.7628992341400322452e-04
6.8058281381846526870e+01,-9.9436464026750282993e-04
6.8162028609562753445e+01,-1.0123024754214501181e-03
6.8265775837278980021e+01,-1.0301025576886857840e-03
6.8369523064995206596e+01,-1.0477640211699757854e-03
6.8473270292711433171e+01,-1.0652860052139502892e-03
6.8577017520427673958e+01,-1.0826676543774134149e-03
6.8680764748143900533e+01,-1.0999081278365763128e-03
6.8784511975860127109e+01,-1.1170066363283520216e-03
6.8888259203576353684e+01,-1.1339624096140777602e-03
6.8992006431292580260e+01,-1.1507746820919742894e-03
6.9095753659008821046e+01,-1.1674426927584659157e-03
6.9199500886725047621e+01,-1.1839656851737043793e-03
6.9303248114441274197e+01,-1.2003429095202315571e-03
6.9406995342157500772e+01,-1.2165736584830212381e-03
6.9510742569873727348e+01,-1.2326572620773958763e-03
6.9614489797589968134e+01,-1.2485930554208474804e-03
6.9718237025306194710e+01,-1.2643803775884904835e-03
6.9821984253022421285e+01,-1.2800185715836716240e-03
6.9925731480738647861e+01,-1.2955069843273965893e-03
7.0029478708454874436e+01,-1.3108449844600907324e-03
7.0133225936171115222e+01,-1.3260319954134986743e-03
7.0236973163887341798e+01,-1.3410674530968391682e-03
7.0340720391603568373e+01,-1.3559507967473042808e-03
7.0444467619319794949e+01,-1.3706814689055401603e-03
7.0548214847036021524e+01,-1.3852589153913613413e-03
7.0651962074752262311e+01,-1.3996825883656983588e-03
7.0755709302468488886e+01,-1.4139519874424128724e-03
7.0859456530184715461e+01,-1.4280666482422376372e-03
7.0963203757900942037e+01,-1.4420261098992298056e-03
7.1066950985617168612e+01,-1.4558299142386303942e-03
7.1170698213333409399e+01,-1.4694776057572521508e-03
7.1274445441049635974e+01,-1.4829687316053729446e-03
7.1378192668765862550e+01,-1.4963028575828173951e-03
7.1481939896482089125e+01,-1.5094796077916730961e-03
7.1585687124198315701e+01,-1.5224986206493137941e-03
7.1689434351914556487e+01,-1.5353595366662054281e-03
7.1793181579630783062e+01,-1.5480619984307838945e-03
7.1896928807347009638e+01,-1.5606056505944655190e-03
7.2000676035063236213e+01,-1.5729901409061019125e-03
7.2104423262779462789e+01,-1.5852151559189724562e-03
7.2208170490495703575e+01,-1.5972804295263842624e-03
7.2311917718211930151e+01,-1.6091856999795159291e-03
7.2415664945928156726e+01,-1.6209307070295427954e-03
7.2519412173644383302e+01,-1.6325151919168981365e-03
7.2623159401360624088e+01,-1.6439388973606421269e-03
7.2726906629076850663e+01,-1.6552015731610913128e-03
7.2830653856793077239e+01,-1.6663030235028843725e-03
7.2934401084509303814e+01,-1.6772430827874315606e-03
7.3038148312225530390e+01,-1.6880215866590378079e-03
7.3141895539941771176e+01,-1.6986383716945233947e-03
7.3245642767657997751e+01,-1.7090932753966129199e-03
7.3349389995374224327e+01,-1.7193861361873984291e-03
7.3453137223090450902e+01,-1.7295168069623707927e-03
7.3556884450806677478e+01,-1.7394852008835556996e-03
7.3660631678522918264e+01,-1.7492912478818969067e-03
7.3764378906239144840e+01,-1.7589348782829712821e-03
7.3868126133955371415e+01,-1.7684160228037899745e-03
7.3971873361671597991e+01,-1.7777346125500447568e-03
7.4075620589387824566e+01,-1.7868905790614827544e-03
7.4179367817104065352e+01,-1.7958838767721705624e-03
7.4283115044820291928e+01,-1.8047145186152781238e-03
7.4386862272536518503e+01,-1.8133825267481426015e-03
7.4490609500252745079e+01,-1.8218879232046636570e-03
7.4594356727968971654e+01,-1.8302307298961567172e-03
7.4698103955685212441e+01,-1.8384109686122120965e-03
7.4801851183401439016e+01,-1.8464286612860938107e-03
7.4905598411117665592e+01,-1.8542838588351808968e-03
7.5009345638833892167e+01,-1.8619766668688433452e-03
7.5113092866550118742e+01,-1.8695071965194828313e-03
7.5216840094266359529e+01,-1.8768755583063549946e-03
7.5320587321982586104e+01,-1.8840818621397924064e-03
7.5424334549698812680e+01,-1.8911262173253991312e-03
7.5528081777415039255e+01,-1.8980087329988895237e-03
7.5631829005131265831e+01,-1.9047295495155434995e-03
7.5735576232847506617e+01,-1.9112888595154294523e-03
7.5839323460563733192e+01,-1.9176868596167413305e-03
7.5943070688279959768e+01,-1.9239237453632603882e-03
7.6046817915996186343e+01,-1.9299997112316820067e-03
7.6150565143712412919e+01,-1.9359149506388831016e-03
7.6254312371428653705e+01,-1.9416696562942277644e-03
7.6358059599144880281e+01,-1.9472640502147132296e-03
7.6461806826861106856e+01,-1.9526984068053065621e-03
7.6565554054577333432e+01,-1.9579730044555899819e-03
7.6669301282293560007e+01,-1.9630881200483041825e-03
7.6773048510009800793e+01,-1.9680440289695294229e-03
7.6876795737726027369e+01,-1.9728410051187820519e-03
7.6980542965442253944e+01,-1.9774793210298904737e-03
7.7084290193158480520e+01,-1.9819592726305558690e-03
7.7188037420874707095e+01,-1.9862812103493068805e-03
7.7291784648590947882e+01,-1.9904454904218112088e-03
7.7395531876307174457e+01,-1.9944524671736286320e-03
7.7499279104023401032e+01,-1.9983024930329967850e-03
7.7603026331739627608e+01,-2.0019959185435132892e-03
7.7706773559455854183e+01,-2.0055330923775295526e-03
7.7810520787172094970e+01,-2.0089143776516197107e-03
7.7914268014888321545e+01,-2.0121401936287332084e-03
7.8018015242604548121e+01,-2.0152109702696171731e-03
7.8121762470320774696e+01,-2.0181271352510349662e-03
7.8225509698037001272e+01,-2.0208891139809107527e-03
7.8329256925753242058e+01,-2.0234973296133552424e-03
7.8433004153469468633e+01,-2.0259522030635695664e-03
7.8536751381185695209e+01,-2.0282541606574280672e-03
7.8640498608901921784e+01,-2.0304036807207697518e-03
7.8744245836618148360e+01,-2.0324012625437637251e-03
7.8847993064334389146e+01,-2.0342474028833372468e-03
7.8951740292050615722e+01,-2.0359425958853464948e-03
7.9055487519766842297e+01,-2.0374873331017078273e-03
7.9159234747483068872e+01,-2.0388821035073980727e-03
7.9262981975199295448e+01,-2.0401273954246046047e-03
7.9366729202915536234e+01,-2.0412237353440499700e-03
7.9470476430631762810e+01,-2.0421716860327212596e-03
7.9574223658347989385e+01,-2.0429718088941645204e-03
7.9677970886064215961e+01,-2.0436246624079518024e-03
7.9781718113780442536e+01,-2.0441308021486941614e-03
7.9885465341496683322e+01,-2.0444907808049041752e-03
7.9989212569212909898e+01,-2.0447051482425696554e-03
8.0092959796929136473e+01,-2.0447744717222099756e-03
8.0196707024645363049e+01,-2.0446993676422968965e-03
8.0300454252361589624e+01,-2.0444804574747039473e-03
8.0404201480077830411e+01,-2.0441183594837116118e-03
8.0507948707794056986e+01,-2.0436136887466756912e-03
8.0611695935510283562e+01,-2.0429670571745334705e-03
8.0715443163226510137e+01,-2.0421790735321546269e-03
8.0819190390942736713e+01,-2.0412503481346470739e-03
8.0922937618658977499e+01,-2.0401815344434537543e-03
8.1026684846375204074e+01,-2.0389733089834351058e-03
8.1130432074091430650e+01,-2.0376263451282058091e-03
8.1234179301807657225e+01,-2.0361413128114152181e-03
8.1337926529523883801e+01,-2.0345188785486916123e-03
8.1441673757240124587e+01,-2.0327597054594038692e-03
8.1545420984956351163e+01,-2.0308644533914631085e-03
8.1649168212672577738e+01,-2.0288338000106248722e-03
8.1752915440388804313e+01,-2.0266684663921836866e-03
8.1856662668105030889e+01,-2.0243691762364618772e-03
8.1960409895821271675e+01,-2.0219366495794802684e-03
8.2064157123537498251e+01,-2.0193716028161228133e-03
8.2167904351253724826e+01,-2.0166747487231216802e-03
8.2271651578969951402e+01,-2.0138467964818675647e-03
8.2375398806686192188e+01,-2.0108884545300058193e-03
8.2479146034402418763e+01,-2.0078004667322267747e-03
8.2582893262118645339e+01,-2.0045836015992819952e-03
8.2686640489834871914e+01,-2.0012386244278195825e-03
8.2790387717551098490e+01,-1.9977662966784211912e-03
8.2894134945267339276e+01,-1.9941673759996014943e-03
8.2997882172983565852e+01,-1.9904426162516402482e-03
8.3101629400699792427e+01,-1.9865927675302235376e-03
8.3205376628416019003e+01,-1.9826185862672589255e-03
8.3309123856132245578e+01,-1.9785208697367623158e-03
8.3412871083848486364e+01,-1.9743004235861756970e-03
8.3516618311564712940e+01,-1.9699580494601754907e-03
8.3620365539280939515e+01,-1.9654945450250527889e-03
8.3724112766997166091e+01,-1.9609107039933698462e-03
8.3827859994713392666e+01,-1.9562073161484235841e-03
8.3931607222429633453e+01,-1.9513851675086412146e-03
8.4035354450145860028e+01,-1.9464450595391361975e-03
8.4139101677862086603e+01,-1.9413878286053066948e-03
8.4242848905578313179e+01,-1.9362143116068146909e-03
8.4346596133294539754e+01,-1.9309253413257372080e-03
8.4450343361010780541e+01,-1.9255217464518613931e-03
8.4554090588727007116e+01,-1.9200043516077913881e-03
8.4657837816443233692e+01,-1.9143739773738671986e-03
8.4761585044159460267e+01,-1.9086314411128888803e-03
8.4865332271875686843e+01,-1.9027775818573323084e-03
8.4969079499591927629e+01,-1.8968132650231980633e-03
8.5072826727308154204e+01,-1.8907393535791631317e-03
8.5176573955024380780e+01,-1.8845567062894337442e-03
8.5280321182740607355e+01,-1.8782661777393184523e-03
8.5384068410456833931e+01,-1.8718686183606194923e-03
8.5487815638173074717e+01,-1.8653648744568318129e-03
8.5591562865889301293e+01,-1.8587557897786501603e-03
8.5695310093605527868e+01,-1.8520422318471006871e-03
8.5799057321321754443e+01,-1.8452250880827436065e-03
8.5902804549037981019e+01,-1.8383052424146037289e-03
8.6006551776754221805e+01,-1.8312835745066715753e-03
8.6110299004470448381e+01,-1.8241609597836020047e-03
8.6214046232186674956e+01,-1.8169382694562148661e-03
8.6317793459902901532e+01,-1.8096163705468219611e-03
8.6421540687619128107e+01,-1.8021961277117854242e-03
8.6525287915335368893e+01,-1.7946784282760050097e-03
8.6629035143051595469e+01,-1.7870641759077459353e-03
8.6732782370767822044e+01,-1.7793542704792402690e-03
8.6836529598484048620e+01,-1.7715496075622638207e-03
8.6940276826200275195e+01,-1.7636510784537892324e-03
8.7044024053916515982e+01,-1.7556595702014642958e-03
8.7147771281632742557e+01,-1.7475759656289087743e-03
8.7251518509348969133e+01,-1.7394011447471786642e-03
8.7355265737065195708e+01,-1.7311360068760627429e-03
8.7459012964781422284e+01,-1.7227814666573534365e-03
8.7562760192497663070e+01,-1.7143384349980665769e-03
8.7666507420213889645e+01,-1.7058078184932379696e-03
8.7770254647930116221e+01,-1.6971905194514064815e-03
8.7874001875646342796e+01,-1.6884874359199165007e-03
8.7977749103362569372e+01,-1.6796994617100477910e-03
8.8081496331078810158e+01,-1.6708274870779660139e-03
8.8185243558795036733e+01,-1.6618724164036769494e-03
8.8288990786511263309e+01,-1.6528351701119330715e-03
8.8392738014227489884e+01,-1.6437166653616133889e-03
8.8496485241943716460e+01,-1.6345178150107405809e-03
8.8600232469659957246e+01,-1.6252395276416579072e-03
8.8703979697376183822e+01,-1.6158827075860406671e-03
8.8807726925092410397e+01,-1.6064482549497144555e-03
8.8911474152808636973e+01,-1.5969370657581217002e-03
8.9015221380524863548e+01,-1.5873500436054850671e-03
8.9118968608241104334e+01,-1.5776881092725118794e-03
8.9222715835957330910e+01,-1.5679521815288967931e-03
8.9326463063673557485e+01,-1.5581431748759528091e-03
8.9430210291389784061e+01,-1.5482619995713729332e-03
8.9533957519106010636e+01,-1.5383095616538138093e-03
8.9637704746822251423e+01,-1.5282867629673156391e-03
8.9741451974538477998e+01,-1.5181945011855486286e-03
8.9845199202254704574e+01,-1.5080336750714564038e-03
8.9948946429970931149e+01,-1.4978051997286618343e-03
9.0052693657687157724e+01,-1.4875099910542351287e-03
9.0156440885403398511e+01,-1.4771489607293816423e-03
9.0260188113119625086e+01,-1.4667230162436783493e-03
9.0363935340835851662e+01,-1.4562330609191273013e-03
9.0467682568552078237e+01,-1.4456799939340572985e-03
9.0571429796268304813e+01,-1.4350647103468549062e-03
9.0675177023984545599e+01,-1.4243881023710818368e-03
9.0778924251700772174e+01,-1.4136510729732410917e-03
9.0882671479416998750e+01,-1.4028545306983164920e-03
9.0986418707133225325e+01,-1.3919993801155079640e-03
9.1090165934849451901e+01,-1.3810865216729736014e-03
9.1193913162565692687e+01,-1.3701168517212735862e-03
9.1297660390281919263e+01,-1.3590912625366551644e-03
9.1401407617998145838e+01,-1.3480106423441687042e-03
9.1505154845714372414e+01,-1.3368758753864455786e-03
9.1608902073430598989e+01,-1.3256878483802665182e-03
9.1712649301146839775e+01,-1.3144474571422769954e-03
9.1816396528863066351e+01,-1.3031555950234151569e-03
9.1920143756579292926e+01,-1.2918131513414315200e-03
9.2023890984295519502e+01,-1.2804210114036327153e-03
9.2127638212011760288e+01,-1.2689800565294543592e-03
9.2231385439727986864e+01,-1.2574911640729010028e-03
9.2335132667444213439e+01,-1.2459552074448121753e-03
9.2438879895160440014e+01,-1.2343730571974073813e-03
9.2542627122876666590e+01,-1.2227455899602726001e-03
9.2646374350592907376e+01,-1.2110736839031491837e-03
9.2750121578309133952e+01,-1.1993582133226880510e-03
9.2853868806025360527e+01,-1.1876000486080696365e-03
9.2957616033741587103e+01,-1.1758000562628132674e-03
9.3061363261457813678e+01,-1.1639590989264369213e-03
9.3165110489174054464e+01,-1.1520780353959677970e-03
9.3268857716890281040e+01,-1.1401577206525052681e-03
9.3372604944606507615e+01,-1.1281990088046862323e-03
9.3476352172322734191e+01,-1.1162027579679992956e-03
9.3580099400038960766e+01,-1.1041698237371172595e-03
9.3683846627755201553e+01,-1.0921010579167055553e-03
9.3787593855471428128e+01,-1.0799973085423915809e-03
9.3891341083187654704e+01,-1.0678594199015785642e-03
9.3995088310903881279e+01,-1.0556882325541358265e-03
9.4098835538620107855e+01,-1.0434845833529485335e-03
9.4202582766336348641e+01,-1.0312493055914973440e-03
9.4306329994052575216e+01,-1.0189832323683621802e-03
9.4410077221768801792e+01,-1.0066871969242729284e-03
9.4513824449485028367e+01,-9.9436202903544455844e-04
9.4617571677201254943e+01,-9.8200855483872545419e-04
9.4721318904917495729e+01,-9.6962759685152808548e-04
9.4825066132633722304e+01,-9.5721997399163510477e-04
9.4928813360349948880e+01,-9.4478650159686005262e-04
9.5032560588066175455e+01,-9.3232799144459346276e-04
9.5136307815782402031e+01,-9.1984525196863549043e-04
9.5240055043498642817e+01,-9.0733909005847191830e-04
9.5343802271214869393e+01,-8.9481031023171076974e-04
9.5447549498931095968e+01,-8.8225971352181382836e-04
9.5551296726647322544e+01,-8.6968809748327565497e-04
9.5655043954363549119e+01,-8.5709625621048718749e-04
9.5758791182079789905e+01,-8.4448498035647942810e-04
9.5862538409796016481e+01,-8.3185505715155220498e-04
9.5966285637512243056e+01,-8.1920727042176307194e-04
9.6070032865228469632e+01,-8.0654240052532844268e-04
9.6173780092944696207e+01,-7.9386122396363190904e-04
9.6277527320660936994e+01,-7.8116451371012911309e-04
9.6381274548377163569e+01,-7.6845303940979627771e-04
9.6485021776093390145e+01,-7.5572756739730772343e-04
9.6588769003809616720e+01,-7.4298886071481916923e-04
9.6692516231525843295e+01,-7.3023767912963101229e-04
9.6796263459242084082e+01,-7.1747477915173700751e-04
9.6900010686958310657e+01,-7.0470091405126680361e-04
9.7003757914674537233e+01,-6.9191683322777518175e-04
9.7107505142390763808e+01,-6.7912327978934101079e-04
9.7211252370106990384e+01,-6.6632099275242288785e-04
9.7314999597823231170e+01,-6.5351070798186827650e-04
9.7418746825539457745e+01,-6.4069315820785904467e-04
9.7522494053255684321e+01,-6.2786907304257348356e-04
9.7626241280971910896e+01,-6.1503917899676180739e-04
9.7729988508688137472e+01,-6.0220419949620618543e-04
9.7833735736404378258e+01,-5.8936485489807582342e-04
9.7937482964120604834e+01,-5.7652186139624749493e-04
9.8041230191836831409e+01,-5.6367592665812927145e-04
9.8144977419553057985e+01,-5.5082775366303035700e-04
9.8248724647269284560e+01,-5.3797804242048101898e-04
9.8352471874985525346e+01,-5.2512748998638524890e-04
9.8456219102701751922e+01,-5.1227679047859120669e-04
9.8559966330417978497e+01,-4.9942663509234316160e-04
9.8663713558134205073e+01,-4.8657771211565439481e-04
9.8767460785850431648e+01,-4.7373070694457450076e-04
9.8871208013566672435e+01,-4.6088630097195919287e-04
9.8974955241282899010e+01,-4.4804516517163033061e-04
9.9078702468999125585e+01,-4.3520796459507412636e-04
9.9182449696715352161e+01,-4.2237536150146819895e-04
9.9286196924431578736e+01,-4.0954801538192942998e-04
9.9389944152147819523e+01,-3.9672658297395916888e-04
9.9493691379864046098e+01,-3.8391171827580744796e-04
9.9597438607580272674e+01,-3.7110407256072904837e-04
9.9701185835296499249e+01,-3.5830429439116822559e-04
9.9804933063012725825e+01,-3.4551302897381524657e-04
9.9908680290728966611e+01,-3.3273091048253706885e-04
1.0001242751844519319e+02,-3.1995856472488969644e-04
1.0011617474616141976e+02,-3.0719661480182883576e-04
1.0021992197387764634e+02,-2.9444568123418614477e-04
1.0032366920159387291e+02,-2.8170638197600849761e-04
1.0042741642931011370e+02,-2.6897933242781447028e-04
1.0053116365702634027e+02,-2.5626514544977764282e-04
1.0063491088474256685e+02,-2.4356443137481007346e-04
1.0073865811245879343e+02,-2.3087819351128233678e-04
1.0084240534017502000e+02,-2.1822623276058071454e-04
1.0094615256789126079e+02,-2.0565486784064027255e-04
1.0104989979560748736e+02,-1.9321224279836865610e-04
1.0115364702332371394e+02,-1.8094630416682505342e-04
1.0125739425103994051e+02,-1.6890480197707960172e-04
1.0136114147875616709e+02,-1.5713529076385055676e-04
1.0146488870647240788e+02,-1.4568513056497186435e-04
1.0156863593418863445e+02,-1.3460148791474298548e-04
1.0167238316190486103e+02,-1.2393133683105895171e-04
1.0177613038962108760e+02,-1.1370946766971205724e-04
1.0187987761733732839e+02,-1.0392292090942990249e-04
1.0198362484505355496e+02,-9.4546977119719621515e-05
1.0208737207276978154e+02,-8.5557017355475503597e-05
1.0219111930048600811e+02,-7.6928522646907204286e-05
1.0229486652820223469e+02,-6.8637073492564261673e-05
1.0239861375591847548e+02,-6.0658349355443412791e-05
1.0250236098363470205e+02,-5.2968128162161200276e-05
1.0260610821135092863e+02,-4.5542285805153989980e-05
1.0270985543906715520e+02,-3.8360474620243177656e-05
1.0281360266678338178e+02,-3.1470953512955504648e-05
1.0291734989449962256e+02,-2.4982385552189633718e-05
1.0302109712221584914e+02,-1.9005086892874868823e-05
1.0312484434993207572e+02,-1.3648929762179451612e-05
1.0322859157764830229e+02,-9.0233446903047901733e-06
1.0333233880536452887e+02,-5.2373227278366108302e-06
1.0343608603308076965e+02,-2.3994176497526466065e-06
1.0353983326079699623e+02,-6.1774814618148928353e-07
1.0364358048851322280e+02,0.0000000000000000000e+00
