1.0000000000000000479e-04,-6.1030968540848243686e-22
1.0384722771622945103e-01,-4.3367380221894764897e-10
2.0759445543245888532e-01,-6.7800325039678544723e-09
3.1134168314868831962e-01,-3.3586390014848559392e-08
4.1508891086491778166e-01,-1.0390411065060443566e-07
5.1883613858114718820e-01,-2.4833680804022604519e-07
6.2258336629737665024e-01,-5.0414659717282332362e-07
7.2633059401360611229e-01,-9.1441577313906917561e-07
8.3007782172983557434e-01,-1.5272613904533653773e-06
9.3382504944606503638e-01,-2.3951003104962912276e-06
1.0375722771622943874e+00,-3.5739623758376664520e-06
1.1413195048785238495e+00,-5.1228494672463064632e-06
1.2450667325947533115e+00,-7.1031382703831036130e-06
1.3488139603109827735e+00,-9.5780246814991290799e-06
1.4525611880272122356e+00,-1.2612007787393802655e-05
1.5563084157434416976e+00,-1.6270411717135304351e-05
1.6600556434596711597e+00,-2.0618943082326365461e-05
1.7638028711759006217e+00,-2.5723282834398850073e-05
1.8675500988921300838e+00,-3.1648710124563772202e-05
1.9712973266083595458e+00,-3.8459757265814730593e-05
2.0750445543245890079e+00,-4.6219893671158477169e-05
2.1787917820408186920e+00,-5.4991237374889719036e-05
2.2825390097570479320e+00,-6.4834292945199127698e-05
2.3862862374732776161e+00,-7.5807714214040124168e-05
2.4900334651895068561e+00,-8.7968090267666085671e-05
2.5937806929057365402e+00,-1.0136975393232555785e-04
2.6975279206219657802e+00,-1.1606461097655460587e-04
2.8012751483381954642e+00,-1.3210198944869894601e-04
2.9050223760544247043e+00,-1.4952850736515624483e-04
3.0087696037706543883e+00,-1.6838795828558284309e-04
3.1125168314868836283e+00,-1.8872121330637368778e-04
3.2162640592031133124e+00,-2.1056613853276105763e-04
3.3200112869193425524e+00,-2.3395752769245781459e-04
3.4237585146355717924e+00,-2.5892704787479321011e-04
3.5275057423518014765e+00,-2.8550319856596206077e-04
3.6312529700680307165e+00,-3.1371128262849910101e-04
3.7350001977842604006e+00,-3.4357338852213911489e-04
3.8387474255004896406e+00,-3.7510838309445652169e-04
3.9424946532167193247e+00,-4.0833191411089950077e-04
4.0462418809329481206e+00,-4.4325642183014660452e-04
4.1499891086491773606e+00,-4.7989115939093987626e-04
4.2537363363654074888e+00,-5.1824222091915528657e-04
4.3574835640816367288e+00,-5.5831257562055452114e-04
4.4612307917978659688e+00,-6.0010211191381375526e-04
4.5649780195140952088e+00,-6.4360768246024774395e-04
4.6687252472303253370e+00,-6.8882316089733893784e-04
4.7724724749465545770e+00,-7.3573949867456638670e-04
4.8762197026627838170e+00,-7.8434478837476734846e-04
4.9799669303790130570e+00,-8.3462433289223922957e-04
5.0837141580952422970e+00,-8.8656071630480105979e-04
5.1874613858114724252e+00,-9.4013387835929925450e-04
5.2912086135277016652e+00,-9.9532119257121458300e-04
5.3949558412439309052e+00,-1.0520975472361855044e-03
5.4987030689601601452e+00,-1.1104354283839742382e-03
5.6024502966763902734e+00,-1.1703050048067159625e-03
5.7061975243926195134e+00,-1.2316742149011425476e-03
5.8099447521088487534e+00,-1.2945088550841323937e-03
5.9136919798250779934e+00,-1.3587726690331206319e-03
6.0174392075413081216e+00,-1.4244274374244625652e-03
6.1211864352575373616e+00,-1.4914330691825281039e-03
6.2249336629737666016e+00,-1.5597476937975821021e-03
6.3286808906899958416e+00,-1.6293277547576219284e-03
6.4324281184062259697e+00,-1.7001280974785683720e-03
6.5361753461224552098e+00,-1.7721020600205688190e-03
6.6399225738386844498e+00,-1.8452015725188861215e-03
6.7436698015549136898e+00,-1.9193772413357104191e-03
6.8474170292711429298e+00,-1.9945784357776183068e-03
6.9511642569873730579e+00,-2.0707533932032306558e-03
7.0549114847036022979e+00,-2.1478492853673428892e-03
7.1586587124198315379e+00,-2.2258123288718127848e-03
7.2624059401360607779e+00,-2.3045878522526823569e-03
7.3661531678522909061e+00,-2.3841203977341602661e-03
7.4699003955685201461e+00,-2.4643537895333803706e-03
7.5736476232847493861e+00,-2.5452312348797074930e-03
7.6773948510009786261e+00,-2.6266953816843582360e-03
7.7811420787172087543e+00,-2.7086884271767305149e-03
7.8848893064334379943e+00,-2.7911521652177933087e-03
7.9886365341496672343e+00,-2.8740280863607590815e-03
8.0923837618658964743e+00,-2.9572574457001872886e-03
8.1961309895821266025e+00,-3.0407813232555722625e-03
8.2998782172983549543e+00,-3.1245407156897243676e-03
8.4036254450145850825e+00,-3.2084765950767166719e-03
8.5073726727308152107e+00,-3.2925299680319070061e-03
8.6111199004470435625e+00,-3.3766419554226742399e-03
8.7148671281632736907e+00,-3.4607538540597834048e-03
8.8186143558795020425e+00,-3.5448071887298638477e-03
8.9223615835957321707e+00,-3.6287437756697370206e-03
9.0261088113119622989e+00,-3.7125057850154576447e-03
9.1298560390281906507e+00,-3.7960357950322706072e-03
9.2336032667444207789e+00,-3.8792768436520137787e-03
9.3373504944606509071e+00,-3.9621724774465015215e-03
9.4410977221768792589e+00,-4.0446668050995058727e-03
9.5448449498931093871e+00,-4.1267045455868622827e-03
9.6485921776093377389e+00,-4.2082310734741943878e-03
9.7523394053255678671e+00,-4.2891924624477509309e-03
9.8560866330417979952e+00,-4.3695355270581773960e-03
9.9598338607580263471e+00,-4.4492078626116532761e-03
1.0063581088474256475e+01,-4.5281578830467100749e-03
1.0167328316190484827e+01,-4.6063348576377534729e-03
1.0271075543906714955e+01,-4.6836889455908860616e-03
1.0374822771622945083e+01,-4.7601712285252947149e-03
1.0478569999339173435e+01,-4.8357337411817904668e-03
1.0582317227055403563e+01,-4.9103295003703438526e-03
1.0686064454771633692e+01,-4.9839125321775468863e-03
1.0789811682487862043e+01,-5.0564378974569078318e-03
1.0893558910204092172e+01,-5.1278617156264505103e-03
1.0997306137920320523e+01,-5.1981411868008186097e-03
1.1101053365636550652e+01,-5.2672346122899860524e-03
1.1204800593352780780e+01,-5.3351014134932024310e-03
1.1308547821069009132e+01,-5.4017021492224091481e-03
1.1412295048785239260e+01,-5.4669985314844864524e-03
1.1516042276501469388e+01,-5.5309534397554264290e-03
1.1619789504217697740e+01,-5.5935309337740201155e-03
1.1723536731933927868e+01,-5.6546962648852750269e-03
1.1827283959650156220e+01,-5.7144158859572784931e-03
1.1931031187366386348e+01,-5.7726574599807076518e-03
1.2034778415082616476e+01,-5.8293898674579925148e-03
1.2138525642798844828e+01,-5.8845832124318122464e-03
1.2242272870515074956e+01,-5.9382088272160503742e-03
1.2346020098231303308e+01,-5.9902392758544630372e-03
1.2449767325947533436e+01,-6.0406483563161094547e-03
1.2553514553663763564e+01,-6.0894111014280632999e-03
1.2657261781379991916e+01,-6.1365037785403343806e-03
1.2761009009096222044e+01,-6.1819038883032745649e-03
1.2864756236812452173e+01,-6.2255901646207263689e-03
1.2968503464528680524e+01,-6.2675425711929792782e-03
1.3072250692244910653e+01,-6.3077422963613320392e-03
1.3175997919961139004e+01,-6.3461717473209571308e-03
1.3279745147677369133e+01,-6.3828145430594208920e-03
1.3383492375393599261e+01,-6.4176555074630034503e-03
1.3487239603109827613e+01,-6.4506806684431995322e-03
1.3590986830826057741e+01,-6.4818772463873693124e-03
1.3694734058542286093e+01,-6.5112336410367115114e-03
1.3798481286258516221e+01,-6.5387394191606176830e-03
1.3902228513974746349e+01,-6.5643853046433234266e-03
1.4005975741690974701e+01,-6.5881631811117837352e-03
1.4109722969407204829e+01,-6.6100660705961039945e-03
1.4213470197123434957e+01,-6.6300881131099997923e-03
1.4317217424839663309e+01,-6.6482245504450353593e-03
1.4420964652555893437e+01,-6.6644717321376559932e-03
1.4524711880272121789e+01,-6.6788271002472211421e-03
1.4628459107988351917e+01,-6.6912891543210529025e-03
1.4732206335704582045e+01,-6.7018574319500463440e-03
1.4835953563420810397e+01,-6.7105325245300677731e-03
1.4939700791137040525e+01,-6.7173160546566065832e-03
1.5043448018853268877e+01,-6.7222106298118738249e-03
1.5147195246569499005e+01,-6.7252198305482189036e-03
1.5250942474285729133e+01,-6.7263482414988817054e-03
1.5354689702001957485e+01,-6.7256013916114042173e-03
1.5458436929718187614e+01,-6.7229857128232933458e-03
1.5562184157434417742e+01,-6.7185085734581548658e-03
1.5665931385150646094e+01,-6.7121782612342530475e-03
1.5769678612866876222e+01,-6.7040039035566661649e-03
1.5873425840583104574e+01,-6.6939954853254927947e-03
1.5977173068299334702e+01,-6.6821638785145263950e-03
1.6080920296015563054e+01,-6.6685207349028111784e-03
1.6184667523731793182e+01,-6.6530784898403451388e-03
1.6288414751448023310e+01,-6.6358504221731961364e-03
1.6392161979164253438e+01,-6.6168505278039902590e-03
1.6495909206880483566e+01,-6.5960935221732585471e-03
1.6599656434596710142e+01,-6.5735949137792001884e-03
1.6703403662312940270e+01,-6.5493708558849467877e-03
1.6807150890029170398e+01,-6.5234381735500383825e-03
1.6910898117745400526e+01,-6.4958144241553886916e-03
1.7014645345461630654e+01,-6.4665177285188136028e-03
1.7118392573177857230e+01,-6.4355668560206868295e-03
1.7222139800894087358e+01,-6.4029812222928588969e-03
1.7325887028610317486e+01,-6.3687807322838482435e-03
1.7429634256326547614e+01,-6.3329859356212048205e-03
1.7533381484042777743e+01,-6.2956179023866973635e-03
1.7637128711759004318e+01,-6.2566981649678577240e-03
1.7740875939475234446e+01,-6.2162488664352045717e-03
1.7844623167191464574e+01,-6.1742925309469535652e-03
1.7948370394907694703e+01,-6.1308521914578356996e-03
1.8052117622623924831e+01,-6.0859513537241272801e-03
1.8155864850340154959e+01,-6.0396138502359520556e-03
1.8259612078056381534e+01,-5.9918640466284237359e-03
1.8363359305772611663e+01,-5.9427265855894655447e-03
1.8467106533488841791e+01,-5.8922265292136377299e-03
1.8570853761205071919e+01,-5.8403893073222480289e-03
1.8674600988921302047e+01,-5.7872405921224759698e-03
1.8778348216637528623e+01,-5.7328064990967110212e-03
1.8882095444353758751e+01,-5.6771132970637174994e-03
1.8985842672069988879e+01,-5.6201876464596033089e-03
1.9089589899786219007e+01,-5.5620563985998945286e-03
1.9193337127502449135e+01,-5.5027466504371392447e-03
1.9297084355218675711e+01,-5.4422857774149907203e-03
1.9400831582934905839e+01,-5.3807012542980677330e-03
1.9504578810651135967e+01,-5.3180208862787913676e-03
1.9608326038367366095e+01,-5.2542724967549973153e-03
1.9712073266083596224e+01,-5.1894842131919209985e-03
1.9815820493799822799e+01,-5.1236841792296925965e-03
1.9919567721516052927e+01,-5.0569007518287125910e-03
2.0023314949232283055e+01,-4.9891623477339927528e-03
2.0127062176948513184e+01,-4.9204974846502333788e-03
2.0230809404664743312e+01,-4.8509347900651091437e-03
2.0334556632380969887e+01,-4.7805028884186778759e-03
2.0438303860097200015e+01,-4.7092305489204915395e-03
2.0542051087813430144e+01,-4.6371464561170902541e-03
2.0645798315529660272e+01,-4.5642794514513182480e-03
2.0749545543245890400e+01,-4.4906582354354001446e-03
2.0853292770962120528e+01,-4.4163116556909182489e-03
2.0957039998678347104e+01,-4.3412683842040424020e-03
2.1060787226394577232e+01,-4.2655572142925417267e-03
2.1164534454110807360e+01,-4.1892067430776575715e-03
2.1268281681827037488e+01,-4.1122456554474988433e-03
2.1372028909543267616e+01,-4.0347024256956890223e-03
2.1475776137259494192e+01,-3.9566055815765119666e-03
2.1579523364975724320e+01,-3.8779834264737952920e-03
2.1683270592691954448e+01,-3.7988642861059699653e-03
2.1787017820408184576e+01,-3.7192762461102282096e-03
2.1890765048124414704e+01,-3.6392473879396885876e-03
2.1994512275840641280e+01,-3.5588055348326056750e-03
2.2098259503556871408e+01,-3.4779784836140121770e-03
2.2202006731273101536e+01,-3.3967937533514931149e-03
2.2305753958989331664e+01,-3.3152788170926401380e-03
2.2409501186705561793e+01,-3.2334608514394563329e-03
2.2513248414421788368e+01,-3.1513669671184027857e-03
2.2616995642138018496e+01,-3.0690239640089227516e-03
2.2720742869854248625e+01,-2.9864585521190809177e-03
2.2824490097570478753e+01,-2.9036971245265780737e-03
2.2928237325286708881e+01,-2.8207659525759979334e-03
2.3031984553002939009e+01,-2.7376909955731383410e-03
2.3135731780719165585e+01,-2.6544980501138804203e-03
2.3239479008435395713e+01,-2.5712126163300067991e-03
2.3343226236151625841e+01,-2.4878599833813544624e-03
2.3446973463867855969e+01,-2.4044651667600733594e-03
2.3550720691584086097e+01,-2.3210529204339418359e-03
2.3654467919300312673e+01,-2.2376477482372019584e-03
2.3758215147016542801e+01,-2.1542738473220909151e-03
2.3861962374732772929e+01,-2.0709551803698772118e-03
2.3965709602449003057e+01,-1.9877153726074810354e-03
2.4069456830165233185e+01,-1.9045778138087078851e-03
2.4173204057881459761e+01,-1.8215655475296993471e-03
2.4276951285597689889e+01,-1.7387013595555728639e-03
2.4380698513313920017e+01,-1.6560077015512182988e-03
2.4484445741030150145e+01,-1.5735067316780268834e-03
2.4588192968746380274e+01,-1.4912202930175051403e-03
2.4691940196462606849e+01,-1.4091699034523336078e-03
2.4795687424178836977e+01,-1.3273767746788042981e-03
2.4899434651895067105e+01,-1.2458617792169613715e-03
2.5003181879611297234e+01,-1.1646454738255917864e-03
2.5106929107327527362e+01,-1.0837480805514386126e-03
2.5210676335043753937e+01,-1.0031894855166700875e-03
2.5314423562759984065e+01,-9.2298924648923617604e-04
2.5418170790476214194e+01,-8.4316657616083747536e-04
2.5521918018192444322e+01,-7.6374034754804042552e-04
2.5625665245908674450e+01,-6.8472910181311644629e-04
2.5729412473624904578e+01,-6.0615101299529286147e-04
2.5833159701341131154e+01,-5.2802394067108114530e-04
2.5936906929057361282e+01,-4.5036536500267759352e-04
2.6040654156773591410e+01,-3.7319243865325564665e-04
2.6144401384489821538e+01,-2.9652196434038977091e-04
2.6248148612206051666e+01,-2.2037036786611141214e-04
2.6351895839922278242e+01,-1.4475377370563305077e-04
2.6455643067638508370e+01,-6.9687891798623011327e-05
2.6559390295354738498e+01,4.8118673314065307239e-06
2.6663137523070968626e+01,7.8730470599209937191e-05
2.6766884750787198755e+01,1.5205325516213298890e-04
2.6870631978503425330e+01,2.2476585130948225234e-04
2.6974379206219655458e+01,2.9685432869486249371e-04
2.7078126433935885586e+01,3.6830502948560685933e-04
2.7181873661652115715e+01,4.3910469102416090949e-04
2.7285620889368345843e+01,5.0924041756393253772e-04
2.7389368117084572418e+01,5.7869958901235203207e-04
2.7493115344800802546e+01,6.4747004542512029586e-04
2.7596862572517032675e+01,7.1553987963106748318e-04
2.7700609800233262803e+01,7.8289757304167569788e-04
2.7804357027949492931e+01,8.4953199117193602553e-04
2.7908104255665723059e+01,9.1543223900344039730e-04
2.8011851483381949635e+01,9.8058789714085530659e-04
2.8115598711098179763e+01,1.0449887990653834724e-03
2.8219345938814409891e+01,1.1086251200324859223e-03
2.8323093166530640019e+01,1.1714874657722403571e-03
2.8426840394246870147e+01,1.2335666381369200014e-03
2.8530587621963096723e+01,1.2948538971506052143e-03
2.8634334849679326851e+01,1.3553408028964607050e-03
2.8738082077395556979e+01,1.4150191631799259508e-03
2.8841829305111787107e+01,1.4738812729818981731e-03
2.8945576532828017235e+01,1.5319196142617942831e-03
2.9049323760544243811e+01,1.5891270341909426861e-03
2.9153070988260473939e+01,1.6454967850487653425e-03
2.9256818215976704067e+01,1.7010222750281991672e-03
2.9360565443692934195e+01,1.7556973782747063370e-03
2.9464312671409164324e+01,1.8095162471969102394e-03
2.9568059899125390899e+01,1.8624732345150299146e-03
2.9671807126841621027e+01,1.9145631906611725991e-03
2.9775554354557851156e+01,1.9657811345570879065e-03
2.9879301582274081284e+01,2.0161223780203224760e-03
2.9983048809990311412e+01,2.0655826807640790578e-03
3.0086796037706537987e+01,2.1141579150097409082e-03
3.0190543265422768116e+01,2.1618443394885232360e-03
3.0294290493138998244e+01,2.2086385691186950601e-03
3.0398037720855228372e+01,2.2545373215668985771e-03
3.0501784948571458500e+01,2.2995377690509370174e-03
3.0605532176287688628e+01,2.3436373408915862036e-03
3.0709279404003915204e+01,2.3868335913943775767e-03
3.0813026631720145332e+01,2.4291245609671750089e-03
3.0916773859436375460e+01,2.4705084615161722328e-03
3.1020521087152605588e+01,2.5109836705451255533e-03
3.1124268314868835716e+01,2.5505490473066399874e-03
3.1228015542585062292e+01,2.5892035603661952767e-03
3.1331762770301292420e+01,2.6269463879367367827e-03
3.1435509998017522548e+01,2.6637771624976078026e-03
3.1539257225733752676e+01,2.6996955852804207024e-03
3.1643004453449982805e+01,2.7347016035101008070e-03
3.1746751681166209380e+01,2.7687955836417088573e-03
3.1850498908882439508e+01,2.8019779345606820806e-03
3.1954246136598669636e+01,2.8342493352713398272e-03
3.2057993364314903317e+01,2.8656108512469741570e-03
3.2161740592031129893e+01,2.8960635725171269585e-03
3.2265487819747363574e+01,2.9256088696728295255e-03
3.2369235047463590149e+01,2.9542484747785277208e-03
3.2472982275179823830e+01,2.9819841312121592170e-03
3.2576729502896050406e+01,3.0088178595333724304e-03
3.2680476730612276981e+01,3.0347520271606694825e-03
3.2784223958328510662e+01,3.0597890023436463691e-03
3.2887971186044737237e+01,3.0839314134380375367e-03
3.2991718413760970918e+01,3.1071822321001398882e-03
3.3095465641477197494e+01,3.1295444230275189929e-03
3.3199212869193424069e+01,3.1510211803020267245e-03
3.3302960096909657750e+01,3.1716160478358502300e-03
3.3406707324625884326e+01,3.1913325589854623678e-03
3.3510454552342118006e+01,3.2101744325191659823e-03
3.3614201780058344582e+01,3.2281457506496396420e-03
3.3717949007774571157e+01,3.2452505883920801551e-03
3.3821696235490804838e+01,3.2614931508681932297e-03
3.3925443463207031414e+01,3.2768780212272590954e-03
3.4029190690923265095e+01,3.2914097894043686104e-03
3.4132937918639491670e+01,3.3050931141041873032e-03
3.4236685146355718246e+01,3.3179330366987624251e-03
3.4340432374071951926e+01,3.3299346343543842312e-03
3.4444179601788178502e+01,3.3411029959263269587e-03
3.4547926829504412183e+01,3.3514435709617006187e-03
3.4651674057220638758e+01,3.3609618951643467112e-03
3.4755421284936865334e+01,3.3696634717962584832e-03
3.4859168512653099015e+01,3.3775541056590726967e-03
3.4962915740369325590e+01,3.3846397593123912252e-03
3.5066662968085559271e+01,3.3909263378661225023e-03
3.5170410195801785846e+01,3.3964199539802037743e-03
3.5274157423518012422e+01,3.4011269582899252527e-03
3.5377904651234246103e+01,3.4050536440911253859e-03
3.5481651878950472678e+01,3.4082063992613574784e-03
3.5585399106666706359e+01,3.4105919120183216843e-03
3.5689146334382932935e+01,3.4122168434852998692e-03
3.5792893562099159510e+01,3.4130878501836435165e-03
3.5896640789815393191e+01,3.4132118903742883834e-03
3.6000388017531619766e+01,3.4125959651244907808e-03
3.6104135245247853447e+01,3.4112470142103785975e-03
3.6207882472964080023e+01,3.4091721933671051241e-03
3.6311629700680313704e+01,3.4063788087555315655e-03
3.6415376928396540279e+01,3.4028740907643588789e-03
3.6519124156112766855e+01,3.3986653513786509347e-03
3.6622871383829000536e+01,3.3937601465733675983e-03
3.6726618611545227111e+01,3.3881659857780540776e-03
3.6830365839261460792e+01,3.3818903467555021594e-03
3.6934113066977687367e+01,3.3749409515800754718e-03
3.7037860294693913943e+01,3.3673255614646764068e-03
3.7141607522410147624e+01,3.3590518579384954709e-03
3.7245354750126374199e+01,3.3501276494089129825e-03
3.7349101977842607880e+01,3.3405609068635046602e-03
3.7452849205558834456e+01,3.3303595272222734011e-03
3.7556596433275061031e+01,3.3195313938437906107e-03
3.7660343660991294712e+01,3.3080846082796928724e-03
3.7764090888707521287e+01,3.2960272619769049977e-03
3.7867838116423754968e+01,3.2833673669826813658e-03
3.7971585344139981544e+01,3.2701130561716461667e-03
3.8075332571856208119e+01,3.2562725792374112334e-03
3.8179079799572441800e+01,3.2418541049297998347e-03
3.8282827027288668376e+01,3.2268657786991392263e-03
3.8386574255004902056e+01,3.2113159281858638487e-03
3.8490321482721128632e+01,3.1952128612004488534e-03
3.8594068710437355207e+01,3.1785648014987098915e-03
3.8697815938153588888e+01,3.1613800509966501380e-03
3.8801563165869815464e+01,3.1436670185647349815e-03
3.8905310393586049145e+01,3.1254340346161114776e-03
3.9009057621302275720e+01,3.1066893772254302979e-03
3.9112804849018502296e+01,3.0874414638426515844e-03
3.9216552076734735977e+01,3.0676987105895500881e-03
3.9320299304450962552e+01,3.0474694456309359310e-03
3.9424046532167196233e+01,3.0267620079340346213e-03
3.9527793759883422808e+01,3.0055848493985692221e-03
3.9631540987599649384e+01,2.9839463578137351459e-03
3.9735288215315883065e+01,2.9618548429121535799e-03
3.9839035443032109640e+01,2.9393186839244602598e-03
3.9942782670748343321e+01,2.9163463001979825738e-03
4.0046529898464569897e+01,2.8929460275493004869e-03
4.0150277126180796472e+01,2.8691261470599779652e-03
4.0254024353897030153e+01,2.8448950305839642433e-03
4.0357771581613256728e+01,2.8202610252200683433e-03
4.0461518809329490409e+01,2.7952323926916048530e-03
4.0565266037045716985e+01,2.7698173728146701332e-03
4.0669013264761943560e+01,2.7440242764560133192e-03
4.0772760492478177241e+01,2.7178613535116017373e-03
4.0876507720194403817e+01,2.6913367724281352447e-03
4.0980254947910637497e+01,2.6644587080213171133e-03
4.1084002175626864073e+01,2.6372353677816509805e-03
4.1187749403343097754e+01,2.6096748841688550795e-03
4.1291496631059324329e+01,2.5817853147784876333e-03
4.1395243858775550905e+01,2.5535747377722693534e-03
4.1498991086491784586e+01,2.5250512277537216430e-03
4.1602738314208011161e+01,2.4962227807293303414e-03
4.1706485541924244842e+01,2.4670973253533979956e-03
4.1810232769640471417e+01,2.4376828112644987646e-03
4.1913979997356697993e+01,2.4079871580323982533e-03
4.2017727225072931674e+01,2.3780182073398592295e-03
4.2121474452789158249e+01,2.3477837398889118449e-03
4.2225221680505391930e+01,2.3172915484729605939e-03
4.2328968908221618506e+01,2.2865493794562408679e-03
4.2432716135937845081e+01,2.2555649034683520476e-03
4.2536463363654078762e+01,2.2243457339601447990e-03
4.2640210591370305337e+01,2.1928994831955056326e-03
4.2743957819086539018e+01,2.1612337083497966048e-03
4.2847705046802765594e+01,2.1293558934066714357e-03
4.2951452274518992169e+01,2.0972734660340847795e-03
4.3055199502235225850e+01,2.0649938385536082720e-03
4.3158946729951452426e+01,2.0325243643729801017e-03
4.3262693957667686107e+01,1.9998723263657553623e-03
4.3366441185383912682e+01,1.9670449496751265563e-03
4.3470188413100139257e+01,1.9340494306378721179e-03
4.3573935640816372938e+01,1.9008929054769661392e-03
4.3677682868532599514e+01,1.8675824426132141016e-03
4.3781430096248833195e+01,1.8341250503767325512e-03
4.3885177323965059770e+01,1.8005276956635633302e-03
4.3988924551681286346e+01,1.7667972852247527428e-03
4.4092671779397520027e+01,1.7329406608067798260e-03
4.4196419007113746602e+01,1.6989646022208140883e-03
4.4300166234829980283e+01,1.6648758357450804679e-03
4.4403913462546206858e+01,1.6306810274933736075e-03
4.4507660690262433434e+01,1.5963867814247599541e-03
4.4611407917978667115e+01,1.5619996393546875784e-03
4.4715155145694893690e+01,1.5275260782036898053e-03
4.4818902373411127371e+01,1.4929725133982303577e-03
4.4922649601127353947e+01,1.4583453010977777842e-03
4.5026396828843580522e+01,1.4236507371237913048e-03
4.5130144056559814203e+01,1.3888950431874614363e-03
4.5233891284276040778e+01,1.3540843751605217624e-03
4.5337638511992274459e+01,1.3192248324821649347e-03
4.5441385739708501035e+01,1.2843224575958057162e-03
4.5545132967424727610e+01,1.2493832142957115618e-03
4.5648880195140961291e+01,1.2144129915685102430e-03
4.5752627422857187867e+01,1.1794176242931604486e-03
4.5856374650573421548e+01,1.1444028941553440436e-03
4.5960121878289648123e+01,1.1093745068603759300e-03
4.6063869106005881804e+01,1.0743380796604275456e-03
4.6167616333722108379e+01,1.0392991761026333826e-03
4.6271363561438334955e+01,1.0042633098324609334e-03
4.6375110789154568636e+01,9.6923592853526900452e-04
4.6478858016870795211e+01,9.3422237726948308394e-04
4.6582605244587028892e+01,8.9922794253345314248e-04
4.6686352472303255468e+01,8.6425786383454382932e-04
4.6790099700019482043e+01,8.2931732687382400324e-04
4.6893846927735715724e+01,7.9441141111688605252e-04
4.6997594155451942299e+01,7.5954512154383828706e-04
4.7101341383168175980e+01,7.2472341883171381097e-04
4.7205088610884402556e+01,6.8995121863315873184e-04
4.7308835838600629131e+01,6.5523334520878394154e-04
4.7412583066316862812e+01,6.2057452157804197154e-04
4.7516330294033089388e+01,5.8597942591340755093e-04
4.7620077521749323068e+01,5.5145269561804181099e-04
4.7723824749465549644e+01,5.1699890438179239502e-04
4.7827571977181776219e+01,4.8262250246186111455e-04
4.7931319204898009900e+01,4.4832788284696864544e-04
4.8035066432614236476e+01,4.1411940057353512730e-04
4.8138813660330470157e+01,3.8000136794397545471e-04
4.8242560888046696732e+01,3.4597798503404095889e-04
4.8346308115762923308e+01,3.1205335934057516073e-04
4.8450055343479156988e+01,2.7823156179427335983e-04
4.8553802571195383564e+01,2.4451662846763423144e-04
4.8657549798911617245e+01,2.1091252462492659299e-04
4.8761297026627843820e+01,1.7742308483689571289e-04
4.8865044254344070396e+01,1.4405209513606252996e-04
4.8968791482060304077e+01,1.1080330946999184471e-04
4.9072538709776530652e+01,7.7680443615274182359e-05
4.9176285937492764333e+01,4.4687094140350870478e-05
4.9280033165208990908e+01,1.1826763743370011391e-05
4.9383780392925217484e+01,-2.0897075734140963714e-05
4.9487527620641451165e+01,-5.3480981572226666577e-05
4.9591274848357677740e+01,-8.5921573697004106993e-05
4.9695022076073911421e+01,-1.1821561154855671433e-04
4.9798769303790137997e+01,-1.5035990441831910088e-04
4.9902516531506364572e+01,-1.8235128813163834307e-04
5.0006263759222598253e+01,-2.1418662768584817522e-04
5.0110010986938824828e+01,-2.4586289410467735209e-04
5.0213758214655058509e+01,-2.7737717142551395876e-04
5.0317505442371285085e+01,-3.0872657224804988824e-04
5.0421252670087511660e+01,-3.3990823293654812793e-04
5.0524999897803745341e+01,-3.7091932993322694265e-04
5.0628747125519971917e+01,-4.0175717851648391245e-04
5.0732494353236205598e+01,-4.3241916526607233331e-04
5.0836241580952432173e+01,-4.6290269828092901749e-04
5.0939988808668665854e+01,-4.9320520683773327961e-04
5.1043736036384892429e+01,-5.2332418541185007736e-04
5.1147483264101119005e+01,-5.5325727060704407538e-04
5.1251230491817352686e+01,-5.8300213891763238809e-04
5.1354977719533579261e+01,-6.1255648561369324071e-04
5.1458724947249812942e+01,-6.4191802644142457318e-04
5.1562472174966039518e+01,-6.7108457349665821736e-04
5.1666219402682266093e+01,-7.0005406029750633003e-04
5.1769966630398499774e+01,-7.2882444413901472345e-04
5.1873713858114726349e+01,-7.5739369865783035072e-04
5.1977461085830960030e+01,-7.8575982094200320233e-04
5.2081208313547186606e+01,-8.1392092936214517022e-04
5.2184955541263413181e+01,-8.4187523652478940452e-04
5.2288702768979646862e+01,-8.6962097116466776682e-04
5.2392449996695873438e+01,-8.9715637604630333636e-04
5.2496197224412107118e+01,-9.2447972331989949641e-04
5.2599944452128333694e+01,-9.5158942079872201134e-04
5.2703691679844560269e+01,-9.7848394659762454734e-04
5.2807438907560793950e+01,-1.0051617911384989716e-03
5.2911186135277020526e+01,-1.0316214566830385346e-03
5.3014933362993254207e+01,-1.0578614815421340765e-03
5.3118680590709480782e+01,-1.0838805447408953603e-03
5.3222427818425707358e+01,-1.1096773783918012848e-03
5.3326175046141941039e+01,-1.1352507245020377648e-03
5.3429922273858167614e+01,-1.1605993348495838302e-03
5.3533669501574401295e+01,-1.1857220020556349070e-03
5.3637416729290627870e+01,-1.2106176588656209023e-03
5.3741163957006854446e+01,-1.2352852805649126942e-03
5.3844911184723088127e+01,-1.2597238503366243838e-03
5.3948658412439314702e+01,-1.2839323591856118077e-03
5.4052405640155548383e+01,-1.3079098398560088518e-03
5.4156152867871774959e+01,-1.3316554625444905046e-03
5.4259900095588001534e+01,-1.3551684348861448015e-03
5.4363647323304235215e+01,-1.3784479705646356974e-03
5.4467394551020461790e+01,-1.4014932892545933340e-03
5.4571141778736695471e+01,-1.4243036485337822600e-03
5.4674889006452922047e+01,-1.4468784403579898392e-03
5.4778636234169148622e+01,-1.4692170936933489616e-03
5.4882383461885382303e+01,-1.4913190418238200796e-03
5.4986130689601608879e+01,-1.5131837223104568652e-03
5.5089877917317842559e+01,-1.5348106026422841160e-03
5.5193625145034069135e+01,-1.5561992803176348532e-03
5.5297372372750295710e+01,-1.5773493944226787879e-03
5.5401119600466529391e+01,-1.5982605867571678115e-03
5.5504866828182755967e+01,-1.6189325017989786813e-03
5.5608614055898989648e+01,-1.6393648036942026942e-03
5.5712361283615216223e+01,-1.6595572779003636178e-03
5.5816108511331449904e+01,-1.6795097621105643630e-03
5.5919855739047676479e+01,-1.6992220954117822230e-03
5.6023602966763903055e+01,-1.7186941180829455426e-03
5.6127350194480136736e+01,-1.7379256800838472838e-03
5.6231097422196363311e+01,-1.7569167359909566243e-03
5.6334844649912596992e+01,-1.7756673097608830468e-03
5.6438591877628823568e+01,-1.7941774264347339768e-03
5.6542339105345050143e+01,-1.8124471108698319947e-03
5.6646086333061283824e+01,-1.8304763902643225292e-03
5.6749833560777510399e+01,-1.8482653698600644276e-03
5.6853580788493744080e+01,-1.8658142455015443682e-03
5.6957328016209970656e+01,-1.8831232167853015173e-03
5.7061075243926197231e+01,-1.9001924818562710134e-03
5.7164822471642430912e+01,-1.9170222375775977826e-03
5.7268569699358657488e+01,-1.9336127253799853792e-03
5.7372316927074891169e+01,-1.9499642945357347715e-03
5.7476064154791117744e+01,-1.9660773077706319989e-03
5.7579811382507344319e+01,-1.9819521251962309190e-03
5.7683558610223578000e+01,-1.9975891043333584944e-03
5.7787305837939804576e+01,-2.0129886178088152345e-03
5.7891053065656038257e+01,-2.0281511430255711598e-03
5.7994800293372264832e+01,-2.0430771943485514890e-03
5.8098547521088491408e+01,-2.0577672825419016100e-03
5.8202294748804725089e+01,-2.0722219147279595693e-03
5.8306041976520951664e+01,-2.0864415976503897579e-03
5.8409789204237185345e+01,-2.1004269102324088329e-03
5.8513536431953411920e+01,-2.1141785038378208342e-03
5.8617283659669638496e+01,-2.1276970286124683059e-03
5.8721030887385872177e+01,-2.1409831301075327691e-03
5.8824778115102098752e+01,-2.1540374493319910248e-03
5.8928525342818332433e+01,-2.1668606544802712470e-03
5.9032272570534559009e+01,-2.1794535094261111366e-03
5.9136019798250785584e+01,-2.1918167925045386329e-03
5.9239767025967019265e+01,-2.2039512765981528024e-03
5.9343514253683245840e+01,-2.2158577291847901362e-03
5.9447261481399479521e+01,-2.2275369178054514434e-03
5.9551008709115706097e+01,-2.2389896831759340499e-03
5.9654755936831932672e+01,-2.2502169192811266769e-03
5.9758503164548166353e+01,-2.2612195153467896241e-03
5.9862250392264392929e+01,-2.2719983544342145163e-03
5.9965997619980626610e+01,-2.2825543135076261161e-03
6.0069744847696853185e+01,-2.2928882925907674573e-03
6.0173492075413079760e+01,-2.3030012757482994611e-03
6.0277239303129313441e+01,-2.3128942577028323985e-03
6.0380986530845540017e+01,-2.3225682263404035660e-03
6.0484733758561773698e+01,-2.3320241627691174445e-03
6.0588480986278000273e+01,-2.3412630442169908573e-03
6.0692228213994233954e+01,-2.3502859037576478464e-03
6.0795975441710460530e+01,-2.3590938283843728568e-03
6.0899722669426687105e+01,-2.3676879002192184435e-03
6.1003469897142920786e+01,-2.3760691940228760750e-03
6.1107217124859147361e+01,-2.3842387772571617399e-03
6.1210964352575381042e+01,-2.3921977238491251572e-03
6.1314711580291607618e+01,-2.3999471793187850122e-03
6.1418458808007834193e+01,-2.4074883095998207694e-03
6.1522206035724067874e+01,-2.4148222727966715991e-03
6.1625953263440294450e+01,-2.4219502192151035058e-03
6.1729700491156528130e+01,-2.4288732915672467047e-03
6.1833447718872754706e+01,-2.4355926563813454222e-03
6.1937194946588981281e+01,-2.4421095434868883393e-03
6.2040942174305214962e+01,-2.4484251842481984628e-03
6.2144689402021441538e+01,-2.4545408018068095961e-03
6.2248436629737675219e+01,-2.4604576111499978919e-03
6.2352183857453901794e+01,-2.4661768208294591355e-03
6.2455931085170128370e+01,-2.4716996784188908880e-03
6.2559678312886362050e+01,-2.4770274759037813617e-03
6.2663425540602588626e+01,-2.4821614995015873172e-03
6.2767172768318822307e+01,-2.4871030269258626380e-03
6.2870919996035048882e+01,-2.4918533274564200891e-03
6.2974667223751275458e+01,-2.4964136666455437330e-03
6.3078414451467509139e+01,-2.5007853565229324309e-03
6.3182161679183735714e+01,-2.5049697362747097226e-03
6.3285908906899969395e+01,-2.5089681369224008101e-03
6.3389656134616195970e+01,-2.5127818807738158159e-03
6.3493403362332422546e+01,-2.5164122814942450033e-03
6.3597150590048656227e+01,-2.5198606519828375787e-03
6.3700897817764882802e+01,-2.5231283521222050079e-03
6.3804645045481116483e+01,-2.5262167570188551191e-03
6.3908392273197343059e+01,-2.5291272329476225007e-03
6.4012139500913576740e+01,-2.5318611373258206876e-03
6.4115886728629803315e+01,-2.5344198187849035879e-03
6.4219633956346029890e+01,-2.5368046270391095796e-03
6.4323381184062256466e+01,-2.5390169552552011717e-03
6.4427128411778497252e+01,-2.5410582049143642415e-03
6.4530875639494723828e+01,-2.5429297684964654452e-03
6.4634622867210950403e+01,-2.5446330295409076185e-03
6.4738370094927176979e+01,-2.5461693627182634472e-03
6.4842117322643403554e+01,-2.5475401437934134218e-03
6.4945864550359644340e+01,-2.5487467869181601454e-03
6.5049611778075870916e+01,-2.5497907112711614558e-03
6.5153359005792097491e+01,-2.5506733269941637803e-03
6.5257106233508324067e+01,-2.5513960352614127591e-03
6.5360853461224550642e+01,-2.5519602283508259141e-03
6.5464600688940791429e+01,-2.5523672979150010924e-03
6.5568347916657018004e+01,-2.5526186685058483219e-03
6.5672095144373244580e+01,-2.5527157688991766391e-03
6.5775842372089471155e+01,-2.5526600188618821068e-03
6.5879589599805697731e+01,-2.5524528292174579122e-03
6.5983336827521938517e+01,-2.5520956019163096480e-03
6.6087084055238165092e+01,-2.5515897355900926842e-03
6.6190831282954391668e+01,-2.5509366557118239895e-03
6.6294578510670618243e+01,-2.5501377930478691912e-03
6.6398325738386844819e+01,-2.5491945694597309587e-03
6.6502072966103085605e+01,-2.5481083979361556988e-03
6.6605820193819312180e+01,-2.5468806826622366994e-03
6.6709567421535538756e+01,-2.5455128218529049500e-03
6.6813314649251765331e+01,-2.5440062333046777922e-03
6.6917061876967991907e+01,-2.5423623425651826514e-03
6.7020809104684232693e+01,-2.5405825665645600207e-03
6.7124556332400459269e+01,-2.5386683134729663355e-03
6.7228303560116685844e+01,-2.5366209827681609687e-03
6.7332050787832912420e+01,-2.5344419661740293613e-03
6.7435798015549138995e+01,-2.5321326663894495705e-03
6.7539545243265379781e+01,-2.5296944967438390710e-03
6.7643292470981606357e+01,-2.5271288627114847289e-03
6.7747039698697832932e+01,-2.5244371611573483520e-03
6.7850786926414059508e+01,-2.5216207804028907720e-03
6.7954534154130286083e+01,-2.5186811003766848734e-03
6.8058281381846526870e+01,-2.5156195031046544794e-03
6.8162028609562753445e+01,-2.5124373826873429294e-03
6.8265775837278980021e+01,-2.5091361271156633998e-03
6.8369523064995206596e+01,-2.5057171159557091976e-03
6.8473270292711433171e+01,-2.5021817204125803083e-03
6.8577017520427673958e+01,-2.4985313033936244753e-03
6.8680764748143900533e+01,-2.4947672231693945877e-03
6.8784511975860127109e+01,-2.4908908475158668926e-03
6.8888259203576353684e+01,-2.4869035414026097533e-03
6.8992006431292580260e+01,-2.4828066615903369302e-03
6.9095753659008821046e+01,-2.4786015566910591171e-03
6.9199500886725047621e+01,-2.4742895672291761316e-03
6.9303248114441274197e+01,-2.4698720262747867263e-03
6.9406995342157500772e+01,-2.4653502693330834467e-03
6.9510742569873727348e+01,-2.4607256329974148794e-03
6.9614489797589968134e+01,-2.4559994461966876134e-03
6.9718237025306194710e+01,-2.4511730299495286013e-03
6.9821984253022421285e+01,-2.4462476974230536880e-03
6.9925731480738647861e+01,-2.4412247539945170806e-03
7.0029478708454874436e+01,-2.4361055005777381560e-03
7.0133225936171115222e+01,-2.4308912397482721444e-03
7.0236973163887341798e+01,-2.4255832680483845228e-03
7.0340720391603568373e+01,-2.4201828743711374485e-03
7.0444467619319794949e+01,-2.4146913400167123280e-03
7.0548214847036021524e+01,-2.4091099387482423251e-03
7.0651962074752262311e+01,-2.4034399371744255731e-03
7.0755709302468488886e+01,-2.3976825991668978925e-03
7.0859456530184715461e+01,-2.3918391847032242740e-03
7.0963203757900942037e+01,-2.3859109464772860695e-03
7.1066950985617168612e+01,-2.3798991298679735701e-03
7.1170698213333409399e+01,-2.3738049729925031657e-03
7.1274445441049635974e+01,-2.3676297067593194724e-03
7.1378192668765862550e+01,-2.3613745555490623339e-03
7.1481939896482089125e+01,-2.3550407388235414935e-03
7.1585687124198315701e+01,-2.3486294694515584373e-03
7.1689434351914556487e+01,-2.3421419532809743987e-03
7.1793181579630783062e+01,-2.3355793891894458154e-03
7.1896928807347009638e+01,-2.3289429691347035556e-03
7.2000676035063236213e+01,-2.3222338781843845229e-03
7.2104423262779462789e+01,-2.3154532938833749696e-03
7.2208170490495703575e+01,-2.3086023861395555366e-03
7.2311917718211930151e+01,-2.3016823180928075096e-03
7.2415664945928156726e+01,-2.2946942462174603830e-03
7.2519412173644383302e+01,-2.2876393203699733371e-03
7.2623159401360624088e+01,-2.2805186838362060189e-03
7.2726906629076850663e+01,-2.2733334729824168988e-03
7.2830653856793077239e+01,-2.2660848139649135066e-03
7.2934401084509303814e+01,-2.2587738244798246344e-03
7.3038148312225530390e+01,-2.2514016158514406872e-03
7.3141895539941771176e+01,-2.2439692930986761439e-03
7.3245642767657997751e+01,-2.2364779549797235078e-03
7.3349389995374224327e+01,-2.2289286940363316897e-03
7.3453137223090450902e+01,-2.2213225950610151864e-03
7.3556884450806677478e+01,-2.2136607298154555717e-03
7.3660631678522918264e+01,-2.2059441621304076708e-03
7.3764378906239144840e+01,-2.1981739498515978637e-03
7.3868126133955371415e+01,-2.1903511448818084768e-03
7.3971873361671597991e+01,-2.1824767932225484432e-03
7.4075620589387824566e+01,-2.1745519350078222967e-03
7.4179367817104065352e+01,-2.1665776010113342760e-03
7.4283115044820291928e+01,-2.1585548070855451255e-03
7.4386862272536518503e+01,-2.1504845619532311600e-03
7.4490609500252745079e+01,-2.1423678687175502083e-03
7.4594356727968971654e+01,-2.1342057249011236325e-03
7.4698103955685212441e+01,-2.1259991224847848458e-03
7.4801851183401439016e+01,-2.1177490478945697541e-03
7.4905598411117665592e+01,-2.1094564764314103870e-03
7.5009345638833892167e+01,-2.1011223673097147342e-03
7.5113092866550118742e+01,-2.0927476732568468104e-03
7.5216840094266359529e+01,-2.0843333417437477292e-03
7.5320587321982586104e+01,-2.0758803150211432853e-03
7.5424334549698812680e+01,-2.0673895301554405871e-03
7.5528081777415039255e+01,-2.0588619189659622920e-03
7.5631829005131265831e+01,-2.0502984008915481340e-03
7.5735576232847506617e+01,-2.0416998782149999719e-03
7.5839323460563733192e+01,-2.0330672471324659142e-03
7.5943070688279959768e+01,-2.0244013989428504344e-03
7.6046817915996186343e+01,-2.0157032200812234103e-03
7.6150565143712412919e+01,-2.0069735921519529093e-03
7.6254312371428653705e+01,-1.9982133918719393977e-03
7.6358059599144880281e+01,-1.9894234833096281420e-03
7.6461806826861106856e+01,-1.9806047119248246062e-03
7.6565554054577333432e+01,-1.9717579171737559772e-03
7.6669301282293560007e+01,-1.9628839339689159969e-03
7.6773048510009800793e+01,-1.9539835927097595931e-03
7.6876795737726027369e+01,-1.9450577193131667920e-03
7.6980542965442253944e+01,-1.9361071352116071640e-03
7.7084290193158480520e+01,-1.9271326502330169729e-03
7.7188037420874707095e+01,-1.9181350536466533745e-03
7.7291784648590947882e+01,-1.9091151282628643793e-03
7.7395531876307174457e+01,-1.9000736526946339702e-03
7.7499279104023401032e+01,-1.8910114013856657578e-03
7.7603026331739627608e+01,-1.8819291446382643233e-03
7.7706773559455854183e+01,-1.8728276486407113236e-03
7.7810520787172094970e+01,-1.8637076703363370401e-03
7.7914268014888321545e+01,-1.8545699442598256347e-03
7.8018015242604548121e+01,-1.8454151969482914322e-03
7.8121762470320774696e+01,-1.8362441510794281618e-03
7.8225509698037001272e+01,-1.8270575254970998144e-03
7.8329256925753242058e+01,-1.8178560352367304897e-03
7.8433004153469468633e+01,-1.8086403915504971340e-03
7.8536751381185695209e+01,-1.7994112993161355714e-03
7.8640498608901921784e+01,-1.7901694411022735058e-03
7.8744245836618148360e+01,-1.7809154878328126593e-03
7.8847993064334389146e+01,-1.7716501068680671777e-03
7.8951740292050615722e+01,-1.7623739620605532053e-03
7.9055487519766842297e+01,-1.7530877137779952209e-03
7.9159234747483068872e+01,-1.7437920189261701780e-03
7.9262981975199295448e+01,-1.7344875302695386167e-03
7.9366729202915536234e+01,-1.7251748821707326223e-03
7.9470476430631762810e+01,-1.7158546913154690099e-03
7.9574223658347989385e+01,-1.7065275705949612545e-03
7.9677970886064215961e+01,-1.6971941297082855215e-03
7.9781718113780442536e+01,-1.6878549751831353320e-03
7.9885465341496683322e+01,-1.6785107103964142482e-03
7.9989212569212909898e+01,-1.6691619355770424393e-03
8.0092959796929136473e+01,-1.6598092398875054134e-03
8.0196707024645363049e+01,-1.6504531889749280132e-03
8.0300454252361589624e+01,-1.6410943423171503799e-03
8.0404201480077830411e+01,-1.6317332565043878370e-03
8.0507948707794056986e+01,-1.6223704852578414368e-03
8.0611695935510283562e+01,-1.6130065794481519489e-03
8.0715443163226510137e+01,-1.6036420871137254795e-03
8.0819190390942736713e+01,-1.5942775515244949746e-03
8.0922937618658977499e+01,-1.5849134938229628503e-03
8.1026684846375204074e+01,-1.5755504214442017999e-03
8.1130432074091430650e+01,-1.5661888390984643644e-03
8.1234179301807657225e+01,-1.5568292489176636332e-03
8.1337926529523883801e+01,-1.5474721504718221086e-03
8.1441673757240124587e+01,-1.5381180407853804921e-03
8.1545420984956351163e+01,-1.5287674143076644510e-03
8.1649168212672577738e+01,-1.5194207535899823588e-03
8.1752915440388804313e+01,-1.5100785179667486867e-03
8.1856662668105030889e+01,-1.5007411616595974814e-03
8.1960409895821271675e+01,-1.4914091365903078216e-03
8.2064157123537498251e+01,-1.4820828923953470891e-03
8.2167904351253724826e+01,-1.4727628764402906410e-03
8.2271651578969951402e+01,-1.4634495338341441204e-03
8.2375398806686192188e+01,-1.4541433061153780266e-03
8.2479146034402418763e+01,-1.4448446142946084862e-03
8.2582893262118645339e+01,-1.4355538639406664053e-03
8.2686640489834871914e+01,-1.4262714582850665856e-03
8.2790387717551098490e+01,-1.4169977985381159748e-03
8.2894134945267339276e+01,-1.4077332839015602346e-03
8.2997882172983565852e+01,-1.3984783115811420546e-03
8.3101629400699792427e+01,-1.3892332767990540811e-03
8.3205376628416019003e+01,-1.3799985677961491923e-03
8.3309123856132245578e+01,-1.3707745487004593683e-03
8.3412871083848486364e+01,-1.3615615756933684751e-03
8.3516618311564712940e+01,-1.3523600031861997186e-03
8.3620365539280939515e+01,-1.3431701838314085134e-03
8.3724112766997166091e+01,-1.3339924685334865213e-03
8.3827859994713392666e+01,-1.3248272064597772183e-03
8.3931607222429633453e+01,-1.3156747449773699074e-03
8.4035354450145860028e+01,-1.3065354195520310823e-03
8.4139101677862086603e+01,-1.2974095435193838156e-03
8.4242848905578313179e+01,-1.2882974262187353153e-03
8.4346596133294539754e+01,-1.2791993754674296779e-03
8.4450343361010780541e+01,-1.2701156975701952297e-03
8.4554090588727007116e+01,-1.2610466973284311515e-03
8.4657837816443233692e+01,-1.2519926780494082356e-03
8.4761585044159460267e+01,-1.2429539411075644743e-03
8.4865332271875686843e+01,-1.2339307720346894860e-03
8.4969079499591927629e+01,-1.2249234379036206405e-03
8.5072826727308154204e+01,-1.2159322034911458892e-03
8.5176573955024380780e+01,-1.2069573322840317087e-03
8.5280321182740607355e+01,-1.1979990864868716397e-03
8.5384068410456833931e+01,-1.1890577270298773645e-03
8.5487815638173074717e+01,-1.1801335135766086344e-03
8.5591562865889301293e+01,-1.1712267036063568094e-03
8.5695310093605527868e+01,-1.1623375367274114793e-03
8.5799057321321754443e+01,-1.1534662370093692885e-03
8.5902804549037981019e+01,-1.1446130269646176587e-03
8.6006551776754221805e+01,-1.1357781280319013181e-03
8.6110299004470448381e+01,-1.1269617605827952043e-03
8.6214046232186674956e+01,-1.1181641439281179550e-03
8.6317793459902901532e+01,-1.1093854963243122199e-03
8.6421540687619128107e+01,-1.1006260338306207616e-03
8.6525287915335368893e+01,-1.0918859543259348040e-03
8.6629035143051595469e+01,-1.0831654415747768265e-03
8.6732782370767822044e+01,-1.0744646781250090720e-03
8.6836529598484048620e+01,-1.0657838456521069852e-03
8.6940276826200275195e+01,-1.0571231249643592634e-03
8.7044024053916515982e+01,-1.0484826960080368980e-03
8.7147771281632742557e+01,-1.0398627378725286072e-03
8.7251518509348969133e+01,-1.0312634278394703768e-03
8.7355265737065195708e+01,-1.0226849261513988945e-03
8.7459012964781422284e+01,-1.0141273787828606300e-03
8.7562760192497663070e+01,-1.0055909306028452174e-03
8.7666507420213889645e+01,-9.9707572579457574326e-04
8.7770254647930116221e+01,-9.8858190785955520584e-04
8.7874001875646342796e+01,-9.8010961962159519334e-04
8.7977749103362569372e+01,-9.7165900323081138591e-04
8.8081496331078810158e+01,-9.6323019967533662737e-04
8.8185243558795036733e+01,-9.5482333553798925518e-04
8.8288990786511263309e+01,-9.4643852157723124159e-04
8.8392738014227489884e+01,-9.3807586723961315037e-04
8.8496485241943716460e+01,-9.2973548145845546185e-04
8.8600232469659957246e+01,-9.2141747265685072874e-04
8.8703979697376183822e+01,-9.1312194875065380573e-04
8.8807726925092410397e+01,-9.0484901715143673407e-04
8.8911474152808636973e+01,-8.9659878466961874695e-04
8.9015221380524863548e+01,-8.8837134791209626354e-04
8.9118968608241104334e+01,-8.8016678535827997092e-04
8.9222715835957330910e+01,-8.7198517324551085353e-04
8.9326463063673557485e+01,-8.6382658745694619953e-04
8.9430210291389784061e+01,-8.5569110352361893446e-04
8.9533957519106010636e+01,-8.4757879662647581283e-04
8.9637704746822251423e+01,-8.3948974159840433415e-04
8.9741451974538477998e+01,-8.3142401292624491371e-04
8.9845199202254704574e+01,-8.2338167991344605665e-04
8.9948946429970931149e+01,-8.1536279260698224861e-04
9.0052693657687157724e+01,-8.0736739619188661356e-04
9.0156440885403398511e+01,-7.9939553564520478540e-04
9.0260188113119625086e+01,-7.9144725573719446922e-04
9.0363935340835851662e+01,-7.8352260103250743854e-04
9.0467682568552078237e+01,-7.7562161589137044830e-04
9.0571429796268304813e+01,-7.6774434447075714898e-04
9.0675177023984545599e+01,-7.5989082940345470656e-04
9.0778924251700772174e+01,-7.5206109745973314957e-04
9.0882671479416998750e+01,-7.4425516503915853644e-04
9.0986418707133225325e+01,-7.3647304828894073845e-04
9.1090165934849451901e+01,-7.2871476328272607580e-04
9.1193913162565692687e+01,-7.2098032602101473545e-04
9.1297660390281919263e+01,-7.1326975243158057417e-04
9.1401407617998145838e+01,-7.0558305836987791123e-04
9.1505154845714372414e+01,-6.9792025956246113699e-04
9.1608902073430598989e+01,-6.9028136360247229538e-04
9.1712649301146839775e+01,-6.8266636173447393064e-04
9.1816396528863066351e+01,-6.7507524327281120784e-04
9.1920143756579292926e+01,-6.6750799758006869929e-04
9.2023890984295519502e+01,-6.5996461406680258666e-04
9.2127638212011760288e+01,-6.5244508219126744197e-04
9.2231385439727986864e+01,-6.4494939145915320018e-04
9.2335132667444213439e+01,-6.3747753142331172339e-04
9.2438879895160440014e+01,-6.3002949005546207955e-04
9.2542627122876666590e+01,-6.2260524008609817101e-04
9.2646374350592907376e+01,-6.1520474599050510058e-04
9.2750121578309133952e+01,-6.0782797231699137262e-04
9.2853868806025360527e+01,-6.0047488377230559282e-04
9.2957616033741587103e+01,-5.9314544522075652970e-04
9.3061363261457813678e+01,-5.8583962168333360981e-04
9.3165110489174054464e+01,-5.7855737833683359289e-04
9.3268857716890281040e+01,-5.7129868050247634061e-04
9.3372604944606507615e+01,-5.6406348771510111690e-04
9.3476352172322734191e+01,-5.5685174386381995886e-04
9.3580099400038960766e+01,-5.4966339047987135009e-04
9.3683846627755201553e+01,-5.4249836935348994069e-04
9.3787593855471428128e+01,-5.3535662253247854464e-04
9.3891341083187654704e+01,-5.2823809232077916127e-04
9.3995088310903881279e+01,-5.2114272127706318723e-04
9.4098835538620107855e+01,-5.1407045221332596519e-04
9.4202582766336348641e+01,-5.0702122780168818079e-04
9.4306329994052575216e+01,-4.9999498026967329270e-04
9.4410077221768801792e+01,-4.9299163042243324736e-04
9.4513824449485028367e+01,-4.8601109881497346231e-04
9.4617571677201254943e+01,-4.7905330635074306819e-04
9.4721318904917495729e+01,-4.7211817427972454456e-04
9.4825066132633722304e+01,-4.6520562419654113654e-04
9.4928813360349948880e+01,-4.5831557803856952989e-04
9.5032560588066175455e+01,-4.5144795808407101175e-04
9.5136307815782402031e+01,-4.4460268561759768531e-04
9.5240055043498642817e+01,-4.3777966891173699261e-04
9.5343802271214869393e+01,-4.3097880894140327621e-04
9.5447549498931095968e+01,-4.2420000701918071217e-04
9.5551296726647322544e+01,-4.1744316488626385725e-04
9.5655043954363549119e+01,-4.1070818471013252312e-04
9.5758791182079789905e+01,-4.0399496908224112471e-04
9.5862538409796016481e+01,-3.9730342101572841155e-04
9.5966285637512243056e+01,-3.9063344394313283692e-04
9.6070032865228469632e+01,-3.8398493936173263381e-04
9.6173780092944696207e+01,-3.7735779514686088347e-04
9.6277527320660936994e+01,-3.7075189446572203193e-04
9.6381274548377163569e+01,-3.6416712098019866266e-04
9.6485021776093390145e+01,-3.5760335885254935845e-04
9.6588769003809616720e+01,-3.5106049274272459627e-04
9.6692516231525843295e+01,-3.4453840780569619474e-04
9.6796263459242084082e+01,-3.3803698968880334982e-04
9.6900010686958310657e+01,-3.3155612452912013770e-04
9.7003757914674537233e+01,-3.2509569605481476902e-04
9.7107505142390763808e+01,-3.1865557468666684321e-04
9.7211252370106990384e+01,-3.1223562729013217259e-04
9.7314999597823231170e+01,-3.0583572129770332992e-04
9.7418746825539457745e+01,-2.9945572470659292518e-04
9.7522494053255684321e+01,-2.9309550607572434824e-04
9.7626241280971910896e+01,-2.8675493452275037549e-04
9.7729988508688137472e+01,-2.8043387972108706381e-04
9.7833735736404378258e+01,-2.7413221189696607583e-04
9.7937482964120604834e+01,-2.6784979914104171473e-04
9.8041230191836831409e+01,-2.6158649681938425614e-04
9.8144977419553057985e+01,-2.5534215681025134370e-04
9.8248724647269284560e+01,-2.4911663161635542747e-04
9.8352471874985525346e+01,-2.4290977436275883964e-04
9.8456219102701751922e+01,-2.3672143879359823005e-04
9.8559966330417978497e+01,-2.3055147926882136157e-04
9.8663713558134205073e+01,-2.2439975076095269109e-04
9.8767460785850431648e+01,-2.1826610885187499667e-04
9.8871208013566672435e+01,-2.1215040786887591441e-04
9.8974955241282899010e+01,-2.0605249025793071307e-04
9.9078702468999125585e+01,-1.9997219398411243988e-04
9.9182449696715352161e+01,-1.9390935767448817481e-04
9.9286196924431578736e+01,-1.8786382063061977314e-04
9.9389944152147819523e+01,-1.8183542282504194321e-04
9.9493691379864046098e+01,-1.7582400489776764591e-04
9.9597438607580272674e+01,-1.6982940815280693839e-04
9.9701185835296499249e+01,-1.6385147455471490139e-04
9.9804933063012725825e+01,-1.5789004588795467173e-04
9.9908680290728966611e+01,-1.5194495398309905377e-04
1.0001242751844519319e+02,-1.4601602408317469663e-04
1.0011617474616141976e+02,-1.4010308201257382576e-04
1.0021992197387764634e+02,-1.3420595431691269110e-04
1.0032366920159387291e+02,-1.2832446825930172193e-04
1.0042741642931011370e+02,-1.2245845181663861248e-04
1.0053116365702634027e+02,-1.1660773367592847203e-04
1.0063491088474256685e+02,-1.1077214323061863877e-04
1.0073865811245879343e+02,-1.0495168948708991823e-04
1.0084240534017502000e+02,-9.9154886866079984011e-05
1.0094615256789126079e+02,-9.3402247638634205941e-05
1.0104989979560748736e+02,-8.7715111623142975926e-05
1.0115364702332371394e+02,-8.2114731090107974626e-05
1.0125739425103994051e+02,-7.6622271210648448055e-05
1.0136114147875616709e+02,-7.1258810502249043473e-05
1.0146488870647240788e+02,-6.6045341271773246733e-05
1.0156863593418863445e+02,-6.1002770055765148682e-05
1.0167238316190486103e+02,-5.6151918057992926696e-05
1.0177613038962108760e+02,-5.1508092406005409635e-05
1.0187987761733732839e+02,-4.7064984300551406817e-05
1.0198362484505355496e+02,-4.2810962692760807038e-05
1.0208737207276978154e+02,-3.8734443814401820145e-05
1.0219111930048600811e+02,-3.4823890937880452694e-05
1.0229486652820223469e+02,-3.1067814137697259756e-05
1.0239861375591847548e+02,-2.7454770053354467848e-05
1.0250236098363470205e+02,-2.3973361653705310367e-05
1.0260610821135092863e+02,-2.0612238002728075834e-05
1.0270985543906715520e+02,-1.7361770780066398739e-05
1.0281360266678338178e+02,-1.4243601691092580469e-05
1.0291734989449962256e+02,-1.1306904075447936188e-05
1.0302109712221584914e+02,-8.6016061110761742899e-06
1.0312484434993207572e+02,-6.1774350578935239802e-06
1.0322859157764830229e+02,-4.0839182674277036395e-06
1.0333233880536452887e+02,-2.3703841863727070087e-06
1.0343608603308076965e+02,-1.0859633541044125950e-06
1.0353983326079699623e+02,-2.7958939419990073137e-07
1.0364358048851322280e+02,0.0000000000000000000e+00
