0.0000000000000000000e+00,-nan
6.4155595848471538845e-02,-6.8217444784560821169e-01
1.2831119169694307769e-01,-6.2902725657157421146e-01
1.9246678754541463041e-01,-5.9346709458781643498e-01
2.5662238339388615538e-01,-5.5044864379325098014e-01
3.2077797924235768035e-01,-5.1125416229744635732e-01
3.8493357509082926082e-01,-4.7480859674579545260e-01
4.4908917093930078579e-01,-4.4480204609603340993e-01
5.1324476678777231076e-01,-4.1119249550867298382e-01
5.7740036263624383572e-01,-3.7966571721714748033e-01
6.4155595848471536069e-01,-3.5004449894888750583e-01
7.0571155433318688566e-01,-3.2214390049461649745e-01
7.6986715018165852165e-01,-2.9582219476995497143e-01
8.3402274603013004661e-01,-2.7096511846990917194e-01
8.9817834187860157158e-01,-2.4747683411839374590e-01
9.6233393772707309655e-01,-2.2527447496910329994e-01
1.0264895335755446215e+00,-2.0428470495572448318e-01
1.0906451294240162575e+00,-1.8444146505918887491e-01
1.1548007252724876714e+00,-1.6464713625595100988e-01
1.2189563211209593074e+00,-1.4427989750675709879e-01
1.2831119169694307214e+00,-1.2729514812026593296e-01
1.3472675128179023574e+00,-1.1142451919819630624e-01
1.4114231086663737713e+00,-9.6474692128203726194e-02
1.4755787045148454073e+00,-8.2396147710016784393e-02
1.5397343003633170433e+00,-6.9142902329306907272e-02
1.6038898962117884572e+00,-5.6672072048439187109e-02
1.6680454920602600932e+00,-4.4943485706217055353e-02
1.7322010879087315072e+00,-3.3919398898953206922e-02
1.7963566837572031432e+00,-2.3564253170127051618e-02
1.8605122796056745571e+00,-1.3844464364605228723e-02
1.9246678754541461931e+00,-4.7282680725819767678e-03
1.9888234713026176070e+00,3.8144385667036036051e-03
2.0529790671510892430e+00,1.1812211871277017092e-02
2.1171346629995606570e+00,1.9292172584720320566e-02
2.1812902588480325150e+00,2.6280104800934161319e-02
2.2454458546965039289e+00,3.2800532843177132580e-02
2.3096014505449753429e+00,3.8876806021782159273e-02
2.3737570463934467568e+00,4.4531159617017680719e-02
2.4379126422419186149e+00,4.9784780773817087496e-02
2.5020682380903900288e+00,5.4657865492775403737e-02
2.5662238339388614428e+00,5.9169667253923849404e-02
2.6303794297873333008e+00,6.3338550458133080490e-02
2.6945350256358047147e+00,6.7182029895499664751e-02
2.7586906214842761287e+00,7.0716815853805403691e-02
2.8228462173327475426e+00,7.3958851799667935101e-02
2.8870018131812194007e+00,7.6923349637807378332e-02
2.9511574090296908146e+00,7.9624826630441417064e-02
3.0153130048781622286e+00,8.2077134276216101583e-02
3.0794686007266340866e+00,8.4300091367799340203e-02
3.1436241965751055005e+00,8.7409340940926671948e-02
3.2077797924235769145e+00,9.0392990319035401714e-02
3.2719353882720483284e+00,9.2629142722977300672e-02
3.3360909841205201865e+00,9.4202222208003741355e-02
3.4002465799689916004e+00,9.5284893477966536857e-02
3.4644021758174630143e+00,9.6142083103761544205e-02
3.5285577716659344283e+00,9.6847786941038169206e-02
3.5927133675144062863e+00,9.7410956258438013977e-02
3.6568689633628777003e+00,9.7840075335726736649e-02
3.7210245592113491142e+00,9.8143204875383069363e-02
3.7851801550598209722e+00,9.8328015613181163346e-02
3.8493357509082923862e+00,9.8401816858951274281e-02
3.9134913467567638001e+00,9.8371546009067584171e-02
3.9776469426052352141e+00,9.8243819290728368054e-02
4.0418025384537070721e+00,9.8024916510247805945e-02
4.1059581343021784861e+00,9.7720815582990935844e-02
4.1701137301506499000e+00,9.7337200067310558627e-02
4.2342693259991213139e+00,9.6879467498081073273e-02
4.2984249218475927279e+00,9.6352754693802458719e-02
4.3625805176960650300e+00,9.5761935046296126073e-02
4.4267361135445364440e+00,9.5111642820399230902e-02
4.4908917093930078579e+00,9.4406276082398099536e-02
4.5550473052414792718e+00,9.3650010363886607156e-02
4.6192029010899506858e+00,9.2846809607260799568e-02
4.6833584969384220997e+00,9.2000432796086925591e-02
4.7475140927868935137e+00,9.1114446615522468043e-02
4.8116696886353658158e+00,9.0192231308403023049e-02
4.8758252844838372297e+00,8.9236991264084519759e-02
4.9399808803323086437e+00,8.8251761197803438308e-02
5.0041364761807800576e+00,8.7239415926571292625e-02
5.0682920720292514716e+00,8.6202675110704826689e-02
5.1324476678777228855e+00,8.5144113035385646238e-02
5.1966032637261942995e+00,8.4066163186147666031e-02
5.2607588595746666016e+00,8.2971125266995543468e-02
5.3249144554231380155e+00,8.1861172995312550538e-02
5.3890700512716094295e+00,8.0738355999903213545e-02
5.4532256471200808434e+00,7.9604611017710227849e-02
5.5173812429685522574e+00,7.8461761441396341010e-02
5.5815368388170236713e+00,7.7311526902773056169e-02
5.6456924346654950853e+00,7.6155526578241816704e-02
5.7098480305139673874e+00,7.4995282061171827936e-02
5.7740036263624388013e+00,7.3832226874352896440e-02
5.8381592222109102153e+00,7.2667703780882733633e-02
5.9023148180593816292e+00,7.1502975961196979515e-02
5.9664704139078530432e+00,7.0339225869852695094e-02
6.0306260097563244571e+00,6.9177560759303757809e-02
6.0947816056047958710e+00,6.8019018401175329602e-02
6.1589372014532681732e+00,6.6864565092060512796e-02
6.2230927973017395871e+00,6.5715106209302584506e-02
6.2872483931502110011e+00,6.4571482316729059137e-02
6.3514039889986824150e+00,6.3434477123309337965e-02
6.4155595848471538289e+00,6.2304818907513735693e-02
6.4797151806956252429e+00,6.1183180958419632056e-02
6.5438707765440966568e+00,6.0070189620455766155e-02
6.6080263723925680708e+00,5.8966419821105113541e-02
6.6721819682410403729e+00,5.7872404078306599606e-02
6.7363375640895117868e+00,5.6788630471206316686e-02
6.8004931599379832008e+00,5.5715545884008170485e-02
6.8646487557864546147e+00,5.4653560536247064450e-02
6.9288043516349260287e+00,5.3603044855121337320e-02
6.9929599474833974426e+00,5.2564337720433486345e-02
7.0571155433318688566e+00,5.1537742591000502979e-02
7.1212711391803411587e+00,5.0523532870111478865e-02
7.1854267350288125726e+00,4.9521952973383999430e-02
7.2495823308772839866e+00,4.8533217517959324760e-02
7.3137379267257554005e+00,4.7557517485746526875e-02
7.3778935225742268145e+00,4.6595016148644925746e-02
7.4420491184226982284e+00,4.5645855325875082931e-02
7.5062047142711696424e+00,4.4710153848361980367e-02
7.5703603101196419445e+00,4.3788009063559035772e-02
7.6345159059681133584e+00,4.2879500349457748409e-02
7.6986715018165847724e+00,4.1984686151909526852e-02
7.7628270976650561863e+00,4.1103609765865127545e-02
7.8269826935135276003e+00,4.0236296436282119326e-02
7.8911382893619990142e+00,3.9382756599898982586e-02
7.9552938852104704281e+00,3.8542986860395471449e-02
8.0194494810589418421e+00,3.7716968637320005819e-02
8.0836050769074141442e+00,3.6904672698856277879e-02
8.1477606727558846700e+00,3.6106056332180079538e-02
8.2119162686043569721e+00,3.5321066636209819123e-02
8.2760718644528292742e+00,3.4549639597278740399e-02
8.3402274603012998000e+00,3.3791702462242632909e-02
8.4043830561497721021e+00,3.3032859882348858394e-02
8.4685386519982426279e+00,3.2197348141636147889e-02
8.5326942478467149300e+00,3.1266074055450489289e-02
8.5968498436951854558e+00,3.0350449694263439970e-02
8.6610054395436577579e+00,2.9495494716978598593e-02
8.7251610353921300600e+00,2.8679695885479521145e-02
8.7893166312406005858e+00,2.7897222439145410305e-02
8.8534722270890728879e+00,2.7149292118574828991e-02
8.9176278229375434137e+00,2.6437105552075134546e-02
8.9817834187860157158e+00,2.5761820335171579238e-02
9.0459390146344862416e+00,2.5122579641871395362e-02
9.1100946104829585437e+00,2.4514088289202134313e-02
9.1742502063314308458e+00,2.3930588317227458744e-02
9.2384058021799013716e+00,2.3366481709342589584e-02
9.3025613980283736737e+00,2.2816464461063404312e-02
9.3667169938768441995e+00,2.2277951299147991798e-02
9.4308725897253165016e+00,2.1750683869932511266e-02
9.4950281855737870274e+00,2.1234487804536593403e-02
9.5591837814222593295e+00,2.0729193415123553512e-02
9.6233393772707316316e+00,2.0234632958309805434e-02
9.6874949731192021574e+00,1.9750629322506881025e-02
9.7516505689676744595e+00,1.9277005456346887197e-02
9.8158061648161449853e+00,1.8813588933929779878e-02
9.8799617606646172874e+00,1.8360211760686123011e-02
9.9441173565130878131e+00,1.7916704857589494521e-02
1.0008272952361560115e+01,1.7482893159693441848e-02
1.0072428548210032417e+01,1.7058604902828851391e-02
1.0136584144058502943e+01,1.6643672671286621756e-02
1.0200739739906975245e+01,1.6237932751906554441e-02
1.0264895335755445771e+01,1.5841218198598860240e-02
1.0329050931603918073e+01,1.5453360730751972141e-02
1.0393206527452388599e+01,1.5074196089512799726e-02
1.0457362123300860901e+01,1.4703564046920313685e-02
1.0521517719149333203e+01,1.4341306709205121558e-02
1.0585673314997803729e+01,1.3987262995237132596e-02
1.0649828910846276031e+01,1.3641273751516925714e-02
1.0713984506694746557e+01,1.3303183636509076024e-02
1.0778140102543218859e+01,1.2972840964430399496e-02
1.0842295698391689385e+01,1.2650094721115940147e-02
1.0906451294240161687e+01,1.2334792728076107021e-02
1.0970606890088633989e+01,1.2026785936366125168e-02
1.1034762485937104515e+01,1.1725928763295742630e-02
1.1098918081785576817e+01,1.1432078685413455191e-02
1.1163073677634047343e+01,1.1145092939257474421e-02
1.1227229273482519645e+01,1.0864829782946599374e-02
1.1291384869330990171e+01,1.0591150659483641872e-02
1.1355540465179462473e+01,1.0323920143094330107e-02
1.1419696061027934775e+01,1.0063005053465488847e-02
1.1483851656876405301e+01,9.8082722205360944184e-03
1.1548007252724877603e+01,9.5595907445117506152e-03
1.1612162848573348128e+01,9.3168326184112221222e-03
1.1676318444421820431e+01,9.0798726207457509246e-03
1.1740474040270290956e+01,8.8485870214003847084e-03
1.1804629636118763258e+01,8.6228530659828231397e-03
1.1868785231967235561e+01,8.4025505292093967402e-03
1.1932940827815706086e+01,8.1875617712864091902e-03
1.1997096423664178388e+01,7.9777715362679205158e-03
1.2061252019512648914e+01,7.7730657919705759343e-03
1.2125407615361121216e+01,7.5733322543936427637e-03
1.2189563211209591742e+01,7.3784609967773922765e-03
1.2253718807058064044e+01,7.1883443943794641390e-03
1.2317874402906536346e+01,7.0028768155824547628e-03
1.2382029998755006872e+01,6.8219540446227792951e-03
1.2446185594603479174e+01,6.6454738648050407784e-03
1.2510341190451949700e+01,6.4733361561865789685e-03
1.2574496786300422002e+01,6.3054428351621135893e-03
1.2638652382148892528e+01,6.1416975919146429494e-03
1.2702807977997364830e+01,5.9820058067152582712e-03
1.2766963573845835356e+01,5.8262747471081810860e-03
1.2831119169694307658e+01,5.6744135352867382249e-03
1.2895274765542779960e+01,5.5263331044697562230e-03
1.2959430361391250486e+01,5.3819461706332222609e-03
1.3023585957239722788e+01,5.2411671783688870696e-03
1.3087741553088193314e+01,5.1039122498717703555e-03
1.3151897148936665616e+01,4.9700991441922973829e-03
1.3216052744785136142e+01,4.8396473241483876915e-03
1.3280208340633608444e+01,4.7124780870650972986e-03
1.3344363936482080746e+01,4.5885142885090180256e-03
1.3408519532330551272e+01,4.4676802604952355405e-03
1.3472675128179023574e+01,4.3499017913484682926e-03
1.3536830724027494099e+01,4.2351064241666451504e-03
1.3600986319875966402e+01,4.1232234177817801701e-03
1.3665141915724436927e+01,4.0141833747689712256e-03
1.3729297511572909229e+01,3.9079181948514299383e-03
1.3793453107421381532e+01,3.8043611417819733420e-03
1.3857608703269852057e+01,3.7034473228842036512e-03
1.3921764299118324359e+01,3.6051132763174598660e-03
1.3985919894966794885e+01,3.5092967051927573437e-03
1.4050075490815267187e+01,3.4159364520240133312e-03
1.4114231086663737713e+01,3.3249727823815369843e-03
1.4178386682512210015e+01,3.2363477252992122780e-03
1.4242542278360682317e+01,3.1500044449131263911e-03
1.4306697874209152843e+01,3.0658871248367466217e-03
1.4370853470057625145e+01,2.9839409797230375364e-03
1.4435009065906095671e+01,2.9041128050606491474e-03
1.4499164661754567973e+01,2.8263508572065137135e-03
1.4563320257603038499e+01,2.7506043211188279524e-03
1.4627475853451510801e+01,2.6768232732477365531e-03
1.4691631449299983103e+01,2.6049588176333179218e-03
1.4755787045148453629e+01,2.5349637173216017436e-03
1.4819942640996925931e+01,2.4667918152099111567e-03
1.4884098236845396457e+01,2.4003977501476691028e-03
1.4948253832693868759e+01,2.3357369436043302381e-03
1.5012409428542339285e+01,2.2727659840925491450e-03
1.5076565024390811587e+01,2.2114429504513635413e-03
1.5140720620239283889e+01,2.1517267137473893891e-03
1.5204876216087754415e+01,2.0935768392064567009e-03
1.5269031811936226717e+01,2.0369536205535822455e-03
1.5333187407784697243e+01,1.9818186936335587846e-03
1.5397343003633169545e+01,1.9281348281317083580e-03
1.5461498599481640071e+01,1.8758654229720536470e-03
1.5525654195330112373e+01,1.8249744820550742840e-03
1.5589809791178584675e+01,1.7754267869024475870e-03
1.5653965387027055201e+01,1.7271884977480733876e-03
1.5718120982875527503e+01,1.6802265441348131041e-03
1.5782276578723998028e+01,1.6345083933407907224e-03
1.5846432174572470331e+01,1.5900020462229112143e-03
1.5910587770420940856e+01,1.5466764448061956494e-03
1.5974743366269413158e+01,1.5045016995642334669e-03
1.6038898962117883684e+01,1.4634484581476511159e-03
1.6103054557966355986e+01,1.4234878359735950084e-03
1.6167210153814828288e+01,1.3845914651132770062e-03
1.6231365749663300591e+01,1.3467320695823110574e-03
1.6295521345511769340e+01,1.3098832026232597181e-03
1.6359676941360241642e+01,1.2740188383737764601e-03
1.6423832537208713944e+01,1.2391133576318920026e-03
1.6487988133057186246e+01,1.2051417330922302180e-03
1.6552143728905658548e+01,1.1720800228298417899e-03
1.6616299324754127298e+01,1.1399048120114894760e-03
1.6680454920602599600e+01,1.1085930460321359505e-03
1.6744610516451071902e+01,1.0781220331423071925e-03
1.6808766112299544204e+01,1.0484698283658093303e-03
1.6872921708148012954e+01,1.0196153573812690839e-03
1.6937077303996485256e+01,9.9153790287090067326e-04
1.7001232899844957558e+01,9.6421706023115487643e-04
1.7065388495693429860e+01,9.3763279406978397752e-04
1.7129544091541902162e+01,9.1176592843217058992e-04
1.7193699687390370912e+01,8.8659786843750380304e-04
1.7257855283238843214e+01,8.6211029838382754499e-04
1.7322010879087315516e+01,8.3828517403025117581e-04
1.7386166474935787818e+01,8.1510490369512793307e-04
1.7450322070784260120e+01,7.9255271621350546502e-04
1.7514477666632728869e+01,7.7061219169602174130e-04
1.7578633262481201172e+01,7.4926714995972548521e-04
1.7642788858329673474e+01,7.2850165799179364325e-04
1.7706944454178145776e+01,7.0830036595809144507e-04
1.7771100050026614525e+01,6.8864854865578620582e-04
1.7835255645875086827e+01,6.6953171487033286222e-04
1.7899411241723559129e+01,6.5093558114653784878e-04
1.7963566837572031432e+01,6.3284613049341767194e-04
1.8027722433420503734e+01,6.1525000413013408024e-04
1.8091878029268972483e+01,5.9813423723988523757e-04
1.8156033625117444785e+01,5.8148604920729035118e-04
1.8220189220965917087e+01,5.6529283983553608398e-04
1.8284344816814389389e+01,5.4954235542276975209e-04
1.8348500412662861692e+01,5.3422294305770538173e-04
1.8412656008511330441e+01,5.1932317917061782391e-04
1.8476811604359802743e+01,5.0483179885247003293e-04
1.8540967200208275045e+01,4.9073770647082225974e-04
1.8605122796056747347e+01,4.7703025481094055464e-04
1.8669278391905216097e+01,4.6369923147762692230e-04
1.8733433987753688399e+01,4.5073457602034204539e-04
1.8797589583602160701e+01,4.3812636533258281571e-04
1.8861745179450633003e+01,4.2586487068553010400e-04
1.8925900775299105305e+01,4.1394085572738772375e-04
1.8990056371147574055e+01,4.0234534419990509351e-04
1.9054211966996046357e+01,3.9106948098260977146e-04
1.9118367562844518659e+01,3.8010453065524682720e-04
1.9182523158692990961e+01,3.6944202257785282691e-04
1.9246678754541463263e+01,3.5907391460637366450e-04
1.9310834350389932013e+01,3.4899231203209808531e-04
1.9374989946238404315e+01,3.3918942471199126478e-04
1.9439145542086876617e+01,3.2965757942290512808e-04
1.9503301137935348919e+01,3.2038944260013793456e-04
1.9567456733783817668e+01,3.1137797584078111659e-04
1.9631612329632289971e+01,3.0261623885086656608e-04
1.9695767925480762273e+01,2.9409738176371108412e-04
1.9759923521329234575e+01,2.8581469797407487018e-04
1.9824079117177706877e+01,2.7776184154555878282e-04
1.9888234713026175626e+01,2.6993263455180228775e-04
1.9952390308874647928e+01,2.6232097855793143175e-04
2.0016545904723120231e+01,2.5492085462516800298e-04
2.0080701500571592533e+01,2.4772644519464561341e-04
2.0144857096420064835e+01,2.4073223154526477157e-04
2.0209012692268533584e+01,2.3393278865095027286e-04
2.0273168288117005886e+01,2.2732276015684181321e-04
2.0337323883965478188e+01,2.2089687134763851331e-04
2.0401479479813950491e+01,2.1465010110530420941e-04
2.0465635075662419240e+01,2.0857762436327076643e-04
2.0529790671510891542e+01,2.0267467922276233522e-04
2.0593946267359363844e+01,1.9693656312330640764e-04
2.0658101863207836146e+01,1.9135868003415773520e-04
2.0722257459056308448e+01,1.8593669298005570693e-04
2.0786413054904777198e+01,1.8066637160610323734e-04
2.0850568650753249500e+01,1.7554353762357346384e-04
2.0914724246601721802e+01,1.7056406574656986577e-04
2.0978879842450194104e+01,1.6572398288835211403e-04
2.1043035438298666406e+01,1.6101952044864740608e-04
2.1107191034147135156e+01,1.5644696889128268768e-04
2.1171346629995607458e+01,1.5200266364415900813e-04
2.1235502225844079760e+01,1.4768299781421834931e-04
2.1299657821692552062e+01,1.4348455091102975075e-04
2.1363813417541020812e+01,1.3940402997401782435e-04
2.1427969013389493114e+01,1.3543818268811196612e-04
2.1492124609237965416e+01,1.3158379557484038529e-04
2.1556280205086437718e+01,1.2783773517912331089e-04
2.1620435800934910020e+01,1.2419705158311618656e-04
2.1684591396783378769e+01,1.2065886181411499488e-04
2.1748746992631851072e+01,1.1722031691679240248e-04
2.1812902588480323374e+01,1.1387860347216072112e-04
2.1877058184328795676e+01,1.1063102083170996517e-04
2.1941213780177267978e+01,1.0747500412717712599e-04
2.2005369376025736727e+01,1.0440802543286021155e-04
2.2069524971874209029e+01,1.0142758621754160780e-04
2.2133680567722681332e+01,9.8531229781870528620e-05
2.2197836163571153634e+01,9.5716639334114474755e-05
2.2261991759419622383e+01,9.2981581983078871994e-05
2.2326147355268094685e+01,9.0323850972684729325e-05
2.2390302951116566987e+01,8.7741264865314033661e-05
2.2454458546965039289e+01,8.5231698298934719044e-05
2.2518614142813511592e+01,8.2793141365792341079e-05
2.2582769738661980341e+01,8.0423623618816484021e-05
2.2646925334510452643e+01,7.8121196938948458976e-05
2.2711080930358924945e+01,7.5883226490803588437e-05
2.2775236526207397247e+01,7.3687077370387888894e-05
2.2839392122055869550e+01,7.1488049181852225461e-05
2.2903547717904338299e+01,6.9240769840315716504e-05
2.2967703313752810601e+01,6.6900374211566031053e-05
2.3031858909601282903e+01,6.4432921326249798324e-05
2.3096014505449755205e+01,6.1879019709065442812e-05
2.3160170101298223955e+01,5.9310971507358013115e-05
2.3224325697146696257e+01,5.6800410805762452599e-05
2.3288481292995168559e+01,5.4418112408395464511e-05
2.3352636888843640861e+01,5.2209632318999936343e-05
2.3416792484692113163e+01,5.0159916580926587355e-05
2.3480948080540581913e+01,4.8244998202784137122e-05
2.3545103676389054215e+01,4.6441171413795563519e-05
2.3609259272237526517e+01,4.4725461220997696536e-05
2.3673414868085998819e+01,4.3085124361848067983e-05
2.3737570463934471121e+01,4.1517051976222983547e-05
2.3801726059782939871e+01,4.0018546374665321175e-05
2.3865881655631412173e+01,3.8586938875131298905e-05
2.3930037251479884475e+01,3.7219589414151584309e-05
2.3994192847328356777e+01,3.5913886164229629307e-05
2.4058348443176825526e+01,3.4667245157362332002e-05
2.4122504039025297828e+01,3.3477109914567632575e-05
2.4186659634873770131e+01,3.2340951081309159327e-05
2.4250815230722242433e+01,3.1256266068706909354e-05
2.4314970826570714735e+01,3.0220578700428413378e-05
2.4379126422419183484e+01,2.9231438865155328938e-05
2.4443282018267655786e+01,2.8286437478666780660e-05
2.4507437614116128088e+01,2.7383276399245063239e-05
2.4571593209964600391e+01,2.6519711307941904030e-05
2.4635748805813072693e+01,2.5693521294844069280e-05
2.4699904401661541442e+01,2.4902508524427126546e-05
2.4764059997510013744e+01,2.4144497936664127994e-05
2.4828215593358486046e+01,2.3417336952768868353e-05
2.4892371189206958348e+01,2.2718895185488976953e-05
2.4956526785055427098e+01,2.2047064153867762477e-05
2.5020682380903899400e+01,2.1399757002394152549e-05
2.5084837976752371702e+01,2.0774908224462652049e-05
2.5148993572600844004e+01,2.0170473390065752283e-05
2.5213149168449316306e+01,1.9584433308826771253e-05
2.5277304764297785056e+01,1.9015286991555259535e-05
2.5341460360146257358e+01,1.8462493518101802604e-05
2.5405615955994729660e+01,1.7925623078928460785e-05
2.5469771551843201962e+01,1.7404250195071930277e-05
2.5533927147691670712e+01,1.6897953663739457203e-05
2.5598082743540143014e+01,1.6406316504722555198e-05
2.5662238339388615316e+01,1.5928925907614929964e-05
2.5726393935237087618e+01,1.5465373179819780924e-05
2.5790549531085559920e+01,1.5015253695333332347e-05
2.5854705126934028669e+01,1.4578166844290800847e-05
2.5918860722782500972e+01,1.4153715983261661783e-05
2.5983016318630973274e+01,1.3741508386281427745e-05
2.6047171914479445576e+01,1.3341158549013260026e-05
2.6111327510327917878e+01,1.2952329809347257766e-05
2.6175483106176386627e+01,1.2574721023907592195e-05
2.6239638702024858929e+01,1.2208034695028162166e-05
2.6303794297873331232e+01,1.1851976227459193965e-05
2.6367949893721803534e+01,1.1506253893057937678e-05
2.6432105489570272283e+01,1.1170578795993732791e-05
2.6496261085418744585e+01,1.0844664838458435664e-05
2.6560416681267216887e+01,1.0528228686873984194e-05
2.6624572277115689189e+01,1.0220989738588359986e-05
2.6688727872964161492e+01,9.9226700890519605060e-06
2.6752883468812630241e+01,9.6329944994662767980e-06
2.6817039064661102543e+01,9.3516903648968519920e-06
2.6881194660509574845e+01,9.0784972967900885331e-06
2.6945350256358047147e+01,8.8131961385793992599e-06
2.7009505852206519450e+01,8.5555795786709162843e-06
2.7073661448054988199e+01,8.3054422705099582489e-06
2.7137817043903460501e+01,8.0625808093531897106e-06
2.7201972639751932803e+01,7.8267937093699934304e-06
2.7266128235600405105e+01,7.5978813810669687924e-06
2.7330283831448873855e+01,7.3756461090304733074e-06
2.7394439427297346157e+01,7.1598920299818480216e-06
2.7458595023145818459e+01,6.9504251111404140423e-06
2.7522750618994290761e+01,6.7470531288889208112e-06
2.7586906214842763063e+01,6.5495856477368018448e-06
2.7651061810691231813e+01,6.3578343367478000407e-06
2.7715217406539704115e+01,6.1716287218889126067e-06
2.7779373002388176417e+01,5.9908227308201019215e-06
2.7843528598236648719e+01,5.8152733715459501150e-06
2.7907684194085121021e+01,5.6448389669399531390e-06
2.7971839789933589770e+01,5.4793791396657706832e-06
2.8035995385782062073e+01,5.3187547973054477452e-06
2.8100150981630534375e+01,5.1628281176914467263e-06
2.8164306577479006677e+01,5.0114625344390705832e-06
2.8228462173327475426e+01,4.8645227226762183972e-06
2.8292617769175947728e+01,4.7218745849672419320e-06
2.8356773365024420031e+01,4.5833852374279775277e-06
2.8420928960872892333e+01,4.4489229960287346056e-06
2.8485084556721364635e+01,4.3183592947114618938e-06
2.8549240152569833384e+01,4.1915843092721317447e-06
2.8613395748418305686e+01,4.0684985903654424748e-06
2.8677551344266777988e+01,3.9490036672260693599e-06
2.8741706940115250291e+01,3.8330019482919369496e-06
2.8805862535963722593e+01,3.7203967114135553885e-06
2.8870018131812191342e+01,3.6110920941938760449e-06
2.8934173727660663644e+01,3.5049930844566496608e-06
2.8998329323509135946e+01,3.4020055108413651049e-06
2.9062484919357608248e+01,3.3020360335226968875e-06
2.9126640515206076998e+01,3.2049921350526394681e-06
2.9190796111054549300e+01,3.1107821113233759451e-06
2.9254951706903021602e+01,3.0193150666618667364e-06
2.9319107302751493904e+01,2.9305054846461329622e-06
2.9383262898599966206e+01,2.8442819665739453301e-06
2.9447418494448434956e+01,2.7605761610823431544e-06
2.9511574090296907258e+01,2.6793203111680267757e-06
2.9575729686145379560e+01,2.6004472477409705403e-06
2.9639885281993851862e+01,2.5238903832617086596e-06
2.9704040877842324164e+01,2.4495837054610958199e-06
2.9768196473690792914e+01,2.3774617711412736878e-06
2.9832352069539265216e+01,2.3074597000566134198e-06
2.9896507665387737518e+01,2.2395131688734775523e-06
2.9960663261236209820e+01,2.1735584052075480863e-06
3.0024818857084678569e+01,2.1095321817376259776e-06
3.0088974452933150872e+01,2.0473720672578775687e-06
3.0153130048781623174e+01,1.9870228049674754421e-06
3.0217285644630095476e+01,1.9284366794453985098e-06
3.0281441240478567778e+01,1.8715667234247409595e-06
3.0345596836327036527e+01,1.8163663668247947900e-06
3.0409752432175508829e+01,1.7627894325612991692e-06
3.0473908028023981132e+01,1.7107901324096628106e-06
3.0538063623872453434e+01,1.6603230629202877684e-06
3.0602219219720925736e+01,1.6113432013852903459e-06
3.0666374815569394485e+01,1.5638059018558514922e-06
3.0730530411417866787e+01,1.5176668912094407103e-06
3.0794686007266339089e+01,1.4728822652662212394e-06
3.0858841603114811392e+01,1.4294084849538794759e-06
3.0922997198963280141e+01,1.3872033821090457711e-06
3.0987152794811752443e+01,1.3462315983679705725e-06
3.1051308390660224745e+01,1.3064606128063768053e-06
3.1115463986508697047e+01,1.2678581789295073611e-06
3.1179619582357169350e+01,1.2303923156458576210e-06
3.1243775178205638099e+01,1.1940313045422905810e-06
3.1307930774054110401e+01,1.1587436871926589069e-06
3.1372086369902582703e+01,1.1244982624994591574e-06
3.1436241965751055005e+01,1.0912640840680235059e-06
3.1500397561599527307e+01,1.0590104576128055417e-06
3.1564553157447996057e+01,1.0277069383952970340e-06
3.1628708753296468359e+01,9.9732332869311804943e-07
3.1692864349144940661e+01,9.6782968685835330837e-07
3.1757019944993412963e+01,9.3919836143618059846e-07
3.1821175540841881713e+01,9.1140630383244604990e-07
3.1885331136690354015e+01,8.8443121539409457182e-07
3.1949486732538826317e+01,8.5825097657372161275e-07
3.2013642328387298619e+01,8.3284364513492316250e-07
3.2077797924235767368e+01,8.0818745437918749579e-07
3.2141953520084243223e+01,7.8426081139401345579e-07
3.2206109115932711973e+01,7.6104229532198877962e-07
3.2270264711781180722e+01,7.3851065565048467643e-07
3.2334420307629656577e+01,7.1664481052173330045e-07
3.2398575903478125326e+01,6.9542384506298731638e-07
3.2462731499326601181e+01,6.7482700973645175489e-07
3.2526887095175069931e+01,6.5483388139097393528e-07
3.2591042691023538680e+01,6.3542678679414585854e-07
3.2655198286872014535e+01,6.1659026558341416475e-07
3.2719353882720483284e+01,5.9830903702666069567e-07
3.2783509478568959139e+01,5.8056794000610102792e-07
3.2847665074417427888e+01,5.6335193185019183965e-07
3.2911820670265896638e+01,5.4664608717916915511e-07
3.2975976266114372493e+01,5.3043559676408480025e-07
3.3040131861962841242e+01,5.1470576639913301710e-07
3.3104287457811317097e+01,4.9944201578707368977e-07
3.3168443053659785846e+01,4.8462987743761517463e-07
3.3232598649508254596e+01,4.7025499557853232363e-07
3.3296754245356730451e+01,4.5630312507939031685e-07
3.3360909841205199200e+01,4.4276062303596942508e-07
3.3425065437053675055e+01,4.2961621120885865592e-07
3.3489221032902143804e+01,4.1685934539839066550e-07
3.3553376628750612554e+01,4.0447956210471792112e-07
3.3617532224599088408e+01,3.9246647770203715759e-07
3.3681687820447557158e+01,3.8080978767788915134e-07
3.3745843416296025907e+01,3.6949926588112168292e-07
3.3809999012144501762e+01,3.5852476377842833740e-07
3.3874154607992970512e+01,3.4787620971933455275e-07
3.3938310203841446366e+01,3.3754360820950804316e-07
3.4002465799689915116e+01,3.2751703919231424116e-07
3.4066621395538383865e+01,3.1778665733847244524e-07
3.4130776991386859720e+01,3.0834270470532738773e-07
3.4194932587235328469e+01,2.9917635719368020089e-07
3.4259088183083804324e+01,2.9028022414097608201e-07
3.4323243778932273074e+01,2.8164709183121907366e-07
3.4387399374780741823e+01,2.7326980038211141235e-07
3.4451554970629217678e+01,2.6514124324381225287e-07
3.4515710566477686427e+01,2.5725436670328495722e-07
3.4579866162326162282e+01,2.4960216939415417400e-07
3.4644021758174631032e+01,2.4217770181202098638e-07
3.4708177354023099781e+01,2.3497406583514110210e-07
3.4772332949871575636e+01,2.2798441425041812232e-07
3.4836488545720044385e+01,2.2120195028463308869e-07
3.4900644141568520240e+01,2.1461992714083801969e-07
3.4964799737416988989e+01,2.0823173872185006438e-07
3.5028955333265457739e+01,2.0203179021206404023e-07
3.5093110929113933594e+01,1.9601510547496211386e-07
3.5157266524962402343e+01,1.9017675257696850589e-07
3.5221422120810878198e+01,1.8451183551844699150e-07
3.5285577716659346947e+01,1.7901549390703404170e-07
3.5349733312507815697e+01,1.7368290263451941785e-07
3.5413888908356291552e+01,1.6850927155724497062e-07
3.5478044504204760301e+01,1.6348984517997153586e-07
3.5542200100053229050e+01,1.5861990234316382015e-07
3.5606355695901704905e+01,1.5389475591366153888e-07
3.5670511291750173655e+01,1.4930975247868863165e-07
3.5734666887598649510e+01,1.4486027208991428987e-07
3.5798822483447118259e+01,1.4054195534537451878e-07
3.5862978079295587008e+01,1.3635122705982210298e-07
3.5927133675144062863e+01,1.3228469323171999205e-07
3.5991289270992531613e+01,1.2833898405918684093e-07
3.6055444866841007467e+01,1.2451075372469460196e-07
3.6119600462689476217e+01,1.2079668018206705547e-07
3.6183756058537944966e+01,1.1719346494573790665e-07
3.6247911654386420821e+01,1.1369783288225107120e-07
3.6312067250234889570e+01,1.1030653200397114794e-07
3.6376222846083365425e+01,1.0701633326497284397e-07
3.6440378441931834175e+01,1.0382403035909247787e-07
3.6504534037780302924e+01,1.0072643952010312686e-07
3.6568689633628778779e+01,9.7720409939312030763e-08
3.6632845229477247528e+01,9.4803155890963131573e-08
3.6697000825325723383e+01,9.1972319773432683219e-08
3.6761156421174192133e+01,8.9225584355920022521e-08
3.6825312017022660882e+01,8.6560648555573261370e-08
3.6889467612871136737e+01,8.3975227297073524865e-08
3.6953623208719605486e+01,8.1467051373681366837e-08
3.7017778804568081341e+01,7.9033867309725457490e-08
3.7081934400416550091e+01,7.6673437224522862603e-08
3.7146089996265018840e+01,7.4383538697705569475e-08
3.7210245592113494695e+01,7.2161964635942446714e-08
3.7274401187961963444e+01,7.0006523141038016376e-08
3.7338556783810432194e+01,6.7915037379388450819e-08
3.7402712379658908048e+01,6.5885392251487261631e-08
3.7466867975507376798e+01,6.3915830278969169725e-08
3.7531023571355852653e+01,6.2004758697235052049e-08
3.7595179167204321402e+01,6.0150596315174974875e-08
3.7659334763052790152e+01,5.8351772716404894726e-08
3.7723490358901266006e+01,5.6606728167645413969e-08
3.7787645954749734756e+01,5.4913913528033887287e-08
3.7851801550598210611e+01,5.3271790159356822852e-08
3.7915957146446679360e+01,5.1678829837196463638e-08
3.7980112742295148109e+01,5.0133514662975164118e-08
3.8044268338143623964e+01,4.8634336976891593380e-08
3.8108423933992092714e+01,4.7179799271736085662e-08
3.8172579529840568568e+01,4.5768414424299161415e-08
3.8236735125689037318e+01,4.4398804689530608260e-08
3.8300890721537506067e+01,4.3069841428735745206e-08
3.8365046317385981922e+01,4.1780439021432135734e-08
3.8429201913234450672e+01,4.0529519096690222253e-08
3.8493357509082926526e+01,3.9316010472719409205e-08
3.8557513104931395276e+01,3.8138849097059404151e-08
3.8621668700779864025e+01,3.6996977987365501004e-08
3.8685824296628339880e+01,3.5889347172784516538e-08
3.8749979892476808629e+01,3.4814913635912982651e-08
3.8814135488325284484e+01,3.3772641255329818858e-08
3.8878291084173753234e+01,3.2761500748699666768e-08
3.8942446680022221983e+01,3.1780469616436980231e-08
3.9006602275870697838e+01,3.0828538935454381719e-08
3.9070757871719166587e+01,2.9904836970626452253e-08
3.9134913467567635337e+01,2.9008614755564252742e-08
3.9199069063416111192e+01,2.8139132378762489056e-08
3.9263224659264579941e+01,2.7295654764739084656e-08
3.9327380255113055796e+01,2.6477451634588945572e-08
3.9391535850961524545e+01,2.5683797466924637466e-08
3.9455691446809993295e+01,2.4913971459196728665e-08
3.9519847042658469150e+01,2.4167257489391860258e-08
3.9584002638506937899e+01,2.3442944078103169892e-08
3.9648158234355413754e+01,2.2740324350968142580e-08
3.9712313830203882503e+01,2.2058696001471853652e-08
3.9776469426052351253e+01,2.1397361254108910310e-08
3.9840625021900827107e+01,2.0755649303924898967e-08
3.9904780617749295857e+01,2.0133011083642673044e-08
3.9968936213597771712e+01,1.9528939269871062431e-08
4.0033091809446240461e+01,1.8942929812259478828e-08
4.0097247405294709210e+01,1.8374481886379391954e-08
4.0161403001143185065e+01,1.7823097867958368144e-08
4.0225558596991653815e+01,1.7288283307360668338e-08
4.0289714192840129670e+01,1.6769546904311043775e-08
4.0353869788688598419e+01,1.6266400482860554818e-08
4.0418025384537067168e+01,1.5778358966589919650e-08
4.0482180980385543023e+01,1.5304940354049257956e-08
4.0546336576234011773e+01,1.4845665694430909285e-08
4.0610492172082487627e+01,1.4400059515582432361e-08
4.0674647767930956377e+01,1.3967690485090451960e-08
4.0738803363779425126e+01,1.3548203387416179365e-08
4.0802958959627900981e+01,1.3141252835914231239e-08
4.0867114555476369731e+01,1.2746495612772288654e-08
4.0931270151324838480e+01,1.2363590652013715062e-08
4.0995425747173314335e+01,1.1992199022660175820e-08
4.1059581343021783084e+01,1.1631983912052062251e-08
4.1123736938870258939e+01,1.1282610609324673835e-08
4.1187892534718727688e+01,1.0943746489039425609e-08
4.1252048130567196438e+01,1.0615060994967167478e-08
4.1316203726415672293e+01,1.0296225624023057896e-08
4.1380359322264141042e+01,9.9869139103507717750e-09
4.1444514918112616897e+01,9.6868052775841615694e-09
4.1508670513961085646e+01,9.3956288323576422888e-09
4.1572826109809554396e+01,9.1131474651055605377e-09
4.1636981705658030251e+01,8.8391261276868859751e-09
4.1701137301506499000e+01,8.5733312184107820008e-09
4.1765292897354974855e+01,8.3155305709269431261e-09
4.1829448493203443604e+01,8.0654934432186086195e-09
4.1893604089051912354e+01,7.8229905066963102069e-09
4.1957759684900388208e+01,7.5877938353919071499e-09
4.2021915280748856958e+01,7.3596768952516588313e-09
4.2086070876597332813e+01,7.1384145335269145795e-09
4.2150226472445801562e+01,6.9237829682621303900e-09
4.2214382068294270312e+01,6.7155597779531003928e-09
4.2278537664142746166e+01,6.5135341388727928953e-09
4.2342693259991214916e+01,6.3175350778274160004e-09
4.2406848855839683665e+01,6.1274017302539876778e-09
4.2471004451688159520e+01,5.9429742035808424321e-09
4.2535160047536628269e+01,5.7640935698974437456e-09
4.2599315643385104124e+01,5.5906018586902245600e-09
4.2663471239233572874e+01,5.4223420496442771242e-09
4.2727626835082041623e+01,5.2591580655095877463e-09
4.2791782430930517478e+01,5.1008947650316452215e-09
4.2855938026778986227e+01,4.9473979359455428172e-09
4.2920093622627462082e+01,4.7985142880327292632e-09
4.2984249218475930832e+01,4.6540914462402044334e-09
4.3048404814324399581e+01,4.5139783358738053561e-09
4.3112560410172875436e+01,4.3780409955245668188e-09
4.3176716006021344185e+01,4.2461678861823062251e-09
4.3240871601869820040e+01,4.1182496353009635122e-09
4.3305027197718288789e+01,3.9941775184681376783e-09
4.3369182793566757539e+01,3.8738434546111110847e-09
4.3433338389415233394e+01,3.7571400012454776944e-09
4.3497493985263702143e+01,3.6439603497658363417e-09
4.3561649581112177998e+01,3.5341983207779629718e-09
4.3625805176960646747e+01,3.4277483594723489438e-09
4.3689960772809115497e+01,3.3245055310383357022e-09
4.3754116368657591352e+01,3.2243655161186965136e-09
4.3818271964506060101e+01,3.1272246063041606866e-09
4.3882427560354535956e+01,3.0329816896589624141e-09
4.3946583156203004705e+01,2.9415530274050038222e-09
4.4010738752051473455e+01,2.8528637856241059286e-09
4.4074894347899949310e+01,2.7668396294905449794e-09
4.4139049943748418059e+01,2.6834066563578385130e-09
4.4203205539596886808e+01,2.6024913926224189304e-09
4.4267361135445362663e+01,2.5240207906146524153e-09
4.4331516731293831413e+01,2.4479222255168549616e-09
4.4395672327142307267e+01,2.3741234923079411354e-09
4.4459827922990776017e+01,2.3025528027346571801e-09
4.4523983518839244766e+01,2.2331387823088744482e-09
4.4588139114687720621e+01,2.1658104673308840134e-09
4.4652294710536189370e+01,2.1004973085896679594e-09
4.4716450306384665225e+01,2.0371336165964284418e-09
4.4780605902233133975e+01,1.9756662379570903934e-09
4.4844761498081602724e+01,1.9160443792288038018e-09
4.4908917093930078579e+01,1.8582175372169620183e-09
4.4973072689778547328e+01,1.8021354969049783747e-09
4.5037228285627023183e+01,1.7477483294016922942e-09
4.5101383881475491933e+01,1.6950063899063869042e-09
4.5165539477323960682e+01,1.6438603156910575014e-09
4.5229695073172436537e+01,1.5942610240999157720e-09
4.5293850669020905286e+01,1.5461597105658925737e-09
4.5358006264869381141e+01,1.4995078466439165609e-09
4.5422161860717849891e+01,1.4542571780609423901e-09
4.5486317456566318640e+01,1.4103599871419272377e-09
4.5550473052414794495e+01,1.3677749448172205134e-09
4.5614628648263263244e+01,1.3264670924822047544e-09
4.5678784244111739099e+01,1.2864019365243607552e-09
4.5742939839960207848e+01,1.2475451768437405154e-09
4.5807095435808676598e+01,1.2098627054978053073e-09
4.5871251031657152453e+01,1.1733206053576809039e-09
4.5935406627505621202e+01,1.1378851487756723890e-09
4.5999562223354089951e+01,1.1035227962638925528e-09
4.6063717819202565806e+01,1.0702001951839687173e-09
4.6127873415051034556e+01,1.0378841784476838557e-09
4.6192029010899510411e+01,1.0065417632284074551e-09
4.6256184606747979160e+01,9.7614014968330454311e-10
4.6320340202596447909e+01,9.4664767516774883329e-10
4.6384495798444923764e+01,9.1803854651348647043e-10
4.6448651394293392514e+01,8.9028921362873467208e-10
4.6512806990141868368e+01,8.6337625970305586801e-10
4.6576962585990337118e+01,8.3727639694426486489e-10
4.6641118181838805867e+01,8.1196646569107332573e-10
4.6705273777687281722e+01,7.8742343353307971653e-10
4.6769429373535750472e+01,7.6362439443799946146e-10
4.6833584969384226326e+01,7.4054656788604307586e-10
4.6897740565232695076e+01,7.1816729801143855488e-10
4.6961896161081163825e+01,6.9646405275095119302e-10
4.7026051756929639680e+01,6.7541442299940031772e-10
4.7090207352778108429e+01,6.5499613518870053680e-10
4.7154362948626584284e+01,6.3518887682942449826e-10
4.7218518544475053034e+01,6.1597613818569797172e-10
4.7282674140323521783e+01,5.9734194057886356222e-10
4.7346829736171997638e+01,5.7927039193556860173e-10
4.7410985332020466387e+01,5.6174568620180777403e-10
4.7475140927868942242e+01,5.4475210276169845344e-10
4.7539296523717410992e+01,5.2827400586098834387e-10
4.7603452119565879741e+01,5.1229584403520132626e-10
4.7667607715414355596e+01,4.9680214954241500060e-10
4.7731763311262824345e+01,4.8177753780061501817e-10
4.7795918907111293095e+01,4.6720670682956468263e-10
4.7860074502959768949e+01,4.5307443669717870455e-10
4.7924230098808237699e+01,4.3936574198066045408e-10
4.7988385694656713554e+01,4.2606793954324325581e-10
4.8052541290505182303e+01,4.1317009006709879114e-10
4.8116696886353651053e+01,4.0066135381497105346e-10
4.8180852482202126907e+01,3.8853094878455636334e-10
4.8245008078050595657e+01,3.7676815032463081815e-10
4.8309163673899071512e+01,3.6536229075422466162e-10
4.8373319269747540261e+01,3.5430275898484481383e-10
4.8437474865596009010e+01,3.4357900014568181722e-10
4.8501630461444484865e+01,3.3318051521180378348e-10
4.8565786057292953615e+01,3.2309686063529644758e-10
4.8629941653141429470e+01,3.1331764797931158885e-10
4.8694097248989898219e+01,3.0383254355502588700e-10
4.8758252844838366968e+01,2.9463170303832483085e-10
4.8822408440686842823e+01,2.8570719633292551237e-10
4.8886564036535311573e+01,2.7705163336288133799e-10
4.8950719632383787427e+01,2.6865766280019517677e-10
4.9014875228232256177e+01,2.6051797180550206405e-10
4.9079030824080724926e+01,2.5262528577650284603e-10
4.9143186419929200781e+01,2.4497236809837809459e-10
4.9207342015777669531e+01,2.3755201989615303109e-10
4.9271497611626145385e+01,2.3035707978899029797e-10
4.9335653207474614135e+01,2.2338042364641125021e-10
4.9399808803323082884e+01,2.1661496434640474370e-10
4.9463964399171558739e+01,2.1005365153542693612e-10
4.9528119995020027488e+01,2.0368948465674341669e-10
4.9592275590868496238e+01,1.9751622381609675826e-10
4.9656431186716972093e+01,1.9152874406817336519e-10
4.9720586782565440842e+01,1.8572203555654665633e-10
4.9784742378413916697e+01,1.8009111424879005817e-10
4.9848897974262385446e+01,1.7463102177030404540e-10
4.9913053570110854196e+01,1.6933682523941559197e-10
4.9977209165959330051e+01,1.6420361710375442717e-10
5.0041364761807798800e+01,1.5922651497788720071e-10
5.0105520357656274655e+01,1.5440066148219355621e-10
5.0169675953504743404e+01,1.4972122408298687875e-10
5.0233831549353212154e+01,1.4518339493385198024e-10
5.0297987145201688008e+01,1.4078239071820235926e-10
5.0362142741050156758e+01,1.3651353237497872916e-10
5.0426298336898632613e+01,1.3237294339454129654e-10
5.0490453932747101362e+01,1.2835720618415691232e-10
5.0554609528595570112e+01,1.2446292545415847893e-10
5.0618765124444045966e+01,1.2068672312800767387e-10
5.0682920720292514716e+01,1.1702523823335262633e-10
5.0747076316140990571e+01,1.1347512679390710063e-10
5.0811231911989459320e+01,1.1003306172215580031e-10
5.0875387507837928069e+01,1.0669573271286462241e-10
5.0939543103686403924e+01,1.0345984613740032094e-10
5.1003698699534872674e+01,1.0032212493884702957e-10
5.1067854295383341423e+01,9.7279308527910492917e-11
5.1132009891231817278e+01,9.4328152773336988603e-11
5.1196165487080286027e+01,9.1465619209803279047e-11
5.1260321082928761882e+01,8.8689270604464014411e-11
5.1324476678777230632e+01,8.5996794906103321398e-11
5.1388632274625699381e+01,8.3385891609328027664e-11
5.1452787870474175236e+01,8.0854271682587425965e-11
5.1516943466322643985e+01,7.8399657496730408436e-11
5.1581099062171119840e+01,7.6019782754092991656e-11
5.1645254658019588589e+01,7.3712392418118830381e-11
5.1709410253868057339e+01,7.1475242643499071449e-11
5.1773565849716533194e+01,6.9306100706834714414e-11
5.1837721445565001943e+01,6.7202744937813724091e-11
5.1901877041413477798e+01,6.5162964650895863975e-11
5.1966032637261946547e+01,6.3184569630502798649e-11
5.2030188233110415297e+01,6.1265653696913175700e-11
5.2094343828958891152e+01,5.9404626626861512574e-11
5.2158499424807359901e+01,5.7599922292988245727e-11
5.2222655020655835756e+01,5.5849982263890599235e-11
5.2286810616504304505e+01,5.4153255756909571115e-11
5.2350966212352773255e+01,5.2508199591261485619e-11
5.2415121808201249110e+01,5.0913278141515229469e-11
5.2479277404049717859e+01,4.9366963291411120151e-11
5.2543432999898193714e+01,4.7867734388016023126e-11
5.2607588595746662463e+01,4.6414078196216669590e-11
5.2671744191595131213e+01,4.5004488853542948213e-11
5.2735899787443607067e+01,4.3637467825322689507e-11
5.2800055383292075817e+01,4.2311562537604310132e-11
5.2864210979140544566e+01,4.1025591064487660169e-11
5.2928366574989020421e+01,3.9778487163103824933e-11
5.2992522170837489170e+01,3.8569190121295839209e-11
5.3056677766685965025e+01,3.7396644357315680419e-11
5.3120833362534433775e+01,3.6259799388844545226e-11
5.3184988958382902524e+01,3.5157609802235463239e-11
5.3249144554231378379e+01,3.4089035221979579059e-11
5.3313300150079847128e+01,3.3053040280392716402e-11
5.3377455745928322983e+01,3.2048594587519464880e-11
5.3441611341776791733e+01,3.1074672701255829857e-11
5.3505766937625260482e+01,3.0130254097684997652e-11
5.3569922533473736337e+01,2.9214323488065192414e-11
5.3634078129322205086e+01,2.8325948996369938794e-11
5.3698233725170680941e+01,2.7464380877904480990e-11
5.3762389321019149691e+01,2.6628897390042890391e-11
5.3826544916867618440e+01,2.5818780231124949825e-11
5.3890700512716094295e+01,2.5033314519974586443e-11
5.3954856108564563044e+01,2.4271788775564240593e-11
5.4019011704413038899e+01,2.3533494896823403219e-11
5.4083167300261507648e+01,2.2817728142592077895e-11
5.4147322896109976398e+01,2.2123787111715516257e-11
5.4211478491958452253e+01,2.1450973723281105719e-11
5.4275634087806921002e+01,2.0798593196995483685e-11
5.4339789683655396857e+01,2.0165954033699742459e-11
5.4403945279503865606e+01,1.9552373738867236208e-11
5.4468100875352334356e+01,1.8957272264122350137e-11
5.4532256471200810211e+01,1.8380156072757945595e-11
5.4596412067049278960e+01,1.7820536580553457946e-11
5.4660567662897747709e+01,1.7277927497110758125e-11
5.4724723258746223564e+01,1.6751844812408764753e-11
5.4788878854594692314e+01,1.6241806783452403316e-11
5.4853034450443168168e+01,1.5747333921014771796e-11
5.4917190046291636918e+01,1.5267948976473065287e-11
5.4981345642140105667e+01,1.4803176928735800667e-11
5.5045501237988581522e+01,1.4352544971262057039e-11
5.5109656833837050272e+01,1.3915582499171297295e-11
5.5173812429685526126e+01,1.3491821096442722285e-11
5.5237968025533994876e+01,1.3080812239645052960e-11
5.5302123621382463625e+01,1.2682195817153392412e-11
5.5366279217230939480e+01,1.2295639642986180996e-11
5.5430434813079408229e+01,1.1920813075295436896e-11
5.5494590408927884084e+01,1.1557387001212660285e-11
5.5558746004776352834e+01,1.1205033828021325002e-11
5.5622901600624821583e+01,1.0863427474389869121e-11
5.5687057196473297438e+01,1.0532243361665673933e-11
5.5751212792321766187e+01,1.0211158405229171853e-11
5.5815368388170242042e+01,9.8998510059071607413e-12
5.5879523984018710792e+01,9.5980010414458642648e-12
5.5943679579867179541e+01,9.3052898580421113775e-12
5.6007835175715655396e+01,9.0214006762332421781e-12
5.6071990771564124145e+01,8.7460492664887835137e-12
5.6136146367412600000e+01,8.4790048439500770253e-12
5.6200301963261068749e+01,8.2200426592968336540e-12
5.6264457559109537499e+01,7.9689389882911186790e-12
5.6328613154958013354e+01,7.7254711259397927320e-12
5.6392768750806482103e+01,7.4894173806968836631e-12
5.6456924346654950853e+01,7.2605570687051800154e-12
5.6521079942503426707e+01,7.0386705080773086422e-12
5.6585235538351895457e+01,6.8235390132157116219e-12
5.6649391134200371312e+01,6.6149448891709675198e-12
5.6713546730048840061e+01,6.4126714260387704171e-12
5.6777702325897308810e+01,6.2165028933945335420e-12
5.6841857921745784665e+01,6.0262276016227192329e-12
5.6906013517594253415e+01,5.8416695893207899763e-12
5.6970169113442729270e+01,5.6626757056415678712e-12
5.7034324709291198019e+01,5.4890938382135848274e-12
5.7098480305139666768e+01,5.3207725583164254247e-12
5.7162635900988142623e+01,5.1575611170443520897e-12
5.7226791496836611373e+01,4.9993094414957425069e-12
5.7290947092685087227e+01,4.8458681309879507182e-12
5.7355102688533555977e+01,4.6970884532978285921e-12
5.7419258284382024726e+01,4.5528223409271976127e-12
5.7483413880230500581e+01,4.4129223873934955552e-12
5.7547569476078969331e+01,4.2772418435452345418e-12
5.7611725071927445185e+01,4.1456346144382172731e-12
5.7675880667775913935e+01,4.0179629517884982378e-12
5.7740036263624382684e+01,3.8941167654674822962e-12
5.7804191859472858539e+01,3.7739923917205072432e-12
5.7868347455321327288e+01,3.6574866264991809196e-12
5.7932503051169796038e+01,3.5444967229158633352e-12
5.7996658647018271893e+01,3.4349203887151572898e-12
5.8060814242866740642e+01,3.3286557837621708085e-12
5.8124969838715216497e+01,3.2256015175472844143e-12
5.8189125434563685246e+01,3.1256566467076033776e-12
5.8253281030412153996e+01,3.0287206725646171316e-12
5.8317436626260629851e+01,2.9346935386782249889e-12
5.8381592222109098600e+01,2.8434756284168858226e-12
5.8445747817957574455e+01,2.7549680839041728021e-12
5.8509903413806043204e+01,2.6690840833269462178e-12
5.8574059009654511954e+01,2.5857517528613960227e-12
5.8638214605502987808e+01,2.5049004582216880043e-12
5.8702370201351456558e+01,2.4264598739057742151e-12
5.8766525797199932413e+01,2.3503599815098379917e-12
5.8830681393048401162e+01,2.2765310680538841009e-12
5.8894836988896869912e+01,2.2049037243181537236e-12
5.8958992584745345766e+01,2.1354088431904838303e-12
5.9023148180593814516e+01,2.0679776180244388871e-12
5.9087303776442290371e+01,2.0025415410080658555e-12
5.9151459372290759120e+01,1.9390324015433742669e-12
5.9215614968139227869e+01,1.8773822846362457201e-12
5.9279770563987703724e+01,1.8175250344881602590e-12
5.9343926159836172474e+01,1.7594062397478660626e-12
5.9408081755684648328e+01,1.7029771161242597732e-12
5.9472237351533117078e+01,1.6481891213748867892e-12
5.9536392947381585827e+01,1.5949939224910766829e-12
5.9600548543230061682e+01,1.5433433945718424152e-12
5.9664704139078530432e+01,1.4931896197050305082e-12
5.9728859734926999181e+01,1.4444848858556476548e-12
5.9793015330775475036e+01,1.3971816857613829521e-12
5.9857170926623943785e+01,1.3512327158352338712e-12
5.9921326522472419640e+01,1.3065908750751337779e-12
5.9985482118320888389e+01,1.2632092639806480506e-12
6.0049637714169357139e+01,1.2210411905820700088e-12
6.0113793310017832994e+01,1.1800432339601772405e-12
6.0177948905866301743e+01,1.1401800058871596256e-12
6.0242104501714777598e+01,1.1014175042350134132e-12
6.0306260097563246347e+01,1.0637218715656586901e-12
6.0370415693411715097e+01,1.0270593943620990335e-12
6.0434571289260190952e+01,9.9139650226452445622e-13
6.0498726885108659701e+01,9.5669976731126818123e-13
6.0562882480957135556e+01,9.2293590318455423852e-13
6.0627038076805604305e+01,8.9007176446108778390e-13
6.0691193672654073055e+01,8.5807434586734465601e-13
6.0755349268502548910e+01,8.2691078153961540446e-13
6.0819504864351017659e+01,7.9654834428873078443e-13
6.0883660460199493514e+01,7.6695463164804464846e-13
6.0947816056047962263e+01,7.3810126581810464639e-13
6.1011971651896431013e+01,7.0996366112823710456e-13
6.1076127247744906867e+01,6.8251747912626715613e-13
6.1140282843593375617e+01,6.5573848351512729956e-13
6.1204438439441851472e+01,6.2960253961743233443e-13
6.1268594035290320221e+01,6.0408561384346258022e-13
6.1332749631138788970e+01,5.7916377316244259000e-13
6.1396905226987264825e+01,5.5481318457716322064e-13
6.1461060822835733575e+01,5.3101011460189445211e-13
6.1525216418684202324e+01,5.0773092874353927653e-13
6.1589372014532678179e+01,4.8495209098605541505e-13
6.1653527610381146928e+01,4.6265016327809508246e-13
6.1717683206229622783e+01,4.4080644837624227379e-13
6.1781838802078091533e+01,4.1942810849105051331e-13
6.1845994397926560282e+01,3.9853117255465957340e-13
6.1910149993775036137e+01,3.7813161151036341451e-13
6.1974305589623504886e+01,3.5824533016919259827e-13
6.2038461185471980741e+01,3.3888816755184411568e-13
6.2102616781320449491e+01,3.2007589722852453313e-13
6.2166772377168918240e+01,3.0182422765665748367e-13
6.2230927973017394095e+01,2.8414880251652255035e-13
6.2295083568865862844e+01,2.6706520104481993777e-13
6.2359239164714338699e+01,2.5058893836615744794e-13
6.2423394760562807448e+01,2.3473546582252049668e-13
6.2487550356411276198e+01,2.1952002611663995412e-13
6.2551705952259752053e+01,2.0494198154762458852e-13
6.2615861548108220802e+01,1.9097089674626734727e-13
6.2680017143956696657e+01,1.7757316134862201908e-13
6.2744172739805165406e+01,1.6471530245644976708e-13
6.2808328335653634156e+01,1.5236398393513655824e-13
6.2872483931502110011e+01,1.4048600571592388234e-13
6.2936639527350578760e+01,1.2904830310240711993e-13
6.3000795123199054615e+01,1.1801794608125725717e-13
6.3064950719047523364e+01,1.0736213863717027654e-13
6.3129106314895992114e+01,9.7048218071973465932e-14
6.3193261910744467968e+01,8.7043654327893202487e-14
6.3257417506592936718e+01,7.7316049314939075751e-14
6.3321573102441405467e+01,6.7837973578152607581e-14
6.3385728698289881322e+01,5.8646387109811642238e-14
6.3449884294138350072e+01,4.9823726181153602415e-14
6.3514039889986825926e+01,4.1453066395686628055e-14
6.3578195485835294676e+01,3.3617148036625993333e-14
6.3642351081683763425e+01,2.6398377757009881149e-14
6.3706506677532239280e+01,1.9878830259612769061e-14
6.3770662273380708029e+01,1.4140249966717172077e-14
6.3834817869229183884e+01,9.2640526798098267783e-15
6.3898973465077652634e+01,5.3313272292895087789e-15
6.3963129060926121383e+01,2.4228371142377555262e-15
6.4027284656774597238e+01,6.1902213233744856368e-16
6.4091440252623073093e+01,0.0000000000000000000e+00
