1.0000000000000000479e-04,6.8216976049204178431e-28
1.0384722771622945103e-01,4.5968086279571445302e-13
2.0759445543245888532e-01,1.4416323261162736901e-11
3.1134168314868831962e-01,1.0748274567445503917e-10
4.1508891086491778166e-01,4.4489284059164836404e-10
5.1883613858114718820e-01,1.3338484552618768454e-09
6.2258336629737665024e-01,3.2610146201470760178e-09
7.2633059401360611229e-01,6.9254662354115007972e-09
8.3007782172983557434e-01,1.3267375147047529608e-08
9.3382504944606503638e-01,2.3492712879279810692e-08
1.0375722771622943874e+00,3.9094231113976637631e-08
1.1413195048785238495e+00,6.1868969749632949301e-08
1.2450667325947533115e+00,9.3932529770223506782e-08
1.3488139603109827735e+00,1.3773033732732697012e-07
1.4525611880272122356e+00,1.9604610987745191774e-07
1.5563084157434416976e+00,2.7200774204063733210e-07
1.6600556434596711597e+00,3.6909077765177659750e-07
1.7638028711759006217e+00,4.9111969249460955116e-07
1.8675500988921300838e+00,6.4226710981682212906e-07
1.9712973266083595458e+00,8.2705117309550169847e-07
2.0750445543245890079e+00,1.0503311895776185352e-06
2.1787917820408186920e+00,1.3173016938893068501e-06
2.2825390097570479320e+00,1.6334851057361177705e-06
2.3862862374732776161e+00,2.0047230998956620477e-06
2.4900334651895068561e+00,2.4371667720656428252e-06
2.5937806929057365402e+00,2.9372657998217934276e-06
2.6975279206219657802e+00,3.5117566162861003609e-06
2.8012751483381954642e+00,4.1676498238299573121e-06
2.9050223760544247043e+00,4.9122167940767724127e-06
3.0087696037706543883e+00,5.7529757071762462615e-06
3.1125168314868836283e+00,6.6976770111937892677e-06
3.2162640592031133124e+00,7.7542882807753420589e-06
3.3200112869193425524e+00,8.9309790495007076869e-06
3.4237585146355717924e+00,1.0236104886665008389e-05
3.5275057423518014765e+00,1.1678191479074987360e-05
3.6312529700680307165e+00,1.3265918529216719408e-05
3.7350001977842604006e+00,1.5008103444231017789e-05
3.8387474255004896406e+00,1.6913684974774378982e-05
3.9424946532167193247e+00,1.8991706884307122907e-05
4.0462418809329481206e+00,2.1251301640899300971e-05
4.1499891086491773606e+00,2.3701674033801950193e-05
4.2537363363654074888e+00,2.6352085047149269379e-05
4.3574835640816367288e+00,2.9211836209865991179e-05
4.4612307917978659688e+00,3.2290253097587468423e-05
4.5649780195140952088e+00,3.5596670629903053289e-05
4.6687252472303253370e+00,3.9140416912290343452e-05
4.7724724749465545770e+00,4.2930798698680452897e-05
4.8762197026627838170e+00,4.6977086629926730337e-05
4.9799669303790130570e+00,5.1288500519960128119e-05
5.0837141580952422970e+00,5.5874195430156555430e-05
5.1874613858114724252e+00,6.0743248023928825838e-05
5.2912086135277016652e+00,6.5904643196967974432e-05
5.3949558412439309052e+00,7.1367261082733946735e-05
5.4987030689601601452e+00,7.7139864527872977146e-05
5.6024502966763902734e+00,8.3231086974298033225e-05
5.7061975243926195134e+00,8.9649420756445549058e-05
5.8099447521088487534e+00,9.6403205822324575247e-05
5.9136919798250779934e+00,1.0350061892948263860e-04
6.0174392075413081216e+00,1.1094966330699747423e-04
6.1211864352575373616e+00,1.1875815868481812414e-04
6.2249336629737666016e+00,1.2693373174684443217e-04
6.3286808906899958416e+00,1.3548380702476932151e-04
6.4324281184062259697e+00,1.4441559857570238318e-04
6.5361753461224552098e+00,1.5373610182471247323e-04
6.6399225738386844498e+00,1.6345208551314365105e-04
6.7436698015549136898e+00,1.7357008485602902991e-04
6.8474170292711429298e+00,1.8409639476911992097e-04
6.9511642569873730579e+00,1.9503706310189356616e-04
7.0549114847036022979e+00,2.0639788534068572844e-04
7.1586587124198315379e+00,2.1818439858652536787e-04
7.2624059401360607779e+00,2.3040187691327404236e-04
7.3661531678522909061e+00,2.4305532649691752463e-04
7.4699003955685201461e+00,2.5614948154722673923e-04
7.5736476232847493861e+00,2.6968880050242782353e-04
7.6773948510009786261e+00,2.8367746247236945651e-04
7.7811420787172087543e+00,2.9811936464166480026e-04
7.8848893064334379943e+00,3.1301811904830255124e-04
7.9886365341496672343e+00,3.2837705092571257103e-04
8.0923837618658964743e+00,3.4419919671384362160e-04
8.1961309895821266025e+00,3.6048730197261758543e-04
8.2998782172983549543e+00,3.7724382118908144929e-04
8.4036254450145850825e+00,3.9447091653215275373e-04
8.5073726727308152107e+00,4.1217045675437781558e-04
8.6111199004470435625e+00,4.3034401799109194518e-04
8.7148671281632736907e+00,4.4899288395121674834e-04
8.8186143558795020425e+00,4.6811804553419301316e-04
8.9223615835957321707e+00,4.8772020184319203476e-04
9.0261088113119622989e+00,5.0779976176987284310e-04
9.1298560390281906507e+00,5.2835684527173607666e-04
9.2336032667444207789e+00,5.4939128473981493645e-04
9.3373504944606509071e+00,5.7090262639336120196e-04
9.4410977221768792589e+00,5.9289013287904240163e-04
9.5448449498931093871e+00,6.1535278572403119372e-04
9.6485921776093377389e+00,6.3828928786662040683e-04
9.7523394053255678671e+00,6.6169806641268303065e-04
9.8560866330417979952e+00,6.8557727561150653018e-04
9.9598338607580263471e+00,7.0992480002986452833e-04
1.0063581088474256475e+01,7.3473825786125131123e-04
1.0167328316190484827e+01,7.6001500460845094337e-04
1.0271075543906714955e+01,7.8575213690889038776e-04
1.0374822771622945083e+01,8.1194649644994692887e-04
1.0478569999339173435e+01,8.3859467404518459131e-04
1.0582317227055403563e+01,8.6569301386178504516e-04
1.0686064454771633692e+01,8.9323761779074690396e-04
1.0789811682487862043e+01,9.2122434995049902722e-04
1.0893558910204092172e+01,9.4964884131548959068e-04
1.0997306137920320523e+01,9.7850649446101735027e-04
1.1101053365636550652e+01,1.0077924884167156847e-03
1.1204800593352780780e+01,1.0375017836210683429e-03
1.1308547821069009132e+01,1.0676291269702080627e-03
1.1412295048785239260e+01,1.0981690569546631760e-03
1.1516042276501469388e+01,1.1291159088783447439e-03
1.1619789504217697740e+01,1.1604638201548722175e-03
1.1723536731933927868e+01,1.1922067356771037794e-03
1.1827283959650156220e+01,1.2243384132489766505e-03
1.1931031187366386348e+01,1.2568524288950797506e-03
1.2034778415082616476e+01,1.2897421822442591520e-03
1.2138525642798844828e+01,1.3230009021824875280e-03
1.2242272870515074956e+01,1.3566216524559615662e-03
1.2346020098231303308e+01,1.3905973373170789267e-03
1.2449767325947533436e+01,1.4249207072201794302e-03
1.2553514553663763564e+01,1.4595843645669737132e-03
1.2657261781379991916e+01,1.4945807695016975151e-03
1.2761009009096222044e+01,1.5299022454933414519e-03
1.2864756236812452173e+01,1.5655409835893373954e-03
1.2968503464528680524e+01,1.6014890487062608069e-03
1.3072250692244910653e+01,1.6377383859943143302e-03
1.3175997919961139004e+01,1.6742808267347824083e-03
1.3279745147677369133e+01,1.7111080942845285652e-03
1.3383492375393599261e+01,1.7482118093939289991e-03
1.3487239603109827613e+01,1.7855834926719126900e-03
1.3590986830826057741e+01,1.8232145720639034939e-03
1.3694734058542286093e+01,1.8610963899659336944e-03
1.3798481286258516221e+01,1.8992202092487941480e-03
1.3902228513974746349e+01,1.9375772179397619463e-03
1.4005975741690974701e+01,1.9761585295672108240e-03
1.4109722969407204829e+01,2.0149551924936630679e-03
1.4213470197123434957e+01,2.0539581976375875447e-03
1.4317217424839663309e+01,2.0931584840520878199e-03
1.4420964652555893437e+01,2.1325469376287996097e-03
1.4524711880272121789e+01,2.1721143972715721386e-03
1.4628459107988351917e+01,2.2118516660016252981e-03
1.4732206335704582045e+01,2.2517495163310347235e-03
1.4835953563420810397e+01,2.2917986862402484928e-03
1.4939700791137040525e+01,2.3319898866836601126e-03
1.5043448018853268877e+01,2.3723138140035650995e-03
1.5147195246569499005e+01,2.4127611524030999346e-03
1.5250942474285729133e+01,2.4533225670128337888e-03
1.5354689702001957485e+01,2.4939887194151359046e-03
1.5458436929718187614e+01,2.5347502766953130399e-03
1.5562184157434417742e+01,2.5755979037237522987e-03
1.5665931385150646094e+01,2.6165222682583769154e-03
1.5769678612866876222e+01,2.6575140579870783902e-03
1.5873425840583104574e+01,2.6985639760506393604e-03
1.5977173068299334702e+01,2.7396627362403884465e-03
1.6080920296015563054e+01,2.7808010845879940071e-03
1.6184667523731793182e+01,2.8219697975704737675e-03
1.6288414751448023310e+01,2.8631596719896788492e-03
1.6392161979164253438e+01,2.9043615485577862698e-03
1.6495909206880483566e+01,2.9455663102534238029e-03
1.6599656434596710142e+01,2.9867648708289248546e-03
1.6703403662312940270e+01,3.0279482000935961303e-03
1.6807150890029170398e+01,3.0691073183166284362e-03
1.6910898117745400526e+01,3.1102332880954663280e-03
1.7014645345461630654e+01,3.1513172402832124314e-03
1.7118392573177857230e+01,3.1923503604062890629e-03
1.7222139800894087358e+01,3.2333238907151953638e-03
1.7325887028610317486e+01,3.2742291513944226343e-03
1.7429634256326547614e+01,3.3150575194069989080e-03
1.7533381484042777743e+01,3.3558004463857017685e-03
1.7637128711759004318e+01,3.3964494645572591500e-03
1.7740875939475234446e+01,3.4369961697457702791e-03
1.7844623167191464574e+01,3.4774322490451078059e-03
1.7948370394907694703e+01,3.5177494651604406840e-03
1.8052117622623924831e+01,3.5579396623956517642e-03
1.8155864850340154959e+01,3.5979947808925504676e-03
1.8259612078056381534e+01,3.6379068364907215204e-03
1.8363359305772611663e+01,3.6776679465949637868e-03
1.8467106533488841791e+01,3.7172703156701687732e-03
1.8570853761205071919e+01,3.7567062420774143851e-03
1.8674600988921302047e+01,3.7959681273030737234e-03
1.8778348216637528623e+01,3.8350484611409298846e-03
1.8882095444353758751e+01,3.8739398441514413113e-03
1.8985842672069988879e+01,3.9126349699186869363e-03
1.9089589899786219007e+01,3.9511266407303048676e-03
1.9193337127502449135e+01,3.9894077624197492316e-03
1.9297084355218675711e+01,4.0274713449071301158e-03
1.9400831582934905839e+01,4.0653105106821085107e-03
1.9504578810651135967e+01,4.1029184847781166243e-03
1.9608326038367366095e+01,4.1402886091074534922e-03
1.9712073266083596224e+01,4.1774143307790508051e-03
1.9815820493799822799e+01,4.2142892141922971144e-03
1.9919567721516052927e+01,4.2509069335801554987e-03
2.0023314949232283055e+01,4.2872612797529826081e-03
2.0127062176948513184e+01,4.3233461573603986297e-03
2.0230809404664743312e+01,4.3591555877394985372e-03
2.0334556632380969887e+01,4.3946837083575426841e-03
2.0438303860097200015e+01,4.4299247747406145584e-03
2.0542051087813430144e+01,4.4648731591794077814e-03
2.0645798315529660272e+01,4.4995233542970258095e-03
2.0749545543245890400e+01,4.5338699690134461398e-03
2.0853292770962120528e+01,4.5679077351487920589e-03
2.0957039998678347104e+01,4.6016314998585773968e-03
2.1060787226394577232e+01,4.6350362355536542033e-03
2.1164534454110807360e+01,4.6681170289111168295e-03
2.1268281681827037488e+01,4.7008690938004559987e-03
2.1372028909543267616e+01,4.7332877572440756886e-03
2.1475776137259494192e+01,4.7653684750655596683e-03
2.1579523364975724320e+01,4.7971068149226031227e-03
2.1683270592691954448e+01,4.8284984747862282062e-03
2.1787017820408184576e+01,4.8595392626981604930e-03
2.1890765048124414704e+01,4.8902251186894191842e-03
2.1994512275840641280e+01,4.9205520904302673529e-03
2.2098259503556871408e+01,4.9505163596200172163e-03
2.2202006731273101536e+01,4.9801142123802304845e-03
2.2305753958989331664e+01,5.0093420713070721875e-03
2.2409501186705561793e+01,5.0381964595244115718e-03
2.2513248414421788368e+01,5.0666740392129247517e-03
2.2616995642138018496e+01,5.0947715690284420959e-03
2.2720742869854248625e+01,5.1224859486280697324e-03
2.2824490097570478753e+01,5.1498141710231998963e-03
2.2928237325286708881e+01,5.1767533702115255817e-03
2.3031984553002939009e+01,5.2033007728216843640e-03
2.3135731780719165585e+01,5.2294537430167343031e-03
2.3239479008435395713e+01,5.2552097407050609237e-03
2.3343226236151625841e+01,5.2805663551788563706e-03
2.3446973463867855969e+01,5.3055212794077821759e-03
2.3550720691584086097e+01,5.3300723223960759165e-03
2.3654467919300312673e+01,5.3542174094245780988e-03
2.3758215147016542801e+01,5.3779545643174390263e-03
2.3861962374732772929e+01,5.4012819422529423016e-03
2.3965709602449003057e+01,5.4241977789558342565e-03
2.4069456830165233185e+01,5.4467004537235687647e-03
2.4173204057881459761e+01,5.4687884152340663496e-03
2.4276951285597689889e+01,5.4904602565665457450e-03
2.4380698513313920017e+01,5.5117146437670258216e-03
2.4484445741030150145e+01,5.5325503712290516334e-03
2.4588192968746380274e+01,5.5529663259782863563e-03
2.4691940196462606849e+01,5.5729614938299816551e-03
2.4795687424178836977e+01,5.5925349816442074605e-03
2.4899434651895067105e+01,5.6116859631907727371e-03
2.5003181879611297234e+01,5.6304137552101478012e-03
2.5106929107327527362e+01,5.6487177264917835459e-03
2.5210676335043753937e+01,5.6665973841575822609e-03
2.5314423562759984065e+01,5.6840523035951336095e-03
2.5418170790476214194e+01,5.7010821636206514273e-03
2.5521918018192444322e+01,5.7176867501116728984e-03
2.5625665245908674450e+01,5.7338659074892871573e-03
2.5729412473624904578e+01,5.7496196198185030302e-03
2.5833159701341131154e+01,5.7649479100688443695e-03
2.5936906929057361282e+01,5.7798509323923859607e-03
2.6040654156773591410e+01,5.7943289067244104634e-03
2.6144401384489821538e+01,5.8083821344249919258e-03
2.6248148612206051666e+01,5.8220110335448277059e-03
2.6351895839922278242e+01,5.8352160556268744748e-03
2.6455643067638508370e+01,5.8479977907167322859e-03
2.6559390295354738498e+01,5.8603568674707390632e-03
2.6663137523070968626e+01,5.8722940110000993938e-03
2.6766884750787198755e+01,5.8838100410922543337e-03
2.6870631978503425330e+01,5.8949058107172257540e-03
2.6974379206219655458e+01,5.9055823079918598126e-03
2.7078126433935885586e+01,5.9158405452755880374e-03
2.7181873661652115715e+01,5.9256816331128671707e-03
2.7285620889368345843e+01,5.9351067657327123694e-03
2.7389368117084572418e+01,5.9441171640127431208e-03
2.7493115344800802546e+01,5.9527141796568020307e-03
2.7596862572517032675e+01,5.9608991823410601915e-03
2.7700609800233262803e+01,5.9686736281681189442e-03
2.7804357027949492931e+01,5.9760390594641686624e-03
2.7908104255665723059e+01,5.9829970308349364819e-03
2.8011851483381949635e+01,5.9895492221033680771e-03
2.8115598711098179763e+01,5.9956973349367835222e-03
2.8219345938814409891e+01,6.0014431306983735334e-03
2.8323093166530640019e+01,6.0067884711957827970e-03
2.8426840394246870147e+01,6.0117352160956177842e-03
2.8530587621963096723e+01,6.0162853322890830904e-03
2.8634334849679326851e+01,6.0204408299340574084e-03
2.8738082077395556979e+01,6.0242037393752690191e-03
2.8841829305111787107e+01,6.0275762060536530740e-03
2.8945576532828017235e+01,6.0305603743830834759e-03
2.9049323760544243811e+01,6.0331584536361514831e-03
2.9153070988260473939e+01,6.0353727339745866232e-03
2.9256818215976704067e+01,6.0372054946005561729e-03
2.9360565443692934195e+01,6.0386591138393199557e-03
2.9464312671409164324e+01,6.0397360041579252823e-03
2.9568059899125390899e+01,6.0404385839324115093e-03
2.9671807126841621027e+01,6.0407693784556501515e-03
2.9775554354557851156e+01,6.0407309102925412295e-03
2.9879301582274081284e+01,6.0403257388890047030e-03
2.9983048809990311412e+01,6.0395565113900385665e-03
3.0086796037706537987e+01,6.0384258555757101480e-03
3.0190543265422768116e+01,6.0369364647161949042e-03
3.0294290493138998244e+01,6.0350910891464196531e-03
3.0398037720855228372e+01,6.0328924585231922736e-03
3.0501784948571458500e+01,6.0303433866477369057e-03
3.0605532176287688628e+01,6.0274467138966194429e-03
3.0709279404003915204e+01,6.0242052679693510603e-03
3.0813026631720145332e+01,6.0206219674470637382e-03
3.0916773859436375460e+01,6.0166997330558377385e-03
3.1020521087152605588e+01,6.0124414852814377433e-03
3.1124268314868835716e+01,6.0078502317828649457e-03
3.1228015542585062292e+01,6.0029289660484489582e-03
3.1331762770301292420e+01,5.9976806937127209729e-03
3.1435509998017522548e+01,5.9921084979177906618e-03
3.1539257225733752676e+01,5.9862154381030109260e-03
3.1643004453449982805e+01,5.9800045953273053834e-03
3.1746751681166209380e+01,5.9734791171265838941e-03
3.1850498908882439508e+01,5.9666421220181025190e-03
3.1954246136598669636e+01,5.9594967558700452648e-03
3.2057993364314903317e+01,5.9520462211981317591e-03
3.2161740592031129893e+01,5.9442936885677503597e-03
3.2265487819747363574e+01,5.9362423578969486168e-03
3.2369235047463590149e+01,5.9278954783193128428e-03
3.2472982275179823830e+01,5.9192562653425633695e-03
3.2576729502896050406e+01,5.9103279624239885362e-03
3.2680476730612276981e+01,5.9011138575772075290e-03
3.2784223958328510662e+01,5.8916172042280251508e-03
3.2887971186044737237e+01,5.8818412792990115018e-03
3.2991718413760970918e+01,5.8717894022688168695e-03
3.3095465641477197494e+01,5.8614648577003190116e-03
3.3199212869193424069e+01,5.8508709464595489574e-03
3.3302960096909657750e+01,5.8400110121606604863e-03
3.3406707324625884326e+01,5.8288883640696424401e-03
3.3510454552342118006e+01,5.8175063181825593592e-03
3.3614201780058344582e+01,5.8058682347827909181e-03
3.3717949007774571157e+01,5.7939774417540366308e-03
3.3821696235490804838e+01,5.7818372624005732324e-03
3.3925443463207031414e+01,5.7694510658214247928e-03
3.4029190690923265095e+01,5.7568221926454030829e-03
3.4132937918639491670e+01,5.7439539671186702965e-03
3.4236685146355718246e+01,5.7308497586165555240e-03
3.4340432374071951926e+01,5.7175129146108515793e-03
3.4444179601788178502e+01,5.7039467559300855576e-03
3.4547926829504412183e+01,5.6901546427572721049e-03
3.4651674057220638758e+01,5.6761399234801631838e-03
3.4755421284936865334e+01,5.6619059126078608718e-03
3.4859168512653099015e+01,5.6474559517255031038e-03
3.4962915740369325590e+01,5.6327933838408389758e-03
3.5066662968085559271e+01,5.6179215147123592183e-03
3.5170410195801785846e+01,5.6028436595224051509e-03
3.5274157423518012422e+01,5.5875631485868713574e-03
3.5377904651234246103e+01,5.5720832761480777393e-03
3.5481651878950472678e+01,5.5564073261927197228e-03
3.5585399106666706359e+01,5.5405386074225222368e-03
3.5689146334382932935e+01,5.5244803985849029460e-03
3.5792893562099159510e+01,5.5082359521397041002e-03
3.5896640789815393191e+01,5.4918085440911080380e-03
3.6000388017531619766e+01,5.4752014325422987059e-03
3.6104135245247853447e+01,5.4584178411151047794e-03
3.6207882472964080023e+01,5.4414610022027794928e-03
3.6311629700680313704e+01,5.4243341471829388534e-03
3.6415376928396540279e+01,5.4070404717587294136e-03
3.6519124156112766855e+01,5.3895831595247726056e-03
3.6622871383829000536e+01,5.3719654063137710701e-03
3.6726618611545227111e+01,5.3541903775874725643e-03
3.6830365839261460792e+01,5.3362612105902693105e-03
3.6934113066977687367e+01,5.3181810535140143503e-03
3.7037860294693913943e+01,5.2999530369575980487e-03
3.7141607522410147624e+01,5.2815802574808197803e-03
3.7245354750126374199e+01,5.2630658054660314771e-03
3.7349101977842607880e+01,5.2444127701984158407e-03
3.7452849205558834456e+01,5.2256242086331054775e-03
3.7556596433275061031e+01,5.2067031532007255687e-03
3.7660343660991294712e+01,5.1876526412224103005e-03
3.7764090888707521287e+01,5.1684756865523606012e-03
3.7867838116423754968e+01,5.1491752711047443156e-03
3.7971585344139981544e+01,5.1297543686632694412e-03
3.8075332571856208119e+01,5.1102159447147061863e-03
3.8179079799572441800e+01,5.0905629335365812360e-03
3.8282827027288668376e+01,5.0707982446851892697e-03
3.8386574255004902056e+01,5.0509247856127944751e-03
3.8490321482721128632e+01,5.0309454400221395934e-03
3.8594068710437355207e+01,5.0108630611315416181e-03
3.8697815938153588888e+01,4.9906804880523519471e-03
3.8801563165869815464e+01,4.9704005489355444075e-03
3.8905310393586049145e+01,4.9500260428791574216e-03
3.9009057621302275720e+01,4.9295597424241490922e-03
3.9112804849018502296e+01,4.9090044108616118917e-03
3.9216552076734735977e+01,4.8883627900298482274e-03
3.9320299304450962552e+01,4.8676375928988222311e-03
3.9424046532167196233e+01,4.8468315114880830205e-03
3.9527793759883422808e+01,4.8259472250427506296e-03
3.9631540987599649384e+01,4.8049873866374019291e-03
3.9735288215315883065e+01,4.7839546222519678184e-03
3.9839035443032109640e+01,4.7628515405461011728e-03
3.9942782670748343321e+01,4.7416807312530857149e-03
4.0046529898464569897e+01,4.7204447575085930339e-03
4.0150277126180796472e+01,4.6991461575095986453e-03
4.0254024353897030153e+01,4.6777874519949988116e-03
4.0357771581613256728e+01,4.6563711388158419285e-03
4.0461518809329490409e+01,4.6348996902129072778e-03
4.0565266037045716985e+01,4.6133755551442130055e-03
4.0669013264761943560e+01,4.5918011625551936536e-03
4.0772760492478177241e+01,4.5701789174269384988e-03
4.0876507720194403817e+01,4.5485112003506517411e-03
4.0980254947910637497e+01,4.5268003688185573866e-03
4.1084002175626864073e+01,4.5050487578141944212e-03
4.1187749403343097754e+01,4.4832586788816066944e-03
4.1291496631059324329e+01,4.4614324202356964860e-03
4.1395243858775550905e+01,4.4395722457118789311e-03
4.1498991086491784586e+01,4.4176803954099575986e-03
4.1602738314208011161e+01,4.3957590870569926422e-03
4.1706485541924244842e+01,4.3738105157433374709e-03
4.1810232769640471417e+01,4.3518368501200034582e-03
4.1913979997356697993e+01,4.3298402350962937254e-03
4.2017727225072931674e+01,4.3078227943818348314e-03
4.2121474452789158249e+01,4.2857866293022081963e-03
4.2225221680505391930e+01,4.2637338125829449612e-03
4.2328968908221618506e+01,4.2416663939389394680e-03
4.2432716135937845081e+01,4.2195864030368460812e-03
4.2536463363654078762e+01,4.1974958470882258246e-03
4.2640210591370305337e+01,4.1753967028125404254e-03
4.2743957819086539018e+01,4.1532909249099459609e-03
4.2847705046802765594e+01,4.1311804491486747715e-03
4.2951452274518992169e+01,4.1090671887155875291e-03
4.3055199502235225850e+01,4.0869530247177572949e-03
4.3158946729951452426e+01,4.0648398171778529417e-03
4.3262693957667686107e+01,4.0427294082758524763e-03
4.3366441185383912682e+01,4.0206236177578692434e-03
4.3470188413100139257e+01,3.9985242318612531157e-03
4.3573935640816372938e+01,3.9764330164280920973e-03
4.3677682868532599514e+01,3.9543517205227161904e-03
4.3781430096248833195e+01,3.9322820714726069644e-03
4.3885177323965059770e+01,3.9102257617259867858e-03
4.3988924551681286346e+01,3.8881844635981575170e-03
4.4092671779397520027e+01,3.8661598336650220865e-03
4.4196419007113746602e+01,3.8441535081535638252e-03
4.4300166234829980283e+01,3.8221670872210502731e-03
4.4403913462546206858e+01,3.8002021504618750843e-03
4.4507660690262433434e+01,3.7782602627422019921e-03
4.4611407917978667115e+01,3.7563429705854555103e-03
4.4715155145694893690e+01,3.7344517839115625758e-03
4.4818902373411127371e+01,3.7125881905583388125e-03
4.4922649601127353947e+01,3.6907536646073411252e-03
4.5026396828843580522e+01,3.6689496641390140913e-03
4.5130144056559814203e+01,3.6471776115211355235e-03
4.5233891284276040778e+01,3.6254389040246996420e-03
4.5337638511992274459e+01,3.6037349260127711677e-03
4.5441385739708501035e+01,3.5820670481034972907e-03
4.5545132967424727610e+01,3.5604366083163219506e-03
4.5648880195140961291e+01,3.5388449149550481147e-03
4.5752627422857187867e+01,3.5172932638661540822e-03
4.5856374650573421548e+01,3.4957829389180646203e-03
4.5960121878289648123e+01,3.4743151970502354590e-03
4.6063869106005881804e+01,3.4528912599789103946e-03
4.6167616333722108379e+01,3.4315123363660997476e-03
4.6271363561438334955e+01,3.4101796240314161124e-03
4.6375110789154568636e+01,3.3888943012098157043e-03
4.6478858016870795211e+01,3.3676575068188742239e-03
4.6582605244587028892e+01,3.3464703637929148899e-03
4.6686352472303255468e+01,3.3253339850846542342e-03
4.6790099700019482043e+01,3.3042494703763407304e-03
4.6893846927735715724e+01,3.2832178816559211797e-03
4.6997594155451942299e+01,3.2622402578021680863e-03
4.7101341383168175980e+01,3.2413176284450981139e-03
4.7205088610884402556e+01,3.2204510135759381595e-03
4.7308835838600629131e+01,3.1996414041967871818e-03
4.7412583066316862812e+01,3.1788897581334612380e-03
4.7516330294033089388e+01,3.1581970233526862786e-03
4.7620077521749323068e+01,3.1375641395596674463e-03
4.7723824749465549644e+01,3.1169920294039214249e-03
4.7827571977181776219e+01,3.0964815757164232055e-03
4.7931319204898009900e+01,3.0760336465666076981e-03
4.8035066432614236476e+01,3.0556491025244070583e-03
4.8138813660330470157e+01,3.0353287949098244937e-03
4.8242560888046696732e+01,3.0150735412136460065e-03
4.8346308115762923308e+01,2.9948841319672250827e-03
4.8450055343479156988e+01,2.9747613504424313957e-03
4.8553802571195383564e+01,2.9547059731953166130e-03
4.8657549798911617245e+01,2.9347187581033880137e-03
4.8761297026627843820e+01,2.9148004244731740009e-03
4.8865044254344070396e+01,2.8949516802101969704e-03
4.8968791482060304077e+01,2.8751732272207929271e-03
4.9072538709776530652e+01,2.8554657594590348961e-03
4.9176285937492764333e+01,2.8358299374513307525e-03
4.9280033165208990908e+01,2.8162663962065835957e-03
4.9383780392925217484e+01,2.7967757649511289578e-03
4.9487527620641451165e+01,2.7773586676324998022e-03
4.9591274848357677740e+01,2.7580157128496134850e-03
4.9695022076073911421e+01,2.7387474708108045483e-03
4.9798769303790137997e+01,2.7195545001346809605e-03
4.9902516531506364572e+01,2.7004373547943796158e-03
5.0006263759222598253e+01,2.6813965833296618708e-03
5.0110010986938824828e+01,2.6624327067600412830e-03
5.0213758214655058509e+01,2.6435462165494655155e-03
5.0317505442371285085e+01,2.6247375988133437794e-03
5.0421252670087511660e+01,2.6060073356661372750e-03
5.0524999897803745341e+01,2.5873559006855994039e-03
5.0628747125519971917e+01,2.5687837315876544363e-03
5.0732494353236205598e+01,2.5502912488688696258e-03
5.0836241580952432173e+01,2.5318788695420082688e-03
5.0939988808668665854e+01,2.5135470072058844170e-03
5.1043736036384892429e+01,2.4952960602581931125e-03
5.1147483264101119005e+01,2.4771263913139413872e-03
5.1251230491817352686e+01,2.4590383545056563631e-03
5.1354977719533579261e+01,2.4410323011041985299e-03
5.1458724947249812942e+01,2.4231085790578266344e-03
5.1562472174966039518e+01,2.4052675133064910576e-03
5.1666219402682266093e+01,2.3875093992634923920e-03
5.1769966630398499774e+01,2.3698345281048119673e-03
5.1873713858114726349e+01,2.3522431886770292508e-03
5.1977461085830960030e+01,2.3347356656873100716e-03
5.2081208313547186606e+01,2.3173122150257066329e-03
5.2184955541263413181e+01,2.2999730705652921860e-03
5.2288702768979646862e+01,2.2827184638333532229e-03
5.2392449996695873438e+01,2.2655486245233024713e-03
5.2496197224412107118e+01,2.2484637767054478120e-03
5.2599944452128333694e+01,2.2314641126965368417e-03
5.2703691679844560269e+01,2.2145498091049411506e-03
5.2807438907560793950e+01,2.1977210410658214526e-03
5.2911186135277020526e+01,2.1809779823407358414e-03
5.3014933362993254207e+01,2.1643207994920866423e-03
5.3118680590709480782e+01,2.1477496267453188503e-03
5.3222427818425707358e+01,2.1312645870086785460e-03
5.3326175046141941039e+01,2.1148658022272334885e-03
5.3429922273858167614e+01,2.0985533933989080312e-03
5.3533669501574401295e+01,2.0823274732617792944e-03
5.3637416729290627870e+01,2.0661881229577265182e-03
5.3741163957006854446e+01,2.0501354149445030414e-03
5.3844911184723088127e+01,2.0341694211213874957e-03
5.3948658412439314702e+01,2.0182902128345696878e-03
5.4052405640155548383e+01,2.0024978530537957885e-03
5.4156152867871774959e+01,1.9867923743173108997e-03
5.4259900095588001534e+01,1.9711738017538778071e-03
5.4363647323304235215e+01,1.9556421603004383453e-03
5.4467394551020461790e+01,1.9401974747039407113e-03
5.4571141778736695471e+01,1.9248397622941713827e-03
5.4674889006452922047e+01,1.9095690111575606192e-03
5.4778636234169148622e+01,1.8943852021434915648e-03
5.4882383461885382303e+01,1.8792883162461514537e-03
5.4986130689601608879e+01,1.8642783346031731057e-03
5.5089877917317842559e+01,1.8493552327822732843e-03
5.5193625145034069135e+01,1.8345189585196491119e-03
5.5297372372750295710e+01,1.8197694513689469369e-03
5.5401119600466529391e+01,1.8051066513343439965e-03
5.5504866828182755967e+01,1.7905304988685873113e-03
5.5608614055898989648e+01,1.7760409311442680244e-03
5.5712361283615216223e+01,1.7616378597949695212e-03
5.5816108511331449904e+01,1.7473211860262638680e-03
5.5919855739047676479e+01,1.7330908117354395636e-03
5.6023602966763903055e+01,1.7189466395464672761e-03
5.6127350194480136736e+01,1.7048885709691509720e-03
5.6231097422196363311e+01,1.6909164859046509240e-03
5.6334844649912596992e+01,1.6770302502400146177e-03
5.6438591877628823568e+01,1.6632297305763891083e-03
5.6542339105345050143e+01,1.6495147944939904903e-03
5.6646086333061283824e+01,1.6358853100058368731e-03
5.6749833560777510399e+01,1.6223411294269093116e-03
5.6853580788493744080e+01,1.6088820866910697512e-03
5.6957328016209970656e+01,1.5955080158391785321e-03
5.7061075243926197231e+01,1.5822187521190658483e-03
5.7164822471642430912e+01,1.5690141319416193912e-03
5.7268569699358657488e+01,1.5558939832243144988e-03
5.7372316927074891169e+01,1.5428581120680376088e-03
5.7476064154791117744e+01,1.5299063226118813676e-03
5.7579811382507344319e+01,1.5170384204065434121e-03
5.7683558610223578000e+01,1.5042542124016353502e-03
5.7787305837939804576e+01,1.4915535032539828202e-03
5.7891053065656038257e+01,1.4789360766530323683e-03
5.7994800293372264832e+01,1.4664017094304236839e-03
5.8098547521088491408e+01,1.4539501799966047212e-03
5.8202294748804725089e+01,1.4415812683419807361e-03
5.8306041976520951664e+01,1.4292947553567780013e-03
5.8409789204237185345e+01,1.4170904078643191144e-03
5.8513536431953411920e+01,1.4049679785599904387e-03
5.8617283659669638496e+01,1.3929272211903708911e-03
5.8721030887385872177e+01,1.3809678912423415179e-03
5.8824778115102098752e+01,1.3690897459253021946e-03
5.8928525342818332433e+01,1.3572925376782280730e-03
5.9032272570534559009e+01,1.3455760001608505199e-03
5.9136019798250785584e+01,1.3339398648498648151e-03
5.9239767025967019265e+01,1.3223838651030359742e-03
5.9343514253683245840e+01,1.3109077361427613762e-03
5.9447261481399479521e+01,1.2995112139397111545e-03
5.9551008709115706097e+01,1.2881940203690800048e-03
5.9654755936831932672e+01,1.2769558672436468784e-03
5.9758503164548166353e+01,1.2657964680834108123e-03
5.9862250392264392929e+01,1.2547155383943661960e-03
5.9965997619980626610e+01,1.2437127956484803765e-03
6.0069744847696853185e+01,1.2327879533960662498e-03
6.0173492075413079760e+01,1.2219407089587223762e-03
6.0277239303129313441e+01,1.2111707582254374257e-03
6.0380986530845540017e+01,1.2004777991753085367e-03
6.0484733758561773698e+01,1.1898615318596094791e-03
6.0588480986278000273e+01,1.1793216578139266958e-03
6.0692228213994233954e+01,1.1688578680613926578e-03
6.0795975441710460530e+01,1.1584698434933845927e-03
6.0899722669426687105e+01,1.1481572666666706433e-03
6.1003469897142920786e+01,1.1379198222974931578e-03
6.1107217124859147361e+01,1.1277571972432391678e-03
6.1210964352575381042e+01,1.1176690777423958084e-03
6.1314711580291607618e+01,1.1076551363764330742e-03
6.1418458808007834193e+01,1.0977150423054032966e-03
6.1522206035724067874e+01,1.0878484669139098628e-03
6.1625953263440294450e+01,1.0780550837994529092e-03
6.1729700491156528130e+01,1.0683345687259602000e-03
6.1833447718872754706e+01,1.0586865933437687379e-03
6.1937194946588981281e+01,1.0491108172964618613e-03
6.2040942174305214962e+01,1.0396069005543199116e-03
6.2144689402021441538e+01,1.0301745053582715261e-03
6.2248436629737675219e+01,1.0208132962009667209e-03
6.2352183857453901794e+01,1.0115229394782410208e-03
6.2455931085170128370e+01,1.0023030944025211348e-03
6.2559678312886362050e+01,9.9315341192097550231e-04
6.2663425540602588626e+01,9.8407354473536664576e-04
6.2767172768318822307e+01,9.7506314784363791112e-04
6.2870919996035048882e+01,9.6612187852097223921e-04
6.2974667223751275458e+01,9.5724939537277528665e-04
6.3078414451467509139e+01,9.4844534827907204903e-04
6.3182161679183735714e+01,9.3970938225772454935e-04
6.3285908906899969395e+01,9.3104114453083594051e-04
6.3389656134616195970e+01,9.2244028463001775421e-04
6.3493403362332422546e+01,9.1390645437752012110e-04
6.3597150590048656227e+01,9.0543930629791949827e-04
6.3700897817764882802e+01,8.9703848401203321091e-04
6.3804645045481116483e+01,8.8870362861879646701e-04
6.3908392273197343059e+01,8.8043438352804876366e-04
6.4012139500913576740e+01,8.7223039446139018997e-04
6.4115886728629803315e+01,8.6409130943348490261e-04
6.4219633956346029890e+01,8.5601677674917173513e-04
6.4323381184062256466e+01,8.4800643641805045943e-04
6.4427128411778497252e+01,8.4005992726706726296e-04
6.4530875639494723828e+01,8.3217689044351287903e-04
6.4634622867210950403e+01,8.2435696939870209150e-04
6.4738370094927176979e+01,8.1659980986951551801e-04
6.4842117322643403554e+01,8.0890505783538096951e-04
6.4945864550359644340e+01,8.0127235188149118460e-04
6.5049611778075870916e+01,7.9370133002326019415e-04
6.5153359005792097491e+01,7.8619163258123055636e-04
6.5257106233508324067e+01,7.7874290216325232558e-04
6.5360853461224550642e+01,7.7135478364632949645e-04
6.5464600688940791429e+01,7.6402692245531830025e-04
6.5568347916657018004e+01,7.5675895759627620756e-04
6.5672095144373244580e+01,7.4955052760930648229e-04
6.5775842372089471155e+01,7.4240127331388612673e-04
6.5879589599805697731e+01,7.3531083779204275009e-04
6.5983336827521938517e+01,7.2827886637056714770e-04
6.6087084055238165092e+01,7.2130500544121290297e-04
6.6190831282954391668e+01,7.1438889606705079181e-04
6.6294578510670618243e+01,7.0753017854560218240e-04
6.6398325738386844819e+01,7.0072849541459700413e-04
6.6502072966103085605e+01,6.9398349144241401176e-04
6.6605820193819312180e+01,6.8729481361071349289e-04
6.6709567421535538756e+01,6.8066211049536736854e-04
6.6813314649251765331e+01,6.7408502670244509983e-04
6.6917061876967991907e+01,6.6756320544103390016e-04
6.7020809104684232693e+01,6.6109629208386231931e-04
6.7124556332400459269e+01,6.5468393419610012261e-04
6.7228303560116685844e+01,6.4832578151843422033e-04
6.7332050787832912420e+01,6.4202148575360552286e-04
6.7435798015549138995e+01,6.3577069633773868398e-04
6.7539545243265379781e+01,6.2957306051646556161e-04
6.7643292470981606357e+01,6.2342822751547876878e-04
6.7747039698697832932e+01,6.1733584870915980593e-04
6.7850786926414059508e+01,6.1129557760415437380e-04
6.7954534154130286083e+01,6.0530706980284202431e-04
6.8058281381846526870e+01,5.9936998051475086791e-04
6.8162028609562753445e+01,5.9348396218963418453e-04
6.8265775837278980021e+01,5.8764866882911152846e-04
6.8369523064995206596e+01,5.8186375653494261124e-04
6.8473270292711433171e+01,5.7612888349311500852e-04
6.8577017520427673958e+01,5.7044370995807866780e-04
6.8680764748143900533e+01,5.6480789732245696797e-04
6.8784511975860127109e+01,5.5922110452244467270e-04
6.8888259203576353684e+01,5.5368299116773588790e-04
6.8992006431292580260e+01,5.4819321891510781712e-04
6.9095753659008821046e+01,5.4275145145342526976e-04
6.9199500886725047621e+01,5.3735735448841098153e-04
6.9303248114441274197e+01,5.3201059556638350626e-04
6.9406995342157500772e+01,5.2671084129368402667e-04
6.9510742569873727348e+01,5.2145775771755072288e-04
6.9614489797589968134e+01,5.1625101279065375038e-04
6.9718237025306194710e+01,5.1109027644213466009e-04
6.9821984253022421285e+01,5.0597522056291827780e-04
6.9925731480738647861e+01,5.0090551899003850182e-04
7.0029478708454874436e+01,4.9588084641351672446e-04
7.0133225936171115222e+01,4.9090087635959107557e-04
7.0236973163887341798e+01,4.8596528373468362953e-04
7.0340720391603568373e+01,4.8107374536316777286e-04
7.0444467619319794949e+01,4.7622593997324755505e-04
7.0548214847036021524e+01,4.7142154818295912066e-04
7.0651962074752262311e+01,4.6666025234265147512e-04
7.0755709302468488886e+01,4.6194173460653499986e-04
7.0859456530184715461e+01,4.5726567745071390082e-04
7.0963203757900942037e+01,4.5263176517102625494e-04
7.1066950985617168612e+01,4.4803968390683579677e-04
7.1170698213333409399e+01,4.4348912162759480471e-04
7.1274445441049635974e+01,4.3897976811947908658e-04
7.1378192668765862550e+01,4.3451131441753448967e-04
7.1481939896482089125e+01,4.3008345141866242837e-04
7.1585687124198315701e+01,4.2569587139136110931e-04
7.1689434351914556487e+01,4.2134826838549383366e-04
7.1793181579630783062e+01,4.1704033821942195675e-04
7.1896928807347009638e+01,4.1277177846724008798e-04
7.2000676035063236213e+01,4.0854228842056701737e-04
7.2104423262779462789e+01,4.0435156820575789485e-04
7.2208170490495703575e+01,4.0019931856317367833e-04
7.2311917718211930151e+01,3.9608524188162802168e-04
7.2415664945928156726e+01,3.9200904225543961937e-04
7.2519412173644383302e+01,3.8797042547223319726e-04
7.2623159401360624088e+01,3.8396909900084469532e-04
7.2726906629076850663e+01,3.8000477189271188736e-04
7.2830653856793077239e+01,3.7607715403987145930e-04
7.2934401084509303814e+01,3.7218595653595046508e-04
7.3038148312225530390e+01,3.6833089211142742026e-04
7.3141895539941771176e+01,3.6451167512667568150e-04
7.3245642767657997751e+01,3.6072802156042303593e-04
7.3349389995374224327e+01,3.5697964899830323098e-04
7.3453137223090450902e+01,3.5326627651840493676e-04
7.3556884450806677478e+01,3.4958762433179199321e-04
7.3660631678522918264e+01,3.4594341410202266926e-04
7.3764378906239144840e+01,3.4233336905853796548e-04
7.3868126133955371415e+01,3.3875721398566623196e-04
7.3971873361671597991e+01,3.3521467521172102757e-04
7.4075620589387824566e+01,3.3170548059815606248e-04
7.4179367817104065352e+01,3.2822935951338214934e-04
7.4283115044820291928e+01,3.2478604279763292721e-04
7.4386862272536518503e+01,3.2137526278632903886e-04
7.4490609500252745079e+01,3.1799675330605731280e-04
7.4594356727968971654e+01,3.1465024966420042374e-04
7.4698103955685212441e+01,3.1133548863865285550e-04
7.4801851183401439016e+01,3.0805220846907231105e-04
7.4905598411117665592e+01,3.0480014900443333980e-04
7.5009345638833892167e+01,3.0157905183354473356e-04
7.5113092866550118742e+01,2.9838866000628531863e-04
7.5216840094266359529e+01,2.9522871799018664610e-04
7.5320587321982586104e+01,2.9209897166067278710e-04
7.5424334549698812680e+01,2.8899916829137358267e-04
7.5528081777415039255e+01,2.8592905654925706389e-04
7.5631829005131265831e+01,2.8288838682999427158e-04
7.5735576232847506617e+01,2.7987691147995122322e-04
7.5839323460563733192e+01,2.7689438425594224604e-04
7.5943070688279959768e+01,2.7394056026036953371e-04
7.6046817915996186343e+01,2.7101519593204667592e-04
7.6150565143712412919e+01,2.6811804903709445013e-04
7.6254312371428653705e+01,2.6524887866542632602e-04
7.6358059599144880281e+01,2.6240744570138772656e-04
7.6461806826861106856e+01,2.5959351318363129780e-04
7.6565554054577333432e+01,2.5680684552260488705e-04
7.6669301282293560007e+01,2.5404720840393454689e-04
7.6773048510009800793e+01,2.5131436877980908515e-04
7.6876795737726027369e+01,2.4860809486043411237e-04
7.6980542965442253944e+01,2.4592815610783002591e-04
7.7084290193158480520e+01,2.4327432373569030273e-04
7.7188037420874707095e+01,2.4064637133965939304e-04
7.7291784648590947882e+01,2.3804407388886968610e-04
7.7395531876307174457e+01,2.3546720755905317006e-04
7.7499279104023401032e+01,2.3291554972446252658e-04
7.7603026331739627608e+01,2.3038887894986156014e-04
7.7706773559455854183e+01,2.2788697498259691547e-04
7.7810520787172094970e+01,2.2540961914785926680e-04
7.7914268014888321545e+01,2.2295659537177858192e-04
7.8018015242604548121e+01,2.2052768904949618324e-04
7.8121762470320774696e+01,2.1812268671615175366e-04
7.8225509698037001272e+01,2.1574137603932300503e-04
7.8329256925753242058e+01,2.1338354581152573679e-04
7.8433004153469468633e+01,2.1104898594277536877e-04
7.8536751381185695209e+01,2.0873748767175583281e-04
7.8640498608901921784e+01,2.0644884489173394022e-04
7.8744245836618148360e+01,2.0418285325445820894e-04
7.8847993064334389146e+01,2.0193930948990025252e-04
7.8951740292050615722e+01,1.9971801139646776853e-04
7.9055487519766842297e+01,1.9751875783399186460e-04
7.9159234747483068872e+01,1.9534134871677268758e-04
7.9262981975199295448e+01,1.9318558506826416878e-04
7.9366729202915536234e+01,1.9105127026722171311e-04
7.9470476430631762810e+01,1.8893820997927291447e-04
7.9574223658347989385e+01,1.8684621093426309114e-04
7.9677970886064215961e+01,1.8477508086865208512e-04
7.9781718113780442536e+01,1.8272462851896877100e-04
7.9885465341496683322e+01,1.8069466361531701017e-04
7.9989212569212909898e+01,1.7868499687653813051e-04
8.0092959796929136473e+01,1.7669544072644943690e-04
8.0196707024645363049e+01,1.7472581042251374324e-04
8.0300454252361589624e+01,1.7277592247241094279e-04
8.0404201480077830411e+01,1.7084559433087643252e-04
8.0507948707794056986e+01,1.6893464439360028032e-04
8.0611695935510283562e+01,1.6704289199117043803e-04
8.0715443163226510137e+01,1.6517015738306569219e-04
8.0819190390942736713e+01,1.6331626193471317004e-04
8.0922937618658977499e+01,1.6148102973883362308e-04
8.1026684846375204074e+01,1.5966428682276026648e-04
8.1130432074091430650e+01,1.5786586011581343219e-04
8.1234179301807657225e+01,1.5608557743145386925e-04
8.1337926529523883801e+01,1.5432326746164435043e-04
8.1441673757240124587e+01,1.5257875977125318328e-04
8.1545420984956351163e+01,1.5085188479688107620e-04
8.1649168212672577738e+01,1.4914247473527041197e-04
8.1752915440388804313e+01,1.4745036462280420534e-04
8.1856662668105030889e+01,1.4577539059867412495e-04
8.1960409895821271675e+01,1.4411738963174549016e-04
8.2064157123537498251e+01,1.4247619951531385256e-04
8.2167904351253724826e+01,1.4085165886189890102e-04
8.2271651578969951402e+01,1.3924360709807989179e-04
8.2375398806686192188e+01,1.3765188458866181522e-04
8.2479146034402418763e+01,1.3607633428369247247e-04
8.2582893262118645339e+01,1.3451680121966412594e-04
8.2686640489834871914e+01,1.3297313124018564573e-04
8.2790387717551098490e+01,1.3144517096157868762e-04
8.2894134945267339276e+01,1.2993276776804207006e-04
8.2997882172983565852e+01,1.2843576980685317670e-04
8.3101629400699792427e+01,1.2695402598360364674e-04
8.3205376628416019003e+01,1.2548738645141115479e-04
8.3309123856132245578e+01,1.2403570429638365188e-04
8.3412871083848486364e+01,1.2259883394038326881e-04
8.3516618311564712940e+01,1.2117663052866315581e-04
8.3620365539280939515e+01,1.1976894992535720144e-04
8.3724112766997166091e+01,1.1837564870902680773e-04
8.3827859994713392666e+01,1.1699658416823950017e-04
8.3931607222429633453e+01,1.1563161430452650923e-04
8.4035354450145860028e+01,1.1428059883397308769e-04
8.4139101677862086603e+01,1.1294340020153885223e-04
8.4242848905578313179e+01,1.1161988177380511233e-04
8.4346596133294539754e+01,1.1030990758959537373e-04
8.4450343361010780541e+01,1.0901334235584623578e-04
8.4554090588727007116e+01,1.0773005144350905301e-04
8.4657837816443233692e+01,1.0645990088348008412e-04
8.4761585044159460267e+01,1.0520275740737260585e-04
8.4865332271875686843e+01,1.0395848983615547966e-04
8.4969079499591927629e+01,1.0272696933884754411e-04
8.5072826727308154204e+01,1.0150806781229129575e-04
8.5176573955024380780e+01,1.0030165777746040325e-04
8.5280321182740607355e+01,9.9107612375663739360e-05
8.5384068410456833931e+01,9.7925805364776734850e-05
8.5487815638173074717e+01,9.6756111115499674824e-05
8.5591562865889301293e+01,9.5598404700459398381e-05
8.5695310093605527868e+01,9.4452563464790501675e-05
8.5799057321321754443e+01,9.3318466789285545756e-05
8.5902804549037981019e+01,9.2195994685059125934e-05
8.6006551776754221805e+01,9.1085027742182167552e-05
8.6110299004470448381e+01,8.9985447126194982722e-05
8.6214046232186674956e+01,8.8897134574643732279e-05
8.6317793459902901532e+01,8.7819972393643653966e-05
8.6421540687619128107e+01,8.6753843569651808987e-05
8.6525287915335368893e+01,8.5698633368789901908e-05
8.6629035143051595469e+01,8.4654228926550343704e-05
8.6732782370767822044e+01,8.3620517952265525333e-05
8.6836529598484048620e+01,8.2597388691901522831e-05
8.6940276826200275195e+01,8.1584729924855797778e-05
8.7044024053916515982e+01,8.0582430960778302976e-05
8.7147771281632742557e+01,7.9590381636415735841e-05
8.7251518509348969133e+01,7.8608472407896686027e-05
8.7355265737065195708e+01,7.7636595868460327174e-05
8.7459012964781422284e+01,7.6674646469266239529e-05
8.7562760192497663070e+01,7.5722519203002251363e-05
8.7666507420213889645e+01,7.4780109559432014375e-05
8.7770254647930116221e+01,7.3847313522456544755e-05
8.7874001875646342796e+01,7.2924027567197570259e-05
8.7977749103362569372e+01,7.2010148657101233187e-05
8.8081496331078810158e+01,7.1105574289802390151e-05
8.8185243558795036733e+01,7.0210203805946328989e-05
8.8288990786511263309e+01,6.9323938527245665951e-05
8.8392738014227489884e+01,6.8446680317102892750e-05
8.8496485241943716460e+01,6.7578331499115019227e-05
8.8600232469659957246e+01,6.6718794854379100557e-05
8.8703979697376183822e+01,6.5867973618817334306e-05
8.8807726925092410397e+01,6.5025771480519640251e-05
8.8911474152808636973e+01,6.4192092586866502735e-05
8.9015221380524863548e+01,6.3366842481146534770e-05
8.9118968608241104334e+01,6.2549928875070258416e-05
8.9222715835957330910e+01,6.1741260093140388479e-05
8.9326463063673557485e+01,6.0940744885761303964e-05
8.9430210291389784061e+01,6.0148292426768984801e-05
8.9533957519106010636e+01,5.9363812310977652064e-05
8.9637704746822251423e+01,5.8587214551743572468e-05
8.9741451974538477998e+01,5.7818409578546155886e-05
8.9845199202254704574e+01,5.7057308699441246073e-05
8.9948946429970931149e+01,5.6303825450696388304e-05
9.0052693657687157724e+01,5.5557874211902883951e-05
9.0156440885403398511e+01,5.4819369756761495978e-05
9.0260188113119625086e+01,5.4088227250817950400e-05
9.0363935340835851662e+01,5.3364362249212918623e-05
9.0467682568552078237e+01,5.2647690694448438993e-05
9.0571429796268304813e+01,5.1938128914169293560e-05
9.0675177023984545599e+01,5.1235593742917705880e-05
9.0778924251700772174e+01,5.0540003864400458774e-05
9.0882671479416998750e+01,4.9851279294515501257e-05
9.0986418707133225325e+01,4.9169340430616025712e-05
9.1090165934849451901e+01,4.8494108032709236703e-05
9.1193913162565692687e+01,4.7825503221393385290e-05
9.1297660390281919263e+01,4.7163447475809379091e-05
9.1401407617998145838e+01,4.6507862631605294344e-05
9.1505154845714372414e+01,4.5858670884090116740e-05
9.1608902073430598989e+01,4.5215795512980813133e-05
9.1712649301146839775e+01,4.4579161626287387634e-05
9.1816396528863066351e+01,4.3948694849349092910e-05
9.1920143756579292926e+01,4.3324321143281815179e-05
9.2023890984295519502e+01,4.2705966803085653523e-05
9.2127638212011760288e+01,4.2093558455764716814e-05
9.2231385439727986864e+01,4.1487023058460276647e-05
9.2335132667444213439e+01,4.0886287896595494137e-05
9.2438879895160440014e+01,4.0291280723725797562e-05
9.2542627122876666590e+01,3.9701930948559836440e-05
9.2646374350592907376e+01,3.9118169025107719613e-05
9.2750121578309133952e+01,3.8539925726025605409e-05
9.2853868806025360527e+01,3.7967132133365065092e-05
9.2957616033741587103e+01,3.7399719636846795836e-05
9.3061363261457813678e+01,3.6837619932145602617e-05
9.3165110489174054464e+01,3.6280765019186784570e-05
9.3268857716890281040e+01,3.5729087201320731872e-05
9.3372604944606507615e+01,3.5182519571988585499e-05
9.3476352172322734191e+01,3.4640996824927662383e-05
9.3580099400038960766e+01,3.4104454158150693201e-05
9.3683846627755201553e+01,3.3572827056722013986e-05
9.3787593855471428128e+01,3.3046051291170199285e-05
9.3891341083187654704e+01,3.2524062915910480231e-05
9.3995088310903881279e+01,3.2006798267678296019e-05
9.4098835538620107855e+01,3.1494193963972928470e-05
9.4202582766336348641e+01,3.0986186931525805041e-05
9.4306329994052575216e+01,3.0482715194060421639e-05
9.4410077221768801792e+01,2.9983717945563823185e-05
9.4513824449485028367e+01,2.9489134692809055720e-05
9.4617571677201254943e+01,2.8998905207890106502e-05
9.4721318904917495729e+01,2.8512969526768757996e-05
9.4825066132633722304e+01,2.8031267947831372482e-05
9.4928813360349948880e+01,2.7553741030454529851e-05
9.5032560588066175455e+01,2.7080329593580619731e-05
9.5136307815782402031e+01,2.6610974807065211829e-05
9.5240055043498642817e+01,2.6145619026651608263e-05
9.5343802271214869393e+01,2.5684205394713715425e-05
9.5447549498931095968e+01,2.5226677307296154238e-05
9.5551296726647322544e+01,2.4772978406280296375e-05
9.5655043954363549119e+01,2.4323052578051031013e-05
9.5758791182079789905e+01,2.3876843952172181485e-05
9.5862538409796016481e+01,2.3434296900070886930e-05
9.5966285637512243056e+01,2.2995356033729800365e-05
9.6070032865228469632e+01,2.2559966348383917156e-05
9.6173780092944696207e+01,2.2128073936459418232e-05
9.6277527320660936994e+01,2.1699625440520619170e-05
9.6381274548377163569e+01,2.1274567733385599190e-05
9.6485021776093390145e+01,2.0852847916376034582e-05
9.6588769003809616720e+01,2.0434413318090244370e-05
9.6692516231525843295e+01,2.0019211493183805073e-05
9.6796263459242084082e+01,1.9607190221158110632e-05
9.6900010686958310657e+01,1.9198297505156847008e-05
9.7003757914674537233e+01,1.8792481718924802461e-05
9.7107505142390763808e+01,1.8389692163033631372e-05
9.7211252370106990384e+01,1.7989878564670690929e-05
9.7314999597823231170e+01,1.7592990865441844736e-05
9.7418746825539457745e+01,1.7198979220194229314e-05
9.7522494053255684321e+01,1.6807793995881595875e-05
9.7626241280971910896e+01,1.6419385770437559986e-05
9.7729988508688137472e+01,1.6033705331655674940e-05
9.7833735736404378258e+01,1.5650703676076657461e-05
9.7937482964120604834e+01,1.5270332113879225345e-05
9.8041230191836831409e+01,1.4892542685617673231e-05
9.8144977419553057985e+01,1.4517287796438065213e-05
9.8248724647269284560e+01,1.4144520052567482592e-05
9.8352471874985525346e+01,1.3774192260206479169e-05
9.8456219102701751922e+01,1.3406257424475690745e-05
9.8559966330417978497e+01,1.3040668748368572052e-05
9.8663713558134205073e+01,1.2677379631711265708e-05
9.8767460785850431648e+01,1.2316343670128766316e-05
9.8871208013566672435e+01,1.1957514701699430826e-05
9.8974955241282899010e+01,1.1600847078162458223e-05
9.9078702468999125585e+01,1.1246295474186810258e-05
9.9182449696715352161e+01,1.0893814754496431338e-05
9.9286196924431578736e+01,1.0543359972468270086e-05
9.9389944152147819523e+01,1.0194886369147593375e-05
9.9493691379864046098e+01,9.8483493722697615288e-06
9.9597438607580272674e+01,9.5037045952875617556e-06
9.9701185835296499249e+01,9.1609078364051450480e-06
9.9804933063012725825e+01,8.8199150861881462634e-06
9.9908680290728966611e+01,8.4806826266285529139e-06
1.0001242751844519319e+02,8.1431669957006894150e-06
1.0011617474616141976e+02,7.8073249129960662078e-06
1.0021992197387764634e+02,7.4731132773209944206e-06
1.0032366920159387291e+02,7.1404891657699013318e-06
1.0042741642931011370e+02,6.8094098328043683863e-06
1.0053116365702634027e+02,6.4798327093381103027e-06
1.0063491088474256685e+02,6.1517154018271507257e-06
1.0073865811245879343e+02,5.8250255758222769777e-06
1.0084240534017502000e+02,5.5002009405231359123e-06
1.0094615256789126079e+02,5.1783421987624042034e-06
1.0104989979560748736e+02,4.8605959075720091546e-06
1.0115364702332371394e+02,4.5481039201646771290e-06
1.0125739425103994051e+02,4.2420034100315169139e-06
1.0136114147875616709e+02,3.9434268948913977311e-06
1.0146488870647240788e+02,3.6535022604934093817e-06
1.0156863593418863445e+02,3.3733527842736246782e-06
1.0167238316190486103e+02,3.1040971588635866408e-06
1.0177613038962108760e+02,2.8465498726676663566e-06
1.0187987761733732839e+02,2.6003325290082971714e-06
1.0198362484505355496e+02,2.3647731128575688508e-06
1.0208737207276978154e+02,2.1392023409531977368e-06
1.0219111930048600811e+02,1.9229536479318507419e-06
1.0229486652820223469e+02,1.7153631725466686529e-06
1.0239861375591847548e+02,1.5157697439685938159e-06
1.0250236098363470205e+02,1.3235148681710149470e-06
1.0260610821135092863e+02,1.1379427143967399447e-06
1.0270985543906715520e+02,9.5849345860776752637e-07
1.0281360266678338178e+02,7.8634839951855855944e-07
1.0291734989449962256e+02,6.2422181501231028056e-07
1.0302109712221584914e+02,4.7487010512598236037e-07
1.0312484434993207572e+02,3.4103857775415691110e-07
1.0322859157764830229e+02,2.2546150438848375827e-07
1.0333233880536452887e+02,1.3086217552123307663e-07
1.0343608603308076965e+02,5.9952955715441418914e-08
1.0353983326079699623e+02,1.5435338344019073955e-08
1.0364358048851322280e+02,0.0000000000000000000e+00
