1.0000000000000000479e-04,-8.0683491156160891400e-01
3.0129929929929927940e-02,-7.1275277036219653048e-01
6.0159859859859859954e-02,-6.9090237881985594459e-01
9.0189789789789795438e-02,-6.6962729440776413981e-01
1.2021971971971971704e-01,-6.4885787348110979256e-01
1.5024964964964962477e-01,-6.2857230835307875694e-01
1.8027957957957957413e-01,-6.0875694157681825569e-01
2.1030950950950949574e-01,-5.8940057747892404816e-01
2.4033943943943941735e-01,-5.7049305574846287392e-01
2.7036936936936933895e-01,-5.5202477344252620650e-01
3.0039929929929926056e-01,-5.3398649179680879318e-01
3.3042922922922918216e-01,-5.1636924660419614153e-01
3.6045915915915915928e-01,-4.9916430194054867142e-01
3.9048908908908908089e-01,-4.8236312383115631519e-01
4.2051901901901900249e-01,-4.6595736389356273710e-01
4.5054894894894892410e-01,-4.4993884843766684956e-01
4.8057887887887884570e-01,-4.3429957044638212160e-01
5.1060880880880876731e-01,-4.1903168373189453311e-01
5.4063873873873868892e-01,-4.0412749778003986822e-01
5.7066866866866861052e-01,-3.8957947358696976004e-01
6.0069859859859853213e-01,-3.7538021986834541055e-01
6.3072852852852845373e-01,-3.6152248962349969874e-01
6.6075845845845837534e-01,-3.4799917743591168851e-01
6.9078838838838829695e-01,-3.3480331565250576187e-01
7.2081831831831832957e-01,-3.2192807233558251578e-01
7.5084824824824825118e-01,-3.0936674835773336767e-01
7.8087817817817817279e-01,-2.9711277459781765264e-01
8.1090810810810809439e-01,-2.8515970954674790816e-01
8.4093803803803801600e-01,-2.7350123692805405895e-01
8.7096796796796793760e-01,-2.6213116326659724464e-01
9.0099789789789785921e-01,-2.5104341540575958458e-01
9.3102782782782778082e-01,-2.4023203825368513731e-01
9.6105775775775770242e-01,-2.2969119311336519407e-01
9.9108768768768762403e-01,-2.1941515496511357353e-01
1.0211176176176175456e+00,-2.0939830963149663745e-01
1.0511475475475475783e+00,-1.9963515404669412989e-01
1.0811774774774773888e+00,-1.9012029068392394260e-01
1.1112074074074074215e+00,-1.8084842963419767159e-01
1.1412373373373372321e+00,-1.7181438244385727199e-01
1.1712672672672672647e+00,-1.6301306374868104743e-01
1.2012971971971970753e+00,-1.5443948757357159329e-01
1.2313271271271271079e+00,-1.4608876482443278189e-01
1.2613570570570569185e+00,-1.3795610345809131148e-01
1.2913869869869869511e+00,-1.3003680579264861872e-01
1.3214169169169167617e+00,-1.2232626571299978768e-01
1.3514468468468467943e+00,-1.1481996801337687741e-01
1.3814767767767766049e+00,-1.0751348676511163216e-01
1.4115067067067066375e+00,-1.0040248345851755796e-01
1.4415366366366366702e+00,-9.3482705275389890720e-02
1.4715665665665664807e+00,-8.6749983455679940958e-02
1.5015964964964965134e+00,-8.0200231721848591615e-02
1.5316264264264263240e+00,-7.3829444771538257908e-02
1.5616563563563563566e+00,-6.7633696801946377453e-02
1.5916862862862861672e+00,-6.1609140007619217494e-02
1.6217162162162161998e+00,-5.5752003111093829946e-02
1.6517461461461460104e+00,-5.0058589930044090910e-02
1.6817760760760760430e+00,-4.4525277978196234341e-02
1.7118060060060058536e+00,-3.9148517049460852812e-02
1.7418359359359358862e+00,-3.3924827812779674574e-02
1.7718658658658656968e+00,-2.8850800471593811974e-02
1.8018957957957957294e+00,-2.3923093456993262118e-02
1.8319257257257255400e+00,-1.9138432173297120070e-02
1.8619556556556555726e+00,-1.4493607806732200505e-02
1.8919855855855853832e+00,-9.9854762073693960345e-03
1.9220155155155154159e+00,-5.6109568101121460454e-03
1.9520454454454454485e+00,-1.3670307055551277585e-03
1.9820753753753752591e+00,2.7492607480587853870e-03
2.0121053053053055137e+00,6.7408162251968422457e-03
2.0421352352352353243e+00,1.0610475188582723510e-02
2.0721651651651651349e+00,1.4361018881922630111e-02
2.1021950950950953896e+00,1.7995173637694775182e-02
2.1322250250250252002e+00,2.1515610922230081481e-02
2.1622549549549550107e+00,2.4924946642244653200e-02
2.1922848848848848213e+00,2.8225742337026071827e-02
2.2223148148148150760e+00,3.1420509941077499894e-02
2.2523447447447448866e+00,3.4511709847076410540e-02
2.2823746746746746972e+00,3.7501749706273478091e-02
2.3124046046046045078e+00,4.0392989496328739196e-02
2.3424345345345347624e+00,4.3187742634626422045e-02
2.3724644644644645730e+00,4.5888271711334853442e-02
2.4024943943943943836e+00,4.8496793979642821570e-02
2.4325243243243246383e+00,5.1015483635664417295e-02
2.4625542542542544489e+00,5.3446465797756824434e-02
2.4925841841841842594e+00,5.5791824286864022397e-02
2.5226141141141140700e+00,5.8053601116173705887e-02
2.5526440440440443247e+00,6.0233791444478927690e-02
2.5826739739739741353e+00,6.2334354399915033185e-02
2.6127039039039039459e+00,6.4357205387343283109e-02
2.6427338338338337564e+00,6.6304219231792721478e-02
2.6727637637637640111e+00,6.8177235873999486593e-02
2.7027936936936938217e+00,6.9978050825410684221e-02
2.7328236236236236323e+00,7.1708428182934075279e-02
2.7628535535535534429e+00,7.3370090752699124170e-02
2.7928834834834836975e+00,7.4964726957410396380e-02
2.8229134134134135081e+00,7.6493990862467775571e-02
2.8529433433433433187e+00,7.7959498178929775847e-02
2.8829732732732735734e+00,7.9362836068160524938e-02
2.9130032032032033840e+00,8.0705551564468028247e-02
2.9430331331331331945e+00,8.1989166170546301515e-02
2.9730630630630630051e+00,8.3215162102696291213e-02
3.0030929929929932598e+00,8.4384996801405903755e-02
3.0331229229229230704e+00,8.5500090709363457675e-02
3.0631528528528528810e+00,8.6561839453511771336e-02
3.0931827827827826916e+00,8.7571604079555623312e-02
3.1232127127127129462e+00,8.8530720963892389763e-02
3.1532426426426427568e+00,8.9440493793971218017e-02
3.1832725725725725674e+00,9.0302202304390344345e-02
3.2133025025025023780e+00,9.1117094720888108794e-02
3.2433324324324326327e+00,9.1886396658868677023e-02
3.2733623623623624432e+00,9.2611302744301057799e-02
3.3033922922922922538e+00,9.3292986820432396988e-02
3.3334222222222220644e+00,9.3932591841218465722e-02
3.3634521521521523191e+00,9.4531241935848553393e-02
3.3934820820820821297e+00,9.5090030526524330079e-02
3.4235120120120119402e+00,9.5610033636511021493e-02
3.4535419419419421949e+00,9.6092297681919097707e-02
3.4835718718718720055e+00,9.6537851682761757766e-02
3.5136018018018018161e+00,9.6947697785521480540e-02
3.5436317317317316267e+00,9.7322818953403320008e-02
3.5736616616616618813e+00,9.7664175560459448588e-02
3.6036915915915916919e+00,9.7972705815176044930e-02
3.6337215215215215025e+00,9.8249330063862008733e-02
3.6637514514514513131e+00,9.8494943950805616262e-02
3.6937813813813815678e+00,9.8710428307510478252e-02
3.7238113113113113783e+00,9.8896639646603709539e-02
3.7538412412412411889e+00,9.9054418844536570865e-02
3.7838711711711709995e+00,9.9184586567944044155e-02
3.8139011011011012542e+00,9.9287944210430981173e-02
3.8439310310310310648e+00,9.9365278059327460936e-02
3.8739609609609608754e+00,9.9417352733004296650e-02
3.9039908908908911300e+00,9.9444919459735978129e-02
3.9340208208208209406e+00,9.9448710102457996141e-02
3.9640507507507507512e+00,9.9429440092396195738e-02
3.9940806806806805618e+00,9.9387810542387960977e-02
4.0241106106106103724e+00,9.9324503427105095832e-02
4.0541405405405397389e+00,9.9240188213324365130e-02
4.0841704704704699935e+00,9.9135517477922957541e-02
4.1142004004004002482e+00,9.9011128241255033644e-02
4.1442303303303296147e+00,9.8867645060974729265e-02
4.1742602602602598694e+00,9.8705675526478395265e-02
4.2042901901901901240e+00,9.8525814762252722501e-02
4.2343201201201194905e+00,9.8328644216061730776e-02
4.2643500500500497452e+00,9.8114730113103593157e-02
4.2943799799799791117e+00,9.7884627573126922750e-02
4.3244099099099093664e+00,9.7638877582031588509e-02
4.3544398398398396210e+00,9.7378007967854868232e-02
4.3844697697697689875e+00,9.7102535636575101896e-02
4.4144996996996992422e+00,9.6812963918601918634e-02
4.4445296296296294969e+00,9.6509784535690132379e-02
4.4745595595595588634e+00,9.6193478291865197605e-02
4.5045894894894891181e+00,9.5864513415986438161e-02
4.5346194194194193727e+00,9.5523347514040193862e-02
4.5646493493493487392e+00,9.5170427506751600899e-02
4.5946792792792789939e+00,9.4806188793313234120e-02
4.6247092092092083604e+00,9.4431056769440788190e-02
4.6547391391391386151e+00,9.4045446614820310538e-02
4.6847690690690688697e+00,9.3649762957384474760e-02
4.7147989989989982362e+00,9.3244400853171899302e-02
4.7448289289289284909e+00,9.2829745738455662907e-02
4.7748588588588587456e+00,9.2406173375735395359e-02
4.8048887887887881121e+00,9.1974050310412447384e-02
4.8349187187187183667e+00,9.1533734076259004597e-02
4.8649486486486486214e+00,9.1085573354021592829e-02
4.8949785785785779879e+00,9.0629907959459479749e-02
4.9250085085085082426e+00,9.0167069219265441604e-02
4.9550384384384376091e+00,8.9697380392472575439e-02
4.9850683683683678638e+00,8.9221156305336835057e-02
5.0150982982982981184e+00,8.8738703650941455625e-02
5.0451282282282274849e+00,8.8250321785395810514e-02
5.0751581581581577396e+00,8.7756302243895606408e-02
5.1051880880880879943e+00,8.7256928580104489712e-02
5.1352180180180173608e+00,8.6752477620116813517e-02
5.1652479479479476154e+00,8.6243219207098806289e-02
5.1952778778778769819e+00,8.5729415252539561965e-02
5.2253078078078072366e+00,8.5211321319525759610e-02
5.2553377377377374913e+00,8.4689186896400828197e-02
5.2853676676676668578e+00,8.4163253884916008896e-02
5.3153975975975971124e+00,8.3633757780973469464e-02
5.3454275275275273671e+00,8.3100928748021815617e-02
5.3754574574574567336e+00,8.2564990362894552511e-02
5.4054873873873869883e+00,8.2026159290584654826e-02
5.4355173173173172430e+00,8.1484647270610680025e-02
5.4655472472472466094e+00,8.0940660843254574885e-02
5.4955771771771768641e+00,8.0394399410885164503e-02
5.5256071071071062306e+00,7.9846057253777608098e-02
5.5556370370370364853e+00,7.9295824396875769224e-02
5.5856669669669667400e+00,7.8743884927656965234e-02
5.6156968968968961065e+00,7.8190416743919230469e-02
5.6457268268268263611e+00,7.7635593821951939808e-02
5.6757567567567566158e+00,7.7079586000534994206e-02
5.7057866866866859823e+00,7.6522556598134686134e-02
5.7358166166166162370e+00,7.5964664342347526516e-02
5.7658465465465464916e+00,7.5406064645514969680e-02
5.7958764764764758581e+00,7.4846908371274792349e-02
5.8259064064064061128e+00,7.4287340230659609785e-02
5.8559363363363354793e+00,7.3727501541778386884e-02
5.8859662662662657340e+00,7.3167530654181939243e-02
5.9159961961961959886e+00,7.2607560825471456623e-02
5.9460261261261253551e+00,7.2047720139201298917e-02
5.9760560560560556098e+00,7.1488133979108206550e-02
6.0060859859859858645e+00,7.0928924962621153760e-02
6.0361159159159152310e+00,7.0370210322038051487e-02
6.0661458458458454857e+00,6.9812103099677183526e-02
6.0961757757757748521e+00,6.9254714080438942170e-02
6.1262057057057051068e+00,6.8698151427793091583e-02
6.1562356356356353615e+00,6.8142517916808226230e-02
6.1862655655655647280e+00,6.7587912874909630845e-02
6.2162954954954949827e+00,6.7034433703577298025e-02
6.2463254254254252373e+00,6.6482175376290142399e-02
6.2763553553553546038e+00,6.5931227657828203603e-02
6.3063852852852848585e+00,6.5381677323034265159e-02
6.3364152152152151132e+00,6.4833609499323291425e-02
6.3664451451451444797e+00,6.4287107190766829001e-02
6.3964750750750747343e+00,6.3742248476270843560e-02
6.4265050050050041008e+00,6.3199108628647998609e-02
6.4565349349349343555e+00,6.2657761516669227553e-02
6.4865648648648646102e+00,6.2118279287114393228e-02
6.5165947947947939767e+00,6.1580729588391364127e-02
6.5466247247247242314e+00,6.1045177160108127223e-02
6.5766546546546544860e+00,6.0511685544363827405e-02
6.6066845845845838525e+00,5.9980316974273237274e-02
6.6367145145145141072e+00,5.9451129890194687189e-02
6.6667444444444434737e+00,5.8924179425358581830e-02
6.6967743743743737284e+00,5.8399519652800019331e-02
6.7268043043043039830e+00,5.7877203656175595092e-02
6.7568342342342333495e+00,5.7357281796335882196e-02
6.7868641641641636042e+00,5.6839800570600118590e-02
6.8168940940940938589e+00,5.6324805374066810870e-02
6.8469240240240232254e+00,5.5812340805440896485e-02
6.8769539539539534800e+00,5.5302449946638077005e-02
6.9069838838838837347e+00,5.4795171839553888371e-02
6.9370138138138131012e+00,5.4290543932896312418e-02
6.9670437437437433559e+00,5.3788603029671332167e-02
6.9970736736736727224e+00,5.3289385176441154968e-02
7.0271036036036029770e+00,5.2792923385069932818e-02
7.0571335335335332317e+00,5.2299247916310825923e-02
7.0871634634634625982e+00,5.1808388438715609337e-02
7.1171933933933928529e+00,5.1320374120095872683e-02
7.1472233233233231076e+00,5.0835232798725954462e-02
7.1772532532532524741e+00,5.0352988744375701269e-02
7.2072831831831827287e+00,4.9873665105567878408e-02
7.2373131131131129834e+00,4.9397284646622741100e-02
7.2673430430430423499e+00,4.8923869697475627638e-02
7.2973729729729726046e+00,4.8453440278315093592e-02
7.3274029029029019711e+00,4.7986013732803423082e-02
7.3574328328328322257e+00,4.7521606980577939250e-02
7.3874627627627624804e+00,4.7060236666163650365e-02
7.4174926926926918469e+00,4.6601918875344497395e-02
7.4475226226226221016e+00,4.6146666818667678167e-02
7.4775525525525523562e+00,4.5694492105635350909e-02
7.5075824824824817227e+00,4.5245406147081994319e-02
7.5376124124124119774e+00,4.4799420171998512175e-02
7.5676423423423413439e+00,4.4356544626102674400e-02
7.5976722722722715986e+00,4.3916787054705967719e-02
7.6277022022022018533e+00,4.3480154111725267951e-02
7.6577321321321312197e+00,4.3046652346652940213e-02
7.6877620620620614744e+00,4.2616288206232554037e-02
7.7177919919919917291e+00,4.2189067201331267865e-02
7.7478219219219210956e+00,4.1764992178834690895e-02
7.7778518518518513503e+00,4.1344065445739368314e-02
7.8078817817817816049e+00,4.0926289273550124637e-02
7.8379117117117109714e+00,4.0511665897911053325e-02
7.8679416416416412261e+00,4.0100196657065656503e-02
7.8979715715715705926e+00,3.9691880451709085631e-02
7.9280015015015008473e+00,3.9286715779229999801e-02
7.9580314314314311019e+00,3.8884701159697679373e-02
7.9880613613613604684e+00,3.8485835135333039403e-02
8.0180912912912898349e+00,3.8090115583633864238e-02
8.0481212212212209778e+00,3.7697538099435275172e-02
8.0781511511511503443e+00,3.7308097855894645223e-02
8.1081810810810797108e+00,3.6921790097677147091e-02
8.1382110110110108536e+00,3.6538610139636516771e-02
8.1682409409409402201e+00,3.6158552973406060671e-02
8.1982708708708695866e+00,3.5781611515929130640e-02
8.2283008008008007295e+00,3.5407778055864730371e-02
8.2583307307307300960e+00,3.5037044993401919579e-02
8.2883606606606594625e+00,3.4669404838870460095e-02
8.3183905905905906053e+00,3.4304850080844974392e-02
8.3484205205205199718e+00,3.3943371612148338923e-02
8.3784504504504493383e+00,3.3584959258667071436e-02
8.4084803803803804811e+00,3.3229602966623632276e-02
8.4385103103103098476e+00,3.2877292825353059136e-02
8.4685402402402392141e+00,3.2528019055439241769e-02
8.4985701701701703570e+00,3.2181771081559125414e-02
8.5286001001000997235e+00,3.1838536763486732784e-02
8.5586300300300290900e+00,3.1498303947631693667e-02
8.5886599599599584565e+00,3.1161060650381971343e-02
8.6186898898898895993e+00,3.0826795055142554303e-02
8.6487198198198189658e+00,3.0495495282676560178e-02
8.6787497497497483323e+00,3.0167147957745735209e-02
8.7087796796796794752e+00,2.9841739151714494205e-02
8.7388096096096088417e+00,2.9519255124014875946e-02
8.7688395395395382081e+00,2.9199682322303691789e-02
8.7988694694694693510e+00,2.8883007374441375947e-02
8.8288993993993987175e+00,2.8569216360599499621e-02
8.8589293293293280840e+00,2.8258294049127531677e-02
8.8889592592592592268e+00,2.7950225229423350526e-02
8.9189891891891885933e+00,2.7644994895739165991e-02
8.9490191191191179598e+00,2.7342588243744334747e-02
8.9790490490490491027e+00,2.7042990606730644282e-02
9.0090789789789784692e+00,2.6746186387413373869e-02
9.0391089089089078357e+00,2.6452159200466150019e-02
9.0691388388388389785e+00,2.6160892843204004710e-02
9.0991687687687683450e+00,2.5872371326836517830e-02
9.1291986986986977115e+00,2.5586578872949711227e-02
9.1592286286286288544e+00,2.5303499765346886691e-02
9.1892585585585582209e+00,2.5023117253638336999e-02
9.2192884884884875873e+00,2.4745414176080716279e-02
9.2493184184184169538e+00,2.4470373588814861576e-02
9.2793483483483480967e+00,2.4197978767317242926e-02
9.3093782782782774632e+00,2.3928213202862338299e-02
9.3394082082082068297e+00,2.3661060411742932535e-02
9.3694381381381379725e+00,2.3396502940325102082e-02
9.3994680680680673390e+00,2.3134523098884494929e-02
9.4294979979979967055e+00,2.2875103422001115405e-02
9.4595279279279278484e+00,2.2618226666035717853e-02
9.4895578578578572149e+00,2.2363875805620731657e-02
9.5195877877877865814e+00,2.2112033872778002336e-02
9.5496177177177177242e+00,2.1862683058337082503e-02
9.5796476476476470907e+00,2.1615805343385238735e-02
9.6096775775775764572e+00,2.1371382932901566293e-02
9.6397075075075076001e+00,2.1129398253607611230e-02
9.6697374374374369665e+00,2.0889833950524336337e-02
9.6997673673673663330e+00,2.0652672801257689061e-02
9.7297972972972974759e+00,2.0417896930284205187e-02
9.7598272272272268424e+00,2.0185488164449909981e-02
9.7898571571571562089e+00,1.9955428546577818477e-02
9.8198870870870855754e+00,1.9727700339148373371e-02
9.8499170170170167182e+00,1.9502286020951036666e-02
9.8799469469469460847e+00,1.9279168265294063800e-02
9.9099768768768754512e+00,1.9058329378884821675e-02
9.9400068068068065941e+00,1.8839751207685731527e-02
9.9700367367367359606e+00,1.8623415778008890753e-02
1.0000066666666665327e+01,1.8409305332064373334e-02
1.0030096596596596470e+01,1.8197402324728269990e-02
1.0060126526526525836e+01,1.7987689420321976291e-02
1.0090156456456455203e+01,1.7780149258773469967e-02
1.0120186386386386346e+01,1.7574763921979725395e-02
1.0150216316316315712e+01,1.7371515545946691200e-02
1.0180246246246245079e+01,1.7170386477462797753e-02
1.0210276176176176222e+01,1.6971359270999283875e-02
1.0240306106106105588e+01,1.6774416685665052840e-02
1.0270336036036034955e+01,1.6579541652284954939e-02
1.0300365965965966097e+01,1.6386716779430425539e-02
1.0330395895895895464e+01,1.6195924435831003663e-02
1.0360425825825824830e+01,1.6007147180593150892e-02
1.0390455755755754197e+01,1.5820367774450241893e-02
1.0420485685685685340e+01,1.5635569176857263413e-02
1.0450515615615614706e+01,1.5452734543135688422e-02
1.0480545545545544073e+01,1.5271847102303611615e-02
1.0510575475475475216e+01,1.5092889697272021329e-02
1.0540605405405404582e+01,1.4915845191901153446e-02
1.0570635335335333949e+01,1.4740696644739679361e-02
1.0600665265265265091e+01,1.4567427306305573767e-02
1.0630695195195194458e+01,1.4396020616374754011e-02
1.0660725125125123824e+01,1.4226460200578643772e-02
1.0690755055055054967e+01,1.4058729666350402651e-02
1.0720784984984984334e+01,1.3892812329781791328e-02
1.0750814914914913700e+01,1.3728691625200151530e-02
1.0780844844844844843e+01,1.3566351171506882411e-02
1.0810874774774774210e+01,1.3405774769613897426e-02
1.0840904704704703576e+01,1.3246946399922741519e-02
1.0870934634634634719e+01,1.3089850217147298503e-02
1.0900964564564564085e+01,1.2934470332981359494e-02
1.0930994494494493452e+01,1.2780790660412610221e-02
1.0961024424424422818e+01,1.2628795251973266855e-02
1.0991054354354353961e+01,1.2478468334483218405e-02
1.1021084284284283328e+01,1.2329794306675584056e-02
1.1051114214214212694e+01,1.2182757736860920159e-02
1.1081144144144143837e+01,1.2037343358805758370e-02
1.1111174074074073204e+01,1.1893535897125141754e-02
1.1141204004004002570e+01,1.1751319925910152023e-02
1.1171233933933933713e+01,1.1610680151907746757e-02
1.1201263863863863079e+01,1.1471601445866149230e-02
1.1231293793793792446e+01,1.1334068840342294976e-02
1.1261323723723723589e+01,1.1198067527544429065e-02
1.1291353653653652955e+01,1.1063582857088465061e-02
1.1321383583583582322e+01,1.0930600234316750416e-02
1.1351413513513513465e+01,1.0799104939383094223e-02
1.1381443443443442831e+01,1.0669082359137620555e-02
1.1411473373373372198e+01,1.0540518034251704360e-02
1.1441503303303303340e+01,1.0413397657199376101e-02
1.1471533233233232707e+01,1.0287707070270407650e-02
1.1501563163163162073e+01,1.0163432263614460144e-02
1.1531593093093093216e+01,1.0040559341392526344e-02
1.1561623023023022583e+01,9.9190743342363729002e-03
1.1591652952952951949e+01,9.7989633265327304862e-03
1.1621682882882881316e+01,9.6802125461899722614e-03
1.1651712812812812459e+01,9.5628083630955630634e-03
1.1681742742742741825e+01,9.4467372872911979653e-03
1.1711772672672671192e+01,9.3319859671759097797e-03
1.1741802602602602335e+01,9.2185411851686827056e-03
1.1771832532532531701e+01,9.1063897513934521227e-03
1.1801862462462461068e+01,8.9955184668187738312e-03
1.1831892392392392210e+01,8.8859142563831039485e-03
1.1861922322322321577e+01,8.7775641774294772129e-03
1.1891952252252250943e+01,8.6704554180337244790e-03
1.1921982182182182086e+01,8.5645752953579963596e-03
1.1952012112112111453e+01,8.4599112540290968831e-03
1.1982042042042040819e+01,8.3564508475048437236e-03
1.2012071971971971962e+01,8.2541816309398031992e-03
1.2042101901901901329e+01,8.1530912298222475015e-03
1.2072131831831830695e+01,8.0531673925380558438e-03
1.2102161761761761838e+01,7.9543979890762152307e-03
1.2132191691691691204e+01,7.8567710095238559032e-03
1.2162221621621620571e+01,7.7602745625835432841e-03
1.2192251551551549937e+01,7.6648968741014292944e-03
1.2222281481481481080e+01,7.5706262578060807417e-03
1.2252311411411410447e+01,7.4774510543286253419e-03
1.2282341341341339813e+01,7.3853597011087944793e-03
1.2312371271271270956e+01,7.2943407483908725628e-03
1.2342401201201200323e+01,7.2043828578514032546e-03
1.2372431131131129689e+01,7.1154748012468294061e-03
1.2402461061061060832e+01,7.0276054590808446562e-03
1.2432490990990990198e+01,6.9407638191822012066e-03
1.2462520920920919565e+01,6.8549389529559447143e-03
1.2492550850850850708e+01,6.7701199868865757220e-03
1.2522580780780780074e+01,6.6862961450446086950e-03
1.2552610710710709441e+01,6.6034567546186685033e-03
1.2582640640640640584e+01,6.5215912446849842732e-03
1.2612670570570569950e+01,6.4406891449944655287e-03
1.2642700500500499317e+01,6.3607400847770188823e-03
1.2672730430430430459e+01,6.2817337915350400512e-03
1.2702760360360359826e+01,6.2036600810824304303e-03
1.2732790290290289192e+01,6.1265088439828550848e-03
1.2762820220220218559e+01,6.0502700627892303659e-03
1.2792850150150149702e+01,5.9749338141142742387e-03
1.2822880080080079068e+01,5.9004902675291138678e-03
1.2852910010010008435e+01,5.8269296844773313740e-03
1.2882939939939939578e+01,5.7542424172041788805e-03
1.2912969869869868944e+01,5.6824189077007928456e-03
1.2942999799799798311e+01,5.6114496876071050593e-03
1.2973029729729729453e+01,5.5413253801796687192e-03
1.3003059659659658820e+01,5.4720366963270502744e-03
1.3033089589589588186e+01,5.4035744325709005043e-03
1.3063119519519519329e+01,5.3359294700619083404e-03
1.3093149449449448696e+01,5.2690927736093011446e-03
1.3123179379379378062e+01,5.2030553907236416419e-03
1.3153209309309309205e+01,5.1378084506727636493e-03
1.3183239239239238572e+01,5.0733431652488095512e-03
1.3213269169169167938e+01,5.0096508479392891366e-03
1.3243299099099099081e+01,4.9467229061221614297e-03
1.3273329029029028447e+01,4.8845508252397060872e-03
1.3303358958958957814e+01,4.8231261676144913594e-03
1.3333388888888887180e+01,4.7624405715836308495e-03
1.3363418818818818323e+01,4.7024857506446863381e-03
1.3393448748748747690e+01,4.6432534926130891728e-03
1.3423478678678677056e+01,4.5847356588161799346e-03
1.3453508608608608199e+01,4.5269241991577734846e-03
1.3483538538538537566e+01,4.4698111782562506555e-03
1.3513568468468466932e+01,4.4133887384597272549e-03
1.3543598398398398075e+01,4.3576490918067235791e-03
1.3573628328328327441e+01,4.3025845192552784543e-03
1.3603658258258256808e+01,4.2481873699222330934e-03
1.3633688188188187951e+01,4.1944500603325902272e-03
1.3663718118118117317e+01,4.1413650736787941189e-03
1.3693748048048046684e+01,4.0889249605187095657e-03
1.3723777977977977827e+01,4.0371223766102193320e-03
1.3753807907907907193e+01,3.9859500862174882668e-03
1.3783837837837836560e+01,3.9354009189725407819e-03
1.3813867767767767702e+01,3.8854677668579726095e-03
1.3843897697697697069e+01,3.8361435835307165602e-03
1.3873927627627626435e+01,3.7874213836545547567e-03
1.3903957557557555802e+01,3.7392942422413170608e-03
1.3933987487487486945e+01,3.6917552940005740093e-03
1.3964017417417416311e+01,3.6447977368695523223e-03
1.3994047347347345678e+01,3.5984148850542988125e-03
1.4024077277277276821e+01,3.5526001523423270632e-03
1.4054107207207206187e+01,3.5073470097825199150e-03
1.4084137137137135554e+01,3.4626489841073780813e-03
1.4114167067067066696e+01,3.4184996571406506792e-03
1.4144196996996996063e+01,3.3748926652125135414e-03
1.4174226926926925429e+01,3.3318216985821565330e-03
1.4204256856856856572e+01,3.2892805008677278300e-03
1.4234286786786785939e+01,3.2472628728970592132e-03
1.4264316716716715305e+01,3.2057627319278872435e-03
1.4294346646646646448e+01,3.1647740948302035581e-03
1.4324376576576575815e+01,3.1242910298440399602e-03
1.4354406506506505181e+01,3.0843076548472303684e-03
1.4384436436436436324e+01,3.0448181368372914148e-03
1.4414466366366365691e+01,3.0058166914197570821e-03
1.4444496296296295057e+01,2.9672975823028971236e-03
1.4474526226226226200e+01,2.9292551207987329621e-03
1.4504556156156155566e+01,2.8916836669037829927e-03
1.4534586086086084933e+01,2.8545776818176622942e-03
1.4564616016016014299e+01,2.8179317396759733308e-03
1.4594645945945945442e+01,2.7817404634206568774e-03
1.4624675875875874809e+01,2.7459985201581057525e-03
1.4654705805805804175e+01,2.7107006207066517908e-03
1.4684735735735735318e+01,2.6758415191496212789e-03
1.4714765665665664685e+01,2.6414160123938660446e-03
1.4744795595595594051e+01,2.6074189397336665526e-03
1.4774825525525525194e+01,2.5738451824234903284e-03
1.4804855455455454560e+01,2.5406896893364005162e-03
1.4834885385385383927e+01,2.5079475388615651323e-03
1.4864915315315315070e+01,2.4756138679579856379e-03
1.4894945245245244436e+01,2.4436838528024747846e-03
1.4924975175175173803e+01,2.4121527083951098056e-03
1.4955005105105104946e+01,2.3810156881694430862e-03
1.4985035035035034312e+01,2.3502680836074082982e-03
1.5015064964964963679e+01,2.3199052238588270189e-03
1.5045094894894894821e+01,2.2899224753654902516e-03
1.5075124824824824188e+01,2.2603152444616333820e-03
1.5105154754754753554e+01,2.2310790401010123160e-03
1.5135184684684682921e+01,2.2022094716800133009e-03
1.5165214614614614064e+01,2.1737021860947611414e-03
1.5195244544544543430e+01,2.1455528646530477345e-03
1.5225274474474472797e+01,2.1177572227349572738e-03
1.5255304404404403940e+01,2.0903110094575229512e-03
1.5285334334334333306e+01,2.0632100073433167105e-03
1.5315364264264262673e+01,2.0364500319929482001e-03
1.5345394194194193815e+01,2.0100269317614083073e-03
1.5375424124124123182e+01,1.9839365980819992363e-03
1.5405454054054052548e+01,1.9581750397385279394e-03
1.5435483983983983691e+01,1.9327383375680880998e-03
1.5465513913913913058e+01,1.9076226031095335454e-03
1.5495543843843842424e+01,1.8828239780446299253e-03
1.5525573773773773567e+01,1.8583386339065415850e-03
1.5555603703703702934e+01,1.8341627717916974671e-03
1.5585633633633632300e+01,1.8102926220749766210e-03
1.5615663563563563443e+01,1.7867244441281855682e-03
1.5645693493493492809e+01,1.7634545260417889244e-03
1.5675723423423422176e+01,1.7404791984279976286e-03
1.5705753353353351542e+01,1.7177949077922380003e-03
1.5735783283283282685e+01,1.6953981615695395187e-03
1.5765813213213212052e+01,1.6732854938763669361e-03
1.5795843143143141418e+01,1.6514534651855435066e-03
1.5825873073073072561e+01,1.6298986620761945002e-03
1.5855903003003001928e+01,1.6086176969865358805e-03
1.5885932932932931294e+01,1.5876072079694519834e-03
1.5915962862862862437e+01,1.5668638584508539583e-03
1.5945992792792791803e+01,1.5463843369907671454e-03
1.5976022722722721170e+01,1.5261653659973083152e-03
1.6006052652652652313e+01,1.5062037730996563536e-03
1.6036082582582579903e+01,1.4864964523714227843e-03
1.6066112512512511046e+01,1.4670403214988988680e-03
1.6096142442442442189e+01,1.4478323211705790893e-03
1.6126172372372369779e+01,1.4288694148629865581e-03
1.6156202302302300922e+01,1.4101485886288791030e-03
1.6186232232232232064e+01,1.3916668508878390909e-03
1.6216262162162159655e+01,1.3734212322191667426e-03
1.6246292092092090797e+01,1.3554087851570723912e-03
1.6276322022022021940e+01,1.3376265856798975548e-03
1.6306351951951949530e+01,1.3200717869416074991e-03
1.6336381881881880673e+01,1.3027416298689185794e-03
1.6366411811811811816e+01,1.2856333796024124391e-03
1.6396441741741739406e+01,1.2687443213181466041e-03
1.6426471671671670549e+01,1.2520717600445123528e-03
1.6456501601601601692e+01,1.2356130204811133222e-03
1.6486531531531529282e+01,1.2193654468196060865e-03
1.6516561461461460425e+01,1.2033264025664936001e-03
1.6546591391391391568e+01,1.1874932703678658680e-03
1.6576621321321319158e+01,1.1718634518360349344e-03
1.6606651251251250301e+01,1.1564343832530434714e-03
1.6636681181181181444e+01,1.1412036003392871022e-03
1.6666711111111109034e+01,1.1261686822968649310e-03
1.6696741041041040177e+01,1.1113272257544457976e-03
1.6726770970970971320e+01,1.0966768446000019037e-03
1.6756800900900898910e+01,1.0822151698261478058e-03
1.6786830830830830052e+01,1.0679398493771447443e-03
1.6816860760760761195e+01,1.0538485479975572955e-03
1.6846890690690688785e+01,1.0399389470825133423e-03
1.6876920620620619928e+01,1.0262087445295643272e-03
1.6906950550550551071e+01,1.0126556547586816268e-03
1.6936980480480478661e+01,9.9927744162022586957e-04
1.6967010410410409804e+01,9.8607195781576424155e-04
1.6997040340340340947e+01,9.7303708093657542266e-04
1.7027070270270268537e+01,9.6017070354675307289e-04
1.7057100200200199680e+01,9.4747073305139709737e-04
1.7087130130130130823e+01,9.3493509156620938690e-04
1.7117160060060058413e+01,9.2256171578845240066e-04
1.7147189989989989556e+01,9.1034855686925823109e-04
1.7177219919919917146e+01,8.9829358028729671629e-04
1.7207249849849848289e+01,8.8639476572374080020e-04
1.7237279779779779432e+01,8.7465010735038144218e-04
1.7267309709709707022e+01,8.6305765007419898028e-04
1.7297339639639638165e+01,8.5161551761472290435e-04
1.7327369569569569308e+01,8.4032185339841020035e-04
1.7357399499499496898e+01,8.2917481369990358574e-04
1.7387429429429428041e+01,8.1817256753107664435e-04
1.7417459359359359183e+01,8.0731329653123905764e-04
1.7447489289289286774e+01,7.9659519485846203360e-04
1.7477519219219217916e+01,7.8601646908202816178e-04
1.7507549149149149059e+01,7.7557533807599441864e-04
1.7537579079079076649e+01,7.6527003291384165188e-04
1.7567609009009007792e+01,7.5509879682001377916e-04
1.7597638938938938935e+01,7.4505991052469975559e-04
1.7627668868868866525e+01,7.3515173221933667255e-04
1.7657698798798797668e+01,7.2537264171161316192e-04
1.7687728728728728811e+01,7.1572102981216402257e-04
1.7717758658658656401e+01,7.0619529824132102735e-04
1.7747788588588587544e+01,6.9679385953681023842e-04
1.7777818518518518687e+01,6.8751513696239810805e-04
1.7807848448448446277e+01,6.7835756441744830911e-04
1.7837878378378377420e+01,6.6931958634739515020e-04
1.7867908308308308563e+01,6.6039965765512663627e-04
1.7897938238238236153e+01,6.5159624361325212995e-04
1.7927968168168167296e+01,6.4290782778628338331e-04
1.7957998098098098438e+01,6.3433296326447635976e-04
1.7988028028028026029e+01,6.2587023948471986589e-04
1.8018057957957957171e+01,6.1751825541571034317e-04
1.8048087887887888314e+01,6.0927561935076354326e-04
1.8078117817817815904e+01,6.0114094883036476268e-04
1.8108147747747747047e+01,5.9311287056548951148e-04
1.8138177677677678190e+01,5.8519002036169526660e-04
1.8168207607607605780e+01,5.7737104304395752991e-04
1.8198237537537536923e+01,5.6965459238224932376e-04
1.8228267467467468066e+01,5.6203933101786542493e-04
1.8258297397397395656e+01,5.5452393056228859239e-04
1.8288327327327326799e+01,5.4710709743594594049e-04
1.8318357257257257942e+01,5.3978760026547438489e-04
1.8348387187187185532e+01,5.3256422236376739238e-04
1.8378417117117116675e+01,5.2543575499587548330e-04
1.8408447047047044265e+01,5.1840099731415055853e-04
1.8438476976976975408e+01,5.1145875629401071558e-04
1.8468506906906906551e+01,5.0460784667034355114e-04
1.8498536836836834141e+01,4.9784709087452214647e-04
1.8528566766766765284e+01,4.9117531897203189212e-04
1.8558596696696696426e+01,4.8459136860071205539e-04
1.8588626626626624017e+01,4.7809408490958644903e-04
1.8618656556556555159e+01,4.7168232157267518711e-04
1.8648686486486486302e+01,4.6535497419937450802e-04
1.8678716416416413892e+01,4.5911098657291113476e-04
1.8708746346346345035e+01,4.5294931165271672515e-04
1.8738776276276276178e+01,4.4686890910998727355e-04
1.8768806206206203768e+01,4.4086874527398794412e-04
1.8798836136136134911e+01,4.3494779307887121954e-04
1.8828866066066066054e+01,4.2910503201101172620e-04
1.8858895995995993644e+01,4.2333944805683583522e-04
1.8888925925925924787e+01,4.1765003365115059260e-04
1.8918955855855855930e+01,4.1203578762597132829e-04
1.8948985785785783520e+01,4.0649571515982734415e-04
1.8979015715715714663e+01,4.0102882855049172160e-04
1.9009045645645645806e+01,3.9563417657216960570e-04
1.9039075575575573396e+01,3.9031085225692480414e-04
1.9069105505505504539e+01,3.8505795680869993412e-04
1.9099135435435435681e+01,3.7987459708421566313e-04
1.9129165365365363272e+01,3.7475988554859870515e-04
1.9159195295295294414e+01,3.6971294023142620448e-04
1.9189225225225225557e+01,3.6473288468319024812e-04
1.9219255155155153147e+01,3.5981884793216418333e-04
1.9249285085085084290e+01,3.5496996444167166216e-04
1.9279315015015015433e+01,3.5018537406776253278e-04
1.9309344944944943023e+01,3.4546422201727655004e-04
1.9339374874874874166e+01,3.4080565884449926222e-04
1.9369404804804805309e+01,3.3620885674601820895e-04
1.9399434734734732899e+01,3.3167303480124900750e-04
1.9429464664664664042e+01,3.2719742347823321154e-04
1.9459494594594595185e+01,3.2278125799518685808e-04
1.9489524524524522775e+01,3.1842377828390289792e-04
1.9519554454454453918e+01,3.1412422895349173448e-04
1.9549584384384381508e+01,3.0988185925446063004e-04
1.9579614314314312651e+01,3.0569592304311631265e-04
1.9609644244244243794e+01,3.0156567874630260152e-04
1.9639674174174171384e+01,2.9749038932645548682e-04
1.9669704104104102527e+01,2.9346932224697978376e-04
1.9699734034034033670e+01,2.8950174943794524697e-04
1.9729763963963961260e+01,2.8558695001394424767e-04
1.9759793893893892403e+01,2.8172424052704095375e-04
1.9789823823823823545e+01,2.7791296351138998141e-04
1.9819853753753751135e+01,2.7415246587412822913e-04
1.9849883683683682278e+01,2.7044209847452174668e-04
1.9879913613613613421e+01,2.6678121609411878769e-04
1.9909943543543541011e+01,2.6316917740716865449e-04
1.9939973473473472154e+01,2.5960534495130817810e-04
1.9970003403403403297e+01,2.5608908509851621314e-04
2.0000033333333330887e+01,2.5261976802632633539e-04
2.0030063263263262030e+01,2.4919676768929850110e-04
2.0060093193193193173e+01,2.4581946179074999322e-04
2.0090123123123120763e+01,2.4248723175473722489e-04
2.0120153053053051906e+01,2.3919946941657318292e-04
2.0150182982982983049e+01,2.3595560439955859952e-04
2.0180212912912910639e+01,2.3275508055352794922e-04
2.0210242842842841782e+01,2.2959734503823090107e-04
2.0240272772772772925e+01,2.2648184829435300414e-04
2.0270302702702700515e+01,2.2340804401921158812e-04
2.0300332632632631658e+01,2.2037538914266717634e-04
2.0330362562562562800e+01,2.1738334380325184756e-04
2.0360392492492490391e+01,2.1443137132450535809e-04
2.0390422422422421533e+01,2.1151893819152070455e-04
2.0420452352352352676e+01,2.0864551402769947988e-04
2.0450482282282280266e+01,2.0581057157170918898e-04
2.0480512212212211409e+01,2.0301358665464287658e-04
2.0510542142142142552e+01,2.0025404443286358154e-04
2.0540572072072070142e+01,1.9753146344033209328e-04
2.0570602002002001285e+01,1.9484537422386426740e-04
2.0600631931931932428e+01,1.9219531006967779095e-04
2.0630661861861860018e+01,1.8958080698137951730e-04
2.0660691791791791161e+01,1.8700140366021561229e-04
2.0690721721721722304e+01,1.8445664148549715134e-04
2.0720751651651649894e+01,1.8194606449519300901e-04
2.0750781581581581037e+01,1.7946921936669145035e-04
2.0780811511511508627e+01,1.7702565539773115603e-04
2.0810841441441439770e+01,1.7461492448749319720e-04
2.0840871371371370913e+01,1.7223658111786065519e-04
2.0870901301301298503e+01,1.6989018233483761883e-04
2.0900931231231229646e+01,1.6757529002766810827e-04
2.0930961161161160788e+01,1.6529149241004909639e-04
2.0960991091091088379e+01,1.6303839413923229876e-04
2.0991021021021019521e+01,1.6081560231878515039e-04
2.1021050950950950664e+01,1.5862272629738754810e-04
2.1051080880880878254e+01,1.5645937765281764235e-04
2.1081110810810809397e+01,1.5432517017607448248e-04
2.1111140740740740540e+01,1.5221971985563803034e-04
2.1141170670670668130e+01,1.5014264486186179896e-04
2.1171200600600599273e+01,1.4809356553149743865e-04
2.1201230530530530416e+01,1.4607210435235384546e-04
2.1231260460460458006e+01,1.4407788594808388022e-04
2.1261290390390389149e+01,1.4211053706309994507e-04
2.1291320320320320292e+01,1.4016968659852217013e-04
2.1321350250250247882e+01,1.3825497566931799643e-04
2.1351380180180179025e+01,1.3636606965172491418e-04
2.1381410110110110168e+01,1.3450263875945805427e-04
2.1411440040040037758e+01,1.3266435505635747281e-04
2.1441469969969968901e+01,1.3085089244343114912e-04
2.1471499899899900043e+01,1.2906192664600943973e-04
2.1501529829829827634e+01,1.2729713520100448309e-04
2.1531559759759758776e+01,1.2555619744427680483e-04
2.1561589689689689919e+01,1.2383879449810893374e-04
2.1591619619619617509e+01,1.2214460925878198989e-04
2.1621649549549548652e+01,1.2047332638425552935e-04
2.1651679479479479795e+01,1.1882463228195224499e-04
2.1681709409409407385e+01,1.1719821509664166831e-04
2.1711739339339338528e+01,1.1559376516625631331e-04
2.1741769269269269671e+01,1.1401098832930596971e-04
2.1771799199199197261e+01,1.1244960775435982540e-04
2.1801829129129128404e+01,1.1090934898996240832e-04
2.1831859059059059547e+01,1.0938993909470116450e-04
2.1861888988988987137e+01,1.0789110662683481742e-04
2.1891918918918918280e+01,1.0641258163400705412e-04
2.1921948848848845870e+01,1.0495409564304631050e-04
2.1951978778778777013e+01,1.0351538164984733258e-04
2.1982008708708708156e+01,1.0209617410933744105e-04
2.2012038638638635746e+01,1.0069620892552366372e-04
2.2042068568568566889e+01,9.9315223441621345831e-05
2.2072098498498498031e+01,9.7952956430264495570e-05
2.2102128428428425622e+01,9.6609148083794598805e-05
2.2132158358358356764e+01,9.5283540352565036097e-05
2.2162188288288287907e+01,9.3975888145995259220e-05
2.2192218218218215497e+01,9.2685961660179993007e-05
2.2222248148148146640e+01,9.1413533167786003783e-05
2.2252278078078077783e+01,9.0158376170772347035e-05
2.2282308008008005373e+01,8.8920265392106127692e-05
2.2312337937937936516e+01,8.7698976767545765544e-05
2.2342367867867867659e+01,8.6494287437491020401e-05
2.2372397797797795249e+01,8.5305975738897974522e-05
2.2402427727727726392e+01,8.4133821197258755464e-05
2.2432457657657657535e+01,8.2977604518647070007e-05
2.2462487587587585125e+01,8.1837107581826066139e-05
2.2492517517517516268e+01,8.0712113430419932594e-05
2.2522547447447447411e+01,7.9602406265148626047e-05
2.2552577377377375001e+01,7.8507771445139498245e-05
2.2582607307307306144e+01,7.7428001016898904355e-05
2.2612637237237237287e+01,7.6362903088838003239e-05
2.2642667167167164877e+01,7.5312289283988934616e-05
2.2672697097097096020e+01,7.4275972223402766449e-05
2.2702727027027027162e+01,7.3253765519549549740e-05
2.2732756956956954753e+01,7.2245483769769710310e-05
2.2762786886886885895e+01,7.1250942549777129906e-05
2.2792816816816817038e+01,7.0269958407214784014e-05
2.2822846746746744628e+01,6.9302348855260185209e-05
2.2852876676676675771e+01,6.8347932366281065721e-05
2.2882906606606606914e+01,6.7406528365542383425e-05
2.2912936536536534504e+01,6.6477957224961466403e-05
2.2942966466466465647e+01,6.5562040256912366737e-05
2.2972996396396396790e+01,6.4658599708079816546e-05
2.3003026326326324380e+01,6.3767459334714701670e-05
2.3033056256256255523e+01,6.2888453996819845501e-05
2.3063086186186186666e+01,6.2021428087392595956e-05
2.3093116116116114256e+01,6.1166227086223472686e-05
2.3123146046046045399e+01,6.0322697275801506300e-05
2.3153175975975972989e+01,5.9490685736109634256e-05
2.3183205905905904132e+01,5.8670040339458579156e-05
2.3213235835835835275e+01,5.7860609745362651774e-05
2.3243265765765762865e+01,5.7062243395454185580e-05
2.3273295695695694008e+01,5.6274791508437348110e-05
2.3303325625625625150e+01,5.5498105075081783234e-05
2.3333355555555552741e+01,5.4732035853254153049e-05
2.3363385485485483883e+01,5.3976436362987891134e-05
2.3393415415415415026e+01,5.3231159881591953199e-05
2.3423445345345342616e+01,5.2496060438796010475e-05
2.3453475275275273759e+01,5.1770993800728126342e-05
2.3483505205205204902e+01,5.1055826440746192156e-05
2.3513535135135132492e+01,5.0350431287402625696e-05
2.3543565065065063635e+01,4.9654681988279227218e-05
2.3573594994994994778e+01,4.8968452834789268134e-05
2.3603624924924922368e+01,4.8291618758081625924e-05
2.3633654854854853511e+01,4.7624055324976272824e-05
2.3663684784784784654e+01,4.6965638733931219925e-05
2.3693714714714712244e+01,4.6316245811039547886e-05
2.3723744644644643387e+01,4.5675754006056876622e-05
2.3753774574574574530e+01,4.5044041388459463702e-05
2.3783804504504502120e+01,4.4420986643531786269e-05
2.3813834434434433263e+01,4.3806469068483470963e-05
2.3843864364364364405e+01,4.3200368568596263013e-05
2.3873894294294291996e+01,4.2602565653399597945e-05
2.3903924224224223138e+01,4.2012941858351670005e-05
2.3933954154154154281e+01,4.1431386689808446101e-05
2.3963984084084081871e+01,4.0857796448753213236e-05
2.3994014014014013014e+01,4.0292068152263339688e-05
2.4024043943943944157e+01,3.9734099332328857296e-05
2.4054073873873871747e+01,3.9183788032638100171e-05
2.4084103803803802890e+01,3.8641032805387399149e-05
2.4114133733733734033e+01,3.8105732708115143685e-05
2.4144163663663661623e+01,3.7577787300558923697e-05
2.4174193593593592766e+01,3.7057096641536137617e-05
2.4204223523523523909e+01,3.6543561285848378346e-05
2.4234253453453451499e+01,3.6037082281208160557e-05
2.4264283383383382642e+01,3.5537561165188626296e-05
2.4294313313313310232e+01,3.5044899962196384758e-05
2.4324343243243241375e+01,3.4559001180465900578e-05
2.4354373173173172518e+01,3.4079767813162235857e-05
2.4384403103103100108e+01,3.3607106179510278204e-05
2.4414433033033031251e+01,3.3140930878470488874e-05
2.4444462962962962393e+01,3.2681158258625755497e-05
2.4474492892892889984e+01,3.2227705079116370564e-05
2.4504522822822821126e+01,3.1780488507124235150e-05
2.4534552752752752269e+01,3.1339426115375995522e-05
2.4564582682682679859e+01,3.0904435879663994544e-05
2.4594612612612611002e+01,3.0475436176385424123e-05
2.4624642542542542145e+01,3.0052345780099956531e-05
2.4654672472472469735e+01,2.9635083861104661966e-05
2.4684702402402400878e+01,2.9223569983026795132e-05
2.4714732332332332021e+01,2.8817724100434433874e-05
2.4744762262262259611e+01,2.8417466556464156740e-05
2.4774792192192190754e+01,2.8022718080465901745e-05
2.4804822122122121897e+01,2.7633399785665480703e-05
2.4834852052052049487e+01,2.7249433266831520084e-05
2.4864881981981980630e+01,2.6870744607919199093e-05
2.4894911911911911773e+01,2.6497265718335708722e-05
2.4924941841841839363e+01,2.6128929214639401587e-05
2.4954971771771770506e+01,2.5765668037735875602e-05
2.4985001701701701649e+01,2.5407415450929073141e-05
2.5015031631631629239e+01,2.5054105037985976767e-05
2.5045061561561560382e+01,2.4705670701215253908e-05
2.5075091491491491524e+01,2.4362046659560084250e-05
2.5105121421421419114e+01,2.4023167446704292319e-05
2.5135151351351350257e+01,2.3688967909192066479e-05
2.5165181281281281400e+01,2.3359383204561484561e-05
2.5195211211211208990e+01,2.3034348799491049923e-05
2.5225241141141140133e+01,2.2713800467959481874e-05
2.5255271071071071276e+01,2.2397674289418926499e-05
2.5285301001000998866e+01,2.2085906646980879743e-05
2.5315330930930930009e+01,2.1778434284999550542e-05
2.5345360860860861152e+01,2.1475197440999984917e-05
2.5375390790790788742e+01,2.1176141380093272906e-05
2.5405420720720719885e+01,2.0881212011447164494e-05
2.5435450650650647475e+01,2.0590355499675207099e-05
2.5465480580580578618e+01,2.0303518263330314422e-05
2.5495510510510509761e+01,2.0020646973409516120e-05
2.5525540440440437351e+01,1.9741688551868848166e-05
2.5555570370370368494e+01,1.9466590170148800627e-05
2.5585600300300299637e+01,1.9195299247710390615e-05
2.5615630230230227227e+01,1.8927763450581270899e-05
2.5645660160160158370e+01,1.8663930689912030001e-05
2.5675690090090089512e+01,1.8403749120542934529e-05
2.5705720020020017103e+01,1.8147167139580405601e-05
2.5735749949949948245e+01,1.7894133384983476712e-05
2.5765779879879879388e+01,1.7644596734160419382e-05
2.5795809809809806978e+01,1.7398506302574886069e-05
2.5825839739739738121e+01,1.7155812586845159998e-05
2.5855869669669669264e+01,1.6916470944771124608e-05
2.5885899599599596854e+01,1.6680438112581725044e-05
2.5915929529529527997e+01,1.6447671027032459277e-05
2.5945959459459459140e+01,1.6218126824245024284e-05
2.5975989389389386730e+01,1.5991762838554792196e-05
2.6006019319319317873e+01,1.5768536601366377312e-05
2.6036049249249249016e+01,1.5548405840017229582e-05
2.6066079179179176606e+01,1.5331328476648976768e-05
2.6096109109109107749e+01,1.5117262627086457648e-05
2.6126139039039038892e+01,1.4906166599724766461e-05
2.6156168968968966482e+01,1.4697998894423730922e-05
2.6186198898898897625e+01,1.4492718201410006743e-05
2.6216228828828828767e+01,1.4290283400186893720e-05
2.6246258758758756358e+01,1.4090653558451480339e-05
2.6276288688688687500e+01,1.3893787931019167738e-05
2.6306318618618618643e+01,1.3699645991691514050e-05
2.6336348548548546233e+01,1.3508189490598628991e-05
2.6366378478478477376e+01,1.3319383659656210001e-05
2.6396408408408408519e+01,1.3133194181451509917e-05
2.6426438338338336109e+01,1.2949586894559417580e-05
2.6456468268268267252e+01,1.2768527792657127139e-05
2.6486498198198198395e+01,1.2589983023645002553e-05
2.6516528128128125985e+01,1.2413918888773212086e-05
2.6546558058058057128e+01,1.2240301841774337769e-05
2.6576587987987988271e+01,1.2069098488001983550e-05
2.6606617917917915861e+01,1.1900275583575094140e-05
2.6636647847847847004e+01,1.1733800034528023520e-05
2.6666677777777774594e+01,1.1569638895966563171e-05
2.6696707707707705737e+01,1.1407759371229369289e-05
2.6726737637637636880e+01,1.1248128811055322626e-05
2.6756767567567564470e+01,1.1090714712756327969e-05
2.6786797497497495613e+01,1.0935484719395649830e-05
2.6816827427427426755e+01,1.0782406647510689253e-05
2.6846857357357354346e+01,1.0631450190347256117e-05
2.6876887287287285488e+01,1.0482587872190365853e-05
2.6906917217217216631e+01,1.0335792573115304324e-05
2.6936947147147144221e+01,1.0191037294133042086e-05
2.6966977077077075364e+01,1.0048295156516795769e-05
2.6997007007007006507e+01,9.9075394011332904807e-06
2.7027036936936934097e+01,9.7687433877782844786e-06
2.7057066866866865240e+01,9.6318805945165526317e-06
2.7087096796796796383e+01,9.4969246170263879494e-06
2.7117126726726723973e+01,9.3638491679483094784e-06
2.7147156656656655116e+01,9.2326280762381205601e-06
2.7177186586586586259e+01,9.1032352865243614957e-06
2.7207216516516513849e+01,8.9756448584699042019e-06
2.7237246446446444992e+01,8.8498309661377684787e-06
2.7267276376376376135e+01,8.7257678973612344287e-06
2.7297306306306303725e+01,8.6034300531180257164e-06
2.7327336236236234868e+01,8.4827919469088957049e-06
2.7357366166166166010e+01,8.3638288567467628122e-06
2.7387396096096093601e+01,8.2465187156331994458e-06
2.7417426026026024743e+01,8.1308401743109538187e-06
2.7447455955955955886e+01,8.0167719769546620759e-06
2.7477485885885883476e+01,7.9042929606602636096e-06
2.7507515815815814619e+01,7.7933820549377587670e-06
2.7537545745745745762e+01,7.6840182812073733247e-06
2.7567575675675673352e+01,7.5761807522989493111e-06
2.7597605605605604495e+01,7.4698486719545545545e-06
2.7627635535535535638e+01,7.3650013343344803625e-06
2.7657665465465463228e+01,7.2616181235263384955e-06
2.7687695395395394371e+01,7.1596785130573455247e-06
2.7717725325325325514e+01,7.0591620654098970663e-06
2.7747755255255253104e+01,6.9600484315401701588e-06
2.7777785185185184247e+01,6.8623173503998554260e-06
2.7807815115115111837e+01,6.7659486484611028843e-06
2.7837845045045042980e+01,6.6709222392443662960e-06
2.7867874974974974123e+01,6.5772181446286916368e-06
2.7897904904904901713e+01,6.4848176494742309941e-06
2.7927934834834832856e+01,6.3937038713158759944e-06
2.7957964764764763999e+01,6.3038601428840334122e-06
2.7987994694694691589e+01,6.2152698684421952297e-06
2.8018024624624622732e+01,6.1279165234035605129e-06
2.8048054554554553874e+01,6.0417836539502195635e-06
2.8078084484484481465e+01,5.9568548766546784219e-06
2.8108114414414412607e+01,5.8731138781038101198e-06
2.8138144344344343750e+01,5.7905444145253012926e-06
2.8168174274274271340e+01,5.7091303114164213548e-06
2.8198204204204202483e+01,5.6288554631751286405e-06
2.8228234134134133626e+01,5.5497038327336481854e-06
2.8258264064064061216e+01,5.4716594511942797470e-06
2.8288293993993992359e+01,5.3947064174675436350e-06
2.8318323923923923502e+01,5.3188288979126923056e-06
2.8348353853853851092e+01,5.2440111259804437227e-06
2.8378383783783782235e+01,5.1702374018579686738e-06
2.8408413713713713378e+01,5.0974921092666857501e-06
2.8438443643643640968e+01,5.0257606411138438436e-06
2.8468473573573572111e+01,4.9550298657089058158e-06
2.8498503503503503254e+01,4.8852868229051185479e-06
2.8528533433433430844e+01,4.8165186071245703981e-06
2.8558563363363361987e+01,4.7487123670712748843e-06
2.8588593293293293129e+01,4.6818553054461203806e-06
2.8618623223223220720e+01,4.6159346786635536899e-06
2.8648653153153151862e+01,4.5509377965700347624e-06
2.8678683083083083005e+01,4.4868520221643337114e-06
2.8708713013013010595e+01,4.4236647713195235881e-06
2.8738742942942941738e+01,4.3613635125066977163e-06
2.8768772872872872881e+01,4.2999357665205089946e-06
2.8798802802802800471e+01,4.2393691062063304192e-06
2.8828832732732731614e+01,4.1796511561891511784e-06
2.8858862662662662757e+01,4.1207695926042049286e-06
2.8888892592592590347e+01,4.0627121428292286084e-06
2.8918922522522521490e+01,4.0054665852183899088e-06
2.8948952452452452633e+01,3.9490207488379215137e-06
2.8978982382382380223e+01,3.8933628393453906531e-06
2.9009012312312311366e+01,3.8384824396548565285e-06
2.9039042242242238956e+01,3.7843695139468481357e-06
2.9069072172172170099e+01,3.7310140678721451830e-06
2.9099102102102101242e+01,3.6784061483377438768e-06
2.9129132032032028832e+01,3.6265358432941860063e-06
2.9159161961961959975e+01,3.5753932815241856838e-06
2.9189191891891891117e+01,3.5249686324326333596e-06
2.9219221821821818708e+01,3.4752521058378246468e-06
2.9249251751751749850e+01,3.4262339517639884949e-06
2.9279281681681680993e+01,3.3779044602351312288e-06
2.9309311611611608583e+01,3.3302539610701092094e-06
2.9339341541541539726e+01,3.2832728236789529847e-06
2.9369371471471470869e+01,3.2369514568604903669e-06
2.9399401401401398459e+01,3.1912803086011600135e-06
2.9429431331331329602e+01,3.1462498658750701473e-06
2.9459461261261260745e+01,3.1018506544453019910e-06
2.9489491191191188335e+01,3.0580732386664066715e-06
2.9519521121121119478e+01,3.0149082274507536813e-06
2.9549551051051050621e+01,2.9723468049030093950e-06
2.9579580980980978211e+01,2.9303811364624305476e-06
2.9609610910910909354e+01,2.8890035155474432576e-06
2.9639640840840840497e+01,2.8482062668087294485e-06
2.9669670770770768087e+01,2.8079817459711501727e-06
2.9699700700700699230e+01,2.7683223396766442930e-06
2.9729730630630630372e+01,2.7292204653281004050e-06
2.9759760560560557963e+01,2.6906685709341460966e-06
2.9789790490490489105e+01,2.6526591349548714842e-06
2.9819820420420420248e+01,2.6151846661485247201e-06
2.9849850350350347838e+01,2.5782377034190951895e-06
2.9879880280280278981e+01,2.5418108156648174325e-06
2.9909910210210210124e+01,2.5058966016276169678e-06
2.9939940140140137714e+01,2.4704876897434366055e-06
2.9969970070070068857e+01,2.4355767379934580747e-06
3.0000000000000000000e+01,2.4011564337562447996e-06
